  0.794894717000778E-002  0.587592047117292E+002  0.758280783427041E+002
  0.794894717000778E-002  0.550242436490419E+002  0.753556040668624E+002
  0.794894717000778E-002  0.539100909500938E+002  0.701081787444508E+002
  0.794894717000778E-002  0.473113073730000E+002  0.714001884607181E+002
  0.794894717000778E-002  0.531122471354616E+002  0.750783754462244E+002
  0.794894717000778E-002  0.531043956742665E+002  0.702287398391651E+002
  0.794894717000778E-002  0.527464622872102E+002  0.702842673486139E+002
  0.794894717000778E-002  0.473116007475035E+002  0.714001014021300E+002
  0.794894717000778E-002  0.523689907202089E+002  0.749616392079810E+002
  0.794894717000778E-002  0.523177992290043E+002  0.703525305035453E+002
  0.794894717000778E-002  0.519471402473742E+002  0.748926781243521E+002
  0.794894717000778E-002  0.473401279893763E+002  0.713916646724920E+002
  0.794894717000778E-002  0.515386740568280E+002  0.704820930085193E+002
  0.794894717000778E-002  0.515370149518610E+002  0.704823771565626E+002
  0.794894717000778E-002  0.514986921553311E+002  0.704889509275664E+002
  0.794894717000778E-002  0.514770434000319E+002  0.748132381797294E+002
  0.794894717000778E-002  0.514619619423002E+002  0.704952703087492E+002
  0.794894717000778E-002  0.514253397183955E+002  0.748043219170357E+002
  0.794894717000778E-002  0.513565496250364E+002  0.705135100003422E+002
  0.794894717000778E-002  0.512131875908917E+002  0.705385686971632E+002
  0.794894717000778E-002  0.512032646289259E+002  0.747655973470616E+002
  0.794894717000778E-002  0.473432913202132E+002  0.713907326130675E+002
  0.794894717000778E-002  0.508529566974045E+002  0.747030255814223E+002
  0.794894717000778E-002  0.508497412179032E+002  0.747024423866568E+002
  0.794894717000778E-002  0.506665680046397E+002  0.706369699608420E+002
  0.794894717000778E-002  0.473452784466734E+002  0.739157640400419E+002
  0.794894717000778E-002  0.506384350715805E+002  0.746637468267390E+002
  0.794894717000778E-002  0.505579244779999E+002  0.746488059075367E+002
  0.794894717000778E-002  0.505005292653171E+002  0.746380860164646E+002
  0.794894717000778E-002  0.504959552565724E+002  0.706686822857809E+002
  0.794894717000778E-002  0.504886496420580E+002  0.706700515266169E+002
  0.794894717000778E-002  0.504128046666636E+002  0.746215886171213E+002
  0.794894717000778E-002  0.504032698102720E+002  0.706861243439963E+002
  0.794894717000778E-002  0.503598224605951E+002  0.746115575316347E+002
  0.794894717000778E-002  0.502885245448857E+002  0.745979770961557E+002
  0.794894717000778E-002  0.501702248927055E+002  0.707306791310747E+002
  0.794894717000778E-002  0.501588825105571E+002  0.707328740129478E+002
  0.794894717000778E-002  0.501417384982536E+002  0.707361963477436E+002
  0.794894717000778E-002  0.501312870473403E+002  0.745676869474015E+002
  0.794894717000778E-002  0.500748043683546E+002  0.707492230070249E+002
  0.794894717000778E-002  0.473453033133333E+002  0.713901401474005E+002
  0.794894717000778E-002  0.499741522229748E+002  0.745369301185326E+002
  0.794894717000778E-002  0.499603010199470E+002  0.707717166749688E+002
  0.794894717000778E-002  0.499564155823242E+002  0.745334268364874E+002
  0.794894717000778E-002  0.473497955387246E+002  0.739170931710028E+002
  0.794894717000778E-002  0.473517758979876E+002  0.713882360671233E+002
  0.794894717000778E-002  0.498538771699666E+002  0.745130444641208E+002
  0.794894717000778E-002  0.498341580780719E+002  0.745090990841863E+002
  0.794894717000778E-002  0.498320699576644E+002  0.745086808035945E+002
  0.794894717000778E-002  0.497706403285492E+002  0.708095784106742E+002
  0.794894717000778E-002  0.497640587515746E+002  0.744950052539158E+002
  0.794894717000778E-002  0.497624394671814E+002  0.744946784139828E+002
  0.794894717000778E-002  0.473555052432751E+002  0.713871402831015E+002
  0.794894717000778E-002  0.497108617710978E+002  0.744842373380878E+002
  0.794894717000778E-002  0.497088477291761E+002  0.708220830884364E+002
  0.794894717000778E-002  0.497006555930629E+002  0.744821641979706E+002
  0.794894717000778E-002  0.496931759424576E+002  0.744806433933061E+002
  0.794894717000778E-002  0.496781757122414E+002  0.744775896420028E+002
  0.794894717000778E-002  0.496324239277784E+002  0.744682437508638E+002
  0.794894717000778E-002  0.473595611252860E+002  0.739199618787292E+002
  0.794894717000778E-002  0.495391574990438E+002  0.708568702533625E+002
  0.794894717000778E-002  0.494963439876611E+002  0.744401573481380E+002
  0.794894717000778E-002  0.494504779193084E+002  0.708753207382796E+002
  0.794894717000778E-002  0.493915612040586E+002  0.708876854422288E+002
  0.794894717000778E-002  0.493838034697903E+002  0.744165915109056E+002
  0.794894717000778E-002  0.493529400402283E+002  0.708958379814630E+002
  0.794894717000778E-002  0.493401162147738E+002  0.708985533399414E+002
  0.794894717000778E-002  0.473746351054377E+002  0.739243772568086E+002
  0.794894717000778E-002  0.492665814982546E+002  0.709142056925724E+002
  0.794894717000778E-002  0.492660518157950E+002  0.743915925579928E+002
  0.794894717000778E-002  0.473750969654216E+002  0.713813992082275E+002
  0.794894717000778E-002  0.492493718541848E+002  0.709178892695748E+002
  0.794894717000778E-002  0.492316558880019E+002  0.709216894072063E+002
  0.794894717000778E-002  0.491592280318830E+002  0.743685985214474E+002
  0.794894717000778E-002  0.491559635474905E+002  0.743678909797433E+002
  0.794894717000778E-002  0.491118789820573E+002  0.709476041305905E+002
  0.794894717000778E-002  0.491102089161727E+002  0.743579432607145E+002
  0.794894717000778E-002  0.490746598333814E+002  0.743501741277723E+002
  0.794894717000778E-002  0.490610015465345E+002  0.709587318267640E+002
  0.794894717000778E-002  0.473850558249797E+002  0.739274206875590E+002
  0.794894717000778E-002  0.489813395809007E+002  0.743296080145280E+002
  0.794894717000778E-002  0.489761797265762E+002  0.709774479979672E+002
  0.794894717000778E-002  0.489302217008493E+002  0.709876766248250E+002
  0.794894717000778E-002  0.489220428575796E+002  0.709895035379012E+002
  0.794894717000778E-002  0.489195955366606E+002  0.709900505875689E+002
  0.794894717000778E-002  0.488841780498771E+002  0.709979877030241E+002
  0.794894717000778E-002  0.474156233006457E+002  0.713696050503274E+002
  0.794894717000778E-002  0.488335330538327E+002  0.742965075890921E+002
  0.794894717000778E-002  0.487963610255643E+002  0.742880776818212E+002
  0.794894717000778E-002  0.487898272861230E+002  0.742865914593108E+002
  0.794894717000778E-002  0.474272645434430E+002  0.713662371497998E+002
  0.794894717000778E-002  0.487500829860753E+002  0.742775215769579E+002
  0.794894717000778E-002  0.487485957928474E+002  0.710287303004617E+002
  0.794894717000778E-002  0.487223341551051E+002  0.742711589946386E+002
  0.794894717000778E-002  0.487056712611436E+002  0.710385852303221E+002
  0.794894717000778E-002  0.486925488407995E+002  0.710416100014821E+002
  0.794894717000778E-002  0.486831590779665E+002  0.742621336384702E+002
  0.794894717000778E-002  0.486527226042260E+002  0.710508250769093E+002
  0.794894717000778E-002  0.486525806901916E+002  0.710508580080384E+002
  0.794894717000778E-002  0.486249379116829E+002  0.742486260386554E+002
  0.794894717000778E-002  0.486015785313214E+002  0.742431742947629E+002
  0.794894717000778E-002  0.474520693859256E+002  0.713590901596466E+002
  0.794894717000778E-002  0.485860478754293E+002  0.710663722131221E+002
  0.794894717000778E-002  0.485608750803183E+002  0.742336297669049E+002
  0.794894717000778E-002  0.485328976972645E+002  0.710788757014959E+002
  0.794894717000778E-002  0.474685845525788E+002  0.713543534766387E+002
  0.794894717000778E-002  0.484930755371646E+002  0.710883092715532E+002
  0.794894717000778E-002  0.484909134297362E+002  0.710888230869382E+002
  0.794894717000778E-002  0.484699122381285E+002  0.710938227386566E+002
  0.794894717000778E-002  0.484588215666200E+002  0.710964695208725E+002
  0.794894717000778E-002  0.483936924327181E+002  0.711121042905780E+002
  0.794894717000778E-002  0.483934659588831E+002  0.741937525739288E+002
  0.794894717000778E-002  0.483555727747488E+002  0.711213292605978E+002
  0.794894717000778E-002  0.483400022354853E+002  0.711251133584361E+002
  0.794894717000778E-002  0.483226154668713E+002  0.741765615481992E+002
  0.794894717000778E-002  0.483218008580355E+002  0.741763627650434E+002
  0.794894717000778E-002  0.483150106064951E+002  0.711312067298651E+002
  0.794894717000778E-002  0.474794130108374E+002  0.739546543652671E+002
  0.794894717000778E-002  0.482948156615993E+002  0.711361484725495E+002
  0.794894717000778E-002  0.482695786197094E+002  0.711423467505328E+002
  0.794894717000778E-002  0.482620138071928E+002  0.711442096469997E+002
  0.794894717000778E-002  0.482443607519814E+002  0.741573456804803E+002
  0.794894717000778E-002  0.481981187215537E+002  0.711600370626750E+002
  0.794894717000778E-002  0.474811661201578E+002  0.713507565440904E+002
  0.794894717000778E-002  0.481299399190749E+002  0.741287987351771E+002
  0.794894717000778E-002  0.481236764318273E+002  0.741272200950930E+002
  0.794894717000778E-002  0.474895337651083E+002  0.713483698170668E+002
  0.794894717000778E-002  0.474976948383364E+002  0.739598652984325E+002
  0.794894717000778E-002  0.480364193750621E+002  0.741050494750274E+002
  0.794894717000778E-002  0.480308850160462E+002  0.712022796519595E+002
  0.794894717000778E-002  0.480292130414414E+002  0.741032033095321E+002
  0.794894717000778E-002  0.480253233756249E+002  0.741022058523254E+002
  0.794894717000778E-002  0.480247285577891E+002  0.741020532580445E+002
  0.794894717000778E-002  0.475053897923490E+002  0.713438590927933E+002
  0.794894717000778E-002  0.479767295417686E+002  0.712162253151332E+002
  0.794894717000778E-002  0.479759497795623E+002  0.712164271016466E+002
  0.794894717000778E-002  0.479714701952783E+002  0.740883246321169E+002
  0.794894717000778E-002  0.479662459296202E+002  0.712189406349419E+002
  0.794894717000778E-002  0.479332189390658E+002  0.740783828656322E+002
  0.794894717000778E-002  0.479316783772559E+002  0.740779810099779E+002
  0.794894717000778E-002  0.479203423340143E+002  0.712308909980070E+002
  0.794894717000778E-002  0.479191839631098E+002  0.712311938631307E+002
  0.794894717000778E-002  0.479114974325738E+002  0.712332052033540E+002
  0.794894717000778E-002  0.475433146810886E+002  0.739727787599322E+002
  0.794894717000778E-002  0.475528624724866E+002  0.739754654660457E+002
  0.794894717000778E-002  0.475557263086089E+002  0.713296412347934E+002
  0.794894717000778E-002  0.478714587089610E+002  0.740621829202373E+002
  0.794894717000778E-002  0.478593450963793E+002  0.712469279300648E+002
  0.794894717000778E-002  0.478424865527118E+002  0.740545188916507E+002
  0.794894717000778E-002  0.478413000076196E+002  0.740542041203708E+002
  0.794894717000778E-002  0.478002869672135E+002  0.740432802195919E+002
  0.794894717000778E-002  0.477913767036843E+002  0.712650159225830E+002
  0.794894717000778E-002  0.477881592478968E+002  0.740400334975869E+002
  0.794894717000778E-002  0.477842253460782E+002  0.740389787158068E+002
  0.794894717000778E-002  0.477695645010264E+002  0.740350406702454E+002
  0.794894717000778E-002  0.477519433052062E+002  0.712756189618308E+002
  0.794894717000778E-002  0.475752843986823E+002  0.713241579692867E+002
  0.794894717000778E-002  0.477314605194592E+002  0.712811588104687E+002
  0.794894717000778E-002  0.475776726970903E+002  0.713234899403287E+002
  0.794894717000778E-002  0.477308697734418E+002  0.712813189177431E+002
  0.794894717000778E-002  0.475778755641678E+002  0.713234332120141E+002
  0.794894717000778E-002  0.477040702713148E+002  0.740173094803222E+002
  0.794894717000778E-002  0.477035727334116E+002  0.712887376078007E+002
  0.794894717000778E-002  0.476964829713543E+002  0.740152404614790E+002
  0.794894717000778E-002  0.476525912395497E+002  0.740032091877633E+002
  0.794894717000778E-002  0.475898281923670E+002  0.713200951254475E+002
  0.794894717000778E-002  0.476184732313077E+002  0.713121290659634E+002
  0.794894717000778E-002  0.476115621073430E+002  0.713140466811258E+002
  0.794894717000778E-002  0.476084950364019E+002  0.713148985753410E+002
  0.794894717000778E-002  0.475934784036501E+002  0.713190773728178E+002
  0.794894717000778E-002  0.502430307336496E+002  0.724429573986340E+002
  0.794894717000778E-002  0.502413234536062E+002  0.724460019498209E+002
  0.794894717000778E-002  0.502396862755672E+002  0.724489641645530E+002
  0.794894717000778E-002  0.502364189139733E+002  0.724550084068327E+002
  0.794894717000778E-002  0.502358733119898E+002  0.724560357830171E+002
  0.794894717000778E-002  0.502346310504513E+002  0.724583952159595E+002
  0.794894717000778E-002  0.502309704793548E+002  0.724655203801219E+002
