  0.821302946468623E-002  0.473608899106559E+002  0.739028333634635E+002
  0.821302946468623E-002  0.550835524234822E+002  0.753556040668624E+002
  0.821302946468623E-002  0.539693997245341E+002  0.701081787444508E+002
  0.821302946468623E-002  0.534669157954702E+002  0.701826778794054E+002
  0.821302946468623E-002  0.531715559099018E+002  0.750783754462244E+002
  0.821302946468623E-002  0.531637044487068E+002  0.702287398391651E+002
  0.821302946468623E-002  0.528057710616505E+002  0.702842673486139E+002
  0.821302946468623E-002  0.526847237805725E+002  0.750025687397627E+002
  0.821302946468623E-002  0.524282994946492E+002  0.749616392079810E+002
  0.821302946468623E-002  0.473706161474403E+002  0.714001884607181E+002
  0.821302946468623E-002  0.520064490218145E+002  0.748926781243521E+002
  0.821302946468623E-002  0.519702236025347E+002  0.748866569924761E+002
  0.821302946468623E-002  0.473709095219438E+002  0.714001014021300E+002
  0.821302946468623E-002  0.473852846362024E+002  0.713958429867957E+002
  0.821302946468623E-002  0.515580009297714E+002  0.704889509275664E+002
  0.821302946468623E-002  0.515363521744722E+002  0.748132381797294E+002
  0.821302946468623E-002  0.473955386448059E+002  0.739130973264294E+002
  0.821302946468623E-002  0.514846484928357E+002  0.748043219170357E+002
  0.821302946468623E-002  0.514158583994767E+002  0.705135100003422E+002
  0.821302946468623E-002  0.512724963653320E+002  0.705385686971632E+002
  0.821302946468623E-002  0.512625734033662E+002  0.747655973470616E+002
  0.821302946468623E-002  0.511171540954063E+002  0.747398504152599E+002
  0.821302946468623E-002  0.474026000946535E+002  0.713907326130675E+002
  0.821302946468623E-002  0.509090499923435E+002  0.747024423866568E+002
  0.821302946468623E-002  0.474046120877736E+002  0.713901401474005E+002
  0.821302946468623E-002  0.507074106486354E+002  0.746655333051410E+002
  0.821302946468623E-002  0.506977438460208E+002  0.746637468267390E+002
  0.821302946468623E-002  0.474091043131649E+002  0.739170931710028E+002
  0.821302946468623E-002  0.505598380397574E+002  0.746380860164646E+002
  0.821302946468623E-002  0.474110846724279E+002  0.713882360671233E+002
  0.821302946468623E-002  0.505479584164983E+002  0.706700515266169E+002
  0.821302946468623E-002  0.504721134411039E+002  0.746215886171213E+002
  0.821302946468623E-002  0.504625785847123E+002  0.706861243439963E+002
  0.821302946468623E-002  0.474148140177154E+002  0.713871402831015E+002
  0.821302946468623E-002  0.474339438798780E+002  0.739243772568086E+002
  0.821302946468623E-002  0.502295336671458E+002  0.707306791310747E+002
  0.821302946468623E-002  0.502181912849973E+002  0.707328740129478E+002
  0.821302946468623E-002  0.502010472726939E+002  0.707361963477436E+002
  0.821302946468623E-002  0.501905958217806E+002  0.745676869474015E+002
  0.821302946468623E-002  0.501341131427949E+002  0.707492230070249E+002
  0.821302946468623E-002  0.501136961877043E+002  0.745526971931162E+002
  0.821302946468623E-002  0.500334609974151E+002  0.745369301185326E+002
  0.821302946468623E-002  0.500196097943873E+002  0.707717166749688E+002
  0.821302946468623E-002  0.474344057398619E+002  0.713813992082275E+002
  0.821302946468623E-002  0.474749320750860E+002  0.713696050503274E+002
  0.821302946468623E-002  0.499556422362573E+002  0.707844007000220E+002
  0.821302946468623E-002  0.499131859444068E+002  0.745130444641208E+002
  0.821302946468623E-002  0.498934668525122E+002  0.745090990841863E+002
  0.821302946468623E-002  0.475278933270191E+002  0.713543534766387E+002
  0.821302946468623E-002  0.498299491029894E+002  0.708095784106742E+002
  0.821302946468623E-002  0.498233675260149E+002  0.744950052539158E+002
  0.821302946468623E-002  0.475387217852777E+002  0.739546543652671E+002
  0.821302946468623E-002  0.497966928821353E+002  0.708162977356774E+002
  0.821302946468623E-002  0.497701705455381E+002  0.744842373380878E+002
  0.821302946468623E-002  0.497681565036164E+002  0.708220830884364E+002
  0.821302946468623E-002  0.475404748945981E+002  0.713507565440904E+002
  0.821302946468623E-002  0.497524847168979E+002  0.744806433933061E+002
  0.821302946468623E-002  0.475488425395486E+002  0.713483698170668E+002
  0.821302946468623E-002  0.475646985667893E+002  0.713438590927933E+002
  0.821302946468623E-002  0.496324950744272E+002  0.744560710926638E+002
  0.821302946468623E-002  0.495984662734841E+002  0.708568702533625E+002
  0.821302946468623E-002  0.495556527621014E+002  0.744401573481380E+002
  0.821302946468623E-002  0.495097866937487E+002  0.708753207382796E+002
  0.821302946468623E-002  0.494508699784989E+002  0.708876854422288E+002
  0.821302946468623E-002  0.494431122442306E+002  0.744165915109056E+002
  0.821302946468623E-002  0.475652404867320E+002  0.713437052019993E+002
  0.821302946468623E-002  0.493994249892141E+002  0.708985533399414E+002
  0.821302946468623E-002  0.493471641182146E+002  0.709096629656164E+002
  0.821302946468623E-002  0.493258902726949E+002  0.709142056925724E+002
  0.821302946468623E-002  0.476026234555289E+002  0.739727787599322E+002
  0.821302946468623E-002  0.493162769822331E+002  0.743896491362574E+002
  0.821302946468623E-002  0.493086806286251E+002  0.709178892695748E+002
  0.821302946468623E-002  0.492909646624422E+002  0.709216894072063E+002
  0.821302946468623E-002  0.492185368063233E+002  0.743685985214474E+002
  0.821302946468623E-002  0.492152723219308E+002  0.743678909797433E+002
  0.821302946468623E-002  0.491711877564976E+002  0.709476041305905E+002
  0.821302946468623E-002  0.491695176906130E+002  0.743579432607145E+002
  0.821302946468623E-002  0.491339686078217E+002  0.743501741277723E+002
  0.821302946468623E-002  0.476150350830492E+002  0.713296412347934E+002
  0.821302946468623E-002  0.476293894823295E+002  0.739802968545469E+002
  0.821302946468623E-002  0.490406483553410E+002  0.743296080145280E+002
  0.821302946468623E-002  0.490354885010165E+002  0.709774479979672E+002
  0.821302946468623E-002  0.476345931731226E+002  0.713241579692867E+002
  0.821302946468623E-002  0.489813516320199E+002  0.709895035379012E+002
  0.821302946468623E-002  0.489789043111009E+002  0.709900505875689E+002
  0.821302946468623E-002  0.476371843386081E+002  0.713234332120141E+002
  0.821302946468623E-002  0.489196215076791E+002  0.743025540130059E+002
  0.821302946468623E-002  0.488928418282730E+002  0.742965075890921E+002
  0.821302946468623E-002  0.476491369668072E+002  0.713200951254475E+002
  0.821302946468623E-002  0.476527871780904E+002  0.713190773728178E+002
  0.821302946468623E-002  0.488306970246087E+002  0.742823898410461E+002
  0.821302946468623E-002  0.476678038108422E+002  0.713148985753410E+002
  0.821302946468623E-002  0.488079045672877E+002  0.710287303004617E+002
  0.821302946468623E-002  0.487816429295454E+002  0.742711589946386E+002
  0.821302946468623E-002  0.487649800355838E+002  0.710385852303221E+002
  0.821302946468623E-002  0.476708708817833E+002  0.713140466811258E+002
  0.821302946468623E-002  0.487424678524068E+002  0.742621336384702E+002
  0.821302946468623E-002  0.487120313786663E+002  0.710508250769093E+002
  0.821302946468623E-002  0.487118894646319E+002  0.710508580080384E+002
  0.821302946468623E-002  0.486842466861232E+002  0.742486260386554E+002
  0.821302946468623E-002  0.486608873057617E+002  0.742431742947629E+002
  0.821302946468623E-002  0.486458142201005E+002  0.742396465098732E+002
  0.821302946468623E-002  0.486453566498696E+002  0.710663722131221E+002
  0.821302946468623E-002  0.486201838547586E+002  0.742336297669049E+002
  0.821302946468623E-002  0.485922064717048E+002  0.710788757014959E+002
  0.821302946468623E-002  0.485823506123582E+002  0.710812052078993E+002
  0.821302946468623E-002  0.485523843116049E+002  0.710883092715532E+002
  0.821302946468623E-002  0.485502222041765E+002  0.710888230869382E+002
  0.821302946468623E-002  0.485292210125688E+002  0.710938227386566E+002
  0.821302946468623E-002  0.485181303410603E+002  0.710964695208725E+002
  0.821302946468623E-002  0.484530012071584E+002  0.711121042905780E+002
  0.821302946468623E-002  0.484527747333234E+002  0.741937525739288E+002
  0.821302946468623E-002  0.477119000139899E+002  0.740032091877633E+002
  0.821302946468623E-002  0.483993110099256E+002  0.711251133584361E+002
  0.821302946468623E-002  0.477628815078519E+002  0.712887376078007E+002
  0.821302946468623E-002  0.477633790457551E+002  0.740173094803222E+002
  0.821302946468623E-002  0.483743193809354E+002  0.711312067298651E+002
  0.821302946468623E-002  0.477901785478821E+002  0.712813189177431E+002
  0.821302946468623E-002  0.483541244360396E+002  0.711361484725495E+002
  0.821302946468623E-002  0.483288873941497E+002  0.711423467505328E+002
  0.821302946468623E-002  0.477907692938995E+002  0.712811588104687E+002
  0.821302946468623E-002  0.483036695264217E+002  0.741573456804803E+002
  0.821302946468623E-002  0.482574274959940E+002  0.711600370626750E+002
  0.821302946468623E-002  0.477932160909042E+002  0.712804958648116E+002
  0.821302946468623E-002  0.478288732754667E+002  0.740350406702454E+002
  0.821302946468623E-002  0.478474680223371E+002  0.740400334975869E+002
  0.821302946468623E-002  0.481814177127860E+002  0.711790867463341E+002
  0.821302946468623E-002  0.481339462100742E+002  0.741148014565376E+002
  0.821302946468623E-002  0.478506854781246E+002  0.712650159225830E+002
  0.821302946468623E-002  0.480901937904865E+002  0.712022796519595E+002
  0.821302946468623E-002  0.480885218158817E+002  0.741032033095321E+002
  0.821302946468623E-002  0.479006087820599E+002  0.740542041203708E+002
  0.821302946468623E-002  0.479017953271521E+002  0.740545188916507E+002
  0.821302946468623E-002  0.480807114966748E+002  0.741011997535191E+002
  0.821302946468623E-002  0.479186538708196E+002  0.712469279300648E+002
  0.821302946468623E-002  0.480352585540026E+002  0.712164271016466E+002
  0.821302946468623E-002  0.480307789697186E+002  0.740883246321169E+002
  0.821302946468623E-002  0.480255547040605E+002  0.712189406349419E+002
  0.821302946468623E-002  0.479925277135061E+002  0.740783828656322E+002
  0.821302946468623E-002  0.479909871516961E+002  0.740779810099779E+002
  0.821302946468623E-002  0.479796511084546E+002  0.712308909980070E+002
  0.821302946468623E-002  0.479784927375501E+002  0.712311938631307E+002
  0.821302946468623E-002  0.479708062070141E+002  0.712332052033540E+002
  0.821302946468623E-002  0.479307674834013E+002  0.740621829202373E+002
  0.821302946468623E-002  0.479544934278450E+002  0.712374832495429E+002
  0.821302946468623E-002  0.479333977405927E+002  0.740628766416123E+002
  0.821302946468623E-002  0.502601356079158E+002  0.724145915801429E+002
  0.821302946468623E-002  0.502596973344176E+002  0.724152761267778E+002
  0.821302946468623E-002  0.502593746651031E+002  0.724157813720998E+002
  0.821302946468623E-002  0.502582314424849E+002  0.724175801926344E+002
  0.821302946468623E-002  0.502579067193717E+002  0.724180936454375E+002
  0.821302946468623E-002  0.502548013151900E+002  0.724230618313947E+002
