  0.231246683923156E+000  0.937864329020457E+002  0.742213502535454E+002
  0.231246683923156E+000  0.935835089715106E+002  0.692814678005495E+002
  0.231246683923156E+000  0.925705137821863E+002  0.694179790109763E+002
  0.231246683923156E+000  0.884435668415211E+002  0.700869177766890E+002
  0.231246683923156E+000  0.885096941797745E+002  0.734022961120497E+002
  0.231246683923156E+000  0.885345094967121E+002  0.700692851618211E+002
  0.231246683923156E+000  0.917240275862675E+002  0.739378346434634E+002
  0.231246683923156E+000  0.886341935725683E+002  0.734262048337539E+002
  0.231246683923156E+000  0.886587720153376E+002  0.700454891754002E+002
  0.231246683923156E+000  0.907054621581527E+002  0.737833666578028E+002
  0.231246683923156E+000  0.886604318927919E+002  0.734312005344236E+002
  0.231246683923156E+000  0.906411393702828E+002  0.737732183925611E+002
  0.231246683923156E+000  0.905793256183688E+002  0.697129560454279E+002
  0.231246683923156E+000  0.887390880064858E+002  0.700302852378297E+002
  0.231246683923156E+000  0.904686802685829E+002  0.737457562219961E+002
  0.231246683923156E+000  0.888235196387916E+002  0.734619273261794E+002
  0.231246683923156E+000  0.901592712111396E+002  0.697808533081101E+002
  0.231246683923156E+000  0.888475161534726E+002  0.700099717897463E+002
  0.231246683923156E+000  0.900815174176100E+002  0.697936813911394E+002
  0.231246683923156E+000  0.888494402767765E+002  0.700096134709312E+002
  0.231246683923156E+000  0.900601031046601E+002  0.736791448236144E+002
  0.231246683923156E+000  0.889705939431658E+002  0.699871993537778E+002
  0.231246683923156E+000  0.900151206007241E+002  0.736716709790138E+002
  0.231246683923156E+000  0.890383656631299E+002  0.735015886559598E+002
  0.231246683923156E+000  0.890631797401609E+002  0.699702620047686E+002
  0.231246683923156E+000  0.897755751719991E+002  0.736313736385362E+002
  0.231246683923156E+000  0.891533876516721E+002  0.735224598207906E+002
  0.231246683923156E+000  0.893205057804212E+002  0.699240179080123E+002
  0.231246683923156E+000  0.893541951750214E+002  0.735583235502203E+002
  0.231246683923156E+000  0.887730262648282E+002  0.701142450063817E+002
  0.231246683923156E+000  0.885417557109322E+002  0.701607492623993E+002
  0.231246683923156E+000  0.884990172510536E+002  0.701694940983501E+002
  0.231246683923156E+000  0.884672363392370E+002  0.701760286149388E+002
  0.231246683923156E+000  0.882788549348631E+002  0.702153375528708E+002
  0.231246683923156E+000  0.881933103185679E+002  0.702335268831685E+002
  0.231246683923156E+000  0.878771198366948E+002  0.703027574302841E+002
  0.231246683923156E+000  0.874727600677142E+002  0.703964880548809E+002
  0.231246683923156E+000  0.874357348282361E+002  0.704053998888443E+002
  0.231246683923156E+000  0.874066494249140E+002  0.704124426479568E+002
  0.231246683923156E+000  0.873011582291076E+002  0.704383064928883E+002
  0.231246683923156E+000  0.872477385879230E+002  0.704516019666606E+002
  0.231246683923156E+000  0.872367583560992E+002  0.704543518668894E+002
  0.231246683923156E+000  0.871369488809478E+002  0.704796237565491E+002
  0.231246683923156E+000  0.871297375371151E+002  0.704814693636851E+002
  0.231246683923156E+000  0.870512326089233E+002  0.705017394413306E+002
  0.231246683923156E+000  0.869998046547269E+002  0.705152003253219E+002
  0.231246683923156E+000  0.869604111929714E+002  0.705256123364065E+002
  0.231246683923156E+000  0.869469281005690E+002  0.705291966245808E+002
  0.231246683923156E+000  0.869399948777696E+002  0.705310438664956E+002
  0.231246683923156E+000  0.869396711187032E+002  0.705311301958019E+002
  0.231246683923156E+000  0.869373624392675E+002  0.705317459767794E+002
  0.231246683923156E+000  0.869043019650827E+002  0.705405987404632E+002
  0.231246683923156E+000  0.868745229492933E+002  0.705486292091940E+002
  0.231246683923156E+000  0.868400803279635E+002  0.705579854523418E+002
  0.231246683923156E+000  0.868282691514801E+002  0.705612110516591E+002
  0.231246683923156E+000  0.867468783695456E+002  0.705836836454711E+002
  0.231246683923156E+000  0.866898970458329E+002  0.705996805579640E+002
  0.231246683923156E+000  0.865612794750080E+002  0.706366422552055E+002
  0.231246683923156E+000  0.865420304052857E+002  0.706422812304275E+002
  0.231246683923156E+000  0.865196166621750E+002  0.706488840740885E+002
  0.231246683923156E+000  0.865162599969101E+002  0.706498763598629E+002
  0.231246683923156E+000  0.864890505354474E+002  0.706579535673150E+002
  0.231246683923156E+000  0.864272390253057E+002  0.706765308340229E+002
  0.231246683923156E+000  0.863870972741178E+002  0.706887714386039E+002
  0.231246683923156E+000  0.863800142155769E+002  0.706909461574078E+002
  0.231246683923156E+000  0.863469482264547E+002  0.707011587799228E+002
  0.231246683923156E+000  0.863335343330066E+002  0.707053305296187E+002
  0.231246683923156E+000  0.863018582836494E+002  0.707152493708510E+002
  0.231246683923156E+000  0.862895024921450E+002  0.707191445605707E+002
  0.231246683923156E+000  0.862809519602620E+002  0.707218488741571E+002
  0.231246683923156E+000  0.862705236619229E+002  0.707251568484247E+002
  0.231246683923156E+000  0.862041353981818E+002  0.707464746420485E+002
  0.231246683923156E+000  0.861746279217060E+002  0.707560982566978E+002
  0.231246683923156E+000  0.861704839352803E+002  0.707574573452233E+002
  0.231246683923156E+000  0.861675056152338E+002  0.707584352986886E+002
  0.231246683923156E+000  0.861287045342607E+002  0.707712662983764E+002
  0.231246683923156E+000  0.861241753964316E+002  0.707727751384360E+002
  0.231246683923156E+000  0.861211239161155E+002  0.707737930416894E+002
  0.231246683923156E+000  0.861074567343273E+002  0.707783653423182E+002
  0.231246683923156E+000  0.860622154319708E+002  0.707936585236734E+002
  0.231246683923156E+000  0.860345629535785E+002  0.708031292075118E+002
  0.231246683923156E+000  0.859661985565256E+002  0.708269656903561E+002
  0.231246683923156E+000  0.859322238344155E+002  0.708390466129204E+002
  0.231246683923156E+000  0.859200159047206E+002  0.708434274120000E+002
  0.231246683923156E+000  0.858985292492127E+002  0.708511904209987E+002
  0.231246683923156E+000  0.858944619607048E+002  0.708526675701610E+002
  0.231246683923156E+000  0.858854314372433E+002  0.708559560981079E+002
  0.231246683923156E+000  0.858552180351450E+002  0.708670487608924E+002
  0.231246683923156E+000  0.858091944951560E+002  0.708842228887491E+002
  0.231246683923156E+000  0.857714219346078E+002  0.708985805155081E+002
  0.231246683923156E+000  0.857574924802834E+002  0.709039375638864E+002
  0.231246683923156E+000  0.857504187976245E+002  0.709066712038614E+002
  0.231246683923156E+000  0.857481252952396E+002  0.709075594641811E+002
  0.231246683923156E+000  0.857162367105536E+002  0.709200096408280E+002
  0.231246683923156E+000  0.857154207082433E+002  0.709203307174576E+002
  0.231246683923156E+000  0.856942354855681E+002  0.709287111487475E+002
  0.231246683923156E+000  0.856841222953951E+002  0.709327424624328E+002
  0.231246683923156E+000  0.856668200159623E+002  0.709396866816917E+002
  0.231246683923156E+000  0.856443444453548E+002  0.709487983970382E+002
  0.231246683923156E+000  0.856439457591972E+002  0.709489609760841E+002
  0.231246683923156E+000  0.856355321803281E+002  0.709523997695516E+002
  0.231246683923156E+000  0.856258620373994E+002  0.709563708275606E+002
  0.231246683923156E+000  0.856233012099714E+002  0.709574258175096E+002
  0.231246683923156E+000  0.856158539689391E+002  0.709605020073833E+002
  0.231246683923156E+000  0.855820930074389E+002  0.709746028759808E+002
  0.231246683923156E+000  0.855619791423649E+002  0.709831289601094E+002
  0.231246683923156E+000  0.855324028283700E+002  0.709958439328246E+002
  0.231246683923156E+000  0.855300015875378E+002  0.709968858074788E+002
  0.231246683923156E+000  0.855222930043476E+002  0.710002404262692E+002
  0.231246683923156E+000  0.855145577076281E+002  0.710036220697174E+002
  0.231246683923156E+000  0.855089397184435E+002  0.710060878807166E+002
  0.231246683923156E+000  0.854741860224692E+002  0.710215302999029E+002
  0.231246683923156E+000  0.854739668592605E+002  0.710216287385984E+002
  0.231246683923156E+000  0.854683563455100E+002  0.710241533608277E+002
  0.231246683923156E+000  0.854378321321223E+002  0.710380481392511E+002
  0.231246683923156E+000  0.854372571475171E+002  0.710383125222810E+002
  0.231246683923156E+000  0.854258848570979E+002  0.710435622793232E+002
  0.231246683923156E+000  0.854237477547566E+002  0.710445532584852E+002
  0.231246683923156E+000  0.854126001713213E+002  0.710497455442911E+002
  0.231246683923156E+000  0.853947575031886E+002  0.710581387485770E+002
  0.231246683923156E+000  0.853915586781013E+002  0.710596544531194E+002
  0.231246683923156E+000  0.853815823000288E+002  0.710644034755467E+002
  0.231246683923156E+000  0.853802984804509E+002  0.710650170410400E+002
  0.231246683923156E+000  0.853683974637067E+002  0.710707316455721E+002
  0.231246683923156E+000  0.853618660360200E+002  0.710738887851579E+002
  0.231246683923156E+000  0.853608378044905E+002  0.710743871762961E+002
  0.231246683923156E+000  0.853303684635191E+002  0.710893296073317E+002
  0.231246683923156E+000  0.853263104102198E+002  0.710913457593521E+002
  0.231246683923156E+000  0.853194135774364E+002  0.710947867875749E+002
  0.231246683923156E+000  0.853167618841916E+002  0.710961147017818E+002
  0.231246683923156E+000  0.853160795180892E+002  0.710964568614196E+002
  0.231246683923156E+000  0.853091322873447E+002  0.710999508600017E+002
  0.231246683923156E+000  0.853065482539553E+002  0.711012553486825E+002
  0.231246683923156E+000  0.853008173563465E+002  0.711041580348577E+002
  0.231246683923156E+000  0.852948678275751E+002  0.711071855835838E+002
  0.231246683923156E+000  0.852936175303603E+002  0.711078236738275E+002
  0.231246683923156E+000  0.852930192811061E+002  0.711081292194225E+002
  0.231246683923156E+000  0.852916375185745E+002  0.711088354980269E+002
  0.231246683923156E+000  0.852904651343981E+002  0.711094353764414E+002
  0.231246683923156E+000  0.852747172523765E+002  0.711175493560022E+002
  0.231246683923156E+000  0.852703035823386E+002  0.711198425688526E+002
  0.231246683923156E+000  0.852678570052422E+002  0.711211174095141E+002
  0.231246683923156E+000  0.852599260541385E+002  0.711252682285271E+002
  0.231246683923156E+000  0.852336075128815E+002  0.711392486388320E+002
  0.231246683923156E+000  0.852239972133067E+002  0.711444356715438E+002
  0.231246683923156E+000  0.852231415621171E+002  0.711448996965990E+002
  0.231246683923156E+000  0.852169797542123E+002  0.711482520620486E+002
  0.231246683923156E+000  0.852070733197108E+002  0.711536820153184E+002
  0.231246683923156E+000  0.852069572982225E+002  0.711537459083477E+002
  0.231246683923156E+000  0.852059178800983E+002  0.711543186277758E+002
  0.231246683923156E+000  0.852050765798915E+002  0.711547825959209E+002
  0.231246683923156E+000  0.852005047235376E+002  0.711573104051301E+002
  0.231246683923156E+000  0.851962371167106E+002  0.711596799599477E+002
  0.231246683923156E+000  0.851593435528262E+002  0.721978766041821E+002
  0.231246683923156E+000  0.851457247152232E+002  0.721882398406390E+002
  0.231246683923156E+000  0.851425651460382E+002  0.721859744745920E+002
  0.231246683923156E+000  0.851303728472009E+002  0.721771231773226E+002
  0.231246683923156E+000  0.851161313918953E+002  0.713098213888080E+002
  0.231246683923156E+000  0.851149322455919E+002  0.721656507468624E+002
  0.231246683923156E+000  0.851138194206252E+002  0.713115621157702E+002
  0.231246683923156E+000  0.851108442520685E+002  0.721625614280939E+002
  0.231246683923156E+000  0.851102892442231E+002  0.721621402700516E+002
  0.231246683923156E+000  0.851095411414568E+002  0.713148021884341E+002
  0.231246683923156E+000  0.851087578954732E+002  0.713153980537867E+002
  0.231246683923156E+000  0.851060193452233E+002  0.713174880783157E+002
  0.231246683923156E+000  0.851033372452314E+002  0.713195451344632E+002
  0.231246683923156E+000  0.851031501140278E+002  0.713196890334425E+002
  0.231246683923156E+000  0.850971462727804E+002  0.721520417278175E+002
  0.231246683923156E+000  0.850970004082971E+002  0.721519282683342E+002
  0.231246683923156E+000  0.850969598686746E+002  0.713244773813942E+002
  0.231246683923156E+000  0.850964948284338E+002  0.713248393446262E+002
  0.231246683923156E+000  0.850931357842857E+002  0.713274633239829E+002
  0.231246683923156E+000  0.850913286311928E+002  0.713288819744316E+002
  0.231246683923156E+000  0.850907134218047E+002  0.721470080617783E+002
  0.231246683923156E+000  0.850894310835584E+002  0.721459972129488E+002
  0.231246683923156E+000  0.850891242580659E+002  0.721457549751142E+002
  0.231246683923156E+000  0.850880904555578E+002  0.721449377291273E+002
  0.231246683923156E+000  0.850840210242918E+002  0.713346694467303E+002
  0.231246683923156E+000  0.850825356499119E+002  0.713358560130364E+002
  0.231246683923156E+000  0.850824920947257E+002  0.721404832516131E+002
  0.231246683923156E+000  0.850823676153731E+002  0.713359904650032E+002
  0.231246683923156E+000  0.850812254465293E+002  0.721394685515127E+002
  0.231246683923156E+000  0.850774741413718E+002  0.721364482499796E+002
  0.231246683923156E+000  0.850774739656439E+002  0.721364481079586E+002
  0.231246683923156E+000  0.850755179205808E+002  0.721348641082158E+002
  0.231246683923156E+000  0.850725396468042E+002  0.721324400888347E+002
  0.231246683923156E+000  0.850716605543221E+002  0.713446523700226E+002
  0.231246683923156E+000  0.850708419597954E+002  0.713453224633557E+002
  0.231246683923156E+000  0.850706961157354E+002  0.713454419698447E+002
  0.231246683923156E+000  0.850642443672436E+002  0.721256086120216E+002
  0.231246683923156E+000  0.850638755742733E+002  0.721253020980636E+002
  0.231246683923156E+000  0.850635447986955E+002  0.721250269748004E+002
  0.231246683923156E+000  0.850593098184193E+002  0.721214870721917E+002
  0.231246683923156E+000  0.850546906832234E+002  0.713587857017513E+002
  0.231246683923156E+000  0.850493998815895E+002  0.713633010810094E+002
  0.231246683923156E+000  0.850492489680519E+002  0.713634306746378E+002
  0.231246683923156E+000  0.850486234307597E+002  0.721124057914374E+002
  0.231246683923156E+000  0.850480928475567E+002  0.721119491528647E+002
  0.231246683923156E+000  0.850480123569882E+002  0.713644942796880E+002
  0.231246683923156E+000  0.850460528392836E+002  0.721101882293037E+002
  0.231246683923156E+000  0.850403032284803E+002  0.721051797349557E+002
  0.231246683923156E+000  0.850380944718040E+002  0.713731366960344E+002
  0.231246683923156E+000  0.850316456891777E+002  0.720975064598620E+002
  0.231246683923156E+000  0.850295495179921E+002  0.720956238303287E+002
  0.231246683923156E+000  0.850294434983529E+002  0.713808457631590E+002
  0.231246683923156E+000  0.850292059070032E+002  0.720953142769987E+002
  0.231246683923156E+000  0.850280417987841E+002  0.713821105594179E+002
  0.231246683923156E+000  0.850261458436678E+002  0.713838285202183E+002
  0.231246683923156E+000  0.850229848721746E+002  0.713867114061420E+002
  0.231246683923156E+000  0.850218668296344E+002  0.720886373441019E+002
  0.231246683923156E+000  0.850212157862427E+002  0.720880388855726E+002
  0.231246683923156E+000  0.850171699718703E+002  0.713920774541035E+002
  0.231246683923156E+000  0.850150645289341E+002  0.720823331016781E+002
  0.231246683923156E+000  0.850133322094234E+002  0.720807090841710E+002
  0.231246683923156E+000  0.850122129796301E+002  0.720796557197720E+002
  0.231246683923156E+000  0.850104585410611E+002  0.720779979570503E+002
  0.231246683923156E+000  0.850058827194788E+002  0.720736357337375E+002
  0.231246683923156E+000  0.850039486463336E+002  0.714045993184832E+002
  0.231246683923156E+000  0.850011491851232E+002  0.714073114641001E+002
  0.231246683923156E+000  0.850007097257242E+002  0.720686348726493E+002
  0.231246683923156E+000  0.850006976566044E+002  0.714077509941546E+002
  0.231246683923156E+000  0.849991655625437E+002  0.720671273576527E+002
  0.231246683923156E+000  0.849894397043383E+002  0.720574687678151E+002
  0.231246683923156E+000  0.849882342722190E+002  0.720562512449447E+002
  0.231246683923156E+000  0.849875067865896E+002  0.714208599086275E+002
  0.231246683923156E+000  0.849874726281722E+002  0.714208945578741E+002
  0.231246683923156E+000  0.849854207457001E+002  0.720533912003367E+002
  0.231246683923156E+000  0.849845631969333E+002  0.714238598123423E+002
  0.231246683923156E+000  0.849833650092615E+002  0.720512849570891E+002
  0.231246683923156E+000  0.849832532293480E+002  0.714252040862157E+002
  0.231246683923156E+000  0.849823981555296E+002  0.714260846764321E+002
  0.231246683923156E+000  0.849790314946484E+002  0.714295762238995E+002
  0.231246683923156E+000  0.849768154755421E+002  0.720444779436547E+002
  0.231246683923156E+000  0.849755075606402E+002  0.720431004084867E+002
  0.231246683923156E+000  0.849751977259059E+002  0.720427731685199E+002
  0.231246683923156E+000  0.849719544234559E+002  0.720393263275883E+002
  0.231246683923156E+000  0.849693884093008E+002  0.720365710677678E+002
  0.231246683923156E+000  0.849659316234497E+002  0.720328186088269E+002
  0.231246683923156E+000  0.849655767427690E+002  0.714439434456499E+002
  0.231246683923156E+000  0.849634618218616E+002  0.720301080131998E+002
  0.231246683923156E+000  0.849628548920678E+002  0.720294380493096E+002
  0.231246683923156E+000  0.849617291727341E+002  0.720281913181966E+002
  0.231246683923156E+000  0.849606126753937E+002  0.720269494836698E+002
  0.231246683923156E+000  0.849574480288236E+002  0.714529739162197E+002
  0.231246683923156E+000  0.849541006258356E+002  0.714567768882548E+002
  0.231246683923156E+000  0.849523822887537E+002  0.720176249236682E+002
  0.231246683923156E+000  0.849513103275204E+002  0.720163874496749E+002
  0.231246683923156E+000  0.849503568303100E+002  0.714610920240512E+002
  0.231246683923156E+000  0.849500368733910E+002  0.714614639306490E+002
  0.231246683923156E+000  0.849496284153737E+002  0.714619394353731E+002
  0.231246683923156E+000  0.849495131658141E+002  0.714620737507988E+002
  0.231246683923156E+000  0.849494822816219E+002  0.714621097553001E+002
  0.231246683923156E+000  0.849461381911892E+002  0.714660364436757E+002
  0.231246683923156E+000  0.849456775844046E+002  0.720097923666158E+002
  0.231246683923156E+000  0.849453314107165E+002  0.714669922919703E+002
  0.231246683923156E+000  0.849448038868971E+002  0.720087549992713E+002
  0.231246683923156E+000  0.849441508037116E+002  0.720079769688151E+002
  0.231246683923156E+000  0.849425039960055E+002  0.714703690506646E+002
  0.231246683923156E+000  0.849412244073663E+002  0.720044627828489E+002
  0.231246683923156E+000  0.849408487140726E+002  0.714723658471619E+002
  0.231246683923156E+000  0.849384147411086E+002  0.714753295420089E+002
  0.231246683923156E+000  0.849383375509397E+002  0.720009500323376E+002
  0.231246683923156E+000  0.849370665802466E+002  0.714769855831033E+002
  0.231246683923156E+000  0.849365727725169E+002  0.719987793154889E+002
  0.231246683923156E+000  0.849358074123890E+002  0.714785418471872E+002
  0.231246683923156E+000  0.849331247353353E+002  0.714818890036775E+002
  0.231246683923156E+000  0.849296937959658E+002  0.714862345536596E+002
  0.231246683923156E+000  0.849293608767858E+002  0.719897138933219E+002
  0.231246683923156E+000  0.849290617066519E+002  0.719893307649074E+002
  0.231246683923156E+000  0.849274561768149E+002  0.719872645960566E+002
  0.231246683923156E+000  0.849269549425211E+002  0.714897580768375E+002
  0.231246683923156E+000  0.849261370546392E+002  0.714908200176380E+002
  0.231246683923156E+000  0.849253006235201E+002  0.714919107708034E+002
  0.231246683923156E+000  0.849224782960084E+002  0.719807466710132E+002
  0.231246683923156E+000  0.849196262045760E+002  0.714994420748867E+002
  0.231246683923156E+000  0.849168719966784E+002  0.719731895569157E+002
  0.231246683923156E+000  0.849161683913947E+002  0.715041502253366E+002
  0.231246683923156E+000  0.849160856207104E+002  0.715042640870111E+002
  0.231246683923156E+000  0.849137662205119E+002  0.719688965429542E+002
  0.231246683923156E+000  0.849110353942828E+002  0.719650547025705E+002
  0.231246683923156E+000  0.849102227255318E+002  0.719638987809934E+002
  0.231246683923156E+000  0.849090979093206E+002  0.715140850798722E+002
  0.231246683923156E+000  0.849090682112988E+002  0.715141277380934E+002
  0.231246683923156E+000  0.849082697075012E+002  0.719610963417334E+002
  0.231246683923156E+000  0.849080988561005E+002  0.719608495046104E+002
  0.231246683923156E+000  0.849080395947029E+002  0.715156102878762E+002
  0.231246683923156E+000  0.849067048284749E+002  0.715175489424901E+002
  0.231246683923156E+000  0.849042313122060E+002  0.719551867763893E+002
  0.231246683923156E+000  0.849034293539736E+002  0.719539939770259E+002
  0.231246683923156E+000  0.849012228014443E+002  0.719506774889165E+002
  0.231246683923156E+000  0.849010970607426E+002  0.715258871727029E+002
  0.231246683923156E+000  0.848976453557103E+002  0.719451876456100E+002
  0.231246683923156E+000  0.848973265675944E+002  0.715316827500504E+002
  0.231246683923156E+000  0.848936071545882E+002  0.715375637807710E+002
  0.231246683923156E+000  0.848932301081732E+002  0.715381696087032E+002
  0.231246683923156E+000  0.848931394978931E+002  0.715383154725119E+002
  0.231246683923156E+000  0.848911787347284E+002  0.715414983910914E+002
  0.231246683923156E+000  0.848905433026165E+002  0.715425410013250E+002
  0.231246683923156E+000  0.848894934614827E+002  0.715442758510052E+002
  0.231246683923156E+000  0.848894601901838E+002  0.715443310852322E+002
  0.231246683923156E+000  0.848876596560659E+002  0.715473440209007E+002
  0.231246683923156E+000  0.848868259341525E+002  0.719276187444541E+002
  0.231246683923156E+000  0.848843563184517E+002  0.715529991027369E+002
  0.231246683923156E+000  0.848834414891182E+002  0.715545960239289E+002
  0.231246683923156E+000  0.848834218879013E+002  0.719217437190583E+002
  0.231246683923156E+000  0.848833248947090E+002  0.715548005495927E+002
  0.231246683923156E+000  0.848828278703888E+002  0.719206991283106E+002
  0.231246683923156E+000  0.848816659630596E+002  0.715577356986929E+002
  0.231246683923156E+000  0.848811413276175E+002  0.715586739248478E+002
  0.231246683923156E+000  0.848811310257211E+002  0.715586923972287E+002
  0.231246683923156E+000  0.848781856550210E+002  0.715640541078144E+002
  0.231246683923156E+000  0.848781056928038E+002  0.715642019736622E+002
  0.231246683923156E+000  0.848772933836176E+002  0.715657112777651E+002
  0.231246683923156E+000  0.848761558252785E+002  0.715678473840591E+002
  0.231246683923156E+000  0.848749138077950E+002  0.719061634495929E+002
  0.231246683923156E+000  0.848724167481603E+002  0.719013085293898E+002
  0.231246683923156E+000  0.848692450671578E+002  0.715814487967661E+002
  0.231246683923156E+000  0.848681538845214E+002  0.718926682688533E+002
  0.231246683923156E+000  0.848674891228880E+002  0.718912769393631E+002
  0.231246683923156E+000  0.848651735450504E+002  0.718863284935072E+002
  0.231246683923156E+000  0.848642633652489E+002  0.715920365583254E+002
  0.231246683923156E+000  0.848631340224793E+002  0.715945452570392E+002
  0.231246683923156E+000  0.848617091376625E+002  0.718785997074117E+002
  0.231246683923156E+000  0.848616862916110E+002  0.718785473274119E+002
  0.231246683923156E+000  0.848615716193908E+002  0.715980899925317E+002
  0.231246683923156E+000  0.848609472106643E+002  0.718768421346750E+002
  0.231246683923156E+000  0.848607858207002E+002  0.715999071289547E+002
  0.231246683923156E+000  0.848604709079456E+002  0.718757320173316E+002
  0.231246683923156E+000  0.848604401788853E+002  0.718756600893732E+002
  0.231246683923156E+000  0.848603379983233E+002  0.718754206427450E+002
  0.231246683923156E+000  0.848595914949799E+002  0.718736584710626E+002
  0.231246683923156E+000  0.848594858364725E+002  0.716029669089656E+002
  0.231246683923156E+000  0.848587447151213E+002  0.716047426866017E+002
  0.231246683923156E+000  0.848572075453741E+002  0.716085033477555E+002
  0.231246683923156E+000  0.848551857237667E+002  0.716136224562078E+002
  0.231246683923156E+000  0.848546739436914E+002  0.718614221428115E+002
  0.231246683923156E+000  0.848544788676793E+002  0.716154625313310E+002
  0.231246683923156E+000  0.848533087025875E+002  0.716185708844879E+002
  0.231246683923156E+000  0.848532199202081E+002  0.718575640870903E+002
  0.231246683923156E+000  0.848531778653366E+002  0.718574506430960E+002
  0.231246683923156E+000  0.848530775144930E+002  0.718571795074141E+002
  0.231246683923156E+000  0.848530334697436E+002  0.716193138021768E+002
  0.231246683923156E+000  0.848526648503421E+002  0.718560579838949E+002
  0.231246683923156E+000  0.848514743243345E+002  0.716236132005555E+002
  0.231246683923156E+000  0.848514694402220E+002  0.716236269221856E+002
  0.231246683923156E+000  0.848503754909324E+002  0.718496312419312E+002
  0.231246683923156E+000  0.848501580844186E+002  0.718490015568963E+002
  0.231246683923156E+000  0.848499449457699E+002  0.718483807401637E+002
  0.231246683923156E+000  0.848498948321831E+002  0.716281398468387E+002
  0.231246683923156E+000  0.848495066493348E+002  0.718470929772704E+002
  0.231246683923156E+000  0.848494144870373E+002  0.718468202519284E+002
  0.231246683923156E+000  0.848489687171404E+002  0.718454913520923E+002
  0.231246683923156E+000  0.848482915187579E+002  0.716329336785590E+002
  0.231246683923156E+000  0.848474856690763E+002  0.716354275459985E+002
  0.231246683923156E+000  0.848466007313666E+002  0.716382378273381E+002
  0.231246683923156E+000  0.848463609294131E+002  0.718373610359061E+002
  0.231246683923156E+000  0.848454540288223E+002  0.718343726648872E+002
  0.231246683923156E+000  0.848453991234473E+002  0.718341887572701E+002
  0.231246683923156E+000  0.848447913365146E+002  0.716442452072139E+002
  0.231246683923156E+000  0.848437279477678E+002  0.718284119213305E+002
  0.231246683923156E+000  0.848437049476099E+002  0.716480442778545E+002
  0.231246683923156E+000  0.848429636579199E+002  0.716507312177465E+002
  0.231246683923156E+000  0.858342088492047E+002  0.716569198814606E+002
  0.231246683923156E+000  0.858337992793312E+002  0.716585585579010E+002
  0.231246683923156E+000  0.858315166112592E+002  0.716683926715743E+002
  0.231246683923156E+000  0.858311636589654E+002  0.716700398104802E+002
  0.231246683923156E+000  0.858310143952538E+002  0.716707484894745E+002
  0.231246683923156E+000  0.858290992054638E+002  0.716806103366947E+002
  0.231246683923156E+000  0.858283747046778E+002  0.716848139404561E+002
  0.231246683923156E+000  0.858283636857565E+002  0.716848804320437E+002
  0.231246683923156E+000  0.858274558933051E+002  0.716906768982607E+002
  0.231246683923156E+000  0.858260118731191E+002  0.717017502132481E+002
  0.231246683923156E+000  0.858249714566461E+002  0.717125377435419E+002
  0.231246683923156E+000  0.858247797231180E+002  0.717150686445229E+002
