  0.717320907856974E+002 -0.429120036050880E+002
  0.717394352399284E+002 -0.429119759490345E+002
  0.717677053283903E+002 -0.429126515108585E+002
  0.717451201856397E+002 -0.429120120742014E+002
  0.717237394398957E+002 -0.429121368649884E+002
  0.717327412477223E+002 -0.429119977737749E+002
  0.717650925155525E+002 -0.429125370042488E+002
  0.717648376330987E+002 -0.429125264017357E+002
  0.717590939253918E+002 -0.429123142379247E+002
  0.717347468215224E+002 -0.429119839315014E+002
  0.717457959369755E+002 -0.429120197067898E+002
  0.717606607357948E+002 -0.429123670303899E+002
  0.717306652771618E+002 -0.429120186831359E+002
  0.717445009031014E+002 -0.429120057023434E+002
  0.717543361001273E+002 -0.429121772991416E+002
  0.717612013567436E+002 -0.429123861311204E+002
  0.717655334936945E+002 -0.429125555862482E+002
  0.717212825294191E+002 -0.429121966947098E+002
  0.717193331411456E+002 -0.429122508370912E+002
  0.717535684705332E+002 -0.429121584998080E+002
  0.717316708823620E+002 -0.429120077185640E+002
  0.717698446795023E+002 -0.429127531644792E+002
  0.717444856915572E+002 -0.429120055533269E+002
  0.717680073335949E+002 -0.429126654299793E+002
  0.717394777907264E+002 -0.429119760329452E+002
  0.717698327704413E+002 -0.429127525789284E+002
  0.717193331184060E+002 -0.429122508377572E+002
  0.717265000583272E+002 -0.429120808269548E+002
  0.717355101955530E+002 -0.429119803045398E+002
  0.717700038976614E+002 -0.429127610141617E+002
  0.717540608888689E+002 -0.429121704539281E+002
  0.717228536650130E+002 -0.429121573541016E+002
  0.717430815763058E+002 -0.429119933461344E+002
  0.717277964155413E+002 -0.429120585970443E+002
  0.717439218796374E+002 -0.429120002836350E+002
  0.717321659522391E+002 -0.429120028976417E+002
  0.717613121176402E+002 -0.429123901004622E+002
  0.717599643498790E+002 -0.429123430953994E+002
  0.717331567290751E+002 -0.429119943930251E+002
  0.717689189924783E+002 -0.429127083068264E+002
  0.717202808082847E+002 -0.429122237792173E+002
  0.717555917877821E+002 -0.429122100244296E+002
  0.717556073885610E+002 -0.429122104464162E+002
  0.717443062157421E+002 -0.429120038222718E+002
  0.717484818472966E+002 -0.429120570570898E+002
  0.717577120916242E+002 -0.429122708428484E+002
  0.717606802850418E+002 -0.429123677131742E+002
  0.717432856754882E+002 -0.429119949303115E+002
  0.717207784892206E+002 -0.429122101280950E+002
  0.717365029695022E+002 -0.429119769418137E+002
  0.717567556166775E+002 -0.429122425428751E+002
  0.717463737573340E+002 -0.429120267958547E+002
  0.717587651029965E+002 -0.429123036426540E+002
  0.717555866383255E+002 -0.429122098852246E+002
  0.717371583380239E+002 -0.429119755609071E+002
  0.717548446105061E+002 -0.429121902566494E+002
  0.717359746417365E+002 -0.429119785407771E+002
  0.717294537427622E+002 -0.429120339794076E+002
  0.717525220963894E+002 -0.429121343482889E+002
  0.717630445926502E+002 -0.429124546675487E+002
  0.717347596073706E+002 -0.429119838632989E+002
  0.717177636501710E+002 -0.429122987178586E+002
  0.717628266099434E+002 -0.429124462871986E+002
  0.717245462669232E+002 -0.429121192627484E+002
  0.717595798371800E+002 -0.429123302024006E+002
  0.717330004673815E+002 -0.429119956330566E+002
  0.717332518283531E+002 -0.429119936569213E+002
  0.717638091761981E+002 -0.429124846454890E+002
  0.717490377444495E+002 -0.429120661871251E+002
  0.717573329985814E+002 -0.429122594563176E+002
  0.717401467758144E+002 -0.429119777219120E+002
  0.717471758429405E+002 -0.429120374960150E+002
  0.717517119153818E+002 -0.429121168166682E+002
  0.717239084217996E+002 -0.429121330946567E+002
  0.717648173023913E+002 -0.429125255603718E+002
  0.717593328547880E+002 -0.429123220420385E+002
  0.717691263843337E+002 -0.429127182410744E+002
  0.717495078340166E+002 -0.429120742824726E+002
  0.717348212541157E+002 -0.429119835380258E+002
  0.717185859105086E+002 -0.429122731557756E+002
  0.717262991693097E+002 -0.429120845054160E+002
  0.717568891947320E+002 -0.429122464097766E+002
  0.717345694450960E+002 -0.429119849038643E+002
  0.717460510276281E+002 -0.429120227724598E+002
  0.717215592605464E+002 -0.429121894872528E+002
  0.717414455514571E+002 -0.429119829859215E+002
  0.717511347489854E+002 -0.429121049492209E+002
  0.717252269250577E+002 -0.429121051994849E+002
  0.717179953668572E+002 -0.429122914080634E+002
  0.717387700323355E+002 -0.429119750029187E+002
  0.717382488746565E+002 -0.429119747419118E+002
  0.717652852269845E+002 -0.429125450875895E+002
  0.717533029914779E+002 -0.429121522112247E+002
  0.717381732708329E+002 -0.429119747390911E+002
  0.717220882616808E+002 -0.429121760404889E+002
  0.717382770721804E+002 -0.429119747452372E+002
  0.717181804781029E+002 -0.429122856284264E+002
  0.717262143042184E+002 -0.429120860782090E+002
  0.717386582990624E+002 -0.429119749114286E+002
  0.717333944689021E+002 -0.429119925791697E+002
  0.717533104122431E+002 -0.429121523855180E+002
  0.717277871702379E+002 -0.429120587463399E+002
  0.717511359692073E+002 -0.429121049737648E+002
  0.717550731548008E+002 -0.429121962110932E+002
  0.717207823802689E+002 -0.429122100228815E+002
  0.717499212742372E+002 -0.429120816859923E+002
  0.717277884384712E+002 -0.429120587258523E+002
  0.717626188409684E+002 -0.429124383682221E+002
  0.717384840944549E+002 -0.429119748074746E+002
  0.717362307167112E+002 -0.429119777116260E+002
  0.717619411069593E+002 -0.429124130029733E+002
  0.717182210504977E+002 -0.429122843687666E+002
  0.717547998032906E+002 -0.429121890987651E+002
  0.717685346589920E+002 -0.429126900735621E+002
  0.717691644036366E+002 -0.429127200694787E+002
  0.717379516494699E+002 -0.429119747819858E+002
  0.717237155041342E+002 -0.429121374026308E+002
  0.717697430954457E+002 -0.429127481768179E+002
  0.717182928760668E+002 -0.429122821450532E+002
  0.717599983158757E+002 -0.429123442453449E+002
  0.717218345554213E+002 -0.429121824352399E+002
  0.717187852440904E+002 -0.429122671171455E+002
  0.717342726564623E+002 -0.429119866401395E+002
  0.717355939699795E+002 -0.429119799616315E+002
  0.717340125850646E+002 -0.429119882740973E+002
  0.717477624792818E+002 -0.429120459547595E+002
  0.717379268390141E+002 -0.429119747915367E+002
  0.717655057861096E+002 -0.429125544098081E+002
  0.717665115229958E+002 -0.429125978765313E+002
  0.717600888685947E+002 -0.429123473198363E+002
  0.717682368206251E+002 -0.429126761015453E+002
  0.717642436522689E+002 -0.429125020851496E+002
  0.717307465733286E+002 -0.429120177383624E+002
  0.717506790095318E+002 -0.429120959441289E+002
  0.717231373917567E+002 -0.429121506584609E+002
  0.717307955224960E+002 -0.429120171744575E+002
  0.717433705464734E+002 -0.429119956081121E+002
  0.717391933241105E+002 -0.429119755254248E+002
  0.717505354569579E+002 -0.429120931744512E+002
  0.717369110236470E+002 -0.429119760036315E+002
  0.717538684283934E+002 -0.429121657368505E+002
  0.717503956517422E+002 -0.429120905078437E+002
  0.717291399923844E+002 -0.429120383123771E+002
  0.717668846953349E+002 -0.429126144042590E+002
  0.717341974758845E+002 -0.429119871016821E+002
  0.717302998135353E+002 -0.429120230571444E+002
  0.717308275874176E+002 -0.429120168070803E+002
  0.717546973526589E+002 -0.429121864630083E+002
  0.717435111022293E+002 -0.429119967552353E+002
  0.717187455975959E+002 -0.429122683132827E+002
  0.717637234559138E+002 -0.429124812393527E+002
  0.717361493196221E+002 -0.429119779641400E+002
  0.717191292773136E+002 -0.429122568401665E+002
  0.717217082483674E+002 -0.429121856561323E+002
  0.717432148811641E+002 -0.429119943734901E+002
  0.717555985948646E+002 -0.429122102085084E+002
  0.717524407949940E+002 -0.429121325429694E+002
  0.717368195527779E+002 -0.429119761914456E+002
  0.717335573223225E+002 -0.429119913873374E+002
  0.717471722792864E+002 -0.429120374462641E+002
  0.717394951486003E+002 -0.429119760679828E+002
  0.717596472178761E+002 -0.429123324451286E+002
  0.717204852449631E+002 -0.429122181250646E+002
  0.717290785966518E+002 -0.429120391781567E+002
  0.717314871386406E+002 -0.429120096047127E+002
  0.717626960032126E+002 -0.429124413013821E+002
  0.717406052962658E+002 -0.429119792810734E+002
  0.717384266589633E+002 -0.429119747835345E+002
  0.717528894240233E+002 -0.429121426328959E+002
  0.717337770388256E+002 -0.429119898446444E+002
  0.717244507386045E+002 -0.429121212940766E+002
  0.717676090494206E+002 -0.429126471032402E+002
  0.717625344206637E+002 -0.429124351697572E+002
  0.717454197181897E+002 -0.429120153698838E+002
  0.717221901450706E+002 -0.429121735006233E+002
  0.717225761319555E+002 -0.429121640245651E+002
  0.717225806671666E+002 -0.429121639146004E+002
  0.717367029407977E+002 -0.429119764497280E+002
  0.717448083271483E+002 -0.429120087909936E+002
  0.717233247995592E+002 -0.429121463044212E+002
  0.717231293722459E+002 -0.429121508459953E+002
  0.717206715978769E+002 -0.429122130276226E+002
  0.717594425789617E+002 -0.429123256556559E+002
  0.717176094211123E+002 -0.429123036294419E+002
  0.717616358379711E+002 -0.429124018108831E+002
  0.717678122297671E+002 -0.429126564216373E+002
  0.717321316472196E+002 -0.429120032194221E+002
  0.717503330365885E+002 -0.429120893233835E+002
  0.717564381219479E+002 -0.429122334630736E+002
  0.717537651162691E+002 -0.429121632284733E+002
  0.717311142608616E+002 -0.429120135935506E+002
  0.717514912921535E+002 -0.429121122192107E+002
  0.717698432145723E+002 -0.429127530924388E+002
  0.717200796783703E+002 -0.429122294052718E+002
  0.717255133238921E+002 -0.429120994972418E+002
  0.717472750994101E+002 -0.429120388896260E+002
  0.717591053636905E+002 -0.429123146095110E+002
  0.717616625169800E+002 -0.429124027832439E+002
  0.717337715931244E+002 -0.429119898819739E+002
  0.717539303721356E+002 -0.429121672487707E+002
  0.717366527480441E+002 -0.429119765674023E+002
  0.717512944269512E+002 -0.429121081806721E+002
  0.717480633573738E+002 -0.429120505005472E+002
  0.717357836468471E+002 -0.429119792255258E+002
  0.717688969338525E+002 -0.429127072541305E+002
  0.717609828060338E+002 -0.429123783548126E+002
  0.717291663704999E+002 -0.429120379422011E+002
  0.717177957844189E+002 -0.429122976991618E+002
  0.717301769822434E+002 -0.429120245738219E+002
  0.717693323710618E+002 -0.429127281741531E+002
  0.717537438040464E+002 -0.429121627130840E+002
  0.717308777061471E+002 -0.429120162360547E+002
  0.717449185462785E+002 -0.429120099341049E+002
  0.717185981470087E+002 -0.429122727833037E+002
  0.717696116648541E+002 -0.429127417475127E+002
  0.717528938535417E+002 -0.429121427340770E+002
  0.717406170395289E+002 -0.429119793252948E+002
  0.717559710703414E+002 -0.429122203908094E+002
  0.717400204367817E+002 -0.429119773496982E+002
  0.717265305447232E+002 -0.429120802741998E+002
  0.717453194718806E+002 -0.429120142513816E+002
  0.717287910872290E+002 -0.429120433104217E+002
  0.717532493065332E+002 -0.429121509528612E+002
  0.717593241143090E+002 -0.429123217549869E+002
  0.717332447191413E+002 -0.429119937114634E+002
  0.717524294438019E+002 -0.429121322917300E+002
  0.717522782457413E+002 -0.429121289643064E+002
  0.717414510892769E+002 -0.429119830139769E+002
  0.717569260829118E+002 -0.429122474825229E+002
  0.717281054414707E+002 -0.429120536832042E+002
  0.717516647398710E+002 -0.429121158272458E+002
  0.717547426156301E+002 -0.429121876254825E+002
  0.717665180672089E+002 -0.429125981645096E+002
  0.717191686431093E+002 -0.429122556759522E+002
  0.717690383266574E+002 -0.429127140148741E+002
  0.717650039812075E+002 -0.429125333099884E+002
  0.717278150739869E+002 -0.429120582961472E+002
  0.717487461958172E+002 -0.429120613388790E+002
  0.717284608982994E+002 -0.429120482145193E+002
  0.717455691980822E+002 -0.429120170667057E+002
  0.717491642047651E+002 -0.429120683311283E+002
  0.717363991705797E+002 -0.429119772217308E+002
  0.717321955766617E+002 -0.429120026212362E+002
  0.717624594601048E+002 -0.429124323389769E+002
  0.717560628422003E+002 -0.429122229326534E+002
  0.717257297480193E+002 -0.429120952727298E+002
  0.717616807067662E+002 -0.429124034468347E+002
  0.717526023208858E+002 -0.429121361397604E+002
  0.717527716333093E+002 -0.429121399534463E+002
  0.717467381116735E+002 -0.429120315326179E+002
  0.717612410859698E+002 -0.429123875527061E+002
  0.717274589553517E+002 -0.429120641324695E+002
  0.717261170537178E+002 -0.429120878942952E+002
  0.717259993794862E+002 -0.429120901114246E+002
  0.717449088729236E+002 -0.429120098330246E+002
  0.717228124866246E+002 -0.429121583362582E+002
  0.717264569782699E+002 -0.429120816105095E+002
  0.717681265067647E+002 -0.429126709615383E+002
  0.717339855237695E+002 -0.429119884501513E+002
  0.717292333218230E+002 -0.429120370074964E+002
  0.717326940992961E+002 -0.429119981743610E+002
  0.717462199307291E+002 -0.429120248579544E+002
