  0.439858815964195E-001  0.603785875427104E+002  0.758280783427041E+002
  0.439858815964195E-001  0.566436264800232E+002  0.753556040668624E+002
  0.439858815964195E-001  0.555294737810751E+002  0.701081787444508E+002
  0.439858815964195E-001  0.550269898520112E+002  0.701826778794054E+002
  0.439858815964195E-001  0.547316299664428E+002  0.750783754462244E+002
  0.439858815964195E-001  0.547237785052478E+002  0.702287398391651E+002
  0.439858815964195E-001  0.543658451181915E+002  0.702842673486139E+002
  0.439858815964195E-001  0.542447978371135E+002  0.750025687397627E+002
  0.439858815964195E-001  0.539883735511901E+002  0.749616392079810E+002
  0.439858815964195E-001  0.539371820599856E+002  0.703525305035453E+002
  0.439858815964195E-001  0.535665230783555E+002  0.748926781243521E+002
  0.439858815964195E-001  0.535302976590757E+002  0.748866569924761E+002
  0.439858815964195E-001  0.531580568878093E+002  0.704820930085193E+002
  0.439858815964195E-001  0.531563977828423E+002  0.704823771565626E+002
  0.439858815964195E-001  0.531180749863124E+002  0.704889509275664E+002
  0.439858815964195E-001  0.530964262310132E+002  0.748132381797294E+002
  0.439858815964195E-001  0.530813447732815E+002  0.704952703087492E+002
  0.439858815964195E-001  0.530447225493767E+002  0.748043219170357E+002
  0.439858815964195E-001  0.529759324560177E+002  0.705135100003422E+002
  0.439858815964195E-001  0.528325704218730E+002  0.705385686971632E+002
  0.439858815964195E-001  0.528226474599072E+002  0.747655973470616E+002
  0.439858815964195E-001  0.526772281519473E+002  0.747398504152599E+002
  0.439858815964195E-001  0.524723395283858E+002  0.747030255814223E+002
  0.439858815964195E-001  0.524691240488844E+002  0.747024423866568E+002
  0.439858815964195E-001  0.522859508356210E+002  0.706369699608420E+002
  0.439858815964195E-001  0.522674847051764E+002  0.746655333051410E+002
  0.439858815964195E-001  0.522578179025618E+002  0.746637468267390E+002
  0.439858815964195E-001  0.521773073089812E+002  0.746488059075367E+002
  0.439858815964195E-001  0.521199120962983E+002  0.746380860164646E+002
  0.439858815964195E-001  0.521153380875537E+002  0.706686822857809E+002
  0.439858815964195E-001  0.521080324730393E+002  0.706700515266169E+002
  0.439858815964195E-001  0.520321874976449E+002  0.746215886171213E+002
  0.439858815964195E-001  0.520226526412533E+002  0.706861243439963E+002
  0.439858815964195E-001  0.519792052915764E+002  0.746115575316347E+002
  0.439858815964195E-001  0.519079073758670E+002  0.745979770961557E+002
  0.439858815964195E-001  0.517896077236867E+002  0.707306791310747E+002
  0.439858815964195E-001  0.517782653415383E+002  0.707328740129478E+002
  0.439858815964195E-001  0.517611213292349E+002  0.707361963477436E+002
  0.439858815964195E-001  0.517506698783216E+002  0.745676869474015E+002
  0.439858815964195E-001  0.516941871993359E+002  0.707492230070249E+002
  0.439858815964195E-001  0.516737702442453E+002  0.745526971931162E+002
  0.439858815964195E-001  0.515935350539560E+002  0.745369301185326E+002
  0.439858815964195E-001  0.515796838509282E+002  0.707717166749688E+002
  0.439858815964195E-001  0.515757984133054E+002  0.745334268364874E+002
  0.439858815964195E-001  0.515420949632064E+002  0.707791597126135E+002
  0.439858815964195E-001  0.515157162927983E+002  0.707844007000220E+002
  0.439858815964195E-001  0.514732600009478E+002  0.745130444641208E+002
  0.439858815964195E-001  0.514535409090532E+002  0.745090990841863E+002
  0.439858815964195E-001  0.514514527886457E+002  0.745086808035945E+002
  0.439858815964195E-001  0.513900231595304E+002  0.708095784106742E+002
  0.439858815964195E-001  0.513834415825559E+002  0.744950052539158E+002
  0.439858815964195E-001  0.513818222981626E+002  0.744946784139828E+002
  0.439858815964195E-001  0.513567669386763E+002  0.708162977356774E+002
  0.439858815964195E-001  0.513302446020791E+002  0.744842373380878E+002
  0.439858815964195E-001  0.513282305601574E+002  0.708220830884364E+002
  0.439858815964195E-001  0.513200384240441E+002  0.744821641979706E+002
  0.439858815964195E-001  0.513125587734389E+002  0.744806433933061E+002
  0.439858815964195E-001  0.512975585432227E+002  0.744775896420028E+002
  0.439858815964195E-001  0.512518067587596E+002  0.744682437508638E+002
  0.439858815964195E-001  0.511925691309682E+002  0.744560710926638E+002
  0.439858815964195E-001  0.511585403300251E+002  0.708568702533625E+002
  0.439858815964195E-001  0.511157268186424E+002  0.744401573481380E+002
  0.439858815964195E-001  0.510698607502897E+002  0.708753207382796E+002
  0.439858815964195E-001  0.510109440350399E+002  0.708876854422288E+002
  0.439858815964195E-001  0.510031863007716E+002  0.744165915109056E+002
  0.439858815964195E-001  0.509723228712095E+002  0.708958379814630E+002
  0.439858815964195E-001  0.509594990457550E+002  0.708985533399414E+002
  0.439858815964195E-001  0.509072381747556E+002  0.709096629656164E+002
  0.439858815964195E-001  0.508859643292359E+002  0.709142056925724E+002
  0.439858815964195E-001  0.508854346467763E+002  0.743915925579928E+002
  0.439858815964195E-001  0.508763510387741E+002  0.743896491362574E+002
  0.439858815964195E-001  0.508687546851661E+002  0.709178892695748E+002
  0.439858815964195E-001  0.508510387189832E+002  0.709216894072063E+002
  0.439858815964195E-001  0.507786108628643E+002  0.743685985214474E+002
  0.439858815964195E-001  0.507753463784717E+002  0.743678909797433E+002
  0.439858815964195E-001  0.507312618130386E+002  0.709476041305905E+002
  0.439858815964195E-001  0.507295917471540E+002  0.743579432607145E+002
  0.439858815964195E-001  0.506940426643627E+002  0.743501741277723E+002
  0.439858815964195E-001  0.506803843775158E+002  0.709587318267640E+002
  0.439858815964195E-001  0.506500887063593E+002  0.743405186866688E+002
  0.439858815964195E-001  0.506007224118820E+002  0.743296080145280E+002
  0.439858815964195E-001  0.505955625575575E+002  0.709774479979672E+002
  0.439858815964195E-001  0.505496045318306E+002  0.709876766248250E+002
  0.439858815964195E-001  0.505414256885609E+002  0.709895035379012E+002
  0.439858815964195E-001  0.505389783676419E+002  0.709900505875689E+002
  0.439858815964195E-001  0.505035608808584E+002  0.709979877030241E+002
  0.439858815964195E-001  0.504796955642201E+002  0.743025540130059E+002
  0.439858815964195E-001  0.504529158848140E+002  0.742965075890921E+002
  0.439858815964195E-001  0.504157438565456E+002  0.742880776818212E+002
  0.439858815964195E-001  0.504092101171043E+002  0.742865914593108E+002
  0.439858815964195E-001  0.503907710811497E+002  0.742823898410461E+002
  0.439858815964195E-001  0.503694658170565E+002  0.742775215769579E+002
  0.439858815964195E-001  0.503679786238287E+002  0.710287303004617E+002
  0.439858815964195E-001  0.503417169860864E+002  0.742711589946386E+002
  0.439858815964195E-001  0.503250540921248E+002  0.710385852303221E+002
  0.439858815964195E-001  0.503119316717808E+002  0.710416100014821E+002
  0.439858815964195E-001  0.503025419089478E+002  0.742621336384702E+002
  0.439858815964195E-001  0.502721054352073E+002  0.710508250769093E+002
  0.439858815964195E-001  0.502719635211729E+002  0.710508580080384E+002
  0.439858815964195E-001  0.502443207426642E+002  0.742486260386554E+002
  0.439858815964195E-001  0.502209613623027E+002  0.742431742947629E+002
  0.439858815964195E-001  0.502058882766415E+002  0.742396465098732E+002
  0.439858815964195E-001  0.502054307064106E+002  0.710663722131221E+002
  0.439858815964195E-001  0.501802579112996E+002  0.742336297669049E+002
  0.439858815964195E-001  0.501522805282458E+002  0.710788757014959E+002
  0.439858815964195E-001  0.501424246688992E+002  0.710812052078993E+002
  0.439858815964195E-001  0.501124583681459E+002  0.710883092715532E+002
  0.439858815964195E-001  0.501102962607174E+002  0.710888230869382E+002
  0.439858815964195E-001  0.500892950691098E+002  0.710938227386566E+002
  0.439858815964195E-001  0.500782043976013E+002  0.710964695208725E+002
  0.439858815964195E-001  0.500130752636994E+002  0.711121042905780E+002
  0.439858815964195E-001  0.500128487898644E+002  0.741937525739288E+002
  0.439858815964195E-001  0.499749556057300E+002  0.711213292605978E+002
  0.439858815964195E-001  0.499593850664666E+002  0.711251133584361E+002
  0.439858815964195E-001  0.499419982978525E+002  0.741765615481992E+002
  0.439858815964195E-001  0.499411836890168E+002  0.741763627650434E+002
  0.439858815964195E-001  0.499343934374764E+002  0.711312067298651E+002
  0.439858815964195E-001  0.499239436295763E+002  0.711337618114730E+002
  0.439858815964195E-001  0.499141984925806E+002  0.711361484725495E+002
  0.439858815964195E-001  0.498889614506907E+002  0.711423467505328E+002
  0.439858815964195E-001  0.498813966381740E+002  0.711442096469997E+002
  0.439858815964195E-001  0.498637435829627E+002  0.741573456804803E+002
  0.439858815964195E-001  0.498175015525350E+002  0.711600370626750E+002
  0.439858815964195E-001  0.497739948619091E+002  0.741350007007960E+002
  0.439858815964195E-001  0.497493227500562E+002  0.741287987351771E+002
  0.439858815964195E-001  0.497430592628086E+002  0.741272200950930E+002
  0.439858815964195E-001  0.497414917693270E+002  0.711790867463341E+002
  0.439858815964195E-001  0.496940202666151E+002  0.741148014565376E+002
  0.439858815964195E-001  0.496558022060434E+002  0.741050494750274E+002
  0.439858815964195E-001  0.496502678470275E+002  0.712022796519595E+002
  0.439858815964195E-001  0.496485958724227E+002  0.741032033095321E+002
  0.439858815964195E-001  0.496447062066062E+002  0.741022058523254E+002
  0.439858815964195E-001  0.496441113887703E+002  0.741020532580445E+002
  0.439858815964195E-001  0.496407855532158E+002  0.741011997535191E+002
  0.439858815964195E-001  0.495961123727499E+002  0.712162253151332E+002
  0.439858815964195E-001  0.495953326105436E+002  0.712164271016466E+002
  0.439858815964195E-001  0.495908530262596E+002  0.740883246321169E+002
  0.439858815964195E-001  0.495856287606015E+002  0.712189406349419E+002
  0.439858815964195E-001  0.495526017700471E+002  0.740783828656322E+002
  0.439858815964195E-001  0.495510612082371E+002  0.740779810099779E+002
  0.439858815964195E-001  0.495397251649956E+002  0.712308909980070E+002
  0.439858815964195E-001  0.495385667940911E+002  0.712311938631307E+002
  0.439858815964195E-001  0.495308802635551E+002  0.712332052033540E+002
  0.439858815964195E-001  0.495212312467345E+002  0.712357341095943E+002
  0.439858815964195E-001  0.495145674843860E+002  0.712374832495429E+002
  0.439858815964195E-001  0.494934717971337E+002  0.740628766416123E+002
  0.439858815964195E-001  0.494908415399423E+002  0.740621829202373E+002
  0.439858815964195E-001  0.494787279273606E+002  0.712469279300648E+002
  0.439858815964195E-001  0.494618693836931E+002  0.740545188916507E+002
  0.439858815964195E-001  0.494606828386009E+002  0.740542041203708E+002
  0.439858815964195E-001  0.494196697981948E+002  0.740432802195919E+002
  0.439858815964195E-001  0.494107595346656E+002  0.712650159225830E+002
  0.439858815964195E-001  0.494075420788781E+002  0.740400334975869E+002
  0.439858815964195E-001  0.494036081770595E+002  0.740389787158068E+002
  0.439858815964195E-001  0.493889473320077E+002  0.740350406702454E+002
  0.439858815964195E-001  0.493713261361875E+002  0.712756189618308E+002
  0.439858815964195E-001  0.493532901474452E+002  0.712804958648116E+002
  0.439858815964195E-001  0.493508433504405E+002  0.712811588104687E+002
  0.439858815964195E-001  0.493505359399197E+002  0.712812421242474E+002
  0.439858815964195E-001  0.493502526044231E+002  0.712813189177431E+002
  0.439858815964195E-001  0.493244841466998E+002  0.740175903988787E+002
  0.439858815964195E-001  0.493234531022961E+002  0.740173094803222E+002
  0.439858815964195E-001  0.493229555643929E+002  0.712887376078007E+002
  0.439858815964195E-001  0.493158658023356E+002  0.740152404614790E+002
  0.439858815964195E-001  0.492719740705309E+002  0.740032091877633E+002
  0.439858815964195E-001  0.492526247251534E+002  0.713080404000746E+002
  0.439858815964195E-001  0.492378560622890E+002  0.713121290659634E+002
  0.439858815964195E-001  0.492309449383242E+002  0.713140466811258E+002
  0.439858815964195E-001  0.492278778673832E+002  0.713148985753410E+002
  0.439858815964195E-001  0.492128612346314E+002  0.713190773728178E+002
  0.439858815964195E-001  0.492093668980738E+002  0.739858598596160E+002
  0.439858815964195E-001  0.492092110233482E+002  0.713200951254475E+002
  0.439858815964195E-001  0.491972583951490E+002  0.713234332120141E+002
  0.439858815964195E-001  0.491970555280716E+002  0.713234899403287E+002
  0.439858815964195E-001  0.491946672296636E+002  0.713241579692867E+002
  0.439858815964195E-001  0.491894635388705E+002  0.739802968545469E+002
  0.439858815964195E-001  0.491751091395902E+002  0.713296412347934E+002
  0.439858815964195E-001  0.491722453034679E+002  0.739754654660457E+002
  0.439858815964195E-001  0.491626975120698E+002  0.739727787599322E+002
  0.439858815964195E-001  0.491253145432730E+002  0.713437052019993E+002
  0.439858815964195E-001  0.491247726233303E+002  0.713438590927933E+002
  0.439858815964195E-001  0.491170776693176E+002  0.739598652984325E+002
  0.439858815964195E-001  0.491089165960896E+002  0.713483698170668E+002
  0.439858815964195E-001  0.491005489511391E+002  0.713507565440904E+002
  0.439858815964195E-001  0.490987958418187E+002  0.739546543652671E+002
  0.439858815964195E-001  0.490879673835601E+002  0.713543534766387E+002
  0.439858815964195E-001  0.490714522169069E+002  0.713590901596466E+002
  0.439858815964195E-001  0.490466473744242E+002  0.713662371497998E+002
  0.439858815964195E-001  0.490350061316270E+002  0.713696050503274E+002
  0.439858815964195E-001  0.490044386559610E+002  0.739274206875590E+002
  0.439858815964195E-001  0.489944797964028E+002  0.713813992082275E+002
  0.439858815964195E-001  0.489940179364189E+002  0.739243772568086E+002
  0.439858815964195E-001  0.489789439562673E+002  0.739199618787292E+002
  0.439858815964195E-001  0.489748880742564E+002  0.713871402831015E+002
  0.439858815964195E-001  0.489711587289689E+002  0.713882360671233E+002
  0.439858815964195E-001  0.489691783697059E+002  0.739170931710028E+002
  0.439858815964195E-001  0.489646861443146E+002  0.713901401474005E+002
  0.439858815964195E-001  0.489646612776546E+002  0.739157640400419E+002
  0.439858815964195E-001  0.489626741511945E+002  0.713907326130675E+002
  0.439858815964195E-001  0.489595108203576E+002  0.713916646724920E+002
  0.439858815964195E-001  0.489556127013468E+002  0.739130973264294E+002
  0.439858815964195E-001  0.489453586927434E+002  0.713958429867957E+002
  0.439858815964195E-001  0.489309835784848E+002  0.714001014021300E+002
  0.439858815964195E-001  0.489306902039813E+002  0.714001884607181E+002
  0.439858815964195E-001  0.489209639671969E+002  0.739028333634635E+002
  0.439858815964195E-001  0.489161599960009E+002  0.739014036265796E+002
  0.439858815964195E-001  0.494016905211618E+002  0.729997603023440E+002
  0.439858815964195E-001  0.493996755795238E+002  0.729975935401504E+002
  0.439858815964195E-001  0.493990492735595E+002  0.729969172629943E+002
  0.439858815964195E-001  0.493982762345392E+002  0.729960807074760E+002
  0.439858815964195E-001  0.493962650705920E+002  0.729938946802835E+002
  0.439858815964195E-001  0.493931309427195E+002  0.729904598278025E+002
  0.439858815964195E-001  0.493928745496412E+002  0.729901772852598E+002
  0.439858815964195E-001  0.493915799488454E+002  0.729887470176855E+002
  0.439858815964195E-001  0.493911568930388E+002  0.729882783055206E+002
  0.439858815964195E-001  0.493908363154398E+002  0.729879226942598E+002
  0.439858815964195E-001  0.493901601632141E+002  0.729871714094831E+002
  0.439858815964195E-001  0.493884283859505E+002  0.729852394543177E+002
  0.439858815964195E-001  0.493859066503155E+002  0.729824059693980E+002
  0.439858815964195E-001  0.493847823657282E+002  0.729811348104317E+002
  0.439858815964195E-001  0.493844550907512E+002  0.729807638545954E+002
  0.439858815964195E-001  0.493824478338728E+002  0.729784794453621E+002
  0.439858815964195E-001  0.493808920077593E+002  0.729766977092754E+002
  0.439858815964195E-001  0.493806659105963E+002  0.729764379655101E+002
  0.439858815964195E-001  0.493787133160146E+002  0.729741860570969E+002
  0.439858815964195E-001  0.493768557204336E+002  0.729720289583202E+002
  0.439858815964195E-001  0.493767555500243E+002  0.729719122227214E+002
  0.439858815964195E-001  0.493766968037632E+002  0.729718437417062E+002
  0.439858815964195E-001  0.493763380382703E+002  0.729714252061595E+002
  0.439858815964195E-001  0.493750991701655E+002  0.729699756951787E+002
  0.439858815964195E-001  0.493737917601697E+002  0.729684387655326E+002
  0.439858815964195E-001  0.493702505612901E+002  0.729642377886301E+002
  0.439858815964195E-001  0.493688100843197E+002  0.729625126176505E+002
  0.439858815964195E-001  0.493677876246532E+002  0.729612822229584E+002
  0.439858815964195E-001  0.493664787858627E+002  0.729597000066831E+002
  0.439858815964195E-001  0.493663195650585E+002  0.729595069722433E+002
  0.439858815964195E-001  0.493615202309248E+002  0.729536302443723E+002
  0.439858815964195E-001  0.493607132617017E+002  0.729526308025147E+002
  0.439858815964195E-001  0.493590140263362E+002  0.729505153010736E+002
  0.439858815964195E-001  0.493569810067787E+002  0.729479643153610E+002
  0.439858815964195E-001  0.493558748770308E+002  0.729465670596284E+002
  0.439858815964195E-001  0.493553753326171E+002  0.729459338541908E+002
  0.439858815964195E-001  0.493553414591288E+002  0.729458908677612E+002
  0.439858815964195E-001  0.493539701224628E+002  0.729441452734785E+002
  0.439858815964195E-001  0.493499594121238E+002  0.729389788472881E+002
  0.439858815964195E-001  0.493490032375365E+002  0.729377333078473E+002
  0.439858815964195E-001  0.493475779774585E+002  0.729358665461303E+002
  0.439858815964195E-001  0.493390961152428E+002  0.729244919515169E+002
  0.439858815964195E-001  0.493386002933981E+002  0.729238122526152E+002
  0.439858815964195E-001  0.493376662864757E+002  0.729225272114731E+002
  0.439858815964195E-001  0.493374324544236E+002  0.729222045367962E+002
  0.439858815964195E-001  0.493372828157360E+002  0.729219978410109E+002
  0.439858815964195E-001  0.493361980033835E+002  0.729204946155709E+002
  0.439858815964195E-001  0.493349891896455E+002  0.729188095488603E+002
  0.439858815964195E-001  0.493337203060338E+002  0.729170291787078E+002
  0.439858815964195E-001  0.493329340440090E+002  0.729159199261282E+002
  0.439858815964195E-001  0.493327817640472E+002  0.729157045493811E+002
  0.439858815964195E-001  0.493318251554679E+002  0.729143475137489E+002
  0.439858815964195E-001  0.493289444993773E+002  0.729102178130522E+002
  0.439858815964195E-001  0.493269715181439E+002  0.729073506737344E+002
  0.439858815964195E-001  0.493267109495357E+002  0.729069695957925E+002
  0.439858815964195E-001  0.493261737530847E+002  0.729061821436175E+002
  0.439858815964195E-001  0.493250334079106E+002  0.729045023925252E+002
  0.439858815964195E-001  0.493193725251165E+002  0.728959919953635E+002
  0.439858815964195E-001  0.493190446584152E+002  0.728954899420655E+002
  0.439858815964195E-001  0.493182202606273E+002  0.728942229483611E+002
  0.439858815964195E-001  0.493175730638387E+002  0.728932236085368E+002
  0.439858815964195E-001  0.493125859489390E+002  0.728853789005153E+002
  0.439858815964195E-001  0.493112150847484E+002  0.728831757047439E+002
  0.439858815964195E-001  0.493110295935191E+002  0.728828759693849E+002
  0.439858815964195E-001  0.493107732013864E+002  0.728824610207319E+002
  0.439858815964195E-001  0.493098695727228E+002  0.728809925553533E+002
  0.439858815964195E-001  0.493080026468221E+002  0.728779283020728E+002
  0.439858815964195E-001  0.493072080171396E+002  0.728766113103326E+002
  0.439858815964195E-001  0.493067792185461E+002  0.728758974025843E+002
  0.439858815964195E-001  0.493067707855616E+002  0.728758833395660E+002
  0.439858815964195E-001  0.493049663045404E+002  0.728728534650622E+002
  0.439858815964195E-001  0.493029525912047E+002  0.728694222075523E+002
  0.439858815964195E-001  0.493013009924131E+002  0.728665668365709E+002
  0.439858815964195E-001  0.492999790120673E+002  0.728642535258992E+002
  0.439858815964195E-001  0.492991528685186E+002  0.728627949235076E+002
  0.439858815964195E-001  0.492966356166675E+002  0.728582867011662E+002
  0.439858815964195E-001  0.492956590904608E+002  0.728565109329759E+002
  0.439858815964195E-001  0.492949119062088E+002  0.728551416807816E+002
  0.439858815964195E-001  0.492915488895304E+002  0.728488603461460E+002
  0.439858815964195E-001  0.492913325137213E+002  0.728484492961031E+002
  0.439858815964195E-001  0.492912388936628E+002  0.728482711775601E+002
  0.439858815964195E-001  0.492901857863143E+002  0.728462562622990E+002
  0.439858815964195E-001  0.492900851103465E+002  0.728460625374890E+002
  0.439858815964195E-001  0.492894714965779E+002  0.728448775688630E+002
  0.439858815964195E-001  0.492890597280092E+002  0.728440782705483E+002
  0.439858815964195E-001  0.492889570805018E+002  0.728438784968376E+002
  0.439858815964195E-001  0.492885716415123E+002  0.728431264777135E+002
  0.439858815964195E-001  0.492884597174752E+002  0.728429075480985E+002
  0.439858815964195E-001  0.492879229709677E+002  0.728418541161130E+002
  0.439858815964195E-001  0.492876636228600E+002  0.728413430023377E+002
  0.439858815964195E-001  0.492876373883268E+002  0.728412912230258E+002
  0.439858815964195E-001  0.492861236444203E+002  0.728382790355757E+002
  0.439858815964195E-001  0.492850252991642E+002  0.728360624286378E+002
  0.439858815964195E-001  0.492832921191532E+002  0.728325089896257E+002
  0.439858815964195E-001  0.492830429403444E+002  0.728319923140611E+002
  0.439858815964195E-001  0.492825210382478E+002  0.728309052816472E+002
  0.439858815964195E-001  0.492824060191437E+002  0.728306648224378E+002
  0.439858815964195E-001  0.492807343375087E+002  0.728271325310892E+002
  0.439858815964195E-001  0.492800082856477E+002  0.728255758587689E+002
  0.439858815964195E-001  0.492798312027394E+002  0.728251940546807E+002
  0.439858815964195E-001  0.502230447125817E+002  0.728239495822222E+002
  0.439858815964195E-001  0.502219256517187E+002  0.728214989887978E+002
  0.439858815964195E-001  0.502217012651006E+002  0.728210033110002E+002
  0.439858815964195E-001  0.502201610445879E+002  0.728175606287159E+002
  0.439858815964195E-001  0.502194339234063E+002  0.728159101052464E+002
  0.439858815964195E-001  0.502180025325072E+002  0.728126110802608E+002
  0.439858815964195E-001  0.502175359608584E+002  0.728115209084146E+002
  0.439858815964195E-001  0.502173878345962E+002  0.728111732318282E+002
  0.439858815964195E-001  0.502172999098313E+002  0.728109664961961E+002
  0.439858815964195E-001  0.502163368959532E+002  0.728086842184476E+002
