  0.127437327210987E-049  0.274942831242007E+003  0.600141029564405E+002
  0.462389065784225E-049  0.272361271280768E+003  0.600902687346328E+002
  0.840763155087831E-049  0.271161468621586E+003  0.601258250752839E+002
  0.194637296991594E-048  0.269478646802647E+003  0.601758664887033E+002
  0.215337539956157E-048  0.269272512918993E+003  0.601820100158956E+002
  0.100538171860696E-047  0.266186685278536E+003  0.602743431835427E+002
  0.108915220347313E-047  0.266022624653780E+003  0.602792714434047E+002
  0.211275659699018E-047  0.264693440767893E+003  0.603192717501875E+002
  0.264742110226474E-047  0.264238259845965E+003  0.603329997651928E+002
  0.470701430081222E-047  0.263083328233818E+003  0.603679007312999E+002
  0.215032417199482E-046  0.260041032426844E+003  0.604603142777941E+002
  0.819416077305729E-046  0.257361430038892E+003  0.605422946349180E+002
  0.950724595474142E-046  0.257060169153181E+003  0.605515462074870E+002
  0.493451013292025E-045  0.253762604633547E+003  0.606532791086672E+002
  0.546328673682869E-045  0.253555014286247E+003  0.606597123344278E+002
  0.667847054826279E-045  0.253149341428136E+003  0.606722941094323E+002
  0.979258952946300E-045  0.252379871567451E+003  0.606961952694282E+002
  0.108493443671866E-044  0.252170918118124E+003  0.607026940040568E+002
  0.108297094119056E-044  0.252170544957384E+003  0.607027056130214E+002
  0.264984457186071E-044  0.250376963251532E+003  0.607586345274211E+002
  0.337121642494324E-044  0.249891421946123E+003  0.607738203595105E+002
  0.573058257713974E-044  0.248826338819258E+003  0.608072001820424E+002
  0.636584269232722E-044  0.248612083971944E+003  0.608139263228282E+002
  0.806347343859727E-044  0.248135292379722E+003  0.608289080579039E+002
  0.359541377155307E-043  0.245141496849320E+003  0.609234163297297E+002
  0.381131809408430E-043  0.245020868834367E+003  0.609272402846886E+002
  0.983765120091923E-043  0.243120389033611E+003  0.609876516777065E+002
  0.105931966592073E-042  0.242968403054326E+003  0.609924964392267E+002
  0.125985121420203E-042  0.242617673543879E+003  0.610036841129497E+002
  0.388657431973243E-042  0.240360608534521E+003  0.610759392956143E+002
  0.618383712414113E-042  0.239427790847939E+003  0.611059335333024E+002
  0.633504747549768E-042  0.239375478172143E+003  0.611076179260331E+002
  0.147346265242899E-041  0.237683276243215E+003  0.611622375623062E+002
  0.152397200082117E-041  0.237611870421450E+003  0.611645480563915E+002
  0.212587085374954E-041  0.236942151522077E+003  0.611862409598871E+002
  0.657805340449355E-041  0.234679040847890E+003  0.612598511164377E+002
  0.103001821594195E-040  0.233778199414417E+003  0.612892846475527E+002
  0.111310872384069E-040  0.233619042878195E+003  0.612944927570228E+002
  0.195383738538231E-040  0.232489769721185E+003  0.613315149842072E+002
  0.101672939529987E-039  0.229187012186699E+003  0.614404945404147E+002
  0.151628853772096E-039  0.228383666987215E+003  0.614671626834596E+002
  0.455138027544965E-039  0.226181341088331E+003  0.615406001223603E+002
  0.794729388343274E-039  0.225062543214011E+003  0.615780934102393E+002
  0.123286932246730E-038  0.224180351509764E+003  0.616077472680106E+002
  0.297079948145412E-038  0.222417381770239E+003  0.616672472765815E+002
  0.320748253602766E-038  0.222260075223919E+003  0.616725720206417E+002
  0.420088696531899E-037  0.217111290407706E+003  0.618483041685439E+002
  0.387417701764340E-036  0.212664049071407E+003  0.620024256750732E+002
  0.145071464406268E-035  0.210019436809519E+003  0.620951428119754E+002
  0.339882419232443E-035  0.208312694298131E+003  0.621554140606791E+002
  0.120440477203358E-034  0.205778416239296E+003  0.622455524885423E+002
  0.190186433938164E-034  0.204860721920873E+003  0.622783858999238E+002
  0.307301384023978E-034  0.203897077614297E+003  0.623129755365065E+002
  0.367165067802398E-034  0.203537116508937E+003  0.623259259212193E+002
  0.474731694039452E-034  0.203019243969959E+003  0.623445860546353E+002
  0.810277575000590E-034  0.201945993795916E+003  0.623833656610710E+002
  0.486335905388423E-033  0.198357782255885E+003  0.625140949023611E+002
  0.387397523157016E-032  0.194203512446688E+003  0.626675849195614E+002
  0.995311045376791E-032  0.192312308562811E+003  0.627382473040204E+002
  0.145736303582123E-031  0.191545655267303E+003  0.627670361851014E+002
  0.299959936179906E-031  0.190097959120281E+003  0.628216290520149E+002
  0.427962904488559E-031  0.189383187914158E+003  0.628486952902688E+002
  0.430824072694302E-031  0.189365865303433E+003  0.628493521729367E+002
  0.647110033252663E-031  0.188548236249863E+003  0.628804073300414E+002
  0.739550278534990E-031  0.188277188398832E+003  0.628907240629030E+002
  0.135074441877891E-030  0.187068454651450E+003  0.629368647263196E+002
  0.138758147381175E-030  0.187010645800149E+003  0.629390769394065E+002
  0.199207277346655E-030  0.186283422981662E+003  0.629669492568107E+002
  0.336349417241747E-030  0.185231817627282E+003  0.630073966470384E+002
  0.635234025772971E-030  0.183956135774665E+003  0.630566914228865E+002
  0.723618959299704E-030  0.183691596811318E+003  0.630669454458725E+002
  0.137600146859302E-029  0.182402256543488E+003  0.631170805101286E+002
  0.148460351561455E-029  0.182246328664260E+003  0.631231615304743E+002
  0.235363019512480E-029  0.181320710346204E+003  0.631593398436218E+002
  0.297462193839521E-029  0.180848398238334E+003  0.631778536553361E+002
  0.396446682060617E-029  0.180269893386649E+003  0.632005794453822E+002
  0.487689947694706E-029  0.179851620800749E+003  0.632170448181207E+002
  0.517605448502117E-029  0.179728557957909E+003  0.632218946812490E+002
  0.637928152373883E-029  0.179306537165452E+003  0.632385453463338E+002
  0.702036925200580E-029  0.179111020481179E+003  0.632462693707746E+002
  0.735475872211194E-029  0.179013961011348E+003  0.632501061302661E+002
  0.103803896981059E-028  0.178320823263432E+003  0.632775515001743E+002
  0.141291239196608E-028  0.177700187711844E+003  0.633021944410205E+002
  0.254118869553634E-028  0.176522233983348E+003  0.633491457496786E+002
  0.261898266167096E-028  0.176457930011287E+003  0.633517156229028E+002
  0.276922726285911E-028  0.176342369266941E+003  0.633563357305729E+002
  0.288545153161908E-028  0.176256147095610E+003  0.633597843810695E+002
  0.334080005541914E-028  0.175959093254189E+003  0.633716755326895E+002
  0.748606399115607E-028  0.174341431565461E+003  0.634367002645048E+002
  0.789396071072235E-028  0.174231325875004E+003  0.634411428387334E+002
  0.843909613629328E-028  0.174093775449889E+003  0.634466957724999E+002
  0.843347483447247E-028  0.174091112093166E+003  0.634468033257129E+002
  0.118855072870030E-027  0.173400894293545E+003  0.634747185861476E+002
  0.694702456255386E-027  0.169865740773136E+003  0.636190470208807E+002
  0.150971546675896E-026  0.168309359075723E+003  0.636833251112747E+002
  0.519583782865842E-026  0.165833489696287E+003  0.637865379754417E+002
  0.627374974848380E-026  0.165452461022201E+003  0.638025289903803E+002
  0.842032029348281E-026  0.164859917726395E+003  0.638274544173456E+002
  0.101476419187680E-025  0.164482734744899E+003  0.638433574120496E+002
  0.698443933607162E-025  0.160620681818750E+003  0.640078745268727E+002
  0.288407306687371E-024  0.157780477964004E+003  0.641308889699919E+002
  0.365325506968328E-024  0.157303651927211E+003  0.641517156851890E+002
  0.495903845611354E-024  0.156688469337488E+003  0.641786611275262E+002
  0.662998936376404E-024  0.156103690656865E+003  0.642043545284267E+002
  0.709301772603049E-024  0.155964679288806E+003  0.642104737694577E+002
  0.138042943209554E-023  0.154628945593222E+003  0.642695000406986E+002
  0.138703427175538E-023  0.154615403154185E+003  0.642701006113692E+002
  0.145223827391262E-023  0.154519530842590E+003  0.642743535211101E+002
  0.246166452488944E-023  0.153460071329600E+003  0.643214958511547E+002
  0.308132194493856E-023  0.153007033423188E+003  0.643417361087122E+002
  0.456147507253604E-023  0.152218462729401E+003  0.643770849485034E+002
  0.150301398259614E-022  0.149829643814458E+003  0.644851008636818E+002
  0.366050076051477E-022  0.148045392721102E+003  0.645667211414933E+002
  0.418332995480576E-022  0.147774381492925E+003  0.645791906886091E+002
  0.447692073881984E-022  0.147634729676148E+003  0.645856237587240E+002
  0.471985037894369E-022  0.147525050421423E+003  0.645906797395890E+002
  0.627131539350280E-022  0.146952636366997E+003  0.646171184368439E+002
  0.681580033283421E-022  0.146782125619797E+003  0.646250108296714E+002
  0.682649861280024E-022  0.146774992817015E+003  0.646253411532045E+002
  0.102067095102728E-021  0.145966530001234E+003  0.646628699488465E+002
  0.109742240771200E-021  0.145817526079557E+003  0.646698059562071E+002
  0.140477222385128E-021  0.145319708060145E+003  0.646930227934100E+002
  0.143645035255720E-021  0.145271112322703E+003  0.646952927912565E+002
  0.166833656659196E-021  0.144967812268041E+003  0.647094751633075E+002
  0.128488560892561E-020  0.140880960812770E+003  0.649031077866580E+002
  0.158244691161684E-020  0.140460359541007E+003  0.649233109138839E+002
  0.158766078132891E-020  0.140449784737838E+003  0.649238195436709E+002
  0.768440228674898E-020  0.137291926990269E+003  0.650772346128444E+002
  0.155223703783323E-019  0.135881751712343E+003  0.651467564427553E+002
  0.156163844549186E-019  0.135865678877003E+003  0.651475525474463E+002
  0.156341061917638E-019  0.135859414524733E+003  0.651478628503714E+002
  0.172318021247569E-019  0.135660814889004E+003  0.651577070869704E+002
  0.238108660951968E-019  0.135010048088137E+003  0.651900554478057E+002
  0.273996303718205E-019  0.134725277106581E+003  0.652042550507761E+002
  0.294710674065712E-019  0.134575522115300E+003  0.652117331907597E+002
  0.411689412858516E-019  0.133902975902816E+003  0.652454104280248E+002
  0.552720308682721E-019  0.133309814117720E+003  0.652752401299390E+002
  0.767611592279390E-019  0.132648954585717E+003  0.653086169905197E+002
  0.782420453419778E-019  0.132606741791839E+003  0.799951573955318E+002
  0.789883827238326E-019  0.132583758546026E+003  0.799939935529976E+002
  0.806726086629907E-019  0.132537565923976E+003  0.653142576494572E+002
  0.990691845990499E-019  0.132122731229630E+003  0.653353028931416E+002
  0.100204515954257E-018  0.132095945591022E+003  0.799692476550896E+002
  0.100962908960655E-018  0.132076869677015E+003  0.653376332415435E+002
  0.136338302965217E-018  0.131472101456893E+003  0.799374786402228E+002
  0.152494818949495E-018  0.131244122846386E+003  0.799258342972621E+002
  0.159252502490296E-018  0.131153406066691E+003  0.653847158924390E+002
  0.217360529567492E-018  0.130527277275520E+003  0.798890982657215E+002
  0.233205934697163E-018  0.130382552266925E+003  0.654242525844156E+002
  0.259733290914900E-018  0.130163089467133E+003  0.654355483253638E+002
  0.275203797644513E-018  0.130043380251408E+003  0.798641942966890E+002
  0.494533740729628E-018  0.128867177295679E+003  0.798032988614701E+002
  0.497754789056909E-018  0.128850196923230E+003  0.798024159403767E+002
  0.540331374825385E-018  0.128682050829657E+003  0.655122444805489E+002
  0.539755427815421E-018  0.128680187790176E+003  0.655123414775447E+002
  0.573930410735877E-018  0.128553407729234E+003  0.797869662749164E+002
  0.601966365829314E-018  0.128454024884480E+003  0.655241261922360E+002
  0.634143863379535E-018  0.128345880340132E+003  0.655297681914795E+002
  0.866555321914103E-018  0.127717384115148E+003  0.797432652347049E+002
  0.898231238561484E-018  0.127641584936329E+003  0.797392896974404E+002
  0.942769111887152E-018  0.127540801192404E+003  0.655719112024837E+002
  0.952021587213387E-018  0.127517272583561E+003  0.797327648944066E+002
  0.126365226095033E-017  0.126946929144894E+003  0.656031597353420E+002
  0.152231369675667E-017  0.126570482742399E+003  0.796828718763001E+002
  0.187475300583493E-017  0.126149995588930E+003  0.796605995360129E+002
  0.205220183159484E-017  0.125965126862755E+003  0.796507849855652E+002
  0.242216486963166E-017  0.125629633990320E+003  0.656729728494451E+002
  0.245563398958051E-017  0.125598191469731E+003  0.656746477531865E+002
  0.250121618234392E-017  0.125557411235632E+003  0.656768206642422E+002
  0.333218198929327E-017  0.124979714720454E+003  0.795982361603944E+002
  0.341716434890987E-017  0.124925351259218E+003  0.795953255567122E+002
  0.422718411573897E-017  0.124495905237286E+003  0.657336214015397E+002
  0.498677003822191E-017  0.124161404560869E+003  0.657516172595343E+002
  0.504154542404073E-017  0.124135560048379E+003  0.657530096260672E+002
  0.879424184197116E-017  0.123018795034378E+003  0.658134458057675E+002
  0.957065411109279E-017  0.122845590264808E+003  0.658228670622656E+002
  0.991808079537469E-017  0.122770278497331E+003  0.658269676077380E+002
  0.139954625524317E-016  0.122077535013379E+003  0.794411094943373E+002
  0.159172746141539E-016  0.121816195409057E+003  0.794267814508286E+002
  0.188530186914924E-016  0.121473663262383E+003  0.658979555335747E+002
  0.197733661986419E-016  0.121374341563367E+003  0.794024874603338E+002
  0.250624245088024E-016  0.120896277953558E+003  0.793761037149897E+002
  0.371146853938078E-016  0.120106995886103E+003  0.793323161400795E+002
  0.408694003015481E-016  0.119910262080493E+003  0.793213570298880E+002
  0.409474720287743E-016  0.119902449172922E+003  0.793209214378894E+002
  0.487261384035616E-016  0.119550602100205E+003  0.793012753720682E+002
  0.559079630841378E-016  0.119271623668169E+003  0.792856567065761E+002
  0.566436076261118E-016  0.119241483024853E+003  0.792839670744079E+002
  0.718893840905143E-016  0.118760788091026E+003  0.660489497816106E+002
  0.883426559003153E-016  0.118344603156357E+003  0.660724204834362E+002
  0.138820762736833E-015  0.117436686042865E+003  0.661239151564735E+002
  0.151125934613472E-015  0.117262830299615E+003  0.661338221993233E+002
  0.166681350817935E-015  0.117062893459307E+003  0.791606774081778E+002
  0.169236897093078E-015  0.117028466292893E+003  0.661472011377463E+002
  0.199182495144841E-015  0.116698626339197E+003  0.661660771750546E+002
  0.210076819240456E-015  0.116588126725425E+003  0.661724131271679E+002
  0.250978892168963E-015  0.116228339578264E+003  0.661930860686136E+002
  0.278741714534788E-015  0.116014510056860E+003  0.791005076462239E+002
  0.282600744613080E-015  0.115983015038691E+003  0.662072201425172E+002
  0.286896915395885E-015  0.115948843300723E+003  0.790967201427187E+002
  0.381020524148528E-015  0.115377386752601E+003  0.662422460978510E+002
  0.443304392703068E-015  0.115070583931341E+003  0.790458485197230E+002
  0.527947643698259E-015  0.114717106989360E+003  0.790252593737570E+002
  0.539608639348678E-015  0.114669416952571E+003  0.790224764533301E+002
  0.557151397989123E-015  0.114601435191626E+003  0.662874041886368E+002
  0.678818199465274E-015  0.114202406523170E+003  0.789951598408462E+002
  0.125440325086629E-014  0.112970286723986E+003  0.789225188540458E+002
  0.129180052461061E-014  0.112907536641575E+003  0.663871146912621E+002
  0.133689004614444E-014  0.112834922526690E+003  0.663914245775280E+002
  0.174887319898875E-014  0.112293675243854E+003  0.664236433286805E+002
  0.190126930185258E-014  0.112122579193587E+003  0.664338628606717E+002
  0.207392888201000E-014  0.111944736983795E+003  0.788614083387637E+002
  0.232037080931314E-014  0.111716176607383E+003  0.664582047861388E+002
  0.238164277028306E-014  0.111660053632687E+003  0.664615738534774E+002
  0.256541302928111E-014  0.111507399624305E+003  0.788351645318030E+002
  0.264040293571019E-014  0.111445779535071E+003  0.664744536437533E+002
  0.282155047639641E-014  0.111309073498731E+003  0.664826849475574E+002
  0.341824127764057E-014  0.110921398244769E+003  0.665060874866244E+002
  0.455456317391237E-014  0.110343395332916E+003  0.787647656995648E+002
  0.545890865253396E-014  0.109977160800540E+003  0.665634639419134E+002
  0.558343511908699E-014  0.109928054174352E+003  0.787394488129256E+002
  0.566924580704321E-014  0.109893554379946E+003  0.787373411588855E+002
  0.643078552136614E-014  0.109637477171438E+003  0.665842374439054E+002
  0.660129616376188E-014  0.109581142521419E+003  0.787182220156143E+002
  0.690234240031970E-014  0.109487956887892E+003  0.787125075124564E+002
  0.697304793588978E-014  0.109463577701737E+003  0.787110115969546E+002
  0.757523678626600E-014  0.109293917322202E+003  0.666053205800111E+002
  0.856282199854991E-014  0.109044830919414E+003  0.666206522702357E+002
  0.880268239745849E-014  0.108985581545332E+003  0.786816065981990E+002
  0.912836285895149E-014  0.108908925797736E+003  0.666290339142517E+002
  0.101071309633510E-013  0.108701220099148E+003  0.786640452304165E+002
  0.105780660159725E-013  0.108606141288217E+003  0.666477495355358E+002
  0.107200229105177E-013  0.108575483924259E+003  0.666496477718514E+002
  0.150624046992136E-013  0.107891310736149E+003  0.786137439671105E+002
  0.160796257391891E-013  0.107756612522132E+003  0.667005745064824E+002
  0.167537639434708E-013  0.107670476601774E+003  0.785999547413427E+002
  0.181519666615106E-013  0.107506168666895E+003  0.667162371892348E+002
  0.185736488906818E-013  0.107456242783451E+003  0.667193644813325E+002
  0.189475435451233E-013  0.107412385888137E+003  0.785837985277091E+002
  0.196154894963656E-013  0.107339099403500E+003  0.667267086683015E+002
  0.201824160346806E-013  0.107278119003337E+003  0.667305353778754E+002
  0.222236397020403E-013  0.107081433314423E+003  0.785630166081083E+002
  0.247115847059300E-013  0.106865206156408E+003  0.667565122830836E+002
  0.248787140162739E-013  0.106847729293139E+003  0.785482972070868E+002
  0.259183939763732E-013  0.106761852628433E+003  0.667630323205817E+002
  0.268296096782746E-013  0.106688750207914E+003  0.785382631740686E+002
  0.294119852133346E-013  0.106500961932153E+003  0.667795227543402E+002
  0.315895653136979E-013  0.106354116721072E+003  0.667888249734871E+002
  0.342371341047565E-013  0.106189152729567E+003  0.785066189123698E+002
  0.371125762047995E-013  0.106023866632492E+003  0.668097994639408E+002
  0.392276803388168E-013  0.105909017156643E+003  0.784888001806984E+002
  0.444253829871703E-013  0.105656164418735E+003  0.784726699971353E+002
  0.524632732169065E-013  0.105319563669344E+003  0.784511276655666E+002
  0.535568798876271E-013  0.105274305868856E+003  0.784482250747115E+002
  0.569622289651206E-013  0.105147021595832E+003  0.784400539441599E+002
  0.693236791015508E-013  0.104750229312187E+003  0.668914043787404E+002
  0.861261852522978E-013  0.104312179399602E+003  0.669197397008039E+002
  0.119957570398034E-012  0.103645534176273E+003  0.669631325178253E+002
  0.149017501856209E-012  0.103207686849092E+003  0.783140979668455E+002
  0.159140113822826E-012  0.103072248299733E+003  0.670007148639685E+002
  0.159798434171194E-012  0.103059995891569E+003  0.783043906971473E+002
  0.164277363024629E-012  0.103000713880962E+003  0.670054219269758E+002
  0.179302660615449E-012  0.102821679911320E+003  0.670172198406620E+002
  0.185796603196467E-012  0.102746529256465E+003  0.670221794563098E+002
  0.198143626205528E-012  0.102613854034266E+003  0.670309461233163E+002
  0.211866284457820E-012  0.102475931650181E+003  0.670400740180317E+002
  0.232637065397799E-012  0.102284887168996E+003  0.670527421834875E+002
  0.240408898175270E-012  0.102215167891470E+003  0.782485390941839E+002
  0.260850436342998E-012  0.102047959913696E+003  0.782374187524159E+002
  0.318886045200488E-012  0.101642190685076E+003  0.782103401248869E+002
  0.353462110489905E-012  0.101432309716151E+003  0.671096294960394E+002
  0.358696012521986E-012  0.101398915766190E+003  0.671118695571086E+002
  0.360406046921390E-012  0.101385407688967E+003  0.671127759341537E+002
  0.392674066763315E-012  0.101209914449325E+003  0.781813466656788E+002
  0.397112445320377E-012  0.101183439329894E+003  0.671263455142740E+002
  0.414988411692087E-012  0.101091381088486E+003  0.781733698412444E+002
  0.431347648786057E-012  0.101010057526212E+003  0.781678904151275E+002
  0.443581471749719E-012  0.100950127296886E+003  0.671420625641163E+002
  0.526195589239642E-012  0.100604548292360E+003  0.671654251894778E+002
  0.556407320048598E-012  0.100488897027493E+003  0.781326455514482E+002
  0.584168956107374E-012  0.100387521755494E+003  0.781257634096645E+002
  0.584431162426637E-012  0.100382628244446E+003  0.781254309811058E+002
  0.587411667481968E-012  0.100368458480639E+003  0.781244682793658E+002
  0.642671365194750E-012  0.100184647243371E+003  0.671939468532823E+002
  0.664193187667578E-012  0.100114772128087E+003  0.671987075760909E+002
  0.682270564022242E-012  0.100057069626426E+003  0.672026420907375E+002
  0.809951334144809E-012  0.997099778932038E+002  0.780795423607510E+002
  0.885557479902795E-012  0.995274954820256E+002  0.672388852797874E+002
  0.930205661008874E-012  0.994251228065327E+002  0.672459195187510E+002
  0.125449916284880E-011  0.988229548093701E+002  0.672874823883741E+002
  0.147743983020574E-011  0.984918101522321E+002  0.673104764692286E+002
  0.179039521090482E-011  0.981035628703354E+002  0.673375623298222E+002
  0.178925393413043E-011  0.981008421596178E+002  0.673377526257413E+002
  0.179936402450503E-011  0.980855770615786E+002  0.673388204458787E+002
  0.193452992294607E-011  0.979367188955733E+002  0.779566669047185E+002
  0.208443195941369E-011  0.977834588632218E+002  0.779459130463880E+002
  0.214687383963566E-011  0.977204300992267E+002  0.779414841360698E+002
  0.219494407253452E-011  0.976721464723395E+002  0.779380888276689E+002
  0.239135938273172E-011  0.974967396331822E+002  0.779257358065924E+002
  0.256590144704186E-011  0.973518478786805E+002  0.779155099406043E+002
  0.284458689955192E-011  0.971416358802644E+002  0.674052728949127E+002
  0.291201923773622E-011  0.970907821111208E+002  0.674088768508344E+002
  0.301079005473408E-011  0.970200745372003E+002  0.778920195621164E+002
  0.314915427980898E-011  0.969262157054476E+002  0.674205565220298E+002
  0.316494837908584E-011  0.969122140774256E+002  0.778843600534325E+002
  0.357510210990247E-011  0.966645040872784E+002  0.674391847114770E+002
  0.396771175915138E-011  0.964521164669678E+002  0.674543511676994E+002
  0.406159245711167E-011  0.964013492974710E+002  0.674579829736925E+002
  0.477514625675710E-011  0.960736543408976E+002  0.778244243706987E+002
  0.489785109209002E-011  0.960189144292951E+002  0.674854238189400E+002
  0.519256525433150E-011  0.958980558490996E+002  0.674941261360574E+002
  0.596698849237592E-011  0.956160308112360E+002  0.777914210828198E+002
  0.614976347779585E-011  0.955516922815304E+002  0.675191474581373E+002
  0.674597470800165E-011  0.953626315456768E+002  0.777730547051001E+002
  0.815495009973874E-011  0.949792772810939E+002  0.777451432772685E+002
  0.851732156203237E-011  0.948883276683962E+002  0.777384988944868E+002
  0.890141073727193E-011  0.947961159566316E+002  0.675741580742581E+002
  0.889415929493061E-011  0.947937498946527E+002  0.777315802341110E+002
  0.914572217590778E-011  0.947339709975334E+002  0.675787091532152E+002
  0.955576730727647E-011  0.946422577311496E+002  0.777204784250104E+002
  0.966785497366445E-011  0.946149385591485E+002  0.777184738030277E+002
  0.113906055109523E-010  0.942829776026202E+002  0.776940515301355E+002
  0.257033148579917E-010  0.926513195398750E+002  0.775722486352601E+002
  0.269100883129892E-010  0.925555609742710E+002  0.677409050560233E+002
  0.318474386367982E-010  0.922146535435588E+002  0.677667748822966E+002
  0.326041800540321E-010  0.921636904513303E+002  0.677706540040150E+002
  0.333496489665189E-010  0.921144809582139E+002  0.677744025753294E+002
  0.337154305942205E-010  0.920886682186242E+002  0.677763700329506E+002
  0.344478542360961E-010  0.920416900223035E+002  0.775259587393741E+002
  0.395596714752172E-010  0.917609670308646E+002  0.775044945951168E+002
  0.411775253027984E-010  0.916768062197306E+002  0.774980411132820E+002
  0.429003337607613E-010  0.915908362129669E+002  0.774914400145939E+002
  0.454438221834759E-010  0.914716456477338E+002  0.678236383174887E+002
  0.516348262432018E-010  0.912122106700250E+002  0.678436516007409E+002
  0.589540715951323E-010  0.909430900223046E+002  0.678645004409902E+002
  0.690620496820738E-010  0.906226006609147E+002  0.678894478657222E+002
  0.716475988789877E-010  0.905450961142797E+002  0.678955005921416E+002
  0.720658363182952E-010  0.905294592037188E+002  0.774091888159119E+002
  0.720958343843508E-010  0.905246308532537E+002  0.774088113935412E+002
  0.729419372879103E-010  0.904972998920167E+002  0.774066744228107E+002
  0.756370601563586E-010  0.904207386232315E+002  0.774006830801083E+002
  0.757420448964316E-010  0.904139685294515E+002  0.774001529189417E+002
  0.773678136328628E-010  0.903674976669943E+002  0.679093992882360E+002
  0.897423001869016E-010  0.900667588970151E+002  0.679330281666974E+002
  0.929637044176692E-010  0.899922290716925E+002  0.679389022465454E+002
  0.937619371231445E-010  0.899711333780450E+002  0.773653452716315E+002
  0.999648659800008E-010  0.898390177767290E+002  0.679510006672124E+002
  0.102918458627320E-009  0.897767853177392E+002  0.773499877183094E+002
  0.105288079573139E-009  0.897272629175893E+002  0.679598451275221E+002
  0.105279390835555E-009  0.897234319660127E+002  0.773457628974310E+002
  0.109130308461569E-009  0.896475860061899E+002  0.679661610789413E+002
  0.113020012806810E-009  0.895735455031772E+002  0.679720378740351E+002
  0.115215728185711E-009  0.895310667762196E+002  0.773304986493907E+002
  0.115520111847320E-009  0.895217940208560E+002  0.773297615942330E+002
  0.121863706660644E-009  0.894108807787791E+002  0.679849749960608E+002
  0.121777245100731E-009  0.894083042649296E+002  0.773207313072010E+002
  0.124328964780559E-009  0.893628333024924E+002  0.679888031940482E+002
  0.136127062395711E-009  0.891775218224828E+002  0.773023140405860E+002
  0.158257592097992E-009  0.888722552104997E+002  0.680280715039599E+002
  0.166880404697666E-009  0.887621524429440E+002  0.680369305766652E+002
  0.187156044974044E-009  0.885288258023135E+002  0.680557608935564E+002
  0.193664644199614E-009  0.884564592147601E+002  0.772442946745569E+002
  0.252965338646683E-009  0.879182143037399E+002  0.772005030145955E+002
  0.268356136029709E-009  0.877960933260402E+002  0.771905084171130E+002
  0.272505820481768E-009  0.877614073020975E+002  0.681182458736781E+002
  0.274986078891123E-009  0.877392902953125E+002  0.681200594608936E+002
  0.297526924749337E-009  0.875777257898302E+002  0.771725817363728E+002
  0.299178814289960E-009  0.875626563615263E+002  0.771713420021334E+002
  0.315224866478208E-009  0.874541707357127E+002  0.771624070298799E+002
  0.323807317901678E-009  0.873964499402432E+002  0.771576458708742E+002
  0.432778282955456E-009  0.868123001205098E+002  0.771091754394724E+002
  0.499127526580517E-009  0.865230319569224E+002  0.770849768768444E+002
  0.508740162901860E-009  0.864808844048765E+002  0.682244714973120E+002
  0.532449676981790E-009  0.863857864214575E+002  0.770734493454778E+002
  0.555705667257332E-009  0.862962896384357E+002  0.770659161086720E+002
  0.666979190705137E-009  0.859272534962297E+002  0.682711951831468E+002
  0.700477830743434E-009  0.858252497500454E+002  0.682798582517946E+002
  0.705671000287662E-009  0.858064809325091E+002  0.770244573707800E+002
  0.759046296633490E-009  0.856566576295904E+002  0.682942143460798E+002
  0.783687770238172E-009  0.855887657915406E+002  0.683000088996766E+002
  0.816281586980197E-009  0.855032724087335E+002  0.683073167322725E+002
  0.856280716767627E-009  0.854035986333888E+002  0.769900592805695E+002
  0.927582217370748E-009  0.852396362838870E+002  0.683299296935586E+002
  0.955115698366174E-009  0.851771381812700E+002  0.683353077326228E+002
  0.100377973591164E-008  0.850737513631917E+002  0.769616924750278E+002
  0.107908974644340E-008  0.849250648624031E+002  0.683570672934590E+002
  0.119610743251834E-008  0.847151596178290E+002  0.683752712666111E+002
  0.123332986267367E-008  0.846498731346734E+002  0.769249624742469E+002
  0.124735379072712E-008  0.846232638833017E+002  0.683832653255044E+002
  0.126758565579855E-008  0.845870884924039E+002  0.769194951574495E+002
  0.128507432250893E-008  0.845556874421510E+002  0.769167581089889E+002
  0.130714112990146E-008  0.845176397295428E+002  0.683924721548850E+002
  0.133886090566896E-008  0.844656901778026E+002  0.769089038145130E+002
  0.153084122749018E-008  0.841936977241875E+002  0.768850777318450E+002
  0.162752459701064E-008  0.840672161145415E+002  0.684319591643442E+002
  0.166449609283488E-008  0.840182956645710E+002  0.684362701047681E+002
  0.168106291813124E-008  0.839944919551738E+002  0.768675421914933E+002
  0.174469490755396E-008  0.839161891106985E+002  0.768606293971878E+002
  0.178746431297290E-008  0.838637564487214E+002  0.684499173687077E+002
  0.178623428018896E-008  0.838611372050904E+002  0.768557624537345E+002
  0.193281967069853E-008  0.836994006872767E+002  0.768414311893124E+002
  0.200909702906803E-008  0.836179937302517E+002  0.768341992396968E+002
  0.207197558415883E-008  0.835523634074113E+002  0.768283597189740E+002
  0.309564332521496E-008  0.827453809952135E+002  0.685500331365808E+002
  0.319468941197308E-008  0.826783967330936E+002  0.685561071505469E+002
  0.331769439991688E-008  0.825988403050277E+002  0.767425786020101E+002
  0.389877982388151E-008  0.822720571903283E+002  0.767127634457794E+002
  0.390612649886436E-008  0.822642960266019E+002  0.767120526674954E+002
  0.390785212984711E-008  0.822594166653869E+002  0.767116057450082E+002
  0.413325577096428E-008  0.821432656140202E+002  0.767009523839232E+002
  0.412835186350109E-008  0.821416439204541E+002  0.767008034439095E+002
  0.415516609981722E-008  0.821246996339305E+002  0.766992469143221E+002
  0.422623190995387E-008  0.820867868461403E+002  0.686101494944593E+002
  0.438006018280297E-008  0.820112875007540E+002  0.766888132363199E+002
  0.461568913461075E-008  0.819024940612492E+002  0.766787790571027E+002
  0.463284784089839E-008  0.818910768925461E+002  0.766777245844093E+002
  0.498972001759093E-008  0.817386648151177E+002  0.686422900293665E+002
  0.544330623862010E-008  0.815606551273604E+002  0.686588247962670E+002
  0.543350961424156E-008  0.815602618775327E+002  0.766470501083600E+002
  0.561491494563685E-008  0.814905835173803E+002  0.766405591714785E+002
  0.630887226397422E-008  0.812535265157008E+002  0.766183963962146E+002
  0.645092780232555E-008  0.812049964559017E+002  0.686920675441146E+002
  0.754639938626686E-008  0.808873072880946E+002  0.765839124552791E+002
  0.790734711763540E-008  0.807898676924852E+002  0.687312252327506E+002
  0.812551395189075E-008  0.807314384078299E+002  0.687367681014114E+002
  0.830429264755144E-008  0.806839152310503E+002  0.765646293492220E+002
  0.855396958915180E-008  0.806206734515698E+002  0.765586141464850E+002
  0.862040062581233E-008  0.806012052357031E+002  0.687491509347538E+002
  0.860599788567050E-008  0.806005535727227E+002  0.765566985132063E+002
  0.883979579421107E-008  0.805429487925076E+002  0.687547028080744E+002
  0.891523039572770E-008  0.805219581503731E+002  0.687567051673791E+002
  0.949358405246234E-008  0.803922519191226E+002  0.765368103822576E+002
  0.965185384393193E-008  0.803551883187324E+002  0.765332609582573E+002
  0.975172691616054E-008  0.803306035457027E+002  0.687750067216250E+002
  0.975993463161380E-008  0.803249249125976E+002  0.765303603503902E+002
  0.977728915387929E-008  0.803173757869271E+002  0.687762750448463E+002
  0.107475677584704E-007  0.801241453596947E+002  0.687948501781681E+002
  0.107306289063388E-007  0.801233039684941E+002  0.687949312561947E+002
  0.119103472885448E-007  0.799106972122408E+002  0.688154733436131E+002
  0.140873211167143E-007  0.795709659290743E+002  0.688485284363735E+002
  0.157444855557965E-007  0.793445399252443E+002  0.688707196076843E+002
  0.162989096906970E-007  0.792713278500958E+002  0.764279887486023E+002
  0.166671455929244E-007  0.792226493717936E+002  0.688827197296268E+002
  0.172641627997243E-007  0.791482665933472E+002  0.688900615146433E+002
  0.177401706426929E-007  0.790898730731337E+002  0.688958351679807E+002
  0.188422384175315E-007  0.789653381115398E+002  0.689081782858717E+002
  0.196480424092940E-007  0.788775888335057E+002  0.763890115790204E+002
  0.198090860223741E-007  0.788572668040890E+002  0.689189226970250E+002
  0.203961216636190E-007  0.787948627071915E+002  0.763807705141622E+002
  0.209639451350603E-007  0.787359481106937E+002  0.689310211112652E+002
  0.211502559147846E-007  0.787142562222183E+002  0.763727230429708E+002
  0.220275101717400E-007  0.786289799586443E+002  0.763641903614692E+002
  0.222758596809294E-007  0.786025610891989E+002  0.763615429252940E+002
  0.223219421244031E-007  0.785944319241205E+002  0.763607279209517E+002
  0.228842315224336E-007  0.785406800245870E+002  0.689505770975102E+002
  0.232323592939016E-007  0.785064879984149E+002  0.689540120462538E+002
  0.258151918788371E-007  0.782916578987904E+002  0.689756674009932E+002
  0.281807318898740E-007  0.781123112395692E+002  0.689938441007106E+002
  0.301880782153116E-007  0.779706980197138E+002  0.690082605816837E+002
  0.305176121821479E-007  0.779449882540098E+002  0.762950275055111E+002
  0.304844183195987E-007  0.779431688231723E+002  0.762948417794383E+002
  0.307136822504665E-007  0.779241877120171E+002  0.690130078707846E+002
  0.319570074044134E-007  0.778408252074173E+002  0.690215321794514E+002
  0.330717481118911E-007  0.777682533906968E+002  0.690289694021172E+002
  0.339450443312154E-007  0.777121304110320E+002  0.690347314161182E+002
  0.349427921034124E-007  0.776501957273813E+002  0.690411007733262E+002
  0.348947230496737E-007  0.776489529163083E+002  0.690412286988632E+002
  0.350650789394785E-007  0.776352166760669E+002  0.762632686030907E+002
  0.352510237312122E-007  0.776206429954663E+002  0.690441439353338E+002
  0.358521279560866E-007  0.775828302868604E+002  0.762578701019405E+002
  0.369404795698066E-007  0.775190242123582E+002  0.690546276642102E+002
  0.383771308901663E-007  0.774387206563073E+002  0.690629340159365E+002
  0.384084058591008E-007  0.774330954394409E+002  0.762423949167710E+002
  0.395701060736207E-007  0.773695042384505E+002  0.762358025072610E+002
  0.424383323363217E-007  0.772255520685206E+002  0.762208341937241E+002
  0.424201262477140E-007  0.772224142493650E+002  0.690854042878987E+002
  0.425263829066723E-007  0.772134147793683E+002  0.690863422353956E+002
  0.428221116845052E-007  0.771955588946037E+002  0.690882039514061E+002
  0.447539927503685E-007  0.771033107555012E+002  0.690978375888060E+002
  0.453379033581117E-007  0.770733892758868E+002  0.762049435540662E+002
  0.462740341175586E-007  0.770285181021166E+002  0.691056675239716E+002
  0.477669832054648E-007  0.769610147221187E+002  0.691127492237655E+002
  0.511958189177448E-007  0.768183723287287E+002  0.691277604612289E+002
  0.520835916465088E-007  0.767799921382015E+002  0.691318103979294E+002
  0.533946636928817E-007  0.767262744317187E+002  0.761684249003290E+002
  0.546826790433113E-007  0.766746060354582E+002  0.691429549331544E+002
  0.556241769842894E-007  0.766364681521458E+002  0.761589147804462E+002
  0.670832548046004E-007  0.762578391219678E+002  0.761185325605755E+002
  0.728526073722045E-007  0.760888353847304E+002  0.692055565249180E+002
  0.745168335651539E-007  0.760396659178347E+002  0.760950484235974E+002
  0.756663644010052E-007  0.760050525518123E+002  0.760913079028953E+002
  0.810021724103688E-007  0.758647720663091E+002  0.760761065321435E+002
  0.815945374320855E-007  0.758462033763815E+002  0.692318222178483E+002
  0.822287185062569E-007  0.758267227748445E+002  0.760719717020798E+002
  0.828789027434765E-007  0.758069749200717E+002  0.760698237232857E+002
  0.908280382277081E-007  0.756198039354052E+002  0.692565138695952E+002
  0.947747105707572E-007  0.755307387729875E+002  0.692662768644038E+002
  0.956986052535127E-007  0.755073405343463E+002  0.760370651434328E+002
  0.967023336336553E-007  0.754824769076510E+002  0.760343325802846E+002
  0.976977292829142E-007  0.754579993379981E+002  0.692742712213634E+002
  0.975598776720082E-007  0.754568273278238E+002  0.760315113233051E+002
  0.990660723194049E-007  0.754221899120637E+002  0.760276977303058E+002
  0.990271605915242E-007  0.754189796322841E+002  0.692785674491495E+002
  0.111933131071339E-006  0.751699686528178E+002  0.693061144618574E+002
  0.114702056725614E-006  0.751171000348223E+002  0.759939191879207E+002
  0.126936298790257E-006  0.749104091875532E+002  0.759708396594793E+002
  0.135399521385218E-006  0.747773242835151E+002  0.693500177335487E+002
  0.135166330333073E-006  0.747767757362988E+002  0.693500794772128E+002
  0.139068437902132E-006  0.747158595822262E+002  0.693569433055810E+002
  0.142075998247712E-006  0.746690716921187E+002  0.693622249294365E+002
  0.155315470021043E-006  0.744868832355553E+002  0.693828724480526E+002
  0.165318761522256E-006  0.743580529117529E+002  0.759083596060844E+002
  0.169821203855833E-006  0.743003156197506E+002  0.759017592589618E+002
  0.176588608798567E-006  0.742181663310391E+002  0.758923450289250E+002
  0.176618074284930E-006  0.742138366345596E+002  0.758918480907353E+002
  0.176670050506660E-006  0.742092521438768E+002  0.758913218255810E+002
  0.179626858973653E-006  0.741720604944875E+002  0.694188621703738E+002
  0.179868597138183E-006  0.741653747394381E+002  0.694196308125990E+002
  0.183491278957519E-006  0.741214975904162E+002  0.694246797851988E+002
  0.191973552147933E-006  0.740271206389672E+002  0.694355666531108E+002
  0.191826281254470E-006  0.740246595056025E+002  0.758700604577235E+002
  0.194601474142963E-006  0.739919363649971E+002  0.694396347792224E+002
  0.194784503164240E-006  0.739860601786132E+002  0.694403147060103E+002
  0.206051624693940E-006  0.738695983588784E+002  0.758520913250052E+002
  0.209030034066056E-006  0.738368999483489E+002  0.694576223126014E+002
  0.210746280512995E-006  0.738165499378055E+002  0.694599908715270E+002
  0.214920326131707E-006  0.737733290616782E+002  0.758408842759984E+002
  0.221039310692516E-006  0.737131866987117E+002  0.758338628521273E+002
  0.226120151349500E-006  0.736637388153800E+002  0.758280783427041E+002
  0.228627730978507E-006  0.736376857085917E+002  0.758250263566395E+002
  0.238811505841124E-006  0.735465306824644E+002  0.694915866778705E+002
  0.258991034721229E-006  0.733802969094341E+002  0.757947152707533E+002
  0.261511562544433E-006  0.733569307988405E+002  0.695139624112271E+002
  0.270966900193994E-006  0.732818984432033E+002  0.695228615707528E+002
  0.275874999528419E-006  0.732420000599720E+002  0.757783074982562E+002
  0.276198572439319E-006  0.732356596356099E+002  0.757775531939558E+002
  0.294921154556472E-006  0.731004876792039E+002  0.757614285801886E+002
  0.312136009666483E-006  0.729830297272539E+002  0.757473488356463E+002
  0.313297863132071E-006  0.729716030095695E+002  0.695599358198357E+002
  0.314424227003890E-006  0.729604295281069E+002  0.757446323826149E+002
  0.342832052064254E-006  0.727834383875078E+002  0.757232756493778E+002
  0.348884126232497E-006  0.727444440473357E+002  0.695873611330282E+002
  0.366199478937487E-006  0.726435713244065E+002  0.695996186606771E+002
  0.369483775402972E-006  0.726217180781295E+002  0.696022806438805E+002
  0.372342082594344E-006  0.726023097152778E+002  0.696046467604974E+002
  0.379577194897603E-006  0.725598237505979E+002  0.696098327403679E+002
  0.423224153771540E-006  0.723381398157133E+002  0.696370368809632E+002
  0.429166022747121E-006  0.723062600295303E+002  0.756649422631440E+002
  0.429810545424992E-006  0.722992626720251E+002  0.756640784534581E+002
  0.435667523485733E-006  0.722681969225486E+002  0.756602404532239E+002
  0.436556958462497E-006  0.722601219889039E+002  0.696466694703187E+002
  0.435832622408995E-006  0.722594471430047E+002  0.696467529258361E+002
  0.460743842307026E-006  0.721442832259278E+002  0.696610288857527E+002
  0.459847120935383E-006  0.721441835076226E+002  0.756448702315989E+002
  0.460764896684856E-006  0.721361998243789E+002  0.756438780277921E+002
  0.469447716932883E-006  0.720948658070506E+002  0.696671757013360E+002
  0.499592570174951E-006  0.719663978553624E+002  0.756226967146801E+002
  0.514133238851829E-006  0.719050227603847E+002  0.696909080684059E+002
  0.516123438644230E-006  0.718932997397962E+002  0.696923798051618E+002
  0.520221200801829E-006  0.718734874380097E+002  0.756110427535830E+002
  0.535514034719441E-006  0.718115454509065E+002  0.756032476563147E+002
  0.535798399813990E-006  0.718064877007826E+002  0.756026102533970E+002
  0.538276057357780E-006  0.717932645439428E+002  0.697049683541567E+002
  0.539517642097187E-006  0.717846606612871E+002  0.697060535885503E+002
  0.544357297456001E-006  0.717628039698397E+002  0.755970992685180E+002
  0.581341516061923E-006  0.716273428376286E+002  0.697259675120438E+002
  0.587829275456998E-006  0.716011504995414E+002  0.755766152930310E+002
  0.595118256514483E-006  0.715725073374868E+002  0.755729707785333E+002
  0.604361361676918E-006  0.715376870047289E+002  0.697373773537326E+002
  0.610738360850769E-006  0.715126982936905E+002  0.755653460584430E+002
  0.632502650351962E-006  0.714386707722492E+002  0.755558809701491E+002
  0.638714714101039E-006  0.714151277929089E+002  0.697530471957208E+002
  0.639760723353265E-006  0.714078591099709E+002  0.697539791958323E+002
  0.640064827485522E-006  0.714029126496784E+002  0.755512978992943E+002
  0.647822548371959E-006  0.713748219452034E+002  0.755476924620991E+002
  0.675587191615633E-006  0.712868951149244E+002  0.755363779278382E+002
  0.682081605297085E-006  0.712637649489503E+002  0.755333941256478E+002
  0.688463438639498E-006  0.712411431290399E+002  0.697754386005813E+002
  0.696265510697180E-006  0.712146094144401E+002  0.755270427520727E+002
  0.698582143437988E-006  0.712039700029649E+002  0.755256661879057E+002
  0.709920348948970E-006  0.711677739824145E+002  0.755209780730793E+002
  0.896699081443393E-006  0.706966428682498E+002  0.698466687292927E+002
  0.932334097369569E-006  0.706147050820468E+002  0.754483667769617E+002
  0.943581195650562E-006  0.705867266867069E+002  0.698612681441743E+002
  0.941754511036400E-006  0.705866062462039E+002  0.698612841833387E+002
  0.956504901901384E-006  0.705515276867169E+002  0.754399519547085E+002
  0.967330721680966E-006  0.705250226189390E+002  0.754364140752624E+002
  0.990479238371161E-006  0.704737296931378E+002  0.754295547254801E+002
  0.106662754799310E-005  0.703215972467568E+002  0.698968016976384E+002
  0.111548136353144E-005  0.702280328790063E+002  0.699094513768886E+002
  0.111505875797236E-005  0.702247947270100E+002  0.753960212964733E+002
  0.120967715769620E-005  0.700579058998245E+002  0.699326028477345E+002
  0.123615603016162E-005  0.700106037407466E+002  0.699390749802153E+002
  0.125620475296591E-005  0.699744307642732E+002  0.699440347927693E+002
  0.126848071556736E-005  0.699509851134355E+002  0.699472543701366E+002
  0.128008383912368E-005  0.699287777526928E+002  0.753556040668624E+002
  0.128075710942296E-005  0.699237301079594E+002  0.753549096347568E+002
  0.131231127285528E-005  0.698710570661773E+002  0.753476524388902E+002
  0.131321026000447E-005  0.698656914477323E+002  0.753469120765639E+002
  0.135874299664534E-005  0.697935248712409E+002  0.699689770133092E+002
  0.136080320231864E-005  0.697864986455528E+002  0.699699504249449E+002
  0.137825768123314E-005  0.697570125676435E+002  0.753318722322942E+002
  0.138635626071652E-005  0.697412990454152E+002  0.699762208299614E+002
  0.138885713556184E-005  0.697336984516634E+002  0.699772766807934E+002
  0.142780824777138E-005  0.696743837057108E+002  0.753203806500592E+002
  0.143981626745505E-005  0.696536378228386E+002  0.699884238688327E+002
  0.147765262524297E-005  0.695977633150780E+002  0.699962312299565E+002
  0.158679603554518E-005  0.694512430164747E+002  0.752890971372729E+002
  0.163223558614699E-005  0.693907796329059E+002  0.752805562575521E+002
  0.166520961887422E-005  0.693467828028822E+002  0.700315876051517E+002
  0.175117707604325E-005  0.692421124695899E+002  0.752594369682225E+002
  0.176226286644054E-005  0.692254954121132E+002  0.700488457600133E+002
  0.176296369491415E-005  0.692207041915350E+002  0.700495298585124E+002
  0.180844602312192E-005  0.691657649555392E+002  0.752485244462743E+002
  0.182511511752761E-005  0.691434186754302E+002  0.752453217520096E+002
  0.184483431353609E-005  0.691179298553927E+002  0.752416638280459E+002
  0.191659026966612E-005  0.690376173789801E+002  0.752301041583364E+002
  0.193268120035753E-005  0.690169002620940E+002  0.700787976629651E+002
  0.196874811581488E-005  0.689759250473238E+002  0.752211892205523E+002
  0.202048373656185E-005  0.689200508625095E+002  0.752130882522159E+002
  0.203797211244160E-005  0.688988182679236E+002  0.700959084119578E+002
  0.209424090554045E-005  0.688403504615238E+002  0.752014882565892E+002
  0.211711826004726E-005  0.688146250537447E+002  0.701081787444508E+002
  0.218295973012931E-005  0.687493774930554E+002  0.701177287796232E+002
  0.220710606546712E-005  0.687233803788978E+002  0.751843675932781E+002
  0.241907492932204E-005  0.685359783301809E+002  0.751566939292475E+002
  0.241435154076670E-005  0.685358912619942E+002  0.751566810007976E+002
  0.248203221161601E-005  0.684766014029118E+002  0.701580498063656E+002
  0.259887797572309E-005  0.683806011189900E+002  0.751335152816768E+002
  0.262302385146818E-005  0.683581091337445E+002  0.701757694745310E+002
  0.265297751043914E-005  0.683314035203303E+002  0.751261308698319E+002
  0.265595887510415E-005  0.683251612157376E+002  0.751251923418016E+002
  0.266525934231847E-005  0.683141739717110E+002  0.701823719601957E+002
  0.266256537019858E-005  0.683122005346906E+002  0.701826689383708E+002
  0.265732980328411E-005  0.683121411246808E+002  0.701826778794054E+002
  0.273879911206071E-005  0.682477496017681E+002  0.751135237901839E+002
  0.278866147074217E-005  0.682076692423150E+002  0.701984509808272E+002
  0.281709634357824E-005  0.681833833010668E+002  0.751037793087728E+002
  0.284908129457320E-005  0.681568074948419E+002  0.750997446503203E+002
  0.284627691865137E-005  0.681547810767091E+002  0.750994367326316E+002
  0.293751931483661E-005  0.680876777538316E+002  0.702166932216358E+002
  0.295546536288256E-005  0.680715004145949E+002  0.702191631135893E+002
  0.301385223107776E-005  0.680283785096252E+002  0.750801524345403E+002
  0.302532857096111E-005  0.680167812391124E+002  0.750783754462244E+002
  0.303116620623798E-005  0.680089297779173E+002  0.702287398391651E+002
  0.311086139904220E-005  0.679530293065812E+002  0.702373277763626E+002
  0.315811032502972E-005  0.679188849306677E+002  0.750633231106606E+002
  0.320627668920847E-005  0.678846159179348E+002  0.750580317171363E+002
  0.330331614979319E-005  0.678209869050906E+002  0.750481759167246E+002
  0.338321890122305E-005  0.677691894274297E+002  0.750401227140807E+002
  0.338619574140175E-005  0.677634344278470E+002  0.702666852290701E+002
  0.341245703423333E-005  0.677439874652153E+002  0.750361946028694E+002
  0.342109228763370E-005  0.677349368344881E+002  0.702711291654900E+002
  0.356061079431024E-005  0.676509963908611E+002  0.702842673486139E+002
  0.374461976145211E-005  0.675462244297174E+002  0.750051425122286E+002
  0.376271472361657E-005  0.675325871876831E+002  0.703029253924084E+002
  0.376016084395207E-005  0.675299491097831E+002  0.750025687397627E+002
  0.398716388005054E-005  0.674087162304175E+002  0.749833075736382E+002
  0.402737262291092E-005  0.673846521499376E+002  0.703264461409973E+002
  0.403295638520945E-005  0.673778851593653E+002  0.703275277403839E+002
  0.415715275146131E-005  0.673132277463573E+002  0.703378877142643E+002
  0.416338174763709E-005  0.673062372231484E+002  0.749669009328752E+002
  0.418479680142780E-005  0.672919802486124E+002  0.749646091990609E+002
  0.421516129850319E-005  0.672735248238597E+002  0.749616392079810E+002
  0.431581249113889E-005  0.672223333326552E+002  0.703525305035453E+002
  0.431091138549067E-005  0.672206098498984E+002  0.749531024567314E+002
  0.433186409375725E-005  0.672069166127682E+002  0.749508881670643E+002
  0.433361833200600E-005  0.672021108483612E+002  0.703558009719115E+002
  0.437315572804041E-005  0.671799507480327E+002  0.749465213530536E+002
  0.439313747360105E-005  0.671668371922413E+002  0.703615167532778E+002
  0.440179991565593E-005  0.671589014454613E+002  0.749431068721722E+002
  0.444684475643821E-005  0.671345428957885E+002  0.703667622866066E+002
  0.457451999993341E-005  0.670739329424932E+002  0.749292717698861E+002
  0.471224626395118E-005  0.670106110712573E+002  0.749189063748061E+002
  0.479958276478270E-005  0.669698865019300E+002  0.749122148894878E+002
  0.482598316963097E-005  0.669549195173486E+002  0.749097506669559E+002
  0.496047568683655E-005  0.668959491900587E+002  0.704058962442845E+002
  0.496651565277756E-005  0.668895194295382E+002  0.748989512242305E+002
  0.502320917244804E-005  0.668628224472269E+002  0.748945278272270E+002
  0.502049190810908E-005  0.668599086184353E+002  0.748940445093110E+002
  0.503114226912938E-005  0.668516743510251E+002  0.748926781243521E+002
  0.511287442875669E-005  0.668154489317453E+002  0.748866569924761E+002
  0.539760922155919E-005  0.667030642020213E+002  0.748678730442265E+002
  0.559806578420619E-005  0.666261381494645E+002  0.748549232723435E+002
  0.560876015301579E-005  0.666183250519078E+002  0.748536037485325E+002
  0.566794689761958E-005  0.665933345176541E+002  0.748493778711242E+002
  0.568992618950122E-005  0.665815978661182E+002  0.748473904052334E+002
  0.576771505134372E-005  0.665504444187189E+002  0.748421061788345E+002
  0.584401779427536E-005  0.665201633301129E+002  0.748369576681103E+002
  0.589104794193813E-005  0.665001366009684E+002  0.704723655421512E+002
  0.588742192192109E-005  0.664973720018184E+002  0.748330745766152E+002
  0.590761457878832E-005  0.664865281409250E+002  0.748312246145493E+002
  0.591100814784721E-005  0.664813835858132E+002  0.748303464040091E+002
  0.601289368033347E-005  0.664432081604789E+002  0.704820930085193E+002
  0.600587201666622E-005  0.664415490555119E+002  0.704823771565626E+002
  0.603822271422703E-005  0.664268089382930E+002  0.704849032706340E+002
  0.609764757298923E-005  0.664032262589820E+002  0.704889509275664E+002
  0.611393800607108E-005  0.663938941922124E+002  0.748153567616959E+002
  0.613942706153491E-005  0.663815775036828E+002  0.748132381797294E+002
  0.617355070643006E-005  0.663664960459511E+002  0.704952703087492E+002
  0.624425036080802E-005  0.663397261475932E+002  0.748060237911170E+002
  0.626256132126488E-005  0.663298738220463E+002  0.748043219170357E+002
  0.638708205300702E-005  0.662865012903356E+002  0.747968137541981E+002
  0.645586034898750E-005  0.662610837286873E+002  0.705135100003422E+002
  0.660608711062447E-005  0.662110812954872E+002  0.705222166125671E+002
  0.673094707081613E-005  0.661696366021029E+002  0.705294601753262E+002
  0.673020990411210E-005  0.661658596468061E+002  0.705301215276236E+002
  0.686694603673880E-005  0.661216373639343E+002  0.747680311867762E+002
  0.686667021101799E-005  0.661177216945425E+002  0.705385686971632E+002
  0.688704962137624E-005  0.661077987325767E+002  0.747655973470616E+002
  0.687376622018453E-005  0.661076639533504E+002  0.747655736292662E+002
  0.701749724242196E-005  0.660622790125634E+002  0.747575718083924E+002
  0.724961330282341E-005  0.659932000200261E+002  0.705605777543272E+002
  0.734750224564241E-005  0.659623794246169E+002  0.747398504152599E+002
  0.746584552795001E-005  0.659264268887603E+002  0.705724757245397E+002
  0.755981700034121E-005  0.658974142966663E+002  0.747282449171539E+002
  0.755889271106454E-005  0.658936628331822E+002  0.747275727656269E+002
  0.758871754073733E-005  0.658817910328719E+002  0.705804672552128E+002
  0.757476517353632E-005  0.658814755464356E+002  0.705805238490630E+002
  0.757644192966232E-005  0.658770368684911E+002  0.705813202496436E+002
  0.774487627448224E-005  0.658290652395245E+002  0.705899470762446E+002
  0.778479790717606E-005  0.658147865405210E+002  0.705925218165268E+002
  0.782071535898760E-005  0.658015841695681E+002  0.705949053390206E+002
  0.792549687551443E-005  0.657709701912048E+002  0.747054685487101E+002
  0.794190813092914E-005  0.657628370856390E+002  0.747039948753896E+002
  0.794727183826153E-005  0.657574908010554E+002  0.747030255814223E+002
  0.794417091793788E-005  0.657542753215540E+002  0.747024423866568E+002
  0.798638155892117E-005  0.657396806279966E+002  0.746997932435982E+002
  0.799481646343326E-005  0.657335734154179E+002  0.706072278280323E+002
  0.804209324034996E-005  0.657177853841358E+002  0.706100990034403E+002
  0.832307025992768E-005  0.656451057672002E+002  0.706233687392832E+002
  0.852573101027411E-005  0.655929946416513E+002  0.746729747411277E+002
  0.851860130584009E-005  0.655906718505575E+002  0.706333643057088E+002
  0.856627038178155E-005  0.655755152815446E+002  0.746697552216632E+002
  0.856805735477809E-005  0.655711021082906E+002  0.706369699608420E+002
  0.861615967569277E-005  0.655559092130594E+002  0.746661378577719E+002
  0.861304648690992E-005  0.655526359778460E+002  0.746655333051410E+002
  0.863750256222171E-005  0.655429691752314E+002  0.746637468267390E+002
  0.870610704505596E-005  0.655231506641636E+002  0.746600792849970E+002
  0.882378667834967E-005  0.654923019230575E+002  0.746543571565754E+002
  0.893856243262208E-005  0.654624585816508E+002  0.746488059075367E+002
  0.896093626930979E-005  0.654534626936555E+002  0.706587819837592E+002
  0.894458142912707E-005  0.654531202760133E+002  0.746470656870513E+002
  0.893614071119391E-005  0.654510124983543E+002  0.746466726864217E+002
  0.909132630311438E-005  0.654125824984615E+002  0.706664178265726E+002
  0.910735535276244E-005  0.654050633689679E+002  0.746380860164646E+002
  0.910998777439879E-005  0.654004893602232E+002  0.706686822857809E+002
  0.912507550420303E-005  0.653931837457089E+002  0.706700515266169E+002
  0.928299881315113E-005  0.653548708029868E+002  0.706772477940890E+002
  0.929972201126320E-005  0.653472750658924E+002  0.746272339015336E+002
  0.928419693174849E-005  0.653466206771925E+002  0.706788008364274E+002
  0.927282583806104E-005  0.653450757320941E+002  0.746268197081884E+002
  0.938355461684122E-005  0.653173387703145E+002  0.746215886171213E+002
  0.940957769043840E-005  0.653078039139229E+002  0.706861243439963E+002
  0.950754818617830E-005  0.652830919980955E+002  0.706908009486214E+002
  0.957787492532731E-005  0.652643565642460E+002  0.746115575316347E+002
  0.958226657998498E-005  0.652594437275427E+002  0.746106247835678E+002
  0.988589205478367E-005  0.651930586485366E+002  0.745979770961557E+002
  0.989626098112268E-005  0.651869660206101E+002  0.745968122056519E+002
  0.101254449296414E-004  0.651371809181490E+002  0.707186443379519E+002
  0.103959086093148E-004  0.650804633726273E+002  0.707295762150242E+002
  0.104047924371037E-004  0.650747589963563E+002  0.707306791310747E+002
  0.104430814784890E-004  0.650634166142079E+002  0.707328740129478E+002
  0.105119604899308E-004  0.650462726019045E+002  0.707361963477436E+002
  0.104954574970219E-004  0.650454189144621E+002  0.745695495739634E+002
  0.105248952107781E-004  0.650358211509912E+002  0.745676869474015E+002
  0.105202098544604E-004  0.650327156817559E+002  0.707388276235912E+002
  0.107042530138993E-004  0.649940337060792E+002  0.707463554087561E+002
  0.107616700823426E-004  0.649793384720055E+002  0.707492230070249E+002
  0.107531449422620E-004  0.649769274471723E+002  0.745562176060377E+002
  0.107776733750181E-004  0.649683745424285E+002  0.745545462053514E+002
  0.107925182833992E-004  0.649616256805760E+002  0.745532263113754E+002
  0.107855494219175E-004  0.649589215169149E+002  0.745526971931162E+002
  0.109209504240228E-004  0.649299739515923E+002  0.707588876871099E+002
  0.109658780234635E-004  0.649177670421331E+002  0.707612851938730E+002
  0.110622498890864E-004  0.648962711419696E+002  0.707655145147899E+002
  0.111052043666036E-004  0.648845242184227E+002  0.707678297328135E+002
  0.111154363402584E-004  0.648786863266256E+002  0.745369301185326E+002
  0.111703439217654E-004  0.648648351235978E+002  0.707717166749688E+002
  0.111697263992030E-004  0.648609496859750E+002  0.745334268364874E+002
  0.112663890105199E-004  0.648397201787465E+002  0.707766864532635E+002
  0.113131072223359E-004  0.648274479429861E+002  0.745267918147994E+002
  0.112916649171208E-004  0.648272462358760E+002  0.707791597126135E+002
  0.114187434569169E-004  0.648008675654679E+002  0.707844007000220E+002
  0.115710992977388E-004  0.647703627974836E+002  0.707904798606495E+002
  0.116172180089951E-004  0.647584112736174E+002  0.745130444641208E+002
  0.116575118634708E-004  0.647474903510188E+002  0.745108604499202E+002
  0.116620923792694E-004  0.647427086521096E+002  0.745099033761435E+002
  0.116540359809674E-004  0.647400947628025E+002  0.745093799884648E+002
  0.116389338449089E-004  0.647386921817228E+002  0.745090990841863E+002
  0.116278362658056E-004  0.647366040613152E+002  0.745086808035945E+002
  0.119665913563412E-004  0.646751744322000E+002  0.708095784106742E+002
  0.119820716001792E-004  0.646685928552255E+002  0.744950052539158E+002
  0.119678410371822E-004  0.646669735708322E+002  0.744946784139828E+002
  0.120226913604713E-004  0.646538322213430E+002  0.708138877216639E+002
  0.120080729996160E-004  0.646522694907050E+002  0.708142036571329E+002
  0.120462909861670E-004  0.646419182113459E+002  0.708162977356774E+002
  0.120931198842113E-004  0.646301624546263E+002  0.744872326669300E+002
  0.121584204822759E-004  0.646153958747487E+002  0.744842373380878E+002
  0.121463776781397E-004  0.646133818328270E+002  0.708220830884364E+002
  0.121389602357775E-004  0.646106075428624E+002  0.744832649957930E+002
  0.121171373462028E-004  0.646102102855037E+002  0.708227272046100E+002
  0.121103125550891E-004  0.646073410667484E+002  0.708233101156070E+002
  0.120991481494849E-004  0.646051896967137E+002  0.744821641979706E+002
  0.121202410843989E-004  0.645977100461084E+002  0.744806433933061E+002
  0.121871118101374E-004  0.645827098158923E+002  0.744775896420028E+002
  0.122590694310784E-004  0.645669397296908E+002  0.744743736424507E+002
  0.123803560912693E-004  0.645432537133767E+002  0.708363788614008E+002
  0.123945996863536E-004  0.645369580314292E+002  0.744682437508638E+002
  0.125131860363284E-004  0.645139178208394E+002  0.708423925331335E+002
  0.125304880959108E-004  0.645071583132829E+002  0.744621304852984E+002
  0.126909060065374E-004  0.644777204036378E+002  0.744560710926638E+002
  0.128129231732820E-004  0.644545871782728E+002  0.744512951074097E+002
  0.128572013362323E-004  0.644436916026947E+002  0.708568702533625E+002
  0.129385479275020E-004  0.644270816027007E+002  0.708603116413454E+002
  0.130830149470155E-004  0.644008780913119E+002  0.744401573481380E+002
  0.131919827503076E-004  0.643802931706569E+002  0.708700413389807E+002
  0.133331291136891E-004  0.643550120229593E+002  0.708753207382796E+002
  0.135805189715527E-004  0.643142470407981E+002  0.744220447360591E+002
  0.136769810061528E-004  0.642960953077095E+002  0.708876854422288E+002
  0.137027297611726E-004  0.642883375734412E+002  0.744165915109056E+002
  0.137357602003556E-004  0.642795263679814E+002  0.708911783581198E+002
  0.138603296130169E-004  0.642574741438791E+002  0.708958379814630E+002
  0.139216430779087E-004  0.642446503184246E+002  0.708985533399414E+002
  0.141379449747529E-004  0.642098190519313E+002  0.709059499250730E+002
  0.142332263525064E-004  0.641923894474252E+002  0.709096629656164E+002
  0.142367741483474E-004  0.641878949811519E+002  0.743952898000419E+002
  0.143280625847973E-004  0.641711156019055E+002  0.709142056925724E+002
  0.143032512465557E-004  0.641705859194459E+002  0.743915925579928E+002
  0.143396821931207E-004  0.641615023114437E+002  0.743896491362574E+002
  0.143655193669284E-004  0.641539059578357E+002  0.709178892695748E+002
  0.144616984918767E-004  0.641365643036452E+002  0.709216090297013E+002
  0.144355342702180E-004  0.641361899916528E+002  0.709216894072063E+002
  0.149380066926777E-004  0.640637621355339E+002  0.743685985214474E+002
  0.149325439594697E-004  0.640604976511413E+002  0.743678909797433E+002
  0.150238222330453E-004  0.640443134444193E+002  0.709415326001263E+002
  0.152044670096329E-004  0.640164130857081E+002  0.709476041305905E+002
  0.151867949529111E-004  0.640147430198236E+002  0.743579432607145E+002
  0.154282899805725E-004  0.639791939370323E+002  0.743501741277723E+002
  0.155030065589972E-004  0.639655356501854E+002  0.709587318267640E+002
  0.157082147748033E-004  0.639352399790288E+002  0.743405186866688E+002
  0.157112005858570E-004  0.639308638506454E+002  0.743395543494492E+002
  0.158516691834656E-004  0.639090659754599E+002  0.709711688429020E+002
  0.160045482717758E-004  0.638858736845516E+002  0.743296080145280E+002
  0.159876824717615E-004  0.638839864164021E+002  0.709767220168589E+002
  0.159819006196657E-004  0.638807138302270E+002  0.709774479979672E+002
  0.163207594089947E-004  0.638347558045002E+002  0.709876766248250E+002
  0.163549286735324E-004  0.638265769612305E+002  0.709895035379012E+002
  0.163422692640204E-004  0.638241296403115E+002  0.709900505875689E+002
  0.166010458827937E-004  0.637887121535280E+002  0.709979877030241E+002
  0.166769917725523E-004  0.637755874823366E+002  0.710009386467667E+002
  0.167230993314570E-004  0.637660696252235E+002  0.710030819380722E+002
  0.166999270090314E-004  0.637648468368897E+002  0.743025540130059E+002
  0.168912575903670E-004  0.637380671574835E+002  0.742965075890921E+002
  0.171737867853937E-004  0.637008951292151E+002  0.742880776818212E+002
  0.171955918686567E-004  0.636943613897739E+002  0.742865914593108E+002
  0.173202195574480E-004  0.636759223538193E+002  0.742823898410461E+002
  0.174541765939414E-004  0.636565175749212E+002  0.742779564312948E+002
  0.174358983819987E-004  0.636546170897261E+002  0.742775215769579E+002
  0.174140403978631E-004  0.636531298964983E+002  0.710287303004617E+002
  0.173869811212771E-004  0.636522440621803E+002  0.742769784356668E+002
  0.175435447455152E-004  0.636303193633928E+002  0.710339598416370E+002
  0.175387656517718E-004  0.636268682587560E+002  0.742711589946386E+002
  0.176227683601993E-004  0.636133160300626E+002  0.710378690399378E+002
  0.176149690152213E-004  0.636102053647944E+002  0.710385852303221E+002
  0.176955334504280E-004  0.635970829444504E+002  0.710416100014821E+002
  0.177433205676949E-004  0.635876931816174E+002  0.742621336384702E+002
  0.177618015692982E-004  0.635816151101382E+002  0.710451827072490E+002
  0.178171958294230E-004  0.635713913514826E+002  0.710475485193000E+002
  0.178367754536992E-004  0.635651987183439E+002  0.742569282958398E+002
  0.178720021973254E-004  0.635572567078768E+002  0.710508250769093E+002
  0.178375951958933E-004  0.635571147938425E+002  0.710508580080384E+002
  0.180497476887928E-004  0.635294720153338E+002  0.742486260386554E+002
  0.182253483895927E-004  0.635061126349722E+002  0.742431742947629E+002
  0.183265702656838E-004  0.634910395493111E+002  0.742396465098732E+002
  0.182941752413624E-004  0.634905819790802E+002  0.710663722131221E+002
  0.182588282233692E-004  0.634904540038110E+002  0.710664022007394E+002
  0.184429082834676E-004  0.634663955577174E+002  0.742338617423804E+002
  0.184151759751366E-004  0.634654091839692E+002  0.742336297669049E+002
  0.184122689418403E-004  0.634617289250453E+002  0.710731475655510E+002
  0.186001155325776E-004  0.634374318009154E+002  0.710788757014959E+002
  0.185641295434013E-004  0.634373089807280E+002  0.742270067984011E+002
  0.186174575125684E-004  0.634275759415688E+002  0.710812052078993E+002
  0.187056662378045E-004  0.634141263985323E+002  0.710843896901792E+002
  0.188231380707118E-004  0.633976096408155E+002  0.710883092715532E+002
  0.188058861248372E-004  0.633954475333870E+002  0.710888230869382E+002
  0.189664666311543E-004  0.633744463417794E+002  0.710938227386566E+002
  0.190291479646488E-004  0.633638515338265E+002  0.742095604209403E+002
  0.189958747305837E-004  0.633633556702709E+002  0.710964695208725E+002
  0.189803963307633E-004  0.633609899883285E+002  0.710970346720950E+002
  0.195463857608987E-004  0.632982265363690E+002  0.711121042905780E+002
  0.195095800984961E-004  0.632980000625340E+002  0.741937525739288E+002
  0.195379448779431E-004  0.632910983893638E+002  0.711138251016704E+002
  0.198034510659328E-004  0.632601068783996E+002  0.711213292605978E+002
  0.198506912695327E-004  0.632513456482412E+002  0.711234573446784E+002
  0.198786339301126E-004  0.632445363391361E+002  0.711251133584361E+002
  0.200121755279562E-004  0.632271495705221E+002  0.741765615481992E+002
  0.199803675006632E-004  0.632263349616863E+002  0.741763627650434E+002
  0.200083020432489E-004  0.632195447101459E+002  0.711312067298651E+002
  0.200729711431553E-004  0.632090949022458E+002  0.711337618114730E+002
  0.201307552325081E-004  0.631993497652502E+002  0.711361484725495E+002
  0.201074315287746E-004  0.631976723242761E+002  0.711365596700460E+002
  0.203050834778691E-004  0.631741127233603E+002  0.711423467505328E+002
  0.203220850786097E-004  0.631684428035253E+002  0.711437427984457E+002
  0.203007467941548E-004  0.631665479108436E+002  0.711442096469997E+002
  0.204398453284069E-004  0.631488948556323E+002  0.741573456804803E+002
  0.206357167884592E-004  0.631258244484357E+002  0.711542779154421E+002
  0.208345196174765E-004  0.631026528252046E+002  0.711600370626750E+002
  0.208903624997075E-004  0.630933033796546E+002  0.711623671032814E+002
  0.209610923083665E-004  0.630825472866504E+002  0.711650522178906E+002
  0.211654586810834E-004  0.630591461345786E+002  0.741350007007960E+002
  0.211398774554359E-004  0.630575688528567E+002  0.711713065206436E+002
  0.211444525053977E-004  0.630531400583648E+002  0.741334933125346E+002
  0.213001175899562E-004  0.630344740227258E+002  0.741287987351771E+002
  0.213242801001701E-004  0.630282105354782E+002  0.741272200950930E+002
  0.212984026808630E-004  0.630266430419966E+002  0.711790867463341E+002
  0.217664507309461E-004  0.629791715392847E+002  0.741148014565376E+002
  0.220824249341158E-004  0.629463511075486E+002  0.711994807693879E+002
  0.220979059811082E-004  0.629409534787129E+002  0.741050494750274E+002
  0.221149097173198E-004  0.629354191196970E+002  0.712022796519595E+002
  0.220892267774124E-004  0.629337471450923E+002  0.741032033095321E+002
  0.220880523298722E-004  0.629298574792757E+002  0.741022058523254E+002
  0.220505214476826E-004  0.629292626614399E+002  0.741020532580445E+002
  0.220431338890296E-004  0.629259368258853E+002  0.741011997535191E+002
  0.223230132538451E-004  0.628967068892306E+002  0.740936767660911E+002
  0.224511480295931E-004  0.628812636454194E+002  0.712162253151332E+002
  0.224150728688062E-004  0.628804838832132E+002  0.712164271016466E+002
  0.224204932528740E-004  0.628760042989292E+002  0.740883246321169E+002
  0.224342665830016E-004  0.628707800332711E+002  0.712189406349419E+002
  0.227622859357056E-004  0.628377530427166E+002  0.740783828656322E+002
  0.227343573297939E-004  0.628362124809067E+002  0.740779810099779E+002
  0.228179461446399E-004  0.628248764376652E+002  0.712308909980070E+002
  0.227855946058307E-004  0.628237180667607E+002  0.712311938631307E+002
  0.228276788277765E-004  0.628160315362246E+002  0.712332052033540E+002
  0.228922926658624E-004  0.628063825194041E+002  0.712357341095943E+002
  0.229228485775375E-004  0.627997187570555E+002  0.712374832495429E+002
  0.231196755077816E-004  0.627786230698033E+002  0.740628766416123E+002
  0.231038930702619E-004  0.627759928126119E+002  0.740621829202373E+002
  0.231978577984742E-004  0.627638792000301E+002  0.712469279300648E+002
  0.233475302421682E-004  0.627470206563627E+002  0.740545188916507E+002
  0.233147562879596E-004  0.627458341112705E+002  0.740542041203708E+002
  0.237502960277954E-004  0.627048210708644E+002  0.740432802195919E+002
  0.238087253261121E-004  0.626959108073352E+002  0.712650159225830E+002
  0.237994589937542E-004  0.626926933515477E+002  0.740400334975869E+002
  0.237987199902967E-004  0.626887594497291E+002  0.740389787158068E+002
  0.239259637144620E-004  0.626740986046773E+002  0.740350406702454E+002
  0.240841144421964E-004  0.626569260909311E+002  0.740304136491386E+002
  0.240414352330488E-004  0.626564774088571E+002  0.712756189618308E+002
  0.242107996820315E-004  0.626384414201148E+002  0.712804958648116E+002
  0.241920531573779E-004  0.626359946231101E+002  0.712811588104687E+002
  0.241474769351255E-004  0.626356872125892E+002  0.712812421242474E+002
  0.241026927107162E-004  0.626354038770927E+002  0.712813189177431E+002
  0.243665134763923E-004  0.626096354193694E+002  0.740175903988787E+002
  0.243304173587706E-004  0.626086043749657E+002  0.740173094803222E+002
  0.242878949741589E-004  0.626081068370625E+002  0.712887376078007E+002
  0.243254944668730E-004  0.626010170750052E+002  0.740152404614790E+002
  0.248156082127713E-004  0.625571253432005E+002  0.740032091877633E+002
  0.250068425307570E-004  0.625377759978230E+002  0.713080404000746E+002
  0.250792893850001E-004  0.625279942069321E+002  0.713107470706680E+002
  0.250917175791230E-004  0.625230073349585E+002  0.713121290659634E+002
  0.251283169122975E-004  0.625160962109938E+002  0.713140466811258E+002
  0.251166483435410E-004  0.625130291400528E+002  0.713148985753410E+002
  0.252554309720884E-004  0.624980125073010E+002  0.713190773728178E+002
  0.252490968360636E-004  0.624945181707434E+002  0.739858598596160E+002
  0.252006634339026E-004  0.624943622960178E+002  0.713200951254475E+002
  0.253011192111511E-004  0.624824096678186E+002  0.713234332120141E+002
  0.252531793646402E-004  0.624822068007412E+002  0.713234899403287E+002
  0.252328876659345E-004  0.624798185023331E+002  0.713241579692867E+002
  0.252481289630155E-004  0.624746148115401E+002  0.739802968545469E+002
  0.253792332105267E-004  0.624602604122598E+002  0.713296412347934E+002
  0.253648704830507E-004  0.624573965761375E+002  0.739754654660457E+002
  0.254353784664275E-004  0.624478487847394E+002  0.739727787599322E+002
  0.258635473639443E-004  0.624104658159426E+002  0.713437052019993E+002
  0.258189184625999E-004  0.624099238959999E+002  0.713438590927933E+002
  0.258487693808631E-004  0.624036168972602E+002  0.713456514443052E+002
  0.258150839068188E-004  0.624022289419872E+002  0.739598652984325E+002
  0.258689007137251E-004  0.623940678687592E+002  0.713483698170668E+002
  0.259255073128100E-004  0.623857002238087E+002  0.713507565440904E+002
  0.258964495008792E-004  0.623839471144882E+002  0.739546543652671E+002
  0.259850689228762E-004  0.623731186562297E+002  0.713543534766387E+002
  0.261482346997595E-004  0.623566034895765E+002  0.713590901596466E+002
  0.264217120982986E-004  0.623317986470938E+002  0.713662371497998E+002
  0.265229055187106E-004  0.623201574042966E+002  0.713696050503274E+002
  0.265750012555037E-004  0.623122368937186E+002  0.739340099320383E+002
  0.268239850372885E-004  0.622895899286305E+002  0.739274206875590E+002
  0.269040781301795E-004  0.622796310690724E+002  0.713813992082275E+002
  0.268565786488622E-004  0.622791692090885E+002  0.739243772568086E+002
  0.270057496467135E-004  0.622640952289369E+002  0.739199618787292E+002
  0.270065581662062E-004  0.622600393469260E+002  0.713871402831015E+002
  0.270029576213297E-004  0.622563100016385E+002  0.713882360671233E+002
  0.269757571276742E-004  0.622543296423755E+002  0.739170931710028E+002
  0.269824509140281E-004  0.622498374169842E+002  0.713901401474005E+002
  0.269289285407478E-004  0.622498125503242E+002  0.739157640400419E+002
  0.269018936427754E-004  0.622478254238641E+002  0.713907326130675E+002
  0.268906957137314E-004  0.622446620930272E+002  0.713916646724920E+002
  0.268612322822563E-004  0.622428586367340E+002  0.713921963601650E+002
  0.268357082139600E-004  0.622407639740164E+002  0.739130973264294E+002
  0.269198086956020E-004  0.622305099654130E+002  0.713958429867957E+002
  0.270598736320214E-004  0.622161348511544E+002  0.714001014021300E+002
  0.270098236144284E-004  0.622158414766509E+002  0.714001884607181E+002
  0.270873208511802E-004  0.622061152398665E+002  0.739028333634635E+002
  0.270982658772200E-004  0.622013112686705E+002  0.739014036265796E+002
  0.756384573653772E-002  0.502269468773006E+002  0.724736785733327E+002
  0.757392729433191E-002  0.502242829295021E+002  0.724792906915746E+002
  0.757939335914133E-002  0.502228400602667E+002  0.724824074561155E+002
  0.758235475133248E-002  0.502220587803754E+002  0.724841191213724E+002
