  0.796157854234553E-048  0.304034056632435E+003  0.600991242175145E+002
  0.930744386927811E-048  0.303717686214084E+003  0.601078764883108E+002
  0.337800667952482E-047  0.301135577423378E+003  0.601795573472144E+002
  0.774081622594647E-047  0.299473138734361E+003  0.602259438013968E+002
  0.814951928233323E-047  0.299366239120716E+003  0.602289329818593E+002
  0.102473577482261E-046  0.298904121215506E+003  0.602418638959897E+002
  0.161823977868622E-046  0.297986316803283E+003  0.602675889874014E+002
  0.166808315906824E-046  0.297921648485752E+003  0.602694037483561E+002
  0.302873861899071E-046  0.296724710325962E+003  0.603030449390220E+002
  0.734224905348615E-046  0.294949716379104E+003  0.603531159944219E+002
  0.908053314815965E-046  0.294520744970982E+003  0.603652499853122E+002
  0.894966358192148E-045  0.289940612709027E+003  0.604956210864080E+002
  0.106053455185709E-044  0.289597132253219E+003  0.605054590727740E+002
  0.480089703438328E-044  0.286573076833091E+003  0.605924490062063E+002
  0.926546606510649E-044  0.285254098068368E+003  0.606306041010316E+002
  0.109716282144049E-043  0.284912065012557E+003  0.606405197689840E+002
  0.174798123226759E-043  0.283976601115387E+003  0.606676845844435E+002
  0.212838916639910E-043  0.283578797323623E+003  0.606792565784266E+002
  0.259461474691695E-043  0.283178656094041E+003  0.606909087964529E+002
  0.264871538449274E-043  0.283133386656594E+003  0.606922278283657E+002
  0.341165372806456E-043  0.282623145899099E+003  0.607071058045459E+002
  0.154060478646082E-042  0.279604023868119E+003  0.607955535467031E+002
  0.784610297745195E-042  0.276344344033348E+003  0.608918583539855E+002
  0.102268461586606E-041  0.275810349495004E+003  0.609077164566399E+002
  0.119792701116772E-041  0.275490030637246E+003  0.609172401573525E+002
  0.166521570899578E-041  0.274827310436469E+003  0.609369707729051E+002
  0.514518663946351E-041  0.272567100482091E+003  0.610045348932183E+002
  0.124800876654004E-040  0.270790958991029E+003  0.610579287316542E+002
  0.445742278465615E-040  0.268240920078416E+003  0.611350573605839E+002
  0.603148990903739E-040  0.267632077443210E+003  0.611535555641386E+002
  0.101001284484293E-039  0.266596973280976E+003  0.611850791113727E+002
  0.247598701546177E-039  0.264799625151229E+003  0.612400412729701E+002
  0.251013930731010E-039  0.264768230862154E+003  0.612410038545242E+002
  0.350118754776704E-039  0.264098706941260E+003  0.612615532092545E+002
  0.483269941292847E-039  0.263450104964130E+003  0.612814989275599E+002
  0.929586133256406E-039  0.262137780785015E+003  0.613219721553696E+002
  0.153143607995721E-038  0.261135341340848E+003  0.613529945267697E+002
  0.281131211498176E-038  0.259916454516199E+003  0.613908405679535E+002
  0.427176319102728E-038  0.259075707814643E+003  0.614170263547924E+002
  0.948816070877522E-038  0.257475675583495E+003  0.614670451683759E+002
  0.180173479029882E-037  0.256189099006303E+003  0.615074423791862E+002
  0.431659709413503E-037  0.254437668182980E+003  0.615626933099191E+002
  0.448218744128622E-037  0.254358384551158E+003  0.615652015040298E+002
  0.557992344691644E-037  0.253916260822430E+003  0.615791997580217E+002
  0.152466122958206E-036  0.251901900263643E+003  0.616432229040509E+002
  0.241499369486159E-036  0.250978055387453E+003  0.616727220095589E+002
  0.496979513985979E-036  0.249530695494853E+003  0.617191119920237E+002
  0.759201428993155E-036  0.248679262842275E+003  0.617465022603981E+002
  0.103031222578510E-035  0.248064566761771E+003  0.617663235668352E+002
  0.277178170597764E-035  0.246081313875560E+003  0.618305453100808E+002
  0.384261002939375E-035  0.245423994865661E+003  0.618519226790222E+002
  0.817046918024321E-035  0.243911249853217E+003  0.619012967475243E+002
  0.806124927368444E-033  0.234723829062281E+003  0.622066544753177E+002
  0.194379521763517E-032  0.232959515233919E+003  0.622664207802169E+002
  0.252451995430773E-032  0.232432702093034E+003  0.622843398805148E+002
  0.281297672817870E-032  0.232212321429765E+003  0.622918460250596E+002
  0.652153202544659E-032  0.230526593294348E+003  0.623494602751736E+002
  0.668638525222520E-032  0.230472669118009E+003  0.623513091144259E+002
  0.116642327785390E-031  0.229355765662677E+003  0.623896853793570E+002
  0.128635134685179E-031  0.229156034140391E+003  0.623965646753228E+002
  0.209707798941087E-031  0.228174567845842E+003  0.624304429177743E+002
  0.953135661168680E-031  0.225142487606395E+003  0.625358920278025E+002
  0.115220399477632E-030  0.224759142282757E+003  0.625493101063721E+002
  0.210701278761479E-030  0.223547957120396E+003  0.625918340709366E+002
  0.271438874498969E-030  0.223037369946756E+003  0.626098198283110E+002
  0.725170636779254E-030  0.221068033913076E+003  0.626795254231779E+002
  0.945708740952503E-030  0.220532982610589E+003  0.626985566769676E+002
  0.127027827679667E-029  0.219938873336822E+003  0.627197356199713E+002
  0.190759614165537E-029  0.219121661545963E+003  0.627489492956857E+002
  0.590970950942664E-029  0.216856159954626E+003  0.628304373604960E+002
  0.108139778336454E-028  0.215643678222609E+003  0.628743569968348E+002
  0.166830956138311E-028  0.214772569363492E+003  0.629060459282364E+002
  0.183996292291417E-028  0.214572704266664E+003  0.629133326085537E+002
  0.194287285035733E-028  0.214459863646200E+003  0.629174492097066E+002
  0.214178955109267E-027  0.209655749474862E+003  0.630945291316039E+002
  0.465938396404977E-027  0.208097270420669E+003  0.631527593348896E+002
  0.504688734764883E-027  0.207933497528124E+003  0.631589014086889E+002
  0.549253676380632E-027  0.207760264458284E+003  0.631654030624302E+002
  0.312525269658038E-026  0.204278848418741E+003  0.632971264926165E+002
  0.314133947483556E-026  0.204264584112463E+003  0.632976704278644E+002
  0.391987028202985E-026  0.203817769569868E+003  0.633147264149295E+002
  0.397745705847875E-026  0.203784605318289E+003  0.633159937512821E+002
  0.409081029775981E-026  0.203724408548602E+003  0.633182945937154E+002
  0.411611761284016E-026  0.203708077893541E+003  0.633189188928493E+002
  0.426935911975086E-026  0.203630975218589E+003  0.633218670506011E+002
  0.749760431406269E-026  0.202500739577666E+003  0.633652027553655E+002
  0.809884527023278E-026  0.202342467677218E+003  0.633712891623065E+002
  0.115332588951014E-025  0.201631444778077E+003  0.633986866236106E+002
  0.122488652738820E-025  0.201507052047144E+003  0.634034890376815E+002
  0.345672609072388E-025  0.199428108610683E+003  0.634841641051908E+002
  0.698004448548256E-025  0.198018645874434E+003  0.635393109578898E+002
  0.790761663391803E-025  0.197765107597427E+003  0.799271037652594E+002
  0.107755058313301E-024  0.197142213284266E+003  0.799025838949660E+002
  0.115396967734727E-024  0.197001182469311E+003  0.635793520422687E+002
  0.121971686104652E-024  0.196886364745808E+003  0.798924912052467E+002
  0.127069637766447E-024  0.196800476083758E+003  0.635872738354387E+002
  0.130488649758804E-024  0.196743378112631E+003  0.798868452363483E+002
  0.143182842034112E-024  0.196553709744909E+003  0.635970241595787E+002
  0.160738749703171E-024  0.196318397849136E+003  0.636063327809641E+002
  0.271808053150170E-024  0.195263770332091E+003  0.636481839975748E+002
  0.338205442927758E-024  0.194822659526936E+003  0.636657531341125E+002
  0.412220077749507E-024  0.194422855829854E+003  0.797946639735207E+002
  0.455655076362164E-024  0.194218502352974E+003  0.636898785308321E+002
  0.469341206996505E-024  0.194155318522897E+003  0.636924057860082E+002
  0.485378454209905E-024  0.194084124756719E+003  0.797811197330869E+002
  0.607223006322627E-024  0.193632194331478E+003  0.637133605159332E+002
  0.627318886859984E-024  0.193563080549627E+003  0.637161330928659E+002
  0.759420972665974E-024  0.193176882020291E+003  0.637316435522063E+002
  0.772684227265237E-024  0.193138257620158E+003  0.637331964338940E+002
  0.786642924368701E-024  0.193098453683288E+003  0.797415770570671E+002
  0.826974375198598E-024  0.192994459115392E+003  0.797373936534886E+002
  0.106399796243659E-023  0.192486433018862E+003  0.797169256887521E+002
  0.119572995629705E-023  0.192248990283395E+003  0.797073412840431E+002
  0.155480820173502E-023  0.191719803569863E+003  0.796859390139039E+002
  0.183923085362853E-023  0.191379817014922E+003  0.796721582374353E+002
  0.189297331820400E-023  0.191318218395092E+003  0.638067152306493E+002
  0.252436699692011E-023  0.190738539270045E+003  0.638302743430984E+002
  0.265918223727939E-023  0.190630486646872E+003  0.796417005663939E+002
  0.387559351428091E-023  0.189873130301308E+003  0.638655771776038E+002
  0.434379650049576E-023  0.189641034457240E+003  0.638750720728354E+002
  0.529314213880848E-023  0.189241711829510E+003  0.638914349992473E+002
  0.578989971936771E-023  0.189058309973818E+003  0.795774124618208E+002
  0.589738561329604E-023  0.189017525639479E+003  0.639006363843300E+002
  0.672674492624184E-023  0.188750365185950E+003  0.639116157103437E+002
  0.708238711911148E-023  0.188643329872271E+003  0.795603553132267E+002
  0.125531867838173E-022  0.187494606775453E+003  0.639634305428185E+002
  0.163603924973306E-022  0.186960833246478E+003  0.639855598752968E+002
  0.191495486932981E-022  0.186642005588646E+003  0.794775660044047E+002
  0.219601961928991E-022  0.186364104778751E+003  0.794659998786865E+002
  0.276556122764239E-022  0.185898914508813E+003  0.640297741131456E+002
  0.278121001900551E-022  0.185883633500241E+003  0.640304122070468E+002
  0.377156497063975E-022  0.185270429624394E+003  0.794203124185047E+002
  0.461088707727553E-022  0.184864573146732E+003  0.794032887901852E+002
  0.466072231621679E-022  0.184839076788333E+003  0.640741560263597E+002
  0.469599015115077E-022  0.184820003691742E+003  0.640749570885280E+002
  0.708129739465916E-022  0.183994511379392E+003  0.641097080299878E+002
  0.788686430153098E-022  0.183775032393701E+003  0.641189741602746E+002
  0.155304061413246E-021  0.182415834068508E+003  0.792997633912974E+002
  0.177766484671172E-021  0.182141666216607E+003  0.641882900860094E+002
  0.202399454398900E-021  0.181878125338077E+003  0.641995338065562E+002
  0.224972345934472E-021  0.181662660840870E+003  0.642087388692657E+002
  0.314899697426505E-021  0.180986111476429E+003  0.792386583093724E+002
  0.589439216312928E-021  0.179728280597443E+003  0.642918890010347E+002
  0.999237633039398E-021  0.178668642557735E+003  0.643378340379794E+002
  0.123370450270623E-020  0.178243078369297E+003  0.791200074730134E+002
  0.150088136520084E-020  0.177847020206958E+003  0.791027179122878E+002
  0.216641141063294E-020  0.177108985084707E+003  0.790703908870675E+002
  0.237700704148488E-020  0.176919448919584E+003  0.790620658965112E+002
  0.254175079137162E-020  0.176781430952644E+003  0.790559977787900E+002
  0.300858007090872E-020  0.176440204749927E+003  0.790409737356800E+002
  0.310986671320829E-020  0.176369985469471E+003  0.644384959362556E+002
  0.350522664480559E-020  0.176126638836355E+003  0.790271402592845E+002
  0.430433985648529E-020  0.175711905629027E+003  0.644675709174820E+002
  0.463733098658705E-020  0.175558879224404E+003  0.790020255735616E+002
  0.563033943627450E-020  0.175166821721798E+003  0.789846322157025E+002
  0.633959547827525E-020  0.174925535254961E+003  0.789739069258406E+002
  0.696090919744402E-020  0.174734548977823E+003  0.645109678944332E+002
  0.103731151408656E-019  0.173932738414875E+003  0.645467657512786E+002
  0.121107112456364E-019  0.173618996586570E+003  0.789155523547906E+002
  0.206009414874623E-019  0.172552507601057E+003  0.788675651832933E+002
  0.245479042256952E-019  0.172197932185769E+003  0.788515391907216E+002
  0.312108173669775E-019  0.171713659656048E+003  0.788295926755787E+002
  0.325874573804823E-019  0.171623338198313E+003  0.646508821897102E+002
  0.399684756866892E-019  0.171211015064686E+003  0.646696326110191E+002
  0.433953453962610E-019  0.171042496757641E+003  0.787990637849733E+002
  0.478969026924903E-019  0.170841103444409E+003  0.787898773163371E+002
  0.513335151256551E-019  0.170698521409536E+003  0.787833662563485E+002
  0.567799597515021E-019  0.170492846230117E+003  0.787739634103449E+002
  0.614943117271589E-019  0.170329327752594E+003  0.787664788647469E+002
  0.714074429187209E-019  0.170026416890912E+003  0.787525929701231E+002
  0.111757722407540E-018  0.169126558427682E+003  0.787111790021160E+002
  0.120452186034084E-018  0.168972723337628E+003  0.787040744432356E+002
  0.136451114323470E-018  0.168719300260571E+003  0.647840193210418E+002
  0.161995920211727E-018  0.168372094780481E+003  0.648001081209888E+002
  0.256848589151844E-018  0.167446267549208E+003  0.786331815117799E+002
  0.329928994195523E-018  0.166941490147496E+003  0.786095772964122E+002
  0.338615657900791E-018  0.166885517643195E+003  0.648694191759642E+002
  0.386924144011702E-018  0.166614795734230E+003  0.785942572149530E+002
  0.458808516097386E-018  0.166269991162408E+003  0.785780506514542E+002
  0.490681434249151E-018  0.166131670836317E+003  0.649048356173020E+002
  0.581565495412168E-018  0.165787817850374E+003  0.649210512617508E+002
  0.661485149463873E-018  0.165526293972926E+003  0.649334102472716E+002
  0.878505749398302E-018  0.164954828130290E+003  0.785158793451111E+002
  0.925193388111414E-018  0.164847271461523E+003  0.649656045057130E+002
  0.945614005117116E-018  0.164799612109239E+003  0.649678699116808E+002
  0.954807973459414E-018  0.164776264527949E+003  0.649689799757842E+002
  0.107333706004248E-017  0.164538233369418E+003  0.649803076071838E+002
  0.121413113024056E-017  0.164287725046377E+003  0.784841245553867E+002
  0.124454028575010E-017  0.164234254018042E+003  0.784815728064604E+002
  0.187794629672017E-017  0.163407432870622E+003  0.784419915484573E+002
  0.287889488496733E-017  0.162548981434038E+003  0.650757268239243E+002
  0.297525517819837E-017  0.162479138809727E+003  0.783972722734408E+002
  0.308315446353127E-017  0.162403895924717E+003  0.650827397233204E+002
  0.308529758595238E-017  0.162398510188231E+003  0.650830001922459E+002
  0.356872022446465E-017  0.162103396310798E+003  0.783790857884380E+002
  0.386556073866538E-017  0.161939600902090E+003  0.783711422453358E+002
  0.690252747838306E-017  0.160776043110615E+003  0.783144373138565E+002
  0.758468695232268E-017  0.160583559716768E+003  0.651713645005301E+002
  0.805763127513734E-017  0.160458587137724E+003  0.651774928245073E+002
  0.836538815996098E-017  0.160379624913678E+003  0.651813678754978E+002
  0.835488458808155E-017  0.160378141683932E+003  0.651814406865323E+002
  0.857241252843374E-017  0.160322739972356E+003  0.782922132015232E+002
  0.856924933612672E-017  0.160319482096710E+003  0.782920532047568E+002
  0.886726666462782E-017  0.160247113177284E+003  0.651878760066569E+002
  0.923217797916488E-017  0.160162460383333E+003  0.651920369988920E+002
  0.111404269366313E-016  0.159782693237344E+003  0.782656375364684E+002
  0.119713225616589E-016  0.159634830342530E+003  0.782583423239943E+002
  0.196472965013562E-016  0.158639982851085E+003  0.782090450335099E+002
  0.212106656220239E-016  0.158482858037110E+003  0.652751494056826E+002
  0.230432224147760E-016  0.158313126957277E+003  0.652836078119370E+002
  0.253099385556114E-016  0.158121480033789E+003  0.781832023915739E+002
  0.306800008270869E-016  0.157732656315312E+003  0.781637548776707E+002
  0.314064528184301E-016  0.157681855565756E+003  0.781612096642705E+002
  0.417553370666593E-016  0.157108231757459E+003  0.653439743881523E+002
  0.426770137995376E-016  0.157060569392697E+003  0.653463740474221E+002
  0.451165319150451E-016  0.156945396819624E+003  0.653521763683263E+002
  0.470186237181673E-016  0.156858810750507E+003  0.653565419933050E+002
  0.696587979942779E-016  0.156068684271341E+003  0.780798555083536E+002
  0.699183516717842E-016  0.156057249971787E+003  0.780792751376572E+002
  0.722114733126053E-016  0.155988712392783E+003  0.654005788488014E+002
  0.762226616269427E-016  0.155876596643983E+003  0.780700986579541E+002
  0.854566742070682E-016  0.155643899242795E+003  0.780582589092689E+002
  0.111683155064414E-015  0.155104590484548E+003  0.654456411190524E+002
  0.131303135884655E-015  0.154776908929564E+003  0.654624247042406E+002
  0.138213520214549E-015  0.154670330778330E+003  0.654678932332599E+002
  0.146828360642512E-015  0.154545405667855E+003  0.780020648876492E+002
  0.153830465439692E-015  0.154448235997869E+003  0.779970698333277E+002
  0.164000694643455E-015  0.154316200910129E+003  0.779902761096555E+002
  0.177888296223116E-015  0.154149634623712E+003  0.779816950749810E+002
  0.180758476118310E-015  0.154113626718184E+003  0.654965356143816E+002
  0.237805889706888E-015  0.153561044718184E+003  0.779512776177200E+002
  0.277273653636595E-015  0.153249948340156E+003  0.779351403053239E+002
  0.291878020929246E-015  0.153143290253498E+003  0.655467760973018E+002
  0.322311436816224E-015  0.152940929658681E+003  0.779190690573001E+002
  0.388991024809137E-015  0.152560857657980E+003  0.778992450242266E+002
  0.534969221121645E-015  0.151919555765164E+003  0.656107239181572E+002
  0.627357543498825E-015  0.151596944943254E+003  0.656276938304485E+002
  0.629305719386691E-015  0.151586747825805E+003  0.656282309856857E+002
  0.642571345325428E-015  0.151541030470618E+003  0.778457342837473E+002
  0.672686114960084E-015  0.151445432525002E+003  0.656356799430104E+002
  0.114536093024911E-014  0.150377043989310E+003  0.656922933999892E+002
  0.131127021371460E-014  0.150102495012070E+003  0.777694466512087E+002
  0.137908686838215E-014  0.149997648418022E+003  0.777638487211435E+002
  0.147243088549017E-014  0.149862666196665E+003  0.777566341342383E+002
  0.166556941485177E-014  0.149612165476789E+003  0.657331518138273E+002
  0.170040603873276E-014  0.149566769445488E+003  0.777407885808872E+002
  0.180830199760660E-014  0.149439731013684E+003  0.777339727027269E+002
  0.193347277289030E-014  0.149301876072166E+003  0.777265677195310E+002
  0.194371968143897E-014  0.149287308569525E+003  0.777257846800283E+002
  0.258954409846994E-014  0.148709555888978E+003  0.657817280737697E+002
  0.297200790806131E-014  0.148430047981160E+003  0.776795230637574E+002
  0.307624054115636E-014  0.148357111055406E+003  0.658008036882774E+002
  0.399226008822726E-014  0.147831816528547E+003  0.658293488554598E+002
  0.407695594583074E-014  0.147785834304112E+003  0.776445199565465E+002
  0.411159907555380E-014  0.147764915490637E+003  0.658329942481255E+002
  0.462877084848222E-014  0.147523960815221E+003  0.658461423966880E+002
  0.525928643490857E-014  0.147264556807053E+003  0.776160439676840E+002
  0.533418477867967E-014  0.147232279385633E+003  0.776142762019738E+002
  0.561974741738849E-014  0.147123982075231E+003  0.776083410991255E+002
  0.634444175775456E-014  0.146877401276937E+003  0.775948050994290E+002
  0.647698474225632E-014  0.146832053334286E+003  0.658840617841402E+002
  0.753794862456995E-014  0.146524667339403E+003  0.775753872793601E+002
  0.916535392052424E-014  0.146129710498512E+003  0.775535681677528E+002
  0.101952997207518E-013  0.145912721882559E+003  0.659348282409482E+002
  0.106695102739878E-013  0.145817799148440E+003  0.775362788189962E+002
  0.177838436184773E-013  0.144792002710214E+003  0.659973227203810E+002
  0.205859821561565E-013  0.144495366738751E+003  0.660139781771838E+002
  0.218212353307001E-013  0.144374824279227E+003  0.660207602351769E+002
  0.223176471871555E-013  0.144325840022328E+003  0.660235185272571E+002
  0.242424293517532E-013  0.144156390701470E+003  0.774433036461518E+002
  0.246621389733333E-013  0.144118064984962E+003  0.774411409891190E+002
  0.276402844796619E-013  0.143886058862414E+003  0.774280317165826E+002
  0.287066965268110E-013  0.143806350591399E+003  0.774235209045073E+002
  0.288636742212030E-013  0.143791447719823E+003  0.774226771311927E+002
  0.304007904073236E-013  0.143683682212136E+003  0.660598021967975E+002
  0.312389778858426E-013  0.143625290210814E+003  0.774132611003640E+002
  0.383680864670197E-013  0.143210175353184E+003  0.660867058381178E+002
  0.416572161464434E-013  0.143041682191944E+003  0.660963102051150E+002
  0.454521156768973E-013  0.142863316669291E+003  0.661064951588264E+002
  0.465522721973524E-013  0.142811487773129E+003  0.773669159843525E+002
  0.466320104933553E-013  0.142804068945278E+003  0.661098823755081E+002
  0.542299624481009E-013  0.142498180254696E+003  0.661274026890758E+002
  0.595787514113502E-013  0.142306053405045E+003  0.661384351205502E+002
  0.617158642332433E-013  0.142231573347408E+003  0.661427178130442E+002
  0.707399843529024E-013  0.141954637450341E+003  0.661586707941763E+002
  0.719767579714563E-013  0.141915976848285E+003  0.773154726305218E+002
  0.743825762235263E-013  0.141846223917126E+003  0.661649284277451E+002
  0.854924228977544E-013  0.141563815857663E+003  0.772951119924017E+002
  0.967198310023053E-013  0.141313038436177E+003  0.772805673782953E+002
  0.102415769379717E-012  0.141194597951690E+003  0.662026893425132E+002
  0.114450911194304E-012  0.140968391327816E+003  0.662158581093005E+002
  0.117808183864455E-012  0.140906571855559E+003  0.772569116731836E+002
  0.122756077085142E-012  0.140820292786368E+003  0.772518773112796E+002
  0.122994155503847E-012  0.140812421651555E+003  0.662249563070651E+002
  0.131282708765734E-012  0.140677993162123E+003  0.662328100043909E+002
  0.134586069999562E-012  0.140624295476886E+003  0.772404238005581E+002
  0.135348400222433E-012  0.140609002918749E+003  0.662368449655510E+002
  0.138755349931175E-012  0.140555286686392E+003  0.772363854490592E+002
  0.141383854507891E-012  0.140513758173297E+003  0.772339537961036E+002
  0.157586087559861E-012  0.140292775502387E+003  0.772209962795171E+002
  0.174050646590197E-012  0.140090030631870E+003  0.772090811582322E+002
  0.203492032388012E-012  0.139773473582518E+003  0.662859487732258E+002
  0.214358259756068E-012  0.139665433827117E+003  0.771840435465506E+002
  0.234341496523477E-012  0.139483176397651E+003  0.663031132954854E+002
  0.246482649008480E-012  0.139378156065831E+003  0.663093362440427E+002
  0.258930110700370E-012  0.139275626898821E+003  0.663154184684842E+002
  0.272366459700823E-012  0.139170450382669E+003  0.771547092755643E+002
  0.287759320240623E-012  0.139056502378749E+003  0.663284402747696E+002
  0.296915617178935E-012  0.138989859285322E+003  0.663324068621827E+002
  0.314605209093876E-012  0.138870122145741E+003  0.771368331890158E+002
  0.359839894575136E-012  0.138597444846586E+003  0.771205515141735E+002
  0.429602152497678E-012  0.138239048124425E+003  0.770990762871270E+002
  0.487663083612113E-012  0.137981521696440E+003  0.770835919649318E+002
  0.506707939610098E-012  0.137900905657855E+003  0.663976385826960E+002
  0.584299637197930E-012  0.137611951358467E+003  0.770612920653142E+002
  0.637679487653520E-012  0.137433111637096E+003  0.664259068565797E+002
  0.638473392429432E-012  0.137426627199888E+003  0.770500743497635E+002
  0.660101315727331E-012  0.137356004535942E+003  0.770457933041356E+002
  0.687662852097549E-012  0.137270197839914E+003  0.770405871730182E+002
  0.687354674788334E-012  0.137267098338985E+003  0.664359750887826E+002
  0.791420043530258E-012  0.136981145473190E+003  0.770230118240125E+002
  0.812645057764639E-012  0.136924218316670E+003  0.770195435691776E+002
  0.815549176790975E-012  0.136913087727413E+003  0.664575089327052E+002
  0.831314192792176E-012  0.136870799541024E+003  0.664600871229759E+002
  0.926238924063999E-012  0.136650554725072E+003  0.664735352338426E+002
  0.103578396423579E-011  0.136422995412485E+003  0.769889079662589E+002
  0.121345059210753E-011  0.136102380533568E+003  0.769692173461969E+002
  0.122416092029612E-011  0.136080809296001E+003  0.665084842278429E+002
  0.131751911394898E-011  0.135929823565094E+003  0.769585889860996E+002
  0.131490373339699E-011  0.135929801665092E+003  0.769585876358320E+002
  0.131618197833178E-011  0.135923862363082E+003  0.665181526817430E+002
  0.132290192084519E-011  0.135909681070295E+003  0.769573469318740E+002
  0.156341567936076E-011  0.135571594630396E+003  0.665399190248748E+002
  0.160661133921622E-011  0.135513090151348E+003  0.769328313092782E+002
  0.173734030597744E-011  0.135352637783273E+003  0.769228798657749E+002
  0.185816285584284E-011  0.135214175970548E+003  0.665620971874161E+002
  0.185497016941947E-011  0.135213619311121E+003  0.769142423080217E+002
  0.189963201847148E-011  0.135162040149452E+003  0.665653402105967E+002
  0.212744604352342E-011  0.134931520090584E+003  0.665797037691380E+002
  0.255382457007587E-011  0.134562184390756E+003  0.666028005889295E+002
  0.289729587457424E-011  0.134305816829448E+003  0.666188940906201E+002
  0.289155315130019E-011  0.134305788953284E+003  0.768574782674920E+002
  0.346559929274635E-011  0.133939609361186E+003  0.768344031583541E+002
  0.354304554604104E-011  0.133891411141313E+003  0.666450159889207E+002
  0.355159963010954E-011  0.133882592293971E+003  0.768308007732960E+002
  0.374776542900195E-011  0.133771072939157E+003  0.768237475126020E+002
  0.399296535979332E-011  0.133640328181757E+003  0.666609082848467E+002
  0.458849916080603E-011  0.133358294501279E+003  0.767975549745053E+002
  0.511733881878432E-011  0.133136135392782E+003  0.767834017527542E+002
  0.567081161725983E-011  0.132926743971662E+003  0.667063486242212E+002
  0.611287951221059E-011  0.132772616584554E+003  0.767601568129303E+002
  0.662401267161133E-011  0.132608013800618E+003  0.667267781640560E+002
  0.702523062643946E-011  0.132486404367290E+003  0.767417792037544E+002
  0.916775271860516E-011  0.131950040075340E+003  0.767071563626741E+002
  0.105651681764205E-010  0.131662303306371E+003  0.667878912354091E+002
  0.106124211665004E-010  0.131649382192954E+003  0.766876426704743E+002
  0.109090578872822E-010  0.131590249548163E+003  0.667925784054595E+002
  0.109727591637509E-010  0.131574608905416E+003  0.766827776787452E+002
  0.110560507870647E-010  0.131555488702203E+003  0.667948412229428E+002
  0.122566748427262E-010  0.131345307070717E+003  0.766678286230268E+002
  0.123206749604172E-010  0.131330894928116E+003  0.668094865844314E+002
  0.125105178359844E-010  0.131296316972725E+003  0.766646288917641E+002
  0.129077396194916E-010  0.131229806198250E+003  0.668160926218468E+002
  0.131073799269389E-010  0.131195113547277E+003  0.668183617929067E+002
  0.181314866983655E-010  0.130542168344479E+003  0.766151076584029E+002
  0.187328750119324E-010  0.130472912381441E+003  0.766105347266721E+002
  0.187020912234629E-010  0.130472205685390E+003  0.668658860689785E+002
  0.202361965690558E-010  0.130310534555120E+003  0.668765779646163E+002
  0.242282133820025E-010  0.129946448777564E+003  0.765756313056845E+002
  0.251020770093272E-010  0.129871587180714E+003  0.669057264426837E+002
  0.286169718846424E-010  0.129605492430848E+003  0.669234824844290E+002
  0.325476913503151E-010  0.129344083474480E+003  0.765353842646234E+002
  0.386222160807507E-010  0.128997845034836E+003  0.669642773360953E+002
  0.407980384000533E-010  0.128884236339944E+003  0.765044308283566E+002
  0.473945869194935E-010  0.128580492293929E+003  0.669924997574887E+002
  0.494089234821824E-010  0.128493250242598E+003  0.764779535951715E+002
  0.610693897261996E-010  0.128065494819288E+003  0.764488159056262E+002
  0.622207503724818E-010  0.128024143219521E+003  0.670303845380056E+002
  0.630544083500195E-010  0.127993528360394E+003  0.764438959898190E+002
  0.674083540299249E-010  0.127855990397102E+003  0.670418951057320E+002
  0.692726129270879E-010  0.127797433041859E+003  0.764304639488968E+002
  0.779601524557338E-010  0.127557140640588E+003  0.764139519068291E+002
  0.894747394430629E-010  0.127277627606497E+003  0.670817030158693E+002
  0.917840491442486E-010  0.127222667238478E+003  0.670855035825206E+002
  0.115258914837346E-009  0.126763186222908E+003  0.763589746314220E+002
  0.133459576163916E-009  0.126465955016255E+003  0.763382238612521E+002
  0.134242305809566E-009  0.126450263435681E+003  0.671392483366517E+002
  0.134640702121919E-009  0.126440340739681E+003  0.763364312546653E+002
  0.140183570717688E-009  0.126355658697464E+003  0.763304998294685E+002
  0.146986236224903E-009  0.126256890355843E+003  0.671528020531603E+002
  0.152508337768005E-009  0.126179133716179E+003  0.763181107083213E+002
  0.157683255572192E-009  0.126108399629067E+003  0.671632371755805E+002
  0.175458252484594E-009  0.125890777968355E+003  0.671785735920926E+002
  0.185053063529759E-009  0.125780299009403E+003  0.762899949777376E+002
  0.187081654573889E-009  0.125754497877713E+003  0.671882039590629E+002
  0.197299154440117E-009  0.125644149971708E+003  0.762803573480992E+002
  0.212746922132257E-009  0.125489389620539E+003  0.672069967313599E+002
  0.227973140683755E-009  0.125347144579791E+003  0.672171122798526E+002
  0.233897028233414E-009  0.125291842274014E+003  0.762553229727574E+002
  0.243816836793200E-009  0.125204773656094E+003  0.762491146167470E+002
  0.258044477142953E-009  0.125087348275627E+003  0.672356459716202E+002
  0.261809307027173E-009  0.125054383388511E+003  0.672380031213698E+002
  0.289761874802944E-009  0.124847501260544E+003  0.762235496298150E+002
  0.292873276922376E-009  0.124822144156853E+003  0.762217296365475E+002
  0.325526042866447E-009  0.124606743243998E+003  0.762062394487861E+002
  0.339624767072381E-009  0.124517949409364E+003  0.672765357725988E+002
  0.351001229927384E-009  0.124448056712803E+003  0.672815807747065E+002
  0.388247369403945E-009  0.124242354789561E+003  0.761799120883506E+002
  0.426233155702930E-009  0.124051671136397E+003  0.761660726496904E+002
  0.432980188238908E-009  0.124016264207258E+003  0.761634981211145E+002
  0.436614074186970E-009  0.123995552787594E+003  0.761619914461446E+002
  0.470789915953231E-009  0.123840832228838E+003  0.761507198528090E+002
  0.470953319125160E-009  0.123836142177970E+003  0.673259963839315E+002
  0.473870916517791E-009  0.123819794217408E+003  0.761491849819142E+002
  0.485555001109839E-009  0.123767082987506E+003  0.761453369794651E+002
  0.531625776502124E-009  0.123581792491542E+003  0.673445903733379E+002
  0.596180044387731E-009  0.123348590695913E+003  0.761146663255306E+002
  0.641354960902794E-009  0.123198513979657E+003  0.673727591699158E+002
  0.653494618156963E-009  0.123157015508719E+003  0.673758199852364E+002
  0.714279844290312E-009  0.122975138449959E+003  0.760871139537871E+002
  0.777616506750518E-009  0.122801225131825E+003  0.760742233153580E+002
  0.790985966849442E-009  0.122763135634805E+003  0.674049791481568E+002
  0.794304973209989E-009  0.122750765113166E+003  0.674058981240341E+002
  0.808558384386251E-009  0.122711198298071E+003  0.674088387559684E+002
  0.812474182531061E-009  0.122697539795295E+003  0.760665197819775E+002
  0.830723245733095E-009  0.122649118663154E+003  0.760629175255055E+002
  0.848611912271197E-009  0.122602512120895E+003  0.674169266827987E+002
  0.879281962993926E-009  0.122527508809504E+003  0.760538571863753E+002
  0.937571028343544E-009  0.122395139013616E+003  0.674324005849166E+002
  0.102895742504458E-008  0.122205125325573E+003  0.760297459772301E+002
  0.105117048842233E-008  0.122158412893735E+003  0.760262410875941E+002
  0.106675880982016E-008  0.122124975673532E+003  0.674526436180971E+002
  0.108532201620885E-008  0.122086476007249E+003  0.674555361437716E+002
  0.116317081008892E-008  0.121943934000124E+003  0.674662625434780E+002
  0.120106829496400E-008  0.121875814647655E+003  0.760049760093292E+002
  0.121808263141243E-008  0.121843685437719E+003  0.760025516228388E+002
  0.131034376655727E-008  0.121693666410117E+003  0.674851608243593E+002
  0.132392520793607E-008  0.121669047511916E+003  0.759893497182771E+002
  0.133646353492902E-008  0.121646199495039E+003  0.674887546420776E+002
  0.134503409266776E-008  0.121629418713274E+003  0.674900258769538E+002
  0.141997209308984E-008  0.121516986991497E+003  0.674985530197362E+002
  0.145685073435165E-008  0.121461711274082E+003  0.675027515828454E+002
  0.148917030170102E-008  0.121413831177447E+003  0.675063917656060E+002
  0.152904116286465E-008  0.121356991716827E+003  0.759656569392166E+002
  0.154413608598229E-008  0.121333348234912E+003  0.675125177124245E+002
  0.185041516077515E-008  0.120967461351916E+003  0.759358942722099E+002
  0.185199243956861E-008  0.120961761289059E+003  0.675409169273868E+002
  0.185364641549134E-008  0.120955979922454E+003  0.675413602971769E+002
  0.189101565699342E-008  0.120912065247458E+003  0.759316444912260E+002
  0.195361156262106E-008  0.120842937894943E+003  0.675500388584678E+002
  0.196804157249627E-008  0.120824223530291E+003  0.675514773496592E+002
  0.207515930678701E-008  0.120714229520070E+003  0.675599421167296E+002
  0.220315719459501E-008  0.120590526524803E+003  0.675694824158559E+002
  0.249598906974522E-008  0.120336943216822E+003  0.675891080006704E+002
  0.261604406550443E-008  0.120238990798145E+003  0.675967137369626E+002
  0.278644390231097E-008  0.120108788957208E+003  0.758695288826441E+002
  0.322366567967545E-008  0.119813287099832E+003  0.758464420785129E+002
  0.331090207421838E-008  0.119755887973830E+003  0.758419425672000E+002
  0.344607343495177E-008  0.119671862436815E+003  0.676410272077443E+002
  0.352309213174464E-008  0.119623659226608E+003  0.758315583492166E+002
  0.364508667379079E-008  0.119551581034332E+003  0.758258867793078E+002
  0.379153592826483E-008  0.119468802926764E+003  0.758193635485083E+002
  0.384517993562423E-008  0.119436708513344E+003  0.676595425312377E+002
  0.399541323878893E-008  0.119356059280618E+003  0.676659119997953E+002
  0.415723893871285E-008  0.119272655026501E+003  0.758038645621366E+002
  0.447437017077945E-008  0.119121630099973E+003  0.757918906719243E+002
  0.466814431376785E-008  0.119032842031387E+003  0.676915394673685E+002
  0.472488702785758E-008  0.119004681982622E+003  0.676937799306509E+002
  0.476474798895417E-008  0.118983883984190E+003  0.676954354533521E+002
  0.517266553745584E-008  0.118815601007395E+003  0.677088558126014E+002
  0.523135792437436E-008  0.118789039497574E+003  0.757653959641094E+002
  0.565156316819421E-008  0.118630520916084E+003  0.757527065859421E+002
  0.564665642397714E-008  0.118628262085182E+003  0.757525254771590E+002
  0.589155810062701E-008  0.118539352261305E+003  0.677309837567232E+002
  0.613534659842071E-008  0.118454264104114E+003  0.757385500069039E+002
  0.615436170713337E-008  0.118444079140218E+003  0.677386436703122E+002
  0.659946039475894E-008  0.118300429462477E+003  0.757261532593027E+002
  0.679384369338439E-008  0.118238375505979E+003  0.757211417268713E+002
  0.697675985722099E-008  0.118181244016143E+003  0.757165221554675E+002
  0.707774820366576E-008  0.118148505607567E+003  0.757138725548315E+002
  0.746204538320679E-008  0.118038762102437E+003  0.757049778310236E+002
  0.793173677800373E-008  0.117912681159918E+003  0.756947342730275E+002
  0.823347673289718E-008  0.117834012461635E+003  0.756883293067439E+002
  0.866598066056433E-008  0.117727623016500E+003  0.756796508457951E+002
  0.885290689341484E-008  0.117680945459274E+003  0.678005369103684E+002
  0.900165778375774E-008  0.117643623672051E+003  0.756727852799601E+002
  0.919447337651729E-008  0.117597240016651E+003  0.678073850712828E+002
  0.956937723877196E-008  0.117513312920481E+003  0.756621107454076E+002
  0.109864104919622E-007  0.117233134974756E+003  0.756390607729376E+002
  0.111392478646933E-007  0.117201507736717E+003  0.756364502693875E+002
  0.112221223155372E-007  0.117182687088784E+003  0.678414781225165E+002
  0.117636666832964E-007  0.117084433783896E+003  0.678496023436478E+002
  0.138011144727481E-007  0.116760970456318E+003  0.678764691444752E+002
  0.138478292606461E-007  0.116750216170054E+003  0.755990085060854E+002
  0.141921042602029E-007  0.116697105597368E+003  0.755945782372140E+002
  0.146874511679219E-007  0.116624494201613E+003  0.678878610708431E+002
  0.220336461159849E-007  0.115809343822664E+003  0.679566177508250E+002
  0.220981099383589E-007  0.115799504961855E+003  0.755189188298771E+002
  0.239409316901531E-007  0.115635313885780E+003  0.679714594818336E+002
  0.245365027620335E-007  0.115582173279850E+003  0.755003709893602E+002
  0.258162288262404E-007  0.115476494472414E+003  0.679850552400912E+002
  0.325093260141180E-002  0.916780034069894E+002  0.736794445375923E+002
  0.328982272825389E-002  0.916542198632350E+002  0.736754971045335E+002
  0.330647617905822E-002  0.916441211782475E+002  0.736738185577555E+002
  0.336809530655998E-002  0.916071924386030E+002  0.736676680366286E+002
  0.357636380046618E-002  0.914871940538111E+002  0.736475453931665E+002
  0.358078279452617E-002  0.914847243575080E+002  0.736471290197097E+002
  0.382731045195415E-002  0.913515625766138E+002  0.736245428123303E+002
  0.396338160636446E-002  0.912816920221721E+002  0.736125828693189E+002
  0.397747408256628E-002  0.912745932955116E+002  0.736113634866833E+002
  0.406187029723464E-002  0.912326001621390E+002  0.736041338233665E+002
  0.415670382982752E-002  0.911864424027069E+002  0.735961547107729E+002
