  0.140126603819584E-046  0.303280171681699E+003  0.600385738378348E+002
  0.545162884527063E-046  0.300556439514033E+003  0.601137482368146E+002
  0.167711120623397E-045  0.298302297030798E+003  0.601763316995314E+002
  0.340781598867302E-045  0.296877643809951E+003  0.602160607339200E+002
  0.386894316576419E-045  0.296617168684985E+003  0.602233393764244E+002
  0.455130340301093E-045  0.296285648568450E+003  0.602326099396326E+002
  0.757333499625394E-045  0.295260553247025E+003  0.602613228792953E+002
  0.240955749343750E-044  0.292939108294448E+003  0.603266136520150E+002
  0.249880259300321E-043  0.288254545455527E+003  0.604595180952769E+002
  0.871460279114258E-043  0.285749512983364E+003  0.605312344205767E+002
  0.579953283987603E-042  0.281952132678921E+003  0.606408330017079E+002
  0.125541204306377E-041  0.280400933971938E+003  0.606859157741571E+002
  0.204645725533196E-041  0.279416985811453E+003  0.607146080067981E+002
  0.212748902452420E-041  0.279332665646113E+003  0.607170702837796E+002
  0.315219513597724E-041  0.278539696753708E+003  0.607402531498324E+002
  0.658309118843871E-041  0.277060230489926E+003  0.607836372875366E+002
  0.298736028472917E-039  0.269423463079672E+003  0.610103690813758E+002
  0.386867652172904E-039  0.268899762869574E+003  0.610260933089860E+002
  0.108212458056704E-037  0.262230739220512E+003  0.612283895152522E+002
  0.455658302888737E-037  0.259348790252505E+003  0.613170248132984E+002
  0.588875935080806E-036  0.254224019822176E+003  0.614765297906640E+002
  0.459676481164474E-035  0.250107579225393E+003  0.616064696284453E+002
  0.503005714222879E-035  0.249920766465037E+003  0.616124061259780E+002
  0.153119159237273E-034  0.247687710885872E+003  0.616836390641566E+002
  0.798948663204974E-033  0.239771724608541E+003  0.619403245738912E+002
  0.918514974175688E-033  0.239486145998382E+003  0.619497106047236E+002
  0.209844480341673E-032  0.237827103273853E+003  0.620044169046650E+002
  0.783673803640178E-032  0.235185195332814E+003  0.620921732067325E+002
  0.223935969052677E-030  0.228473464797527E+003  0.623187930727963E+002
  0.324301185569796E-030  0.227726184196263E+003  0.623443630409395E+002
  0.163375333266257E-029  0.224485603344609E+003  0.624560621606785E+002
  0.244440534297025E-029  0.223673104056430E+003  0.624842794813706E+002
  0.436120428890535E-028  0.217903385585384E+003  0.626871862948162E+002
  0.437276773220157E-028  0.217891434155830E+003  0.626876113183935E+002
  0.181676847594854E-027  0.215036281983084E+003  0.627897263249355E+002
  0.366683741007787E-027  0.213625086024523E+003  0.628406307559284E+002
  0.411642317326048E-027  0.213387120294278E+003  0.628492433402624E+002
  0.424549895640225E-027  0.213318715257725E+003  0.628517206369138E+002
  0.464182312290199E-027  0.213133563975857E+003  0.628584293798919E+002
  0.773067144210437E-027  0.212106731361289E+003  0.628957278633575E+002
  0.345856140097812E-026  0.209103591591380E+003  0.630057276364063E+002
  0.382136430755747E-026  0.208897426441422E+003  0.630133299772161E+002
  0.607858500860976E-026  0.207962441996009E+003  0.630478910054478E+002
  0.100293443989697E-025  0.206954299824261E+003  0.630853109218291E+002
  0.150314950950542E-025  0.206138379369983E+003  0.631157149114242E+002
  0.226995757171906E-025  0.205307326668664E+003  0.631467933877527E+002
  0.549401592886597E-025  0.203532874395392E+003  0.632135309514591E+002
  0.764883790281914E-025  0.202864430332843E+003  0.632388071703476E+002
  0.109110542353409E-024  0.202147329358272E+003  0.632660071212336E+002
  0.124993070905734E-024  0.201868880208779E+003  0.632765923850693E+002
  0.132253666255218E-024  0.201749297649595E+003  0.632811423911542E+002
  0.195949520318532E-024  0.200956371501104E+003  0.633113746529255E+002
  0.396554220160484E-024  0.199539804516921E+003  0.633656564709552E+002
  0.645995672374586E-024  0.198557188884762E+003  0.634035172506627E+002
  0.706359552584713E-024  0.198371870135606E+003  0.634106769882971E+002
  0.747772543027146E-024  0.198251265643953E+003  0.634153398173221E+002
  0.754945728110214E-024  0.198225516026770E+003  0.634163356913533E+002
  0.127510655855255E-023  0.197170582114448E+003  0.634572385335354E+002
  0.130952117244421E-023  0.197110662928815E+003  0.634595678391446E+002
  0.187781903631805E-023  0.196383108422274E+003  0.634879033516756E+002
  0.256532048229326E-023  0.195752508044436E+003  0.635125418300465E+002
  0.576671293248306E-023  0.194125814823059E+003  0.798999316066430E+002
  0.713476365946737E-023  0.193693405461890E+003  0.798828611135341E+002
  0.791853767772431E-023  0.193478295029987E+003  0.798743557249970E+002
  0.129064800549767E-022  0.192494593523887E+003  0.636410274319395E+002
  0.135150619621586E-022  0.192395787445046E+003  0.636449560146651E+002
  0.156629268449895E-022  0.192094148248640E+003  0.636569611658498E+002
  0.185767146265072E-022  0.191746268024232E+003  0.636708288792997E+002
  0.260037372315999E-022  0.191066949698579E+003  0.797783962876397E+002
  0.396226973421196E-022  0.190217970414593E+003  0.637320366856193E+002
  0.625363778827383E-022  0.189298622205860E+003  0.637690827271785E+002
  0.720909243229279E-022  0.189007607172509E+003  0.637808454027253E+002
  0.768996663868254E-022  0.188871804836116E+003  0.637863404165095E+002
  0.947512584590524E-022  0.188447642080861E+003  0.796728461546015E+002
  0.154200790275643E-021  0.187466985579964E+003  0.638434084925992E+002
  0.279635600023039E-021  0.186269866517846E+003  0.638923667171766E+002
  0.320753486712645E-021  0.185988839843962E+003  0.639039041235832E+002
  0.382227088422825E-021  0.185631500203070E+003  0.795577750066576E+002
  0.591421144308046E-021  0.184751817711959E+003  0.639548927571908E+002
  0.592995521049542E-021  0.184739845159412E+003  0.795209862265164E+002
  0.101035312718696E-020  0.183667452911879E+003  0.794765087487491E+002
  0.163266740804757E-020  0.182700966885035E+003  0.794362035691652E+002
  0.225825599568045E-020  0.182045555888645E+003  0.794087505858216E+002
  0.234357267116657E-020  0.181964732877428E+003  0.794053583708415E+002
  0.357445594371864E-020  0.181113804430407E+003  0.793695526261235E+002
  0.661694774104279E-020  0.179875506417566E+003  0.793171447816993E+002
  0.689037828752641E-020  0.179787867257279E+003  0.793134219365581E+002
  0.113268666790832E-019  0.178787108679907E+003  0.642055941049739E+002
  0.284382974672437E-019  0.176939334593401E+003  0.642849680856040E+002
  0.343506385514330E-019  0.176554911275346E+003  0.643015880427790E+002
  0.475638338002908E-019  0.175897351554602E+003  0.643301030733104E+002
  0.618753353862744E-019  0.175364598048572E+003  0.643532866310473E+002
  0.633658458632810E-019  0.175310335735891E+003  0.791207220895921E+002
  0.686107908448943E-019  0.175144630524104E+003  0.791134940107953E+002
  0.851435384346931E-019  0.174706197551077E+003  0.790943352627297E+002
  0.960533952644862E-019  0.174458410535313E+003  0.643928888057630E+002
  0.122822576871152E-018  0.173960081731049E+003  0.644147580171607E+002
  0.131584074362561E-018  0.173815615857805E+003  0.790552639728430E+002
  0.151735877238811E-018  0.173523969550517E+003  0.644339505707434E+002
  0.188005332845502E-018  0.173088656032352E+003  0.790232157100554E+002
  0.331708865704206E-018  0.171946425762069E+003  0.789725733291910E+002
  0.649775852200950E-018  0.170595030607936E+003  0.645641784476833E+002
  0.706342516622453E-018  0.170421429407313E+003  0.645719714777157E+002
  0.755014489670379E-018  0.170281500487502E+003  0.788981149918845E+002
  0.954918935257357E-018  0.169805065884018E+003  0.645997090173012E+002
  0.141340703703651E-017  0.169014146394405E+003  0.646354605875082E+002
  0.168783321142214E-017  0.168652605904559E+003  0.788245109049485E+002
  0.181967872628690E-017  0.168495521567183E+003  0.646590017600545E+002
  0.182721385607494E-017  0.168480601262615E+003  0.646596801740354E+002
  0.204659898234500E-017  0.168247171564931E+003  0.646703025092649E+002
  0.247692245294092E-017  0.167858841063262E+003  0.787883649691252E+002
  0.253898963752930E-017  0.167802686726629E+003  0.646905732819318E+002
  0.358418085877704E-017  0.167106503675897E+003  0.787539336287737E+002
  0.384198200548193E-017  0.166960931247642E+003  0.647291222541958E+002
  0.422229087776656E-017  0.166765496743299E+003  0.647381027238459E+002
  0.507555959201874E-017  0.166390723282104E+003  0.787210177491168E+002
  0.514501371781754E-017  0.166356885197441E+003  0.787194578290562E+002
  0.521307333761327E-017  0.166323946540498E+003  0.787179390373446E+002
  0.784392647553046E-017  0.165500151038218E+003  0.786798459887981E+002
  0.797871544130505E-017  0.165459419675462E+003  0.647984170018333E+002
  0.912960742320877E-017  0.165183273557491E+003  0.648112366098722E+002
  0.110216957848911E-016  0.164799932018839E+003  0.648290720092620E+002
  0.127013692928207E-016  0.164509588175409E+003  0.786337628235902E+002
  0.129474305440928E-016  0.164464557497443E+003  0.786316605766554E+002
  0.144256735766471E-016  0.164241677614224E+003  0.648551280843206E+002
  0.158623496921366E-016  0.164045144332178E+003  0.648643246233243E+002
  0.198156440317150E-016  0.163593442009946E+003  0.785908658384976E+002
  0.262195074641683E-016  0.163026722499610E+003  0.785641952056593E+002
  0.279731742606213E-016  0.162890582328628E+003  0.785577727159277E+002
  0.487631749033201E-016  0.161772467895364E+003  0.785047944133190E+002
  0.103855120788158E-015  0.160253769428749E+003  0.650442098910005E+002
  0.104542371065172E-015  0.160233922657781E+003  0.650451642596448E+002
  0.157107595452657E-015  0.159412590201571E+003  0.783915945072584E+002
  0.194759675306458E-015  0.158976263677008E+003  0.651059211918599E+002
  0.278321467230370E-015  0.158255587220017E+003  0.783353851890706E+002
  0.347305145631384E-015  0.157806077693490E+003  0.651629565216761E+002
  0.385836355573339E-015  0.157589003004222E+003  0.783027827939106E+002
  0.402171129512205E-015  0.157499418697918E+003  0.782983889068781E+002
  0.429668123238828E-015  0.157360492295873E+003  0.651848050246039E+002
  0.572890909329776E-015  0.156778472297277E+003  0.782629205587175E+002
  0.590477111747852E-015  0.156711345595869E+003  0.782596083145289E+002
  0.701952738443396E-015  0.156358819608648E+003  0.782421858750201E+002
  0.816524971731541E-015  0.156049781192042E+003  0.652494999246219E+002
  0.816278022122264E-015  0.156043730582847E+003  0.652498000701550E+002
  0.879262387388341E-015  0.155888418303622E+003  0.652575092237519E+002
  0.957680540689691E-015  0.155710900928064E+003  0.782100423046086E+002
  0.130364196013037E-014  0.155087439594264E+003  0.652974134817812E+002
  0.138792402073696E-014  0.154955489483814E+003  0.653040108964586E+002
  0.149864197127347E-014  0.154795333453506E+003  0.781643464233164E+002
  0.183933490391034E-014  0.154378988482389E+003  0.653329152513483E+002
  0.184612320018614E-014  0.154364965238526E+003  0.653336199677591E+002
  0.185485299435392E-014  0.154348874514855E+003  0.653344286777125E+002
  0.228058310028648E-014  0.153928967511837E+003  0.653555691752419E+002
  0.449219539752545E-014  0.152566491173801E+003  0.780517227021689E+002
  0.465723021636841E-014  0.152487676868969E+003  0.654286707069708E+002
  0.520876206231915E-014  0.152257178644235E+003  0.780359339494348E+002
  0.740599299229341E-014  0.151546628430571E+003  0.779995133785992E+002
  0.840978442879672E-014  0.151285760241061E+003  0.654902852958712E+002
  0.189176581101057E-013  0.149657704787888E+003  0.779016466538639E+002
  0.199694595002245E-013  0.149542832599608E+003  0.655807292554838E+002
  0.199035355875563E-013  0.149542790415040E+003  0.778956426501906E+002
  0.201422346492551E-013  0.149512291928371E+003  0.778940481932118E+002
  0.211475718711364E-013  0.149408223834492E+003  0.778886044149477E+002
  0.229863820827459E-013  0.149234814527376E+003  0.778795226941792E+002
  0.322409091127756E-013  0.148551490630574E+003  0.778436044403223E+002
  0.338973758555998E-013  0.148444632075443E+003  0.778379684010740E+002
  0.440094684692880E-013  0.147915842094756E+003  0.778100014408444E+002
  0.479168926031986E-013  0.147739059908683E+003  0.656757512074554E+002
  0.788310754544880E-013  0.146736725985520E+003  0.777471709421648E+002
  0.965124969644024E-013  0.146325339956339E+003  0.657512794833923E+002
  0.123072532480407E-012  0.145832481627451E+003  0.776985385831172E+002
  0.175226414648008E-012  0.145119215928979E+003  0.658164783783488E+002
  0.182159286299343E-012  0.145034955212627E+003  0.776553140422323E+002
  0.189999956217920E-012  0.144944014956505E+003  0.776503651669842E+002
  0.249275902566679E-012  0.144394286408826E+003  0.776203608478921E+002
  0.287159787333020E-012  0.144104673857349E+003  0.658718821076297E+002
  0.337203646417957E-012  0.143776721819640E+003  0.658899036878431E+002
  0.433693809501052E-012  0.143266762765120E+003  0.775583363668765E+002
  0.473678484394052E-012  0.143083727161880E+003  0.775482052069024E+002
  0.488862658269569E-012  0.143013965983667E+003  0.775443392197876E+002
  0.530258169005372E-012  0.142844745580111E+003  0.659414233680798E+002
  0.536290818614799E-012  0.142815464826530E+003  0.775333246805621E+002
  0.649067541640776E-012  0.142427088855066E+003  0.659646606215999E+002
  0.874822773386950E-012  0.141823464195824E+003  0.659984108424141E+002
  0.879987004921358E-012  0.141805036977466E+003  0.659994442781885E+002
  0.969777427681792E-012  0.141604062499397E+003  0.774656466693340E+002
  0.159407084003910E-011  0.140603447497466E+003  0.774091357508371E+002
  0.217855317974291E-011  0.139972052004500E+003  0.773731853199431E+002
  0.230030172052739E-011  0.139856637784879E+003  0.661097850751982E+002
  0.258425106499205E-011  0.139617191313882E+003  0.661234949080651E+002
  0.297007819432897E-011  0.139332230657797E+003  0.773365196401123E+002
  0.300278622913421E-011  0.139303670437266E+003  0.773348773641476E+002
  0.327088834870019E-011  0.139125972829909E+003  0.661517255994209E+002
  0.326236842822949E-011  0.139124533591644E+003  0.773245655876689E+002
  0.514081283189054E-011  0.138208362487176E+003  0.772715269492669E+002
  0.529557261190292E-011  0.138142387087502E+003  0.772676878889433E+002
  0.898103725894236E-011  0.137079242971093E+003  0.772054526003660E+002
  0.123512460596731E-010  0.136435304250540E+003  0.771674102331898E+002
  0.138762692626992E-010  0.136195802309681E+003  0.771531928416169E+002
  0.149245322868626E-010  0.136043494354731E+003  0.771441320376997E+002
  0.165163447053781E-010  0.135834150459388E+003  0.771316533249563E+002
  0.168960952639538E-010  0.135782030745282E+003  0.771285420462962E+002
  0.172441474886357E-010  0.135734594636844E+003  0.663506653178233E+002
  0.196622012869761E-010  0.135465488523932E+003  0.771096073959016E+002
  0.198714792511639E-010  0.135437658095746E+003  0.771079394661589E+002
  0.222968118590608E-010  0.135200686111498E+003  0.663826578626656E+002
  0.231675616239876E-010  0.135117411747066E+003  0.663876650238984E+002
  0.270726307607706E-010  0.134799215790634E+003  0.770695331314705E+002
  0.420013237606103E-010  0.133914204503718E+003  0.664605422173870E+002
  0.460566423802499E-010  0.133723207205156E+003  0.664722035101984E+002
  0.491854094358742E-010  0.133585101568469E+003  0.664806516284136E+002
  0.743773486739776E-010  0.132751337150600E+003  0.769444287332434E+002
  0.765905516141915E-010  0.132686037010638E+003  0.665359840426325E+002
  0.818883969991263E-010  0.132545614258503E+003  0.769316946020340E+002
  0.818154065450170E-010  0.132540742154508E+003  0.665449814677586E+002
  0.839440126370383E-010  0.132482717593419E+003  0.665485790138919E+002
  0.924344428697912E-010  0.132283362798984E+003  0.665609581398764E+002
  0.107203778879706E-009  0.131980243556324E+003  0.665798375441688E+002
  0.111851745986436E-009  0.131888702377886E+003  0.665855526721051E+002
  0.123004396128505E-009  0.131691955202240E+003  0.768785165518435E+002
  0.128549585018887E-009  0.131597110402211E+003  0.666037998406325E+002
  0.137442284916677E-009  0.131456676067245E+003  0.768637630294491E+002
  0.172915978091404E-009  0.130990817051422E+003  0.666419494603974E+002
  0.224253130590222E-009  0.130464222150510E+003  0.768010566121363E+002
  0.224465920307925E-009  0.130455669706501E+003  0.666758612450555E+002
  0.299316307021637E-009  0.129873460117875E+003  0.767633588744955E+002
  0.341586332699849E-009  0.129602605429268E+003  0.667303939099740E+002
  0.357471986292497E-009  0.129505036753903E+003  0.667366689395975E+002
  0.361177322390670E-009  0.129477757100818E+003  0.667384248114126E+002
  0.361795748348910E-009  0.129467679948604E+003  0.767373005212297E+002
  0.538432892137634E-009  0.128665858273743E+003  0.667909684566442E+002
  0.571616662278644E-009  0.128539591239501E+003  0.766771838054609E+002
  0.658055278243237E-009  0.128251294976492E+003  0.766583599647499E+002
  0.664821302421279E-009  0.128224180698114E+003  0.668197882356860E+002
  0.679065685035115E-009  0.128175125969129E+003  0.766533745926182E+002
  0.694966923389575E-009  0.128122177606132E+003  0.766499060640331E+002
  0.712633627840004E-009  0.128065315645514E+003  0.766461784347291E+002
  0.109214423986737E-008  0.127204798479390E+003  0.765894169246638E+002
  0.151160307877876E-008  0.126548087353467E+003  0.765456480202832E+002
  0.153703671052080E-008  0.126508060534200E+003  0.669334067150043E+002
  0.154031099041261E-008  0.126497148975886E+003  0.765422363815269E+002
  0.173624248331205E-008  0.126251015499807E+003  0.765257171391725E+002
  0.187983757830645E-008  0.126085435734061E+003  0.765145721123982E+002
  0.212704702958135E-008  0.125831681617596E+003  0.669789326088074E+002
  0.217965189961667E-008  0.125776164960922E+003  0.764936854174274E+002
  0.217534987527656E-008  0.125773460723089E+003  0.764935023813177E+002
  0.226021105616846E-008  0.125690267777285E+003  0.669885060833082E+002
  0.259845305574067E-008  0.125404696011525E+003  0.670078978716878E+002
  0.262878750460555E-008  0.125374827580092E+003  0.670099306855912E+002
  0.285341306818854E-008  0.125204185738839E+003  0.670215611899307E+002
  0.309192318287101E-008  0.125036975276593E+003  0.764433884030696E+002
  0.316136637192807E-008  0.124985897608932E+003  0.764398930282032E+002
  0.373295175042295E-008  0.124646852139989E+003  0.764166250844393E+002
  0.402347457746563E-008  0.124490303405062E+003  0.764058423473630E+002
  0.428595201057624E-008  0.124357254128614E+003  0.763966585822690E+002
  0.518316070794196E-008  0.123970453857898E+003  0.763698561598598E+002
  0.554522507485934E-008  0.123828753947499E+003  0.763599984955264E+002
  0.663170947565331E-008  0.123464247567608E+003  0.763345436726798E+002
  0.751559326621864E-008  0.123207357279553E+003  0.671598550498412E+002
  0.753094689122110E-008  0.123196620061949E+003  0.763157641428322E+002
  0.830030481297516E-008  0.122995421570742E+003  0.763015950748315E+002
  0.104969405741357E-007  0.122519182786095E+003  0.672084939694739E+002
  0.112629680512217E-007  0.122371654526641E+003  0.672189891382724E+002
  0.115480291125005E-007  0.122315009741758E+003  0.762533487776764E+002
  0.131627120387055E-007  0.122046607753899E+003  0.672421994383744E+002
  0.131208598293661E-007  0.122046321512694E+003  0.762341541802641E+002
  0.164197900770286E-007  0.121591097928091E+003  0.672749286733813E+002
  0.266149488894860E-007  0.120618470894095E+003  0.761307441463835E+002
  0.297876612976416E-007  0.120386572891717E+003  0.673626555337430E+002
  0.333829804338735E-007  0.120152013421718E+003  0.673799441632576E+002
  0.335838442998596E-007  0.120133359992200E+003  0.673813219927790E+002
  0.342377475836740E-007  0.120088137134024E+003  0.673846641746217E+002
  0.362477548801702E-007  0.119967384195599E+003  0.760827731281061E+002
  0.375885240468664E-007  0.119888085920919E+003  0.673994797846668E+002
  0.513315970101181E-007  0.119258214947923E+003  0.674464614690394E+002
  0.585616403051715E-007  0.118988012585255E+003  0.674667740793591E+002
  0.605313924138347E-007  0.118915192538269E+003  0.760041091989803E+002
  0.624198865315594E-007  0.118847093346719E+003  0.674774061814996E+002
  0.637048791759624E-007  0.118799683292944E+003  0.759953849569101E+002
  0.696343449313656E-007  0.118615034209815E+003  0.759814014296931E+002
  0.745386676109852E-007  0.118472258406057E+003  0.675058168061141E+002
  0.784837735337386E-007  0.118362455070326E+003  0.675141755403880E+002
  0.785384409643666E-007  0.118354406886348E+003  0.675147888558352E+002
  0.836957111152119E-007  0.118220552233593E+003  0.675250023997849E+002
  0.102953792481978E-006  0.117799711581677E+003  0.759190976692140E+002
  0.103573281704688E-006  0.117781057747353E+003  0.759176613485488E+002
  0.119856184232424E-006  0.117482375844451E+003  0.675817784746148E+002
  0.121827627096882E-006  0.117443091076882E+003  0.675848217730939E+002
  0.135664650335181E-006  0.117221277734179E+003  0.676020471457030E+002
  0.140817269026594E-006  0.117140068051453E+003  0.676083716184464E+002
  0.150417715565518E-006  0.117001506253861E+003  0.676191849963339E+002
  0.157204430046266E-006  0.116906588941054E+003  0.758497653438839E+002
  0.168779396846880E-006  0.116757842445741E+003  0.758381043909498E+002
  0.172029373767360E-006  0.116713041421892E+003  0.758345857187340E+002
  0.177410666078456E-006  0.116644781936558E+003  0.676471553099880E+002
  0.208381760794168E-006  0.116316317169686E+003  0.758032941001590E+002
  0.210560899191292E-006  0.116288855324029E+003  0.758011191289961E+002
  0.240928255276623E-006  0.116012751194605E+003  0.676971874089283E+002
  0.278954692770866E-006  0.115712995246600E+003  0.757552399131151E+002
  0.279310368759050E-006  0.115703791227970E+003  0.677218717441396E+002
  0.366745213599090E-006  0.115152448108327E+003  0.757100717237981E+002
  0.432969458433348E-006  0.114813792878871E+003  0.756825326751643E+002
  0.435366428949046E-006  0.114796095596327E+003  0.756810882643916E+002
  0.470898617278440E-006  0.114632530458124E+003  0.756677133305529E+002
  0.511580100508074E-006  0.114460152175023E+003  0.678228058238121E+002
  0.544823239981558E-006  0.114327582116072E+003  0.756426549732449E+002
  0.576825943508481E-006  0.114206768232777E+003  0.678436913038639E+002
  0.607771187203596E-006  0.114095596830602E+003  0.756234839338095E+002
  0.620198147046405E-006  0.114048460161030E+003  0.678567970803137E+002
  0.621939940802855E-006  0.114036195559061E+003  0.678578142716685E+002
  0.629121688241166E-006  0.114006577636618E+003  0.756161023123480E+002
  0.696783167177369E-006  0.113795622922608E+003  0.755985532353200E+002
  0.747090330778875E-006  0.113649543673151E+003  0.755863541760242E+002
  0.757030852117345E-006  0.113616452281332E+003  0.678927887689636E+002
  0.861629734927464E-006  0.113350953444826E+003  0.755612978471491E+002
  0.982971445583624E-006  0.113080788994736E+003  0.755384845220528E+002
  0.105782109046150E-005  0.112927360564577E+003  0.755254674818762E+002
  0.117720633702223E-005  0.112706839178391E+003  0.755066794456539E+002
  0.130482501694848E-005  0.112494333948884E+003  0.754884853197639E+002
  0.142362849144046E-005  0.112313398482789E+003  0.680034498592844E+002
  0.145138520509490E-005  0.112268123850284E+003  0.680073537846027E+002
  0.152001716648667E-005  0.112169061841566E+003  0.680159099494531E+002
  0.155856214972240E-005  0.112112322123772E+003  0.754555545790149E+002
  0.170419700354016E-005  0.111927005870005E+003  0.754394741390651E+002
  0.184089110738615E-005  0.111766038854323E+003  0.754254496431157E+002
  0.198720593840790E-005  0.111606423575732E+003  0.680648840633696E+002
  0.202698064876642E-005  0.111560132556334E+003  0.754074316035519E+002
  0.205551721494378E-005  0.111525516612756E+003  0.680719803053155E+002
  0.227437631505168E-005  0.111316504302165E+003  0.680903763918011E+002
  0.268011183181474E-005  0.110981543413272E+003  0.753563212950617E+002
  0.285112098073808E-005  0.110851180389924E+003  0.681316685592326E+002
  0.297287091900469E-005  0.110760893046154E+003  0.753366386964307E+002
  0.296355738577210E-005  0.110760512984105E+003  0.681397694097851E+002
  0.311620162679549E-005  0.110653408470722E+003  0.681493624232444E+002
  0.321745959165092E-005  0.110582798353264E+003  0.681557007985356E+002
  0.329408220009139E-005  0.110529071804174E+003  0.753158429815429E+002
  0.339224265696532E-005  0.110463688889074E+003  0.753099558634510E+002
  0.355946026502115E-005  0.110360797970830E+003  0.753006718006573E+002
  0.367176347499365E-005  0.110292016120375E+003  0.752944519536505E+002
  0.393611864140943E-005  0.110146314412561E+003  0.752812402881145E+002
  0.398604291516964E-005  0.110114451098700E+003  0.681980296345878E+002
  0.400102451292203E-005  0.110100292581820E+003  0.752770569569256E+002
  0.401965917315621E-005  0.110084343682266E+003  0.752756060661047E+002
  0.405508266434954E-005  0.110060140188275E+003  0.682029710035201E+002
  0.436689075569292E-005  0.109905324237735E+003  0.752592794323020E+002
  0.436019815750193E-005  0.109901736163596E+003  0.752589514247911E+002
  0.434685264658038E-005  0.109901211486594E+003  0.682174706524533E+002
  0.481086918980671E-005  0.109691704468750E+003  0.752396976195508E+002
  0.513355574330987E-005  0.109555207340770E+003  0.752271278341640E+002
  0.526676091026486E-005  0.109497317762330E+003  0.682545909249199E+002
  0.546757843530639E-005  0.109415821634860E+003  0.752142451382588E+002
  0.630417570537744E-005  0.109124413244651E+003  0.751871563158775E+002
  0.629436327513142E-005  0.109120873083561E+003  0.751868259204156E+002
  0.632072748266022E-005  0.109105857913606E+003  0.682909498752039E+002
  0.636953363856723E-005  0.109083818443025E+003  0.751833657906822E+002
  0.638252709338757E-005  0.109073087142188E+003  0.682940110486784E+002
  0.659983001124500E-005  0.108999472006493E+003  0.751754766066566E+002
  0.673895028123987E-005  0.108951095875622E+003  0.683054304553214E+002
  0.709528567698410E-005  0.108841387483076E+003  0.683157326224100E+002
  0.719734219417902E-005  0.108806169415243E+003  0.751573277537870E+002
  0.763166794242404E-005  0.108682324622194E+003  0.683307247388156E+002
  0.768139052512647E-005  0.108662680713764E+003  0.751437933004519E+002
  0.768027676561160E-005  0.108656315143640E+003  0.683331824837369E+002
  0.808034530316199E-005  0.108548101516533E+003  0.683434271460985E+002
  0.819207763729331E-005  0.108513980059746E+003  0.683466638662988E+002
  0.876416505629837E-005  0.108372317060483E+003  0.683601350134369E+002
  0.891952930701900E-005  0.108330517636440E+003  0.683641201185184E+002
  0.950741714243170E-005  0.108196203918485E+003  0.750994167063953E+002
  0.105398680602774E-004  0.107983362779857E+003  0.683974011141286E+002
  0.109573096587531E-004  0.107899023685150E+003  0.684055367027903E+002
  0.115007153317476E-004  0.107795563197165E+003  0.684155440019358E+002
  0.129874957704432E-004  0.107545752027847E+003  0.750365417608052E+002
  0.132217448030771E-004  0.107503344893598E+003  0.684439732413716E+002
  0.133419290309904E-004  0.107478591658889E+003  0.750299814048805E+002
  0.145560352667268E-004  0.107297747943658E+003  0.750122508842137E+002
  0.149177991807851E-004  0.107241993616819E+003  0.684696089636848E+002
  0.155549407305044E-004  0.107151691548394E+003  0.749978606299250E+002
  0.158312526442247E-004  0.107109820604671E+003  0.749937235501766E+002
  0.160387674267696E-004  0.107077119516536E+003  0.684858852681355E+002
  0.165951102147117E-004  0.107002265274706E+003  0.749830723151390E+002
  0.177536301518411E-004  0.106860645846487E+003  0.749689941454682E+002
  0.177240552970518E-004  0.106857324741058E+003  0.749686632632371E+002
  0.177826526481662E-004  0.106844067883795E+003  0.685090319680097E+002
  0.190872399616193E-004  0.106695819033224E+003  0.685238427882797E+002
  0.192548031718285E-004  0.106671682456901E+003  0.749501134899757E+002
  0.212754861282358E-004  0.106465436918897E+003  0.749293785574257E+002
  0.225100358064118E-004  0.106345969895377E+003  0.749173060631520E+002
  0.231614537768699E-004  0.106282257962891E+003  0.749108490030075E+002
  0.232913011554473E-004  0.106264421326430E+003  0.685673351663865E+002
  0.282076904630566E-004  0.105874736341592E+003  0.748692326358212E+002
  0.283948286107560E-004  0.105854855991016E+003  0.686091858286137E+002
  0.307860477212850E-004  0.105686491303096E+003  0.748498210031688E+002
  0.306919358874502E-004  0.105685959014653E+003  0.748497659424409E+002
  0.308758530798299E-004  0.105667354475928E+003  0.686285332627415E+002
  0.341905801245711E-004  0.105456747402756E+003  0.686504094074742E+002
  0.353713357871177E-004  0.105382188627704E+003  0.748181829060201E+002
  0.369774733705280E-004  0.105286718785917E+003  0.686681843167294E+002
  0.389815980980267E-004  0.105174501622279E+003  0.747964019420716E+002
  0.402967773128821E-004  0.105101482427700E+003  0.686876669329659E+002
  0.425960601409171E-004  0.104983846316094E+003  0.747762696923422E+002
  0.425197914682869E-004  0.104980774965713E+003  0.747759442810562E+002
  0.433017926640375E-004  0.104937670613473E+003  0.687050004429839E+002
  0.472835278503708E-004  0.104755079130747E+003  0.747519355246868E+002
  0.474966444543571E-004  0.104739429392481E+003  0.687261104469417E+002
  0.516572307374549E-004  0.104564831581885E+003  0.747315480662199E+002
  0.566128349795641E-004  0.104374964911218E+003  0.687653120778547E+002
  0.591478198328793E-004  0.104280701319948E+003  0.747008386578796E+002
  0.602265206860894E-004  0.104237899606172E+003  0.746961849258201E+002
  0.725249270560938E-004  0.103859608974050E+003  0.746547314337689E+002
  0.740716733785521E-004  0.103810747675081E+003  0.746493341155301E+002
  0.755444403178117E-004  0.103764716268999E+003  0.746442402228013E+002
  0.778737456983065E-004  0.103697325141206E+003  0.746367664902251E+002
  0.830986861543440E-004  0.103560789519132E+003  0.688548089173883E+002
  0.898986017624566E-004  0.103396826945380E+003  0.688731703983105E+002
  0.900412363047838E-004  0.103387000648277E+003  0.746020995677499E+002
  0.106239932783002E-003  0.103049480455139E+003  0.689124623529117E+002
  0.115259482091999E-003  0.102879853075810E+003  0.689318505825675E+002
  0.118113012294762E-003  0.102824285605954E+003  0.745381430322337E+002
  0.122883447824287E-003  0.102738441165715E+003  0.689481167891621E+002
  0.122641224694841E-003  0.102735731799253E+003  0.689484293657949E+002
  0.123383600510281E-003  0.102717006249007E+003  0.689505906701982E+002
  0.124046865953418E-003  0.102699628189229E+003  0.745237761633777E+002
  0.128017569661763E-003  0.102629956464952E+003  0.689606600440613E+002
  0.134069694211591E-003  0.102530916378133E+003  0.745042131524597E+002
  0.137775579585819E-003  0.102469728086513E+003  0.744970837738468E+002
  0.138131680791585E-003  0.102457909881713E+003  0.744957046470353E+002
  0.147713495362982E-003  0.102317120068260E+003  0.689971523187265E+002
  0.155299760375032E-003  0.102210299224646E+003  0.690097247183076E+002
  0.158387579398074E-003  0.102164267891975E+003  0.690151603243069E+002
  0.162763978579071E-003  0.102103100104046E+003  0.744539739599019E+002
  0.165224518712879E-003  0.102066436321569E+003  0.744496251641973E+002
  0.168234695871580E-003  0.102023671270763E+003  0.744445438506032E+002
  0.168418770224091E-003  0.102014828582594E+003  0.744434919777778E+002
  0.174594522787787E-003  0.101936147572168E+003  0.744341144872453E+002
  0.190499104400962E-003  0.101755129551196E+003  0.690639588627517E+002
  0.207844284737179E-003  0.101574190620976E+003  0.743905480882578E+002
  0.209819359720797E-003  0.101548619439853E+003  0.690889309538211E+002
  0.223885533057705E-003  0.101412187980921E+003  0.743708153414057E+002
  0.291518290655482E-003  0.100877596715959E+003  0.743046232318492E+002
  0.312891822666020E-003  0.100729431604134E+003  0.742859733578207E+002
  0.315139727056909E-003  0.100708458819716E+003  0.691930516854262E+002
  0.314876825411794E-003  0.100703472412566E+003  0.742826917436611E+002
  0.340134826779076E-003  0.100542495719499E+003  0.742622467206888E+002
  0.356221524102788E-003  0.100443418723935E+003  0.692267935168772E+002
  0.355776576018999E-003  0.100439262859081E+003  0.742490479066976E+002
  0.364869224230934E-003  0.100382135156448E+003  0.692346601619914E+002
  0.364298165120445E-003  0.100378612240919E+003  0.742412609794364E+002
  0.384793720990173E-003  0.100262487193153E+003  0.692500904152055E+002
  0.384924138845447E-003  0.100255153869273E+003  0.692510392618151E+002
  0.384531244839382E-003  0.100250540741703E+003  0.692516363322602E+002
  0.388298059436620E-003  0.100224388776453E+003  0.742213502535454E+002
  0.428335777260779E-003  0.100021464845918E+003  0.692814678005495E+002
  0.428173919374126E-003  0.100015565160916E+003  0.692822408747891E+002
  0.432688461496688E-003  0.999879325529991E+002  0.741905091111389E+002
  0.437399244736420E-003  0.999596201709266E+002  0.692895838431038E+002
  0.449879160284345E-003  0.998966993257976E+002  0.741785052955198E+002
  0.462590496996590E-003  0.998343173596282E+002  0.741702634177070E+002
  0.469263920010298E-003  0.997990155146168E+002  0.741655869546779E+002
  0.469848905128104E-003  0.997898682841087E+002  0.741643737434864E+002
  0.476363195985400E-003  0.997556738729430E+002  0.741598331035061E+002
  0.476124486947917E-003  0.997500207583927E+002  0.693172924988007E+002
  0.477893796006373E-003  0.997359468252529E+002  0.741572096927067E+002
  0.477530388458283E-003  0.997308126952110E+002  0.693198476495185E+002
  0.536463509398538E-003  0.994914156248679E+002  0.693519229581650E+002
  0.562977273613277E-003  0.993882786106504E+002  0.741104988102624E+002
  0.566270731167990E-003  0.993699569770247E+002  0.741080116731864E+002
  0.570561796788004E-003  0.993482030040907E+002  0.741050552068814E+002
  0.576786228196383E-003  0.993198469726448E+002  0.741011959368634E+002
  0.575162730924619E-003  0.993188287892688E+002  0.693753168664248E+002
  0.574469989381329E-003  0.993145835149660E+002  0.693758952269173E+002
  0.589731082850235E-003  0.992554903685888E+002  0.693839606129630E+002
  0.627363491151648E-003  0.991251158641184E+002  0.694018533809526E+002
  0.629402478432740E-003  0.991119706458637E+002  0.740727090522185E+002
  0.634802940342447E-003  0.990882276693425E+002  0.740694332205722E+002
  0.639612896245205E-003  0.990664750427960E+002  0.694099461578943E+002
  0.656247527808687E-003  0.990084696565936E+002  0.694179790109763E+002
  0.696998514548357E-003  0.988813236108069E+002  0.740406892918822E+002
  0.741108384642430E-003  0.987519408243762E+002  0.694538429805433E+002
  0.758241404615599E-003  0.986995753881659E+002  0.740151407656292E+002
  0.768080816106053E-003  0.986671335155199E+002  0.740105501672549E+002
  0.815944461629859E-003  0.985395752673276E+002  0.739924097465162E+002
  0.824861635993712E-003  0.985111809523374E+002  0.739883518102403E+002
  0.829442469056667E-003  0.984934491866865E+002  0.694905601287135E+002
  0.839524255630175E-003  0.984626303705137E+002  0.694949778499765E+002
  0.848568203982918E-003  0.984345446018775E+002  0.739773627173902E+002
  0.851010011970391E-003  0.984221421613367E+002  0.739755792238095E+002
  0.890893875096673E-003  0.983238837425722E+002  0.695149751950157E+002
  0.899490742118030E-003  0.982980212657012E+002  0.695187226378166E+002
  0.898468755629253E-003  0.982936393442943E+002  0.739570159106374E+002
  0.921163497526311E-003  0.982370925430103E+002  0.695275762509152E+002
  0.953237697989363E-003  0.981619834606748E+002  0.739378346434634E+002
  0.959019094338191E-003  0.981432344964059E+002  0.695412846726629E+002
  0.985555013904049E-003  0.980819909901883E+002  0.739260982210816E+002
  0.983455022606539E-003  0.980796014971326E+002  0.695506274425025E+002
  0.101116611614766E-002  0.980173706980228E+002  0.739165710185828E+002
  0.103364625429900E-002  0.979667383809801E+002  0.739090768989956E+002
  0.109450386558614E-002  0.978456656686313E+002  0.738910510854680E+002
  0.111877582692996E-002  0.977951422763229E+002  0.695928899493965E+002
  0.113100940085500E-002  0.977667358296976E+002  0.695971561480549E+002
  0.113318577395150E-002  0.977562353976355E+002  0.738776388105240E+002
  0.113222779989840E-002  0.977512712951058E+002  0.695994822538877E+002
  0.118987792131520E-002  0.976452886778485E+002  0.738608818341988E+002
  0.119308456971867E-002  0.976332504693573E+002  0.738590556661793E+002
  0.119858506516219E-002  0.976173954494813E+002  0.696197260159736E+002
  0.122314224095937E-002  0.975701770569610E+002  0.738494617586488E+002
  0.123664293734152E-002  0.975415669873018E+002  0.696312785462853E+002
  0.132806574279377E-002  0.973922650964942E+002  0.738221621205644E+002
  0.132402047216844E-002  0.973917107866820E+002  0.696542976049674E+002
  0.137664117593811E-002  0.973071078422816E+002  0.696674062705899E+002
  0.142629084933802E-002  0.972295909401029E+002  0.696794902746884E+002
  0.143102934875255E-002  0.972163018663921E+002  0.696815690196657E+002
  0.143679140807165E-002  0.972016094281722E+002  0.696838697344957E+002
  0.145342307258923E-002  0.971719356973096E+002  0.737878498394468E+002
  0.146939765198746E-002  0.971434180325600E+002  0.737833666578028E+002
  0.147327111814805E-002  0.971314972068437E+002  0.696948844076772E+002
  0.150735788019280E-002  0.970790952446901E+002  0.737732183925611E+002
  0.151813898117214E-002  0.970581859440664E+002  0.737699085960762E+002
  0.154436012468813E-002  0.970172814927760E+002  0.697129560454279E+002
  0.154528134425755E-002  0.970094332569302E+002  0.737621703634312E+002
  0.156132155663631E-002  0.969821244353322E+002  0.737578228364240E+002
  0.156073624011573E-002  0.969762187663472E+002  0.697194926801152E+002
  0.161062319268990E-002  0.969066361429902E+002  0.737457562219961E+002
  0.178211713523299E-002  0.966976188047334E+002  0.737119604530488E+002
  0.184169226478256E-002  0.966251976270956E+002  0.737001149633864E+002
  0.186142502851680E-002  0.965972270855469E+002  0.697808533081101E+002
  0.185551834458241E-002  0.965969280067269E+002  0.697809024900666E+002
  0.191145937259108E-002  0.965308665632256E+002  0.697917964042062E+002
  0.191599269179280E-002  0.965194732920173E+002  0.697936813911394E+002
  0.191423040291117E-002  0.965146581153410E+002  0.736818955117048E+002
  0.192377122938255E-002  0.964980589790674E+002  0.736791448236144E+002
  0.192309285712628E-002  0.964921087757792E+002  0.697982162611988E+002
  0.193254252696922E-002  0.964756496868880E+002  0.736754251231433E+002
  0.194798464591720E-002  0.964530764751314E+002  0.736716709790138E+002
  0.194307821733819E-002  0.964514646902810E+002  0.698049714660920E+002
  0.194634092382219E-002  0.964414536401595E+002  0.698066389676919E+002
  0.198673852113970E-002  0.963937116607805E+002  0.736617630635316E+002
  0.200300417027845E-002  0.963707485234277E+002  0.698184572825720E+002
  0.201793898884232E-002  0.963492358446441E+002  0.736543065345679E+002
  0.207661635691917E-002  0.962852540051822E+002  0.698328455434190E+002
  0.214528735175614E-002  0.962135310464064E+002  0.736313736385362E+002
  0.215747375181492E-002  0.961955465243160E+002  0.736283135345253E+002
  0.217644243152724E-002  0.961713836366195E+002  0.736241943520588E+002
  0.220704321258217E-002  0.961368039059782E+002  0.736182836526209E+002
  0.226432879542647E-002  0.960788989846091E+002  0.698680299548883E+002
  0.233035776878600E-002  0.960147565500896E+002  0.735972719426836E+002
  0.240579611046290E-002  0.959443828354687E+002  0.735850477269229E+002
  0.246168602625643E-002  0.958917960155536E+002  0.699005140232655E+002
  0.248850415673806E-002  0.958634698393962E+002  0.735708920287622E+002
  0.257027627874160E-002  0.957921510494287E+002  0.735583235502203E+002
  0.257740058070396E-002  0.957799595300571E+002  0.735561663478813E+002
  0.257403779158877E-002  0.957759150960021E+002  0.699209239623087E+002
  0.257507075862182E-002  0.957684570724137E+002  0.735541287206669E+002
  0.257216876376795E-002  0.957640566778662E+002  0.735533485985493E+002
  0.257080515936137E-002  0.957584616548285E+002  0.699240179080123E+002
  0.264378106406164E-002  0.956958241300007E+002  0.735412088249185E+002
  0.264648459934425E-002  0.956871243912116E+002  0.699367190030822E+002
  0.266902715092083E-002  0.956635051109865E+002  0.699409440277029E+002
  0.271241552115497E-002  0.956245984687170E+002  0.735284487100970E+002
  0.274873073805404E-002  0.955913435260794E+002  0.735224598207906E+002
  0.275650152140102E-002  0.955790418346009E+002  0.735202393069876E+002
  0.275541286434953E-002  0.955731762935849E+002  0.699571945365717E+002
  0.279204133286190E-002  0.955401093185411E+002  0.699631806150854E+002
  0.283752459530244E-002  0.955011356145682E+002  0.699702620047686E+002
  0.283440477469584E-002  0.954966802175782E+002  0.735053007680687E+002
  0.285389152150296E-002  0.954763215375372E+002  0.735015886559598E+002
  0.293779599769860E-002  0.954117136963124E+002  0.734897562496217E+002
  0.293267151902097E-002  0.954085498175731E+002  0.699871993537778E+002
  0.300085363351997E-002  0.953559282296780E+002  0.699968992036281E+002
  0.301707620494298E-002  0.953384897981440E+002  0.734762485016117E+002
  0.300931673489055E-002  0.953369845454716E+002  0.734759697234934E+002
  0.302989707846231E-002  0.953166977716409E+002  0.700041659420012E+002
  0.302056213054088E-002  0.953162135943233E+002  0.700042558174112E+002
  0.303023495918613E-002  0.953031635925491E+002  0.700066799812279E+002
  0.304407199568641E-002  0.952873961511838E+002  0.700096134709312E+002
  0.303687905961208E-002  0.952854720278799E+002  0.700099717897463E+002
  0.305238797437733E-002  0.952686287201974E+002  0.734632625078734E+002
  0.305314754391902E-002  0.952614755131989E+002  0.734619273261794E+002
  0.307694492570910E-002  0.952392916182586E+002  0.734577799988424E+002
  0.310113211614733E-002  0.952169759458796E+002  0.700227761917971E+002
  0.312589082627776E-002  0.951944162389049E+002  0.700270143942475E+002
  0.314268552109397E-002  0.951770438808931E+002  0.700302852378297E+002
  0.313344634696572E-002  0.951762767562065E+002  0.700304298154297E+002
  0.317986095609264E-002  0.951402131696232E+002  0.734391336351303E+002
  0.323627307575086E-002  0.950983877671992E+002  0.734312005344236E+002
  0.322819943420537E-002  0.950967278897449E+002  0.700454891754002E+002
  0.322886386023430E-002  0.950896607131412E+002  0.734295405661712E+002
  0.322097019733064E-002  0.950879005561710E+002  0.700471685405987E+002
  0.323565177012973E-002  0.950721494469756E+002  0.734262048337539E+002
  0.323355298376711E-002  0.950667915758696E+002  0.700511912191574E+002
  0.323730522342870E-002  0.950578165258630E+002  0.700529044781531E+002
  0.328836678834180E-002  0.950198614216059E+002  0.700601691178791E+002
  0.329745826051537E-002  0.950076839954065E+002  0.700625065610709E+002
  0.334488886784009E-002  0.949724653711194E+002  0.700692851618211E+002
  0.337539831978703E-002  0.949476500541818E+002  0.734022961120497E+002
  0.337541492726785E-002  0.949409846337119E+002  0.700753677134816E+002
  0.342440590581383E-002  0.949055095728635E+002  0.733941253081829E+002
  0.345420951619322E-002  0.948815227159284E+002  0.700869177766890E+002
  0.345829361099737E-002  0.948725038267048E+002  0.733876974141016E+002
  0.349238982484856E-002  0.948462262984562E+002  0.700938122308381E+002
  0.350979950744683E-002  0.948296254182245E+002  0.700970648978868E+002
  0.355300035385024E-002  0.947985028356991E+002  0.733731938221911E+002
  0.356647010980388E-002  0.947842794050147E+002  0.701059827312413E+002
  0.579027088046501E-002  0.938234320227741E+002  0.701106942595072E+002
  0.578027322030055E-002  0.938054976908729E+002  0.701142450063817E+002
  0.600854948003104E-002  0.937280328572217E+002  0.701296720031654E+002
  0.619883428797384E-002  0.936231222843995E+002  0.701508037728768E+002
  0.622862230469392E-002  0.935924816321327E+002  0.701570288993788E+002
  0.625282312112519E-002  0.935742271369769E+002  0.701607492623993E+002
  0.638787901708526E-002  0.935314886770982E+002  0.701694940983501E+002
  0.639206585602360E-002  0.935196241224746E+002  0.701719303965320E+002
  0.635048729010820E-002  0.935116232219668E+002  0.701735754637336E+002
  0.635498739407632E-002  0.934997077652816E+002  0.701760286149388E+002
  0.687412598804254E-002  0.933113263609078E+002  0.702153375528708E+002
  0.684675016326873E-002  0.933089175181170E+002  0.702158467707680E+002
  0.690767012993588E-002  0.932704753514943E+002  0.702239964350265E+002
  0.695565320944858E-002  0.932257817446126E+002  0.702335268831685E+002
  0.717571176900488E-002  0.931532571080546E+002  0.702491218035501E+002
  0.738862439490903E-002  0.930341671780108E+002  0.702750901560970E+002
  0.737074788870479E-002  0.930290368850251E+002  0.702762192140948E+002
  0.737817146796345E-002  0.930170484802929E+002  0.702788609883873E+002
  0.735218765138350E-002  0.930141292587931E+002  0.702795049946905E+002
  0.755780009190363E-002  0.929589647665383E+002  0.702917286771594E+002
  0.755123722206831E-002  0.929506771516953E+002  0.702935740337850E+002
  0.763127001354932E-002  0.929095912627395E+002  0.703027574302841E+002
  0.794667403162879E-002  0.928186177819655E+002  0.703233036448444E+002
  0.795825479503327E-002  0.928057302016723E+002  0.703262384613356E+002
  0.880807503857825E-002  0.925052314937589E+002  0.703964880548809E+002
  0.884568275571775E-002  0.924682062542808E+002  0.704053998888443E+002
  0.889098805113468E-002  0.924391208509586E+002  0.704124426479568E+002
  0.924175709764106E-002  0.923336296551523E+002  0.704383064928883E+002
  0.936070409730311E-002  0.922802100139676E+002  0.704516019666606E+002
  0.936886241553722E-002  0.922692297821439E+002  0.704543518668894E+002
  0.975792489163509E-002  0.921694203069924E+002  0.704796237565491E+002
  0.979317227444062E-002  0.921622089631597E+002  0.704814693636851E+002
  0.980308498073268E-002  0.921509476836117E+002  0.704843569089743E+002
  0.993703452535577E-002  0.921053713562498E+002  0.704961118588468E+002
  0.998170172485551E-002  0.920964014549847E+002  0.704984384833063E+002
  0.997177114284291E-002  0.920891543110279E+002  0.705003214506024E+002
  0.995290439524597E-002  0.920837040349680E+002  0.705017394413306E+002
  0.101650914016266E-001  0.920322760807716E+002  0.705152003253219E+002
  0.103195197576515E-001  0.919928826190161E+002  0.705256123364065E+002
  0.102940094058901E-001  0.919793995266136E+002  0.705291966245808E+002
  0.102823724564989E-001  0.919724663038143E+002  0.705310438664956E+002
  0.102368626147888E-001  0.919721425447478E+002  0.705311301958019E+002
  0.102016739325567E-001  0.919698338653122E+002  0.705317459767794E+002
  0.102302791004822E-001  0.919367733911274E+002  0.705405987404632E+002
  0.103365437546686E-001  0.919069943753379E+002  0.705486292091940E+002
  0.103922462430046E-001  0.918962455332840E+002  0.705515411837545E+002
  0.103733417854663E-001  0.918725517540081E+002  0.705579854523418E+002
  0.103875675016302E-001  0.918607405775248E+002  0.705612110516591E+002
  0.107215444163991E-001  0.917793497955902E+002  0.705836836454711E+002
  0.109817103711938E-001  0.917223684718775E+002  0.705996805579640E+002
  0.115029356900519E-001  0.915937509010527E+002  0.706366422552055E+002
  0.115625619966786E-001  0.915745018313304E+002  0.706422812304275E+002
  0.114375680985470E-001  0.915520880882196E+002  0.706488840740885E+002
  0.114567802600115E-001  0.915487314229548E+002  0.706498763598629E+002
  0.115627744230923E-001  0.915215219614921E+002  0.706579535673150E+002
  0.115780070901298E-001  0.914926303354282E+002  0.706665967730547E+002
  0.116682513442856E-001  0.914597104513503E+002  0.706765308340229E+002
  0.118532734163690E-001  0.914195687001625E+002  0.706887714386039E+002
  0.117927806348138E-001  0.914124856416216E+002  0.706909461574078E+002
  0.118864581927704E-001  0.913794196524994E+002  0.707011587799228E+002
  0.118641706452249E-001  0.913660057590513E+002  0.707053305296187E+002
  0.119509879939768E-001  0.913343297096940E+002  0.707152493708510E+002
  0.119231412948308E-001  0.913219739181897E+002  0.707191445605707E+002
  0.119742250151610E-001  0.913134233863067E+002  0.707218488741571E+002
  0.119856029421966E-001  0.913029950879675E+002  0.707251568484247E+002
  0.121818939662810E-001  0.912366068242265E+002  0.707464746420485E+002
  0.123110096306760E-001  0.912070993477507E+002  0.707560982566978E+002
  0.123365444038769E-001  0.912029553613250E+002  0.707574573452233E+002
  0.123027986753051E-001  0.911999770412785E+002  0.707584352986886E+002
  0.123298885025670E-001  0.911619637980757E+002  0.707710040779009E+002
  0.122833516584394E-001  0.911611759603054E+002  0.707712662983764E+002
  0.122090320425908E-001  0.911566468224763E+002  0.707727751384360E+002
  0.121769368340899E-001  0.911535953421602E+002  0.707737930416894E+002
  0.122095608364359E-001  0.911399281603719E+002  0.707783653423182E+002
  0.123347126119376E-001  0.910946868580155E+002  0.707936585236734E+002
  0.123351823262492E-001  0.910781496998216E+002  0.707993108442783E+002
  0.122526605184786E-001  0.910670343796232E+002  0.708031292075118E+002
  0.122634342521330E-001  0.910328871855120E+002  0.708149583127804E+002
  0.123752491241997E-001  0.909986699825703E+002  0.708269656903561E+002
  0.124718566871638E-001  0.909671174943908E+002  0.708381799327414E+002
  0.124372218276567E-001  0.909646952604601E+002  0.708390466129204E+002
  0.124635162948646E-001  0.909524873307653E+002  0.708434274120000E+002
  0.124981525614528E-001  0.909310006752574E+002  0.708511904209987E+002
  0.124738984130567E-001  0.909269333867495E+002  0.708526675701610E+002
  0.123823524329281E-001  0.909179028632879E+002  0.708559560981079E+002
  0.124235145723802E-001  0.908876894611897E+002  0.708670487608924E+002
  0.126137847481318E-001  0.908416659212007E+002  0.708842228887491E+002
  0.127053848384591E-001  0.908038933606525E+002  0.708985805155081E+002
  0.127447848558310E-001  0.907899639063281E+002  0.709039375638864E+002
  0.127405589341607E-001  0.907828902236692E+002  0.709066712038614E+002
  0.127059297758472E-001  0.907805967212842E+002  0.709075594641811E+002
  0.128108317331564E-001  0.907487081365983E+002  0.709200096408280E+002
  0.127667670966715E-001  0.907478921342880E+002  0.709203307174576E+002
  0.128530934282976E-001  0.907267069116127E+002  0.709287111487475E+002
  0.128192604875791E-001  0.907165937214397E+002  0.709327424624328E+002
  0.128811001056961E-001  0.906992914420070E+002  0.709396866816917E+002
  0.129767609425450E-001  0.906768158713995E+002  0.709487983970382E+002
  0.129296187250855E-001  0.906764171852419E+002  0.709489609760841E+002
  0.129841254773622E-001  0.906680036063727E+002  0.709523997695516E+002
  0.129968756805646E-001  0.906583334634441E+002  0.709563708275606E+002
  0.129634756872177E-001  0.906557726360161E+002  0.709574258175096E+002
  0.128628462375031E-001  0.906483253949838E+002  0.709605020073833E+002
  0.130318896478031E-001  0.906145644334836E+002  0.709746028759808E+002
  0.131133689397925E-001  0.905944505684095E+002  0.709831289601094E+002
  0.132075253803729E-001  0.905648742544146E+002  0.709958439328246E+002
  0.131731130705342E-001  0.905624730135824E+002  0.709968858074788E+002
  0.131737027541425E-001  0.905547644303923E+002  0.710002404262692E+002
  0.131245651417348E-001  0.905470291336728E+002  0.710036220697174E+002
  0.131614838021277E-001  0.905414111444882E+002  0.710060878807166E+002
  0.133412666870762E-001  0.905066574485139E+002  0.710215302999029E+002
  0.132919959157502E-001  0.905064382853051E+002  0.710216287385984E+002
  0.132786538431760E-001  0.905008277715547E+002  0.710241533608277E+002
  0.134316028240707E-001  0.904703035581669E+002  0.710380481392511E+002
  0.133843794438957E-001  0.904697285735618E+002  0.710383125222810E+002
  0.134095203776941E-001  0.904583562831425E+002  0.710435622793232E+002
  0.133728155140366E-001  0.904562191808013E+002  0.710445532584852E+002
  0.133456854550443E-001  0.904450715973659E+002  0.710497455442911E+002
  0.134142746027136E-001  0.904272289292332E+002  0.710581387485770E+002
  0.133848537485605E-001  0.904240301041460E+002  0.710596544531194E+002
  0.134008329900673E-001  0.904140537260734E+002  0.710644034755467E+002
  0.133586445521353E-001  0.904127699064956E+002  0.710650170410400E+002
  0.133369505759222E-001  0.904008688897514E+002  0.710707316455721E+002
  0.133300836947939E-001  0.903943374620647E+002  0.710738887851579E+002
  0.132866105925131E-001  0.903933092305352E+002  0.710743871762961E+002
  0.133891445525753E-001  0.903628398895638E+002  0.710893296073317E+002
  0.133659016986518E-001  0.903587818362645E+002  0.710913457593521E+002
  0.133116074931904E-001  0.903518850034811E+002  0.710947867875749E+002
  0.132297961963765E-001  0.903492333102363E+002  0.710961147017818E+002
  0.131849289921852E-001  0.903485509441339E+002  0.710964568614196E+002
  0.131324376813881E-001  0.903416037133893E+002  0.710999508600017E+002
  0.131005333886014E-001  0.903390196800000E+002  0.711012553486825E+002
  0.130892855130677E-001  0.903332887823911E+002  0.711041580348577E+002
  0.129829495016488E-001  0.903273392536197E+002  0.711071855835838E+002
  0.129431307904700E-001  0.903260889564050E+002  0.711078236738275E+002
  0.128992280600054E-001  0.903254907071508E+002  0.711081292194225E+002
  0.128605114503441E-001  0.903241089446192E+002  0.711088354980269E+002
  0.128205688022540E-001  0.903229365604427E+002  0.711094353764414E+002
  0.127799166073682E-001  0.903071886784211E+002  0.711175493560022E+002
  0.127612346139220E-001  0.903027750083833E+002  0.711198425688526E+002
  0.126835931240122E-001  0.903003284312868E+002  0.711211174095141E+002
  0.126425844444005E-001  0.902994926987059E+002  0.711215534895497E+002
  0.126412102456135E-001  0.902923974801831E+002  0.711252682285271E+002
  0.125979844863291E-001  0.902846494585299E+002  0.711293506343891E+002
  0.124876283740789E-001  0.902660789389262E+002  0.711392486388320E+002
  0.125028035828158E-001  0.902564686393514E+002  0.711444356715438E+002
  0.124633216543007E-001  0.902556129881617E+002  0.711448996965990E+002
  0.124124807401792E-001  0.902494511802570E+002  0.711482520620486E+002
  0.122978023926567E-001  0.902395447457554E+002  0.711536820153184E+002
  0.122550581649504E-001  0.902394287242672E+002  0.711537459083477E+002
  0.122181022812181E-001  0.902383893061430E+002  0.711543186277758E+002
  0.121800512372789E-001  0.902375480059362E+002  0.711547825959209E+002
  0.121647882600713E-001  0.902329761495823E+002  0.711573104051301E+002
  0.120624493115003E-001  0.902287085427552E+002  0.711596799599477E+002
  0.745748186461908E-001  0.863410895233889E+002  0.711612095683871E+002
  0.747829441080581E-001  0.863355156424539E+002  0.711643274052374E+002
  0.749004811236057E-001  0.863323746924249E+002  0.711660918297252E+002
  0.751659390670687E-001  0.863252989397013E+002  0.711700867016520E+002
  0.753819639475514E-001  0.863195592376019E+002  0.711733480128351E+002
  0.754926486790692E-001  0.863166247544719E+002  0.711750226887379E+002
  0.755130384031264E-001  0.863160846496698E+002  0.711753314633014E+002
  0.758439349806383E-001  0.863073398367343E+002  0.711803546040997E+002
  0.764782797849924E-001  0.862906817682440E+002  0.711900505745299E+002
  0.764996111634732E-001  0.862901240045440E+002  0.711903781949160E+002
  0.766190050584125E-001  0.862870050129522E+002  0.711922138580048E+002
  0.766690769740968E-001  0.862856984034154E+002  0.711929846918224E+002
  0.769739460277514E-001  0.862777613178824E+002  0.711976907938559E+002
  0.769793223738618E-001  0.862776216301403E+002  0.711977739852874E+002
  0.772692425585452E-001  0.862701033617864E+002  0.712022705631785E+002
  0.777667860922373E-001  0.862572664684241E+002  0.712100366198373E+002
  0.779821742502926E-001  0.862517347898847E+002  0.712134186041168E+002
  0.781212025540414E-001  0.862481723213884E+002  0.712156082298629E+002
  0.783370429268657E-001  0.862426541587864E+002  0.712190181286452E+002
  0.783754217116219E-001  0.862416745612640E+002  0.712196258056444E+002
  0.785042219006512E-001  0.862383905094902E+002  0.712216682282668E+002
  0.786433955389318E-001  0.862348480141744E+002  0.712238804758889E+002
  0.788020785617990E-001  0.862308165721148E+002  0.712264096987591E+002
  0.796545687630403E-001  0.862092965301200E+002  0.712401280422489E+002
  0.798314346665434E-001  0.862048606304873E+002  0.712430030283333E+002
  0.798656158387009E-001  0.862040044801058E+002  0.712435598386046E+002
  0.806995229905051E-001  0.861832299918021E+002  0.712572684103970E+002
  0.808763154052384E-001  0.861788532858034E+002  0.712602066285821E+002
  0.809865236660803E-001  0.861761297878466E+002  0.712620441487029E+002
  0.810981307182006E-001  0.861733754970056E+002  0.712639096848602E+002
  0.811177119787554E-001  0.861728926524123E+002  0.712642374816132E+002
  0.815005065730975E-001  0.861634768488256E+002  0.712706756843486E+002
  0.817929392977851E-001  0.861563134740619E+002  0.712756337708374E+002
  0.821362676716958E-001  0.861479359827716E+002  0.712815004819641E+002
  0.823825552653964E-001  0.861419479074064E+002  0.712857405160500E+002
  0.824467831336861E-001  0.861403892559633E+002  0.712868506987469E+002
  0.827633284559132E-001  0.861327251800411E+002  0.712923498147390E+002
  0.827638896785205E-001  0.861327116179789E+002  0.712923596058896E+002
  0.827890416119585E-001  0.861321039106206E+002  0.712927985620155E+002
  0.828027203402298E-001  0.861317734901180E+002  0.712930374113475E+002
  0.828286538340209E-001  0.861311471958756E+002  0.712934904894056E+002
  0.829319691110078E-001  0.861286540756513E+002  0.712952986743960E+002
  0.829817612408634E-001  0.861274536413956E+002  0.712961719514338E+002
  0.829839709226864E-001  0.861274003850566E+002  0.712962107336678E+002
  0.831598907627795E-001  0.861231650217021E+002  0.712993059758347E+002
