  0.935620859774802E-001  0.929915941762220E+002  0.742213502535454E+002
  0.935620859774802E-001  0.927886702456869E+002  0.692814678005495E+002
  0.935620859774802E-001  0.917756750563626E+002  0.694179790109763E+002
  0.935620859774802E-001  0.876487281156975E+002  0.700869177766890E+002
  0.935620859774802E-001  0.877148554539508E+002  0.734022961120497E+002
  0.935620859774802E-001  0.877396707708885E+002  0.700692851618211E+002
  0.935620859774802E-001  0.909291888604438E+002  0.739378346434634E+002
  0.935620859774802E-001  0.878393548467446E+002  0.734262048337539E+002
  0.935620859774802E-001  0.878639332895140E+002  0.700454891754002E+002
  0.935620859774802E-001  0.899106234323290E+002  0.737833666578028E+002
  0.935620859774802E-001  0.878655931669682E+002  0.734312005344236E+002
  0.935620859774802E-001  0.898463006444591E+002  0.737732183925611E+002
  0.935620859774802E-001  0.897844868925451E+002  0.697129560454279E+002
  0.935620859774802E-001  0.879442492806621E+002  0.700302852378297E+002
  0.935620859774802E-001  0.896738415427592E+002  0.737457562219961E+002
  0.935620859774802E-001  0.880286809129679E+002  0.734619273261794E+002
  0.935620859774802E-001  0.893644324853160E+002  0.697808533081101E+002
  0.935620859774802E-001  0.880526774276489E+002  0.700099717897463E+002
  0.935620859774802E-001  0.892866786917863E+002  0.697936813911394E+002
  0.935620859774802E-001  0.880546015509529E+002  0.700096134709312E+002
  0.935620859774802E-001  0.892652643788365E+002  0.736791448236144E+002
  0.935620859774802E-001  0.881757552173422E+002  0.699871993537778E+002
  0.935620859774802E-001  0.892202818749004E+002  0.736716709790138E+002
  0.935620859774802E-001  0.882435269373062E+002  0.735015886559598E+002
  0.935620859774802E-001  0.882683410143372E+002  0.699702620047686E+002
  0.935620859774802E-001  0.889807364461755E+002  0.736313736385362E+002
  0.935620859774802E-001  0.883585489258484E+002  0.735224598207906E+002
  0.935620859774802E-001  0.885256670545975E+002  0.699240179080123E+002
  0.935620859774802E-001  0.885593564491977E+002  0.735583235502203E+002
  0.935620859774802E-001  0.879781875390046E+002  0.701142450063817E+002
  0.935620859774802E-001  0.877469169851085E+002  0.701607492623993E+002
  0.935620859774802E-001  0.877041785252299E+002  0.701694940983501E+002
  0.935620859774802E-001  0.876723976134133E+002  0.701760286149388E+002
  0.935620859774802E-001  0.874840162090394E+002  0.702153375528708E+002
  0.935620859774802E-001  0.873984715927443E+002  0.702335268831685E+002
  0.935620859774802E-001  0.870822811108712E+002  0.703027574302841E+002
  0.935620859774802E-001  0.866779213418905E+002  0.703964880548809E+002
  0.935620859774802E-001  0.866408961024124E+002  0.704053998888443E+002
  0.935620859774802E-001  0.866118106990903E+002  0.704124426479568E+002
  0.935620859774802E-001  0.865063195032840E+002  0.704383064928883E+002
  0.935620859774802E-001  0.864528998620993E+002  0.704516019666606E+002
  0.935620859774802E-001  0.864419196302755E+002  0.704543518668894E+002
  0.935620859774802E-001  0.863421101551241E+002  0.704796237565491E+002
  0.935620859774802E-001  0.863348988112914E+002  0.704814693636851E+002
  0.935620859774802E-001  0.862563938830997E+002  0.705017394413306E+002
  0.935620859774802E-001  0.862049659289032E+002  0.705152003253219E+002
  0.935620859774802E-001  0.861655724671477E+002  0.705256123364065E+002
  0.935620859774802E-001  0.861520893747453E+002  0.705291966245808E+002
  0.935620859774802E-001  0.861451561519459E+002  0.705310438664956E+002
  0.935620859774802E-001  0.861448323928795E+002  0.705311301958019E+002
  0.935620859774802E-001  0.861425237134439E+002  0.705317459767794E+002
  0.935620859774802E-001  0.861094632392591E+002  0.705405987404632E+002
  0.935620859774802E-001  0.860796842234696E+002  0.705486292091940E+002
  0.935620859774802E-001  0.860452416021398E+002  0.705579854523418E+002
  0.935620859774802E-001  0.860334304256565E+002  0.705612110516591E+002
  0.935620859774802E-001  0.859520396437219E+002  0.705836836454711E+002
  0.935620859774802E-001  0.858950583200092E+002  0.705996805579640E+002
  0.935620859774802E-001  0.857664407491843E+002  0.706366422552055E+002
  0.935620859774802E-001  0.857471916794620E+002  0.706422812304275E+002
  0.935620859774802E-001  0.857247779363513E+002  0.706488840740885E+002
  0.935620859774802E-001  0.857214212710864E+002  0.706498763598629E+002
  0.935620859774802E-001  0.856942118096238E+002  0.706579535673150E+002
  0.935620859774802E-001  0.856324002994820E+002  0.706765308340229E+002
  0.935620859774802E-001  0.855922585482942E+002  0.706887714386039E+002
  0.935620859774802E-001  0.855851754897533E+002  0.706909461574078E+002
  0.935620859774802E-001  0.855521095006311E+002  0.707011587799228E+002
  0.935620859774802E-001  0.855386956071829E+002  0.707053305296187E+002
  0.935620859774802E-001  0.855070195578257E+002  0.707152493708510E+002
  0.935620859774802E-001  0.854946637663214E+002  0.707191445605707E+002
  0.935620859774802E-001  0.854861132344383E+002  0.707218488741571E+002
  0.935620859774802E-001  0.854756849360992E+002  0.707251568484247E+002
  0.935620859774802E-001  0.854092966723582E+002  0.707464746420485E+002
  0.935620859774802E-001  0.853797891958824E+002  0.707560982566978E+002
  0.935620859774802E-001  0.853756452094567E+002  0.707574573452233E+002
  0.935620859774802E-001  0.853726668894101E+002  0.707584352986886E+002
  0.935620859774802E-001  0.853338658084370E+002  0.707712662983764E+002
  0.935620859774802E-001  0.853293366706080E+002  0.707727751384360E+002
  0.935620859774802E-001  0.853262851902918E+002  0.707737930416894E+002
  0.935620859774802E-001  0.853126180085036E+002  0.707783653423182E+002
  0.935620859774802E-001  0.852673767061471E+002  0.707936585236734E+002
  0.935620859774802E-001  0.852397242277549E+002  0.708031292075118E+002
  0.935620859774802E-001  0.851713598307020E+002  0.708269656903561E+002
  0.935620859774802E-001  0.851373851085918E+002  0.708390466129204E+002
  0.935620859774802E-001  0.851251771788969E+002  0.708434274120000E+002
  0.935620859774802E-001  0.851036905233890E+002  0.708511904209987E+002
  0.935620859774802E-001  0.850996232348812E+002  0.708526675701610E+002
  0.935620859774802E-001  0.850905927114196E+002  0.708559560981079E+002
  0.935620859774802E-001  0.850603793093213E+002  0.708670487608924E+002
  0.935620859774802E-001  0.850143557693324E+002  0.708842228887491E+002
  0.935620859774802E-001  0.849765832087842E+002  0.708985805155081E+002
  0.935620859774802E-001  0.849626537544597E+002  0.709039375638864E+002
  0.935620859774802E-001  0.849555800718009E+002  0.709066712038614E+002
  0.935620859774802E-001  0.849532865694159E+002  0.709075594641811E+002
  0.935620859774802E-001  0.849213979847299E+002  0.709200096408280E+002
  0.935620859774802E-001  0.849205819824196E+002  0.709203307174576E+002
  0.935620859774802E-001  0.848993967597444E+002  0.709287111487475E+002
  0.935620859774802E-001  0.848892835695714E+002  0.709327424624328E+002
  0.935620859774802E-001  0.848719812901386E+002  0.709396866816917E+002
  0.935620859774802E-001  0.848495057195312E+002  0.709487983970382E+002
  0.935620859774802E-001  0.848491070333736E+002  0.709489609760841E+002
  0.935620859774802E-001  0.848406934545044E+002  0.709523997695516E+002
  0.935620859774802E-001  0.848310233115758E+002  0.709563708275606E+002
  0.935620859774802E-001  0.848284624841477E+002  0.709574258175096E+002
  0.935620859774802E-001  0.848210152431154E+002  0.709605020073833E+002
  0.935620859774802E-001  0.847872542816153E+002  0.709746028759808E+002
  0.935620859774802E-001  0.847671404165412E+002  0.709831289601094E+002
  0.935620859774802E-001  0.847375641025463E+002  0.709958439328246E+002
  0.935620859774802E-001  0.847351628617141E+002  0.709968858074788E+002
  0.935620859774802E-001  0.847274542785240E+002  0.710002404262692E+002
  0.935620859774802E-001  0.847197189818045E+002  0.710036220697174E+002
  0.935620859774802E-001  0.847141009926198E+002  0.710060878807166E+002
  0.935620859774802E-001  0.846793472966455E+002  0.710215302999029E+002
  0.935620859774802E-001  0.846791281334368E+002  0.710216287385984E+002
  0.935620859774802E-001  0.846735176196864E+002  0.710241533608277E+002
  0.935620859774802E-001  0.846429934062986E+002  0.710380481392511E+002
  0.935620859774802E-001  0.846424184216934E+002  0.710383125222810E+002
  0.935620859774802E-001  0.846310461312742E+002  0.710435622793232E+002
  0.935620859774802E-001  0.846289090289330E+002  0.710445532584852E+002
  0.935620859774802E-001  0.846177614454976E+002  0.710497455442911E+002
  0.935620859774802E-001  0.845999187773649E+002  0.710581387485770E+002
  0.935620859774802E-001  0.845967199522777E+002  0.710596544531194E+002
  0.935620859774802E-001  0.845867435742051E+002  0.710644034755467E+002
  0.935620859774802E-001  0.845854597546272E+002  0.710650170410400E+002
  0.935620859774802E-001  0.845735587378831E+002  0.710707316455721E+002
  0.935620859774802E-001  0.845670273101963E+002  0.710738887851579E+002
  0.935620859774802E-001  0.845659990786669E+002  0.710743871762961E+002
  0.935620859774802E-001  0.845355297376954E+002  0.710893296073317E+002
  0.935620859774802E-001  0.845314716843962E+002  0.710913457593521E+002
  0.935620859774802E-001  0.845245748516127E+002  0.710947867875749E+002
  0.935620859774802E-001  0.845219231583680E+002  0.710961147017818E+002
  0.935620859774802E-001  0.845212407922656E+002  0.710964568614196E+002
  0.935620859774802E-001  0.845142935615210E+002  0.710999508600017E+002
  0.935620859774802E-001  0.845117095281317E+002  0.711012553486825E+002
  0.935620859774802E-001  0.845059786305228E+002  0.711041580348577E+002
  0.935620859774802E-001  0.845000291017514E+002  0.711071855835838E+002
  0.935620859774802E-001  0.844987788045367E+002  0.711078236738275E+002
  0.935620859774802E-001  0.844981805552824E+002  0.711081292194225E+002
  0.935620859774802E-001  0.844967987927508E+002  0.711088354980269E+002
  0.935620859774802E-001  0.844956264085744E+002  0.711094353764414E+002
  0.935620859774802E-001  0.844798785265528E+002  0.711175493560022E+002
  0.935620859774802E-001  0.844754648565150E+002  0.711198425688526E+002
  0.935620859774802E-001  0.844730182794185E+002  0.711211174095141E+002
  0.935620859774802E-001  0.844650873283148E+002  0.711252682285271E+002
  0.935620859774802E-001  0.844387687870579E+002  0.711392486388320E+002
  0.935620859774802E-001  0.844291584874830E+002  0.711444356715438E+002
  0.935620859774802E-001  0.844283028362934E+002  0.711448996965990E+002
  0.935620859774802E-001  0.844221410283886E+002  0.711482520620486E+002
  0.935620859774802E-001  0.844122345938871E+002  0.711536820153184E+002
  0.935620859774802E-001  0.844121185723988E+002  0.711537459083477E+002
  0.935620859774802E-001  0.844110791542747E+002  0.711543186277758E+002
  0.935620859774802E-001  0.844102378540678E+002  0.711547825959209E+002
  0.935620859774802E-001  0.844056659977140E+002  0.711573104051301E+002
  0.935620859774802E-001  0.844013983908869E+002  0.711596799599477E+002
  0.935620859774802E-001  0.863355156424539E+002  0.711643274052374E+002
  0.935620859774802E-001  0.863323746924249E+002  0.711660918297252E+002
  0.935620859774802E-001  0.863252989397013E+002  0.711700867016520E+002
  0.935620859774802E-001  0.863195592376019E+002  0.711733480128351E+002
  0.935620859774802E-001  0.863166247544719E+002  0.711750226887379E+002
  0.935620859774802E-001  0.863160846496698E+002  0.711753314633014E+002
  0.935620859774802E-001  0.863073398367343E+002  0.711803546040997E+002
  0.935620859774802E-001  0.862906817682440E+002  0.711900505745299E+002
  0.935620859774802E-001  0.862901240045440E+002  0.711903781949160E+002
  0.935620859774802E-001  0.862870050129522E+002  0.711922138580048E+002
  0.935620859774802E-001  0.862856984034154E+002  0.711929846918224E+002
  0.935620859774802E-001  0.862776216301403E+002  0.711977739852874E+002
  0.935620859774802E-001  0.862701033617864E+002  0.712022705631785E+002
  0.935620859774802E-001  0.862572664684241E+002  0.712100366198373E+002
  0.935620859774802E-001  0.862517347898847E+002  0.712134186041168E+002
  0.935620859774802E-001  0.862481723213884E+002  0.712156082298629E+002
  0.935620859774802E-001  0.862426541587864E+002  0.712190181286452E+002
  0.935620859774802E-001  0.862416745612640E+002  0.712196258056444E+002
  0.935620859774802E-001  0.862383905094902E+002  0.712216682282668E+002
  0.935620859774802E-001  0.862348480141744E+002  0.712238804758889E+002
  0.935620859774802E-001  0.862308165721148E+002  0.712264096987591E+002
  0.935620859774802E-001  0.862092965301200E+002  0.712401280422489E+002
  0.935620859774802E-001  0.862048606304873E+002  0.712430030283333E+002
  0.935620859774802E-001  0.862040044801058E+002  0.712435598386046E+002
  0.935620859774802E-001  0.861788532858034E+002  0.712602066285821E+002
  0.935620859774802E-001  0.861733754970056E+002  0.712639096848602E+002
  0.935620859774802E-001  0.861728926524123E+002  0.712642374816132E+002
  0.935620859774802E-001  0.861634768488256E+002  0.712706756843486E+002
  0.935620859774802E-001  0.861563134740619E+002  0.712756337708374E+002
  0.935620859774802E-001  0.861479359827716E+002  0.712815004819641E+002
  0.935620859774802E-001  0.861419479074064E+002  0.712857405160500E+002
  0.935620859774802E-001  0.861403892559633E+002  0.712868506987469E+002
  0.935620859774802E-001  0.861327251800411E+002  0.712923498147390E+002
  0.935620859774802E-001  0.861327116179789E+002  0.712923596058896E+002
  0.935620859774802E-001  0.861321039106206E+002  0.712927985620155E+002
  0.935620859774802E-001  0.861311471958756E+002  0.712934904894056E+002
  0.935620859774802E-001  0.861286540756513E+002  0.712952986743960E+002
  0.935620859774802E-001  0.861274536413956E+002  0.712961719514338E+002
  0.935620859774802E-001  0.861274003850566E+002  0.712962107336678E+002
  0.935620859774802E-001  0.861231650217021E+002  0.712993059758347E+002
