  0.717377354148207E+002 -0.429119748973768E+002
  0.717394352399284E+002 -0.429119759490345E+002
  0.717367591924148E+002 -0.429119763224998E+002
  0.717395380793982E+002 -0.429119761566508E+002
  0.717367042666322E+002 -0.429119764466727E+002
  0.717397056707481E+002 -0.429119765301927E+002
  0.717394817737737E+002 -0.429119760409437E+002
  0.717371760496922E+002 -0.429119755328469E+002
  0.717383069517913E+002 -0.429119747501089E+002
  0.717379241360173E+002 -0.429119747926350E+002
  0.717386674777127E+002 -0.429119749182131E+002
  0.717385944998191E+002 -0.429119748678863E+002
  0.717398541746052E+002 -0.429119768976507E+002
  0.717367256306677E+002 -0.429119763978173E+002
  0.717382016217175E+002 -0.429119747391083E+002
  0.717380350356989E+002 -0.429119747568933E+002
  0.717392995974884E+002 -0.429119757003196E+002
  0.717383242465043E+002 -0.429119747535623E+002
  0.717385673968487E+002 -0.429119748513025E+002
  0.717386567273537E+002 -0.429119749102799E+002
  0.717375983291772E+002 -0.429119750081510E+002
  0.717379583615069E+002 -0.429119747795663E+002
  0.717385778190943E+002 -0.429119748575446E+002
  0.717391681448546E+002 -0.429119754865579E+002
  0.717394777907264E+002 -0.429119760329452E+002
  0.717388648484947E+002 -0.429119750957680E+002
  0.717386386404900E+002 -0.429119748973378E+002
  0.717398779929160E+002 -0.429119769597747E+002
  0.717394893624197E+002 -0.429119760562511E+002
  0.717371785702749E+002 -0.429119755288932E+002
  0.717388121074243E+002 -0.429119750423974E+002
  0.717380065346779E+002 -0.429119747642548E+002
  0.717367914094447E+002 -0.429119762518461E+002
  0.717367131142337E+002 -0.429119764263539E+002
  0.717378459621840E+002 -0.429119748293098E+002
  0.717382412919004E+002 -0.429119747412283E+002
  0.717372857174108E+002 -0.429119753699528E+002
  0.717389888235511E+002 -0.429119752382394E+002
  0.717389462741493E+002 -0.429119751866509E+002
  0.717378981313065E+002 -0.429119748037812E+002
  0.717389236830408E+002 -0.429119751604036E+002
  0.717369744265255E+002 -0.429119758810753E+002
  0.717388846078264E+002 -0.429119751168759E+002
  0.717396858381748E+002 -0.429119764837121E+002
  0.717388408481358E+002 -0.429119750709454E+002
  0.717389648203834E+002 -0.429119752087913E+002
  0.717387925924040E+002 -0.429119750237447E+002
  0.717388432479808E+002 -0.429119750733872E+002
  0.717366964534557E+002 -0.429119764647170E+002
  0.717365029695022E+002 -0.429119769418137E+002
  0.717392789351794E+002 -0.429119756649416E+002
  0.717386734245189E+002 -0.429119749226787E+002
  0.717371894607889E+002 -0.429119755119241E+002
  0.717375100155451E+002 -0.429119750949754E+002
  0.717371583380239E+002 -0.429119755609071E+002
  0.717380165417381E+002 -0.429119747615263E+002
  0.717390119812180E+002 -0.429119752674986E+002
  0.717389456627971E+002 -0.429119751859302E+002
  0.717386319491975E+002 -0.429119748926786E+002
  0.717388698397099E+002 -0.429119751010426E+002
  0.717376863415013E+002 -0.429119749336766E+002
  0.717375022328635E+002 -0.429119751032077E+002
  0.717396886041817E+002 -0.429119764901579E+002
  0.717396329077158E+002 -0.429119763626529E+002
  0.717388496002356E+002 -0.429119750798937E+002
  0.717386813113011E+002 -0.429119749286858E+002
  0.717395759301285E+002 -0.429119762372015E+002
  0.717388606917168E+002 -0.429119750914048E+002
  0.717371199519902E+002 -0.429119756233938E+002
  0.717387379502599E+002 -0.429119749746643E+002
  0.717393607317233E+002 -0.429119758088778E+002
  0.717377509889238E+002 -0.429119748866385E+002
  0.717371211267622E+002 -0.429119756214475E+002
  0.717369676342905E+002 -0.429119758939059E+002
  0.717375478874624E+002 -0.429119750562583E+002
  0.717367503619263E+002 -0.429119763421471E+002
  0.717383611418663E+002 -0.429119747624826E+002
  0.717372252148968E+002 -0.429119754575093E+002
  0.717382495298762E+002 -0.429119747419751E+002
  0.717381213047094E+002 -0.429119747423013E+002
  0.717372649735859E+002 -0.429119753993318E+002
  0.717385961020907E+002 -0.429119748689024E+002
  0.717373182705721E+002 -0.429119753251962E+002
  0.717391366350454E+002 -0.429119754393066E+002
  0.717373133391264E+002 -0.429119753318706E+002
  0.717398119732446E+002 -0.429119767897432E+002
  0.717394910744161E+002 -0.429119760597168E+002
  0.717365962631886E+002 -0.429119767045082E+002
  0.717398206354964E+002 -0.429119768116667E+002
  0.717387700323355E+002 -0.429119750029187E+002
  0.717382488746565E+002 -0.429119747419118E+002
  0.717381927913505E+002 -0.429119747389691E+002
  0.717388333648515E+002 -0.429119750633888E+002
  0.717381732708329E+002 -0.429119747390911E+002
  0.717380212179362E+002 -0.429119747603047E+002
  0.717382770721804E+002 -0.429119747452372E+002
  0.717393585937613E+002 -0.429119758049834E+002
  0.717394642715576E+002 -0.429119760059803E+002
  0.717386582990624E+002 -0.429119749114286E+002
  0.717385336329785E+002 -0.429119748322391E+002
  0.717397296812071E+002 -0.429119765872825E+002
  0.717391065164292E+002 -0.429119753955831E+002
  0.717387961981630E+002 -0.429119750271466E+002
  0.717391216617671E+002 -0.429119754173936E+002
  0.717377890617943E+002 -0.429119748619739E+002
  0.717389769142182E+002 -0.429119752235167E+002
  0.717390672431561E+002 -0.429119753406866E+002
  0.717366718697815E+002 -0.429119765221109E+002
  0.717384840944549E+002 -0.429119748074746E+002
  0.717392961498474E+002 -0.429119756943705E+002
  0.717367942207882E+002 -0.429119762457571E+002
  0.717390626385097E+002 -0.429119753344071E+002
  0.717375510183628E+002 -0.429119750531573E+002
  0.717382208528419E+002 -0.429119747398307E+002
  0.717373065556430E+002 -0.429119753411132E+002
  0.717379516494699E+002 -0.429119747819858E+002
  0.717376050741572E+002 -0.429119750020178E+002
  0.717394329338223E+002 -0.429119759445672E+002
  0.717379188553118E+002 -0.429119747948134E+002
  0.717374708238565E+002 -0.429119751373875E+002
  0.717384279946461E+002 -0.429119747840330E+002
  0.717386038620475E+002 -0.429119748738801E+002
  0.717370918426347E+002 -0.429119756706035E+002
  0.717372598427228E+002 -0.429119754067016E+002
  0.717387023348449E+002 -0.429119749451708E+002
  0.717383253661773E+002 -0.429119747538019E+002
  0.717379268390141E+002 -0.429119747915367E+002
  0.717371743970240E+002 -0.429119755354445E+002
  0.717389417070844E+002 -0.429119751812808E+002
  0.717371806116647E+002 -0.429119755256984E+002
  0.717376984213539E+002 -0.429119749243939E+002
  0.717381810368008E+002 -0.429119747389716E+002
  0.717396349160641E+002 -0.429119763671668E+002
  0.717375039405440E+002 -0.429119751013933E+002
  0.717379552265466E+002 -0.429119747806876E+002
  0.717395277208678E+002 -0.429119761349945E+002
  0.717365984392980E+002 -0.429119766991343E+002
  0.717391933241105E+002 -0.429119755254248E+002
  0.717368050741952E+002 -0.429119762223655E+002
  0.717369110236470E+002 -0.429119760036315E+002
  0.717366554208539E+002 -0.429119765610373E+002
  0.717383176086141E+002 -0.429119747521819E+002
  0.717396922856532E+002 -0.429119764987557E+002
  0.717393336973492E+002 -0.429119757601559E+002
  0.717388426361418E+002 -0.429119750727639E+002
  0.717365456853200E+002 -0.429119768314820E+002
  0.717393815371791E+002 -0.429119758471469E+002
  0.717395045157560E+002 -0.429119760870852E+002
  0.717382973929716E+002 -0.429119747483995E+002
  0.717393456189568E+002 -0.429119757815014E+002
  0.717393223744934E+002 -0.429119757400870E+002
  0.717378187728708E+002 -0.429119748442906E+002
  0.717387643607575E+002 -0.429119749978075E+002
  0.717383619992621E+002 -0.429119747627151E+002
  0.717376731765405E+002 -0.429119749440512E+002
  0.717369222852579E+002 -0.429119759814070E+002
  0.717380032955361E+002 -0.429119747651713E+002
  0.717368195527779E+002 -0.429119761914456E+002
  0.717372926228516E+002 -0.429119753603211E+002
  0.717375437307864E+002 -0.429119750603989E+002
  0.717394951486003E+002 -0.429119760679828E+002
  0.717373340626503E+002 -0.429119753040771E+002
  0.717383586050741E+002 -0.429119747618016E+002
  0.717374517114933E+002 -0.429119751589359E+002
  0.717397430876625E+002 -0.429119766195487E+002
  0.717374889312797E+002 -0.429119751174956E+002
  0.717380772860987E+002 -0.429119747483023E+002
  0.717384266589633E+002 -0.429119747835345E+002
  0.717383736734347E+002 -0.429119747659935E+002
  0.717371017866507E+002 -0.429119756537622E+002
  0.717375596183178E+002 -0.429119750447177E+002
  0.717384011775208E+002 -0.429119747745544E+002
  0.717387012307535E+002 -0.429119749442879E+002
  0.717385290694143E+002 -0.429119748297984E+002
  0.717386172721940E+002 -0.429119748827025E+002
  0.717365151868389E+002 -0.429119769099679E+002
  0.717375973705517E+002 -0.429119750090284E+002
  0.717367029407977E+002 -0.429119764497280E+002
  0.717383953060340E+002 -0.429119747726282E+002
  0.717375268404260E+002 -0.429119750775000E+002
  0.717391652678639E+002 -0.429119754821796E+002
  0.717368773438907E+002 -0.429119760712732E+002
  0.717392432620844E+002 -0.429119756054229E+002
  0.717375529653441E+002 -0.429119750512365E+002
  0.717394976126260E+002 -0.429119760729945E+002
  0.717389765558836E+002 -0.429119752230771E+002
  0.717383170263308E+002 -0.429119747520641E+002
  0.717372213980424E+002 -0.429119754632236E+002
  0.717368619034424E+002 -0.429119761028726E+002
  0.717397385838668E+002 -0.429119766086780E+002
  0.717387772803125E+002 -0.429119750095234E+002
  0.717373046475377E+002 -0.429119753437259E+002
  0.717371385829763E+002 -0.429119755927795E+002
  0.717388479385028E+002 -0.429119750781856E+002
  0.717392040212802E+002 -0.429119755422351E+002
  0.717391601046332E+002 -0.429119754743544E+002
  0.717383180073259E+002 -0.429119747522629E+002
  0.717391890083792E+002 -0.429119755186930E+002
  0.717397746779898E+002 -0.429119766966833E+002
  0.717379713896771E+002 -0.429119747750697E+002
  0.717366527480441E+002 -0.429119765674023E+002
  0.717377364474093E+002 -0.429119748966531E+002
  0.717376695410242E+002 -0.429119749469636E+002
  0.717373952828642E+002 -0.429119752258676E+002
  0.717366722434894E+002 -0.429119765212314E+002
  0.717377830317260E+002 -0.429119748657303E+002
  0.717379127533876E+002 -0.429119747973846E+002
  0.717395803877155E+002 -0.429119762468342E+002
  0.717391088887012E+002 -0.429119753989759E+002
  0.717392056977473E+002 -0.429119755448857E+002
  0.717378376914676E+002 -0.429119748337453E+002
  0.717370181105408E+002 -0.429119758002687E+002
  0.717382140534949E+002 -0.429119747395096E+002
  0.717390835909566E+002 -0.429119753632466E+002
  0.717390021414865E+002 -0.429119752549645E+002
  0.717387111530989E+002 -0.429119749522897E+002
  0.717383419114230E+002 -0.429119747575694E+002
  0.717385356032730E+002 -0.429119748333029E+002
  0.717369482753818E+002 -0.429119759308682E+002
  0.717392208629912E+002 -0.429119755690616E+002
  0.717373725698752E+002 -0.429119752542044E+002
  0.717396497367533E+002 -0.429119764006713E+002
  0.717392464723580E+002 -0.429119756106982E+002
  0.717371484029417E+002 -0.429119755768604E+002
  0.717373069152899E+002 -0.429119753406214E+002
  0.717368385963560E+002 -0.429119761512728E+002
  0.717377404301946E+002 -0.429119748938775E+002
  0.717375312706092E+002 -0.429119750729717E+002
  0.717390855593017E+002 -0.429119753659909E+002
  0.717394628368014E+002 -0.429119760031353E+002
  0.717367687843871E+002 -0.429119763012955E+002
  0.717371967316866E+002 -0.429119755006976E+002
  0.717375634769724E+002 -0.429119750409683E+002
  0.717381366007557E+002 -0.429119747409207E+002
  0.717387941576007E+002 -0.429119750252189E+002
  0.717381620438643E+002 -0.429119747394294E+002
  0.717390548550100E+002 -0.429119753238674E+002
  0.717378310541362E+002 -0.429119748373817E+002
  0.717389662570951E+002 -0.429119752105288E+002
  0.717388997082749E+002 -0.429119751334158E+002
  0.717383975500791E+002 -0.429119747733581E+002
  0.717391384140273E+002 -0.429119754419332E+002
  0.717389211428157E+002 -0.429119751575018E+002
  0.717393365221692E+002 -0.429119757651938E+002
  0.717379788545780E+002 -0.429119747726121E+002
  0.717376601025552E+002 -0.429119749546205E+002
  0.717395349306289E+002 -0.429119761500501E+002
  0.717374689835204E+002 -0.429119751394377E+002
  0.717387114958168E+002 -0.429119749525688E+002
  0.717381382820090E+002 -0.429119747407912E+002
  0.717391523851075E+002 -0.429119754627322E+002
  0.717372737941494E+002 -0.429119753867577E+002
  0.717365411007215E+002 -0.429119768431879E+002
  0.717373749044476E+002 -0.429119752512548E+002
  0.717382983467009E+002 -0.429119747485637E+002
  0.717378788415071E+002 -0.429119748127279E+002
  0.717368237666769E+002 -0.429119761825078E+002
  0.717373893035756E+002 -0.429119752332497E+002
  0.717395115308334E+002 -0.429119761014803E+002
  0.717375839863669E+002 -0.429119750214279E+002
  0.717385069920935E+002 -0.429119748184474E+002
  0.717382461952999E+002 -0.429119747416601E+002
  0.717393693127626E+002 -0.429119758245801E+002
  0.717399028793441E+002 -0.429119770256261E+002
  0.717393663227344E+002 -0.429119758190958E+002
  0.717368156513968E+002 -0.429119761997452E+002
  0.717371874012225E+002 -0.429119755151191E+002
  0.717386860729115E+002 -0.429119749323593E+002
  0.717378172982043E+002 -0.429119748451360E+002
  0.717398221627424E+002 -0.429119768155441E+002
  0.717370515355410E+002 -0.429119757404411E+002
  0.717377151646765E+002 -0.429119749119026E+002
  0.717375913119309E+002 -0.429119750146068E+002
  0.717364758043077E+002 -0.429119770134538E+002
  0.717387596709734E+002 -0.429119749936188E+002
  0.717382993710694E+002 -0.429119747487416E+002
  0.717390428162514E+002 -0.429119753077509E+002
  0.717388181534700E+002 -0.429119750482964E+002
  0.717387852499524E+002 -0.429119750168798E+002
  0.717373947964755E+002 -0.429119752264660E+002
  0.717385377774221E+002 -0.429119748344838E+002
  0.717391982103096E+002 -0.429119755330812E+002
  0.717375699675145E+002 -0.429119750347137E+002
  0.717371565057948E+002 -0.429119755638377E+002
  0.717370244084987E+002 -0.429119757888633E+002
  0.717368473377997E+002 -0.429119761330211E+002
  0.717365653201769E+002 -0.429119767817176E+002
  0.717369143087535E+002 -0.429119759971281E+002
  0.717394257770961E+002 -0.429119759307560E+002
  0.717369211795393E+002 -0.429119759835804E+002
  0.717374906539792E+002 -0.429119751156297E+002
  0.717368784524755E+002 -0.429119760690187E+002
  0.717387675845135E+002 -0.429119750007066E+002
  0.717374762460280E+002 -0.429119751313776E+002
  0.717378588771108E+002 -0.429119748225962E+002
  0.717381100967876E+002 -0.429119747435437E+002
  0.717397112484014E+002 -0.429119765433749E+002
  0.717378890328516E+002 -0.429119748079291E+002
  0.717380266457552E+002 -0.429119747589293E+002
  0.717396858691123E+002 -0.429119764837841E+002
