  0.559752027754116E-001  0.609887039378266E+002  0.758280783427041E+002
  0.559752027754116E-001  0.572537428751393E+002  0.753556040668624E+002
  0.559752027754116E-001  0.495310803623130E+002  0.739028333634635E+002
  0.559752027754116E-001  0.556371062471273E+002  0.701826778794054E+002
  0.559752027754116E-001  0.553417463615589E+002  0.750783754462244E+002
  0.559752027754116E-001  0.495554750878595E+002  0.713958429867957E+002
  0.559752027754116E-001  0.495657290964630E+002  0.739130973264294E+002
  0.559752027754116E-001  0.495747776727708E+002  0.739157640400419E+002
  0.559752027754116E-001  0.545984899463063E+002  0.749616392079810E+002
  0.559752027754116E-001  0.495748025394307E+002  0.713901401474005E+002
  0.559752027754116E-001  0.541766394734716E+002  0.748926781243521E+002
  0.559752027754116E-001  0.495792947648220E+002  0.739170931710028E+002
  0.559752027754116E-001  0.537681732829254E+002  0.704820930085193E+002
  0.559752027754116E-001  0.537665141779584E+002  0.704823771565626E+002
  0.559752027754116E-001  0.537281913814285E+002  0.704889509275664E+002
  0.559752027754116E-001  0.537065426261293E+002  0.748132381797294E+002
  0.559752027754116E-001  0.536914611683976E+002  0.704952703087492E+002
  0.559752027754116E-001  0.495850044693725E+002  0.713871402831015E+002
  0.559752027754116E-001  0.496041343315351E+002  0.739243772568086E+002
  0.559752027754116E-001  0.534426868169891E+002  0.705385686971632E+002
  0.559752027754116E-001  0.534327638550233E+002  0.747655973470616E+002
  0.559752027754116E-001  0.496045961915190E+002  0.713813992082275E+002
  0.559752027754116E-001  0.530824559235019E+002  0.747030255814223E+002
  0.559752027754116E-001  0.530792404440006E+002  0.747024423866568E+002
  0.559752027754116E-001  0.528960672307371E+002  0.706369699608420E+002
  0.559752027754116E-001  0.496145550510771E+002  0.739274206875590E+002
  0.559752027754116E-001  0.496451225267431E+002  0.713696050503274E+002
  0.559752027754116E-001  0.496567637695403E+002  0.713662371497998E+002
  0.559752027754116E-001  0.496815686120230E+002  0.713590901596466E+002
  0.559752027754116E-001  0.527254544826698E+002  0.706686822857809E+002
  0.559752027754116E-001  0.527181488681554E+002  0.706700515266169E+002
  0.559752027754116E-001  0.526423038927610E+002  0.746215886171213E+002
  0.559752027754116E-001  0.526327690363694E+002  0.706861243439963E+002
  0.559752027754116E-001  0.525893216866925E+002  0.746115575316347E+002
  0.559752027754116E-001  0.497089122369348E+002  0.739546543652671E+002
  0.559752027754116E-001  0.523997241188029E+002  0.707306791310747E+002
  0.559752027754116E-001  0.523883817366545E+002  0.707328740129478E+002
  0.559752027754116E-001  0.523712377243510E+002  0.707361963477436E+002
  0.559752027754116E-001  0.523607862734377E+002  0.745676869474015E+002
  0.559752027754116E-001  0.523043035944520E+002  0.707492230070249E+002
  0.559752027754116E-001  0.522838866393614E+002  0.745526971931162E+002
  0.559752027754116E-001  0.497106653462552E+002  0.713507565440904E+002
  0.559752027754116E-001  0.521898002460444E+002  0.707717166749688E+002
  0.559752027754116E-001  0.521859148084216E+002  0.745334268364874E+002
  0.559752027754116E-001  0.521522113583226E+002  0.707791597126135E+002
  0.559752027754116E-001  0.521258326879144E+002  0.707844007000220E+002
  0.559752027754116E-001  0.520833763960640E+002  0.745130444641208E+002
  0.559752027754116E-001  0.520636573041693E+002  0.745090990841863E+002
  0.559752027754116E-001  0.520615691837618E+002  0.745086808035945E+002
  0.559752027754116E-001  0.520001395546466E+002  0.708095784106742E+002
  0.559752027754116E-001  0.497190329912058E+002  0.713483698170668E+002
  0.559752027754116E-001  0.519919386932788E+002  0.744946784139828E+002
  0.559752027754116E-001  0.497348890184464E+002  0.713438590927933E+002
  0.559752027754116E-001  0.519403609971952E+002  0.744842373380878E+002
  0.559752027754116E-001  0.497354309383891E+002  0.713437052019993E+002
  0.559752027754116E-001  0.497728139071860E+002  0.739727787599322E+002
  0.559752027754116E-001  0.519226751685550E+002  0.744806433933061E+002
  0.559752027754116E-001  0.519076749383388E+002  0.744775896420028E+002
  0.559752027754116E-001  0.497823616985840E+002  0.739754654660457E+002
  0.559752027754116E-001  0.518026855260843E+002  0.744560710926638E+002
  0.559752027754116E-001  0.517686567251412E+002  0.708568702533625E+002
  0.559752027754116E-001  0.517258432137585E+002  0.744401573481380E+002
  0.559752027754116E-001  0.516799771454058E+002  0.708753207382796E+002
  0.559752027754116E-001  0.497995799339866E+002  0.739802968545469E+002
  0.559752027754116E-001  0.516133026958877E+002  0.744165915109056E+002
  0.559752027754116E-001  0.498047836247797E+002  0.713241579692867E+002
  0.559752027754116E-001  0.515696154408712E+002  0.708985533399414E+002
  0.559752027754116E-001  0.498073747902652E+002  0.713234332120141E+002
  0.559752027754116E-001  0.514960807243520E+002  0.709142056925724E+002
  0.559752027754116E-001  0.498193274184644E+002  0.713200951254475E+002
  0.559752027754116E-001  0.514864674338902E+002  0.743896491362574E+002
  0.559752027754116E-001  0.498194832931899E+002  0.739858598596160E+002
  0.559752027754116E-001  0.498410613334404E+002  0.713140466811258E+002
  0.559752027754116E-001  0.498627411202695E+002  0.713080404000746E+002
  0.559752027754116E-001  0.513854627735879E+002  0.743678909797433E+002
  0.559752027754116E-001  0.498820904656471E+002  0.740032091877633E+002
  0.559752027754116E-001  0.513397081422701E+002  0.743579432607145E+002
  0.559752027754116E-001  0.513041590594788E+002  0.743501741277723E+002
  0.559752027754116E-001  0.512905007726319E+002  0.709587318267640E+002
  0.559752027754116E-001  0.499259821974517E+002  0.740152404614790E+002
  0.559752027754116E-001  0.499335694974122E+002  0.740173094803222E+002
  0.559752027754116E-001  0.512056789526736E+002  0.709774479979672E+002
  0.559752027754116E-001  0.511597209269467E+002  0.709876766248250E+002
  0.559752027754116E-001  0.511515420836770E+002  0.709895035379012E+002
  0.559752027754116E-001  0.499346005418159E+002  0.740175903988787E+002
  0.559752027754116E-001  0.499603689995393E+002  0.712813189177431E+002
  0.559752027754116E-001  0.510898119593362E+002  0.743025540130059E+002
  0.559752027754116E-001  0.510630322799301E+002  0.742965075890921E+002
  0.559752027754116E-001  0.510258602516617E+002  0.742880776818212E+002
  0.559752027754116E-001  0.510193265122204E+002  0.742865914593108E+002
  0.559752027754116E-001  0.510008874762658E+002  0.742823898410461E+002
  0.559752027754116E-001  0.499606523350358E+002  0.712812421242474E+002
  0.559752027754116E-001  0.509780950189448E+002  0.710287303004617E+002
  0.559752027754116E-001  0.499634065425613E+002  0.712804958648116E+002
  0.559752027754116E-001  0.509351704872410E+002  0.710385852303221E+002
  0.559752027754116E-001  0.509220480668969E+002  0.710416100014821E+002
  0.559752027754116E-001  0.509126583040639E+002  0.742621336384702E+002
  0.559752027754116E-001  0.508822218303234E+002  0.710508250769093E+002
  0.559752027754116E-001  0.508820799162890E+002  0.710508580080384E+002
  0.559752027754116E-001  0.499814425313036E+002  0.712756189618308E+002
  0.559752027754116E-001  0.499990637271239E+002  0.740350406702454E+002
  0.559752027754116E-001  0.500137245721756E+002  0.740389787158068E+002
  0.559752027754116E-001  0.500208759297817E+002  0.712650159225830E+002
  0.559752027754116E-001  0.507903743064157E+002  0.742336297669049E+002
  0.559752027754116E-001  0.500297861933109E+002  0.740432802195919E+002
  0.559752027754116E-001  0.507525410640153E+002  0.710812052078993E+002
  0.559752027754116E-001  0.507225747632620E+002  0.710883092715532E+002
  0.559752027754116E-001  0.507204126558336E+002  0.710888230869382E+002
  0.559752027754116E-001  0.506994114642259E+002  0.710938227386566E+002
  0.559752027754116E-001  0.500707992337170E+002  0.740542041203708E+002
  0.559752027754116E-001  0.506231916588155E+002  0.711121042905780E+002
  0.559752027754116E-001  0.506229651849805E+002  0.741937525739288E+002
  0.559752027754116E-001  0.500719857788092E+002  0.740545188916507E+002
  0.559752027754116E-001  0.500888443224767E+002  0.712469279300648E+002
  0.559752027754116E-001  0.505521146929687E+002  0.741765615481992E+002
  0.559752027754116E-001  0.501035881922498E+002  0.740628766416123E+002
  0.559752027754116E-001  0.505445098325925E+002  0.711312067298651E+002
  0.559752027754116E-001  0.505340600246924E+002  0.711337618114730E+002
  0.559752027754116E-001  0.505243148876967E+002  0.711361484725495E+002
  0.559752027754116E-001  0.501246838795021E+002  0.712374832495429E+002
  0.559752027754116E-001  0.504915130332902E+002  0.711442096469997E+002
  0.559752027754116E-001  0.501313476418507E+002  0.712357341095943E+002
  0.559752027754116E-001  0.501409966586712E+002  0.712332052033540E+002
  0.559752027754116E-001  0.501486831892072E+002  0.712311938631307E+002
  0.559752027754116E-001  0.503594391451723E+002  0.741287987351771E+002
  0.559752027754116E-001  0.503531756579247E+002  0.741272200950930E+002
  0.559752027754116E-001  0.503516081644431E+002  0.711790867463341E+002
  0.559752027754116E-001  0.503041366617313E+002  0.741148014565376E+002
  0.559752027754116E-001  0.502659186011595E+002  0.741050494750274E+002
  0.559752027754116E-001  0.502603842421436E+002  0.712022796519595E+002
  0.559752027754116E-001  0.502587122675388E+002  0.741032033095321E+002
  0.559752027754116E-001  0.502548226017223E+002  0.741022058523254E+002
  0.559752027754116E-001  0.502542277838865E+002  0.741020532580445E+002
  0.559752027754116E-001  0.501498415601117E+002  0.712308909980070E+002
  0.559752027754116E-001  0.501627181651632E+002  0.740783828656322E+002
  0.559752027754116E-001  0.502054490056597E+002  0.712164271016466E+002
  0.559752027754116E-001  0.502009694213757E+002  0.740883246321169E+002
  0.559752027754116E-001  0.501957451557176E+002  0.712189406349419E+002
  0.559752027754116E-001  0.505175251524236E+002  0.739008070151009E+002
  0.559752027754116E-001  0.505134658434326E+002  0.738995970449880E+002
  0.559752027754116E-001  0.504999546009296E+002  0.738955612222534E+002
  0.559752027754116E-001  0.504525517210013E+002  0.738812970662458E+002
  0.559752027754116E-001  0.504437979842121E+002  0.738786447927939E+002
  0.559752027754116E-001  0.504390692953940E+002  0.738772096685299E+002
  0.559752027754116E-001  0.503846775763863E+002  0.738605795325836E+002
  0.559752027754116E-001  0.503713667676617E+002  0.738564747869234E+002
  0.559752027754116E-001  0.503681699832152E+002  0.738554868859357E+002
  0.559752027754116E-001  0.503637123712142E+002  0.738541079955340E+002
  0.559752027754116E-001  0.503491906972923E+002  0.738496049305753E+002
  0.559752027754116E-001  0.503487802275725E+002  0.738494774006311E+002
  0.559752027754116E-001  0.503328292204978E+002  0.738445109679724E+002
  0.559752027754116E-001  0.503092537407023E+002  0.738371324719245E+002
  0.559752027754116E-001  0.502744296778306E+002  0.738261485733216E+002
  0.559752027754116E-001  0.502553990036584E+002  0.738201024074145E+002
  0.559752027754116E-001  0.502401702940627E+002  0.738152414956467E+002
  0.559752027754116E-001  0.502386444850587E+002  0.738147533457282E+002
  0.559752027754116E-001  0.502380649862340E+002  0.738145678937376E+002
  0.559752027754116E-001  0.502259983024145E+002  0.738106995480636E+002
  0.559752027754116E-001  0.502232253270025E+002  0.738098087578960E+002
  0.559752027754116E-001  0.502185000606458E+002  0.738082892317390E+002
  0.559752027754116E-001  0.501993342128709E+002  0.738021053774080E+002
  0.559752027754116E-001  0.501922898075162E+002  0.737998241226082E+002
  0.559752027754116E-001  0.501911807271705E+002  0.737994645453057E+002
  0.559752027754116E-001  0.501868877648682E+002  0.737980716504753E+002
  0.559752027754116E-001  0.501781685284893E+002  0.737952373783244E+002
  0.559752027754116E-001  0.501694172119240E+002  0.737923855891605E+002
  0.559752027754116E-001  0.501207037111851E+002  0.737763790397564E+002
  0.559752027754116E-001  0.501061099148960E+002  0.737715391427201E+002
  0.559752027754116E-001  0.500437382429648E+002  0.737506136793681E+002
  0.559752027754116E-001  0.500281196677337E+002  0.737453109502689E+002
  0.559752027754116E-001  0.500092247665099E+002  0.737388612502552E+002
  0.559752027754116E-001  0.499958806989099E+002  0.737342831278689E+002
  0.559752027754116E-001  0.499926885905503E+002  0.737331850940037E+002
  0.559752027754116E-001  0.499907233744145E+002  0.737325085358639E+002
  0.559752027754116E-001  0.499902888815477E+002  0.737323588972700E+002
  0.559752027754116E-001  0.499815710142240E+002  0.737293520827555E+002
  0.559752027754116E-001  0.499593238585171E+002  0.737216406424990E+002
  0.559752027754116E-001  0.499426901748764E+002  0.737158384239992E+002
  0.559752027754116E-001  0.499410583757265E+002  0.737152675072570E+002
  0.559752027754116E-001  0.499399247059142E+002  0.737148706900781E+002
  0.559752027754116E-001  0.499355708975678E+002  0.737133453511646E+002
  0.559752027754116E-001  0.499035320192254E+002  0.737020524549066E+002
  0.559752027754116E-001  0.499020435522888E+002  0.737015248514420E+002
  0.559752027754116E-001  0.498953157354428E+002  0.736991367835001E+002
  0.559752027754116E-001  0.498787080107589E+002  0.736932183301341E+002
  0.559752027754116E-001  0.498516219428087E+002  0.736834928146982E+002
  0.559752027754116E-001  0.498018123021523E+002  0.736653643368163E+002
  0.559752027754116E-001  0.497999710198680E+002  0.736646879667163E+002
  0.559752027754116E-001  0.497905897125924E+002  0.736612348257360E+002
  0.559752027754116E-001  0.497892406562333E+002  0.736607372820088E+002
  0.559752027754116E-001  0.497718421372553E+002  0.736542984032838E+002
  0.559752027754116E-001  0.497640264256586E+002  0.736513924328281E+002
  0.559752027754116E-001  0.497616173218046E+002  0.736504949937653E+002
  0.559752027754116E-001  0.497615234975076E+002  0.736504600260151E+002
  0.559752027754116E-001  0.497221099049964E+002  0.736356607772171E+002
  0.559752027754116E-001  0.497187453303291E+002  0.736343870885640E+002
  0.559752027754116E-001  0.497117876652426E+002  0.736317479471231E+002
  0.559752027754116E-001  0.497030661278431E+002  0.736284296589944E+002
  0.559752027754116E-001  0.497028921208537E+002  0.736283633396005E+002
  0.559752027754116E-001  0.496815058354801E+002  0.736201777474027E+002
  0.559752027754116E-001  0.496744081694235E+002  0.736174457648128E+002
  0.559752027754116E-001  0.496731600455890E+002  0.736169645455016E+002
  0.559752027754116E-001  0.496557683255327E+002  0.736102339259261E+002
  0.559752027754116E-001  0.496495568320345E+002  0.736078185714996E+002
  0.559752027754116E-001  0.496287789158109E+002  0.735996942469007E+002
  0.559752027754116E-001  0.496276717308637E+002  0.735992593717004E+002
  0.559752027754116E-001  0.496116177684150E+002  0.735929311592369E+002
  0.559752027754116E-001  0.496056133976904E+002  0.735905533587638E+002
  0.559752027754116E-001  0.496012368370000E+002  0.735888163833002E+002
  0.559752027754116E-001  0.495949943744540E+002  0.735863332727587E+002
  0.559752027754116E-001  0.495855569713126E+002  0.735825666937043E+002
  0.559752027754116E-001  0.495795263100563E+002  0.735801517727286E+002
  0.559752027754116E-001  0.495771303381872E+002  0.735791905808952E+002
  0.559752027754116E-001  0.495702578397490E+002  0.735764279908741E+002
  0.559752027754116E-001  0.495696161209262E+002  0.735761696123322E+002
  0.559752027754116E-001  0.495638464625777E+002  0.735738432891686E+002
  0.559752027754116E-001  0.495601124889868E+002  0.735723346155712E+002
  0.559752027754116E-001  0.495569026716561E+002  0.735710357403246E+002
  0.559752027754116E-001  0.495296951859959E+002  0.735599513374779E+002
  0.559752027754116E-001  0.495212489149690E+002  0.735564826446928E+002
  0.559752027754116E-001  0.495071447478636E+002  0.735506605050012E+002
  0.559752027754116E-001  0.495032024269057E+002  0.735490263672324E+002
  0.559752027754116E-001  0.494716770797373E+002  0.735358499522500E+002
  0.559752027754116E-001  0.494697209383452E+002  0.735350258728512E+002
  0.559752027754116E-001  0.494652514880741E+002  0.735331400962840E+002
  0.559752027754116E-001  0.494436172955840E+002  0.735239543612587E+002
  0.559752027754116E-001  0.494369900483926E+002  0.735211210296550E+002
  0.559752027754116E-001  0.494318996892581E+002  0.735189384655343E+002
  0.559752027754116E-001  0.494307058618738E+002  0.735184257982137E+002
  0.559752027754116E-001  0.494147818656480E+002  0.735115582570154E+002
  0.559752027754116E-001  0.494116277128448E+002  0.735101914375851E+002
  0.559752027754116E-001  0.494080068636626E+002  0.735086196883155E+002
  0.559752027754116E-001  0.494060527252019E+002  0.735077702292026E+002
  0.559752027754116E-001  0.494022970449314E+002  0.735061352696304E+002
  0.559752027754116E-001  0.493966624736039E+002  0.735036764795035E+002
  0.559752027754116E-001  0.493931763338904E+002  0.735021516478019E+002
  0.559752027754116E-001  0.493862610752768E+002  0.734991187937524E+002
  0.559752027754116E-001  0.493849944618522E+002  0.734985621111278E+002
  0.559752027754116E-001  0.493822901218313E+002  0.734973723125491E+002
  0.559752027754116E-001  0.493718785977618E+002  0.734927759326645E+002
  0.559752027754116E-001  0.493460806798589E+002  0.734812770266007E+002
  0.559752027754116E-001  0.493429136892003E+002  0.734798543839434E+002
  0.559752027754116E-001  0.493332692259916E+002  0.734755068425710E+002
  0.559752027754116E-001  0.493283268065826E+002  0.734732699641286E+002
  0.559752027754116E-001  0.493200241512398E+002  0.734694984909106E+002
  0.559752027754116E-001  0.493123955069922E+002  0.734660177650072E+002
  0.559752027754116E-001  0.493078362091278E+002  0.734639303591713E+002
  0.559752027754116E-001  0.493039380786746E+002  0.734621413888206E+002
  0.559752027754116E-001  0.492987137139074E+002  0.734597375484038E+002
  0.559752027754116E-001  0.492932014160485E+002  0.734571934340371E+002
  0.559752027754116E-001  0.492871035394572E+002  0.734543696461822E+002
  0.559752027754116E-001  0.492804119135078E+002  0.734512594119915E+002
  0.559752027754116E-001  0.492772906569978E+002  0.734498045157627E+002
  0.559752027754116E-001  0.492761191966275E+002  0.734492577825438E+002
  0.559752027754116E-001  0.492683522190454E+002  0.734456233115175E+002
  0.559752027754116E-001  0.492583479081926E+002  0.734409172026000E+002
  0.559752027754116E-001  0.492343014115336E+002  0.734294888798885E+002
  0.559752027754116E-001  0.492229581064567E+002  0.734240390741691E+002
  0.559752027754116E-001  0.491995678950193E+002  0.734126780141294E+002
  0.559752027754116E-001  0.491909765429685E+002  0.734084621356058E+002
  0.559752027754116E-001  0.491906297472884E+002  0.734082914647575E+002
  0.559752027754116E-001  0.491638216853196E+002  0.733949794401944E+002
  0.559752027754116E-001  0.491507585656066E+002  0.733884054053982E+002
  0.559752027754116E-001  0.491421779875194E+002  0.733840550500830E+002
  0.559752027754116E-001  0.491245091342121E+002  0.733750143868242E+002
  0.559752027754116E-001  0.491202833642484E+002  0.733728353531646E+002
  0.559752027754116E-001  0.491164908908972E+002  0.733708741191473E+002
  0.559752027754116E-001  0.490984406782713E+002  0.733614652538271E+002
  0.559752027754116E-001  0.490977763557326E+002  0.733611165835451E+002
  0.559752027754116E-001  0.490973645002196E+002  0.733609003345760E+002
  0.559752027754116E-001  0.490954934391745E+002  0.733599170818914E+002
  0.559752027754116E-001  0.490945238396456E+002  0.733594070137659E+002
  0.559752027754116E-001  0.490866889508702E+002  0.733552717966521E+002
  0.559752027754116E-001  0.490784093122630E+002  0.733508752160503E+002
  0.559752027754116E-001  0.490776029922112E+002  0.733504455702235E+002
  0.559752027754116E-001  0.490750196495773E+002  0.733490672560985E+002
  0.559752027754116E-001  0.490655465206296E+002  0.733439894481543E+002
  0.559752027754116E-001  0.490605243485358E+002  0.733412822587339E+002
  0.559752027754116E-001  0.490571264602028E+002  0.733394445804647E+002
  0.559752027754116E-001  0.490263723418765E+002  0.733225824935315E+002
  0.559752027754116E-001  0.490160759581606E+002  0.733168414293797E+002
  0.559752027754116E-001  0.490159829891511E+002  0.733167893654813E+002
  0.559752027754116E-001  0.490155189408095E+002  0.733165294310737E+002
  0.559752027754116E-001  0.489734487562396E+002  0.732925252424541E+002
  0.559752027754116E-001  0.489711997296509E+002  0.732912165845112E+002
  0.559752027754116E-001  0.489689949241002E+002  0.732899310479555E+002
  0.559752027754116E-001  0.489586985557440E+002  0.732838929586480E+002
  0.559752027754116E-001  0.489517527556547E+002  0.732797868884946E+002
  0.559752027754116E-001  0.489509008883391E+002  0.732792814465550E+002
  0.559752027754116E-001  0.489483793882771E+002  0.732777829583067E+002
  0.559752027754116E-001  0.489428566117971E+002  0.732744882359913E+002
  0.559752027754116E-001  0.489350774229787E+002  0.732698175559434E+002
  0.559752027754116E-001  0.489341635075355E+002  0.732692665111441E+002
  0.559752027754116E-001  0.489179240082883E+002  0.732593914231255E+002
  0.559752027754116E-001  0.489068736030496E+002  0.732525787979018E+002
  0.559752027754116E-001  0.489030118284168E+002  0.732501796719548E+002
  0.559752027754116E-001  0.488998830706425E+002  0.732482288421218E+002
  0.559752027754116E-001  0.488997981081361E+002  0.732481757774878E+002
  0.559752027754116E-001  0.488866232701975E+002  0.732398891813847E+002
  0.559752027754116E-001  0.488778434841175E+002  0.732343013654249E+002
  0.559752027754116E-001  0.488706260781486E+002  0.732296673672529E+002
  0.559752027754116E-001  0.488592485394044E+002  0.732222857301794E+002
  0.559752027754116E-001  0.488569323311116E+002  0.732207712404468E+002
  0.559752027754116E-001  0.488545187413521E+002  0.732191887664936E+002
  0.559752027754116E-001  0.488528460819984E+002  0.732180894851968E+002
  0.559752027754116E-001  0.488370072539554E+002  0.732075721267288E+002
  0.559752027754116E-001  0.488261807125280E+002  0.732002667686373E+002
  0.559752027754116E-001  0.488242796187159E+002  0.731989738911766E+002
  0.559752027754116E-001  0.488173035804823E+002  0.731942032369480E+002
  0.559752027754116E-001  0.488159657926460E+002  0.731932835601490E+002
  0.559752027754116E-001  0.488070185948310E+002  0.731870920029113E+002
  0.559752027754116E-001  0.488040473025980E+002  0.731850199002306E+002
  0.559752027754116E-001  0.488027094706655E+002  0.731840842913777E+002
  0.559752027754116E-001  0.488025089303022E+002  0.731839439019803E+002
  0.559752027754116E-001  0.487969688976767E+002  0.731800507867764E+002
  0.559752027754116E-001  0.487885188292055E+002  0.731740567075392E+002
  0.559752027754116E-001  0.487868843541255E+002  0.731728893122935E+002
  0.559752027754116E-001  0.487839575153215E+002  0.731707922931476E+002
  0.559752027754116E-001  0.487797938686267E+002  0.731677944088349E+002
  0.559752027754116E-001  0.487699811512685E+002  0.731606590982979E+002
  0.559752027754116E-001  0.487670143518747E+002  0.731584819647182E+002
  0.559752027754116E-001  0.487594383412348E+002  0.731528794256678E+002
  0.559752027754116E-001  0.487574673792760E+002  0.731514115565200E+002
  0.559752027754116E-001  0.487571157823532E+002  0.731511492509918E+002
  0.559752027754116E-001  0.487538335269240E+002  0.731486938602178E+002
  0.559752027754116E-001  0.487495108101293E+002  0.731454414432330E+002
  0.559752027754116E-001  0.487443097361984E+002  0.731414994510888E+002
  0.559752027754116E-001  0.487431889109767E+002  0.731406457834234E+002
  0.559752027754116E-001  0.487411346788871E+002  0.731390773022160E+002
  0.559752027754116E-001  0.487373421817262E+002  0.731361682162345E+002
  0.559752027754116E-001  0.487370339677488E+002  0.731359310266830E+002
  0.559752027754116E-001  0.487361557597610E+002  0.731352545520952E+002
  0.559752027754116E-001  0.487205393991898E+002  0.731230629024516E+002
  0.559752027754116E-001  0.487201510108313E+002  0.731227556565910E+002
  0.559752027754116E-001  0.504312853913974E+002  0.730819945735854E+002
  0.559752027754116E-001  0.504277873644766E+002  0.730789526827888E+002
  0.559752027754116E-001  0.504236592161667E+002  0.730753346562514E+002
  0.559752027754116E-001  0.504231775022073E+002  0.730749104472244E+002
  0.559752027754116E-001  0.504226526050640E+002  0.730744477239667E+002
  0.559752027754116E-001  0.504178204976119E+002  0.730701638701782E+002
  0.559752027754116E-001  0.504173916563309E+002  0.730697815584557E+002
