  0.724142051382225E+002 -0.416446285681363E+002
  0.723979151788777E+002 -0.416449098942325E+002
  0.724049501545660E+002 -0.416447664151463E+002
  0.724104858139566E+002 -0.416446770126589E+002
  0.724002933201604E+002 -0.416448576521384E+002
  0.723950347307899E+002 -0.416449782856424E+002
  0.723971902390089E+002 -0.416449265790546E+002
  0.724039874693608E+002 -0.416447840752518E+002
  0.724107479546002E+002 -0.416446732922277E+002
  0.724011005184514E+002 -0.416448407881531E+002
  0.723998668603794E+002 -0.416448667393895E+002
  0.724067501409664E+002 -0.416447350742517E+002
  0.724047695726495E+002 -0.416447696801636E+002
  0.724131268273294E+002 -0.416446416515803E+002
  0.724022088061523E+002 -0.416448183506671E+002
  0.724085133361185E+002 -0.416447064954442E+002
  0.723995745715716E+002 -0.416448730385880E+002
  0.724092926621571E+002 -0.416446945328042E+002
  0.724123692689889E+002 -0.416446513128795E+002
  0.723991046767323E+002 -0.416448832863622E+002
  0.724111183430623E+002 -0.416446681146010E+002
  0.724097379481326E+002 -0.416446878818093E+002
  0.724012935552120E+002 -0.416448368204289E+002
  0.724077394164061E+002 -0.416447187810151E+002
  0.724003227467959E+002 -0.416448570296287E+002
  0.724096138584811E+002 -0.416446897218102E+002
  0.723995095609253E+002 -0.416448744474945E+002
  0.723989725436069E+002 -0.416448861948694E+002
  0.724038190386166E+002 -0.416447872293843E+002
  0.724073488789956E+002 -0.416447251341560E+002
  0.723996235260044E+002 -0.416448719795347E+002
  0.724093604092247E+002 -0.416446935122662E+002
  0.724088578550292E+002 -0.416447011565016E+002
  0.724148724026259E+002 -0.416446208653463E+002
  0.724087332324159E+002 -0.416447030785003E+002
  0.723952849740052E+002 -0.416449721217806E+002
  0.724116789141189E+002 -0.416446604546524E+002
  0.723965937272549E+002 -0.416449405742231E+002
