  0.508360344064613E-001  0.913315732470137E+002  0.750048239692706E+002
  0.508360344064613E-001  0.872017431573808E+002  0.686241905609471E+002
  0.508360344064613E-001  0.871657352870004E+002  0.686300109215472E+002
  0.508360344064613E-001  0.866741049591288E+002  0.687106879100271E+002
  0.508360344064613E-001  0.864510718594711E+002  0.742771759097371E+002
  0.508360344064613E-001  0.858668066298152E+002  0.688484607457650E+002
  0.508360344064613E-001  0.854912608808810E+002  0.689150401599290E+002
  0.508360344064613E-001  0.799310025861869E+002  0.702633808714938E+002
  0.508360344064613E-001  0.848783905474541E+002  0.690275220086732E+002
  0.508360344064613E-001  0.847536403587032E+002  0.690510472798932E+002
  0.508360344064613E-001  0.845398654250065E+002  0.690918922616966E+002
  0.508360344064613E-001  0.844437621906849E+002  0.739147594231204E+002
  0.508360344064613E-001  0.843493319121634E+002  0.738963535456825E+002
  0.508360344064613E-001  0.839125576696640E+002  0.692159384805849E+002
  0.508360344064613E-001  0.837831591811160E+002  0.737828706346587E+002
  0.508360344064613E-001  0.835926079747755E+002  0.737433787182514E+002
  0.508360344064613E-001  0.834669068868243E+002  0.693083001899347E+002
  0.508360344064613E-001  0.833453185389475E+002  0.693341793784808E+002
  0.508360344064613E-001  0.832427991833327E+002  0.693562411959118E+002
  0.508360344064613E-001  0.832132421687101E+002  0.693626438076678E+002
  0.508360344064613E-001  0.828330923954705E+002  0.735784803899863E+002
  0.508360344064613E-001  0.828238622695046E+002  0.735763954080456E+002
  0.508360344064613E-001  0.799391373370602E+002  0.727648926189536E+002
  0.508360344064613E-001  0.826261771131354E+002  0.694940163285248E+002
  0.508360344064613E-001  0.826007176905883E+002  0.735253323738736E+002
  0.508360344064613E-001  0.824682667617948E+002  0.734944009631050E+002
  0.508360344064613E-001  0.823297550097824E+002  0.734615291058369E+002
  0.508360344064613E-001  0.821625673267390E+002  0.734210978253732E+002
  0.508360344064613E-001  0.799401532419506E+002  0.702599690176410E+002
  0.508360344064613E-001  0.820673989911204E+002  0.696275441193593E+002
  0.508360344064613E-001  0.820343533444439E+002  0.696357383237725E+002
  0.508360344064613E-001  0.820132284957730E+002  0.696409953699373E+002
  0.508360344064613E-001  0.799626083355417E+002  0.702516356789251E+002
  0.508360344064613E-001  0.818444156210120E+002  0.696835482084848E+002
  0.508360344064613E-001  0.817707198373332E+002  0.733228015433929E+002
  0.508360344064613E-001  0.817171782389679E+002  0.697162871526209E+002
  0.508360344064613E-001  0.817037531524653E+002  0.697197763754943E+002
  0.508360344064613E-001  0.799682715159404E+002  0.727756972712777E+002
  0.508360344064613E-001  0.816534796889185E+002  0.732923365802930E+002
  0.508360344064613E-001  0.816501630883223E+002  0.697337727916871E+002
  0.508360344064613E-001  0.816339976778906E+002  0.732872234875267E+002
  0.508360344064613E-001  0.815537898741774E+002  0.732660157390474E+002
  0.508360344064613E-001  0.813948943474139E+002  0.698020139967236E+002
  0.508360344064613E-001  0.799786798830302E+002  0.702457050007901E+002
  0.508360344064613E-001  0.812965216248634E+002  0.698290502681106E+002
  0.508360344064613E-001  0.812907700363605E+002  0.698306444534091E+002
  0.508360344064613E-001  0.812870944457053E+002  0.698316640198792E+002
  0.508360344064613E-001  0.812156132486678E+002  0.731736234532071E+002
  0.508360344064613E-001  0.811777406329766E+002  0.698622856193905E+002
  0.508360344064613E-001  0.799844727345804E+002  0.702435741340819E+002
  0.508360344064613E-001  0.811084419839991E+002  0.731432514725641E+002
  0.508360344064613E-001  0.810666031388578E+002  0.698940001428489E+002
  0.508360344064613E-001  0.810549434253788E+002  0.698973634838045E+002
  0.508360344064613E-001  0.810335478183471E+002  0.731216864513445E+002
  0.508360344064613E-001  0.810145988367866E+002  0.731161843133334E+002
  0.508360344064613E-001  0.809665122800928E+002  0.731021361275908E+002
  0.508360344064613E-001  0.809325762829976E+002  0.699330932228496E+002
  0.508360344064613E-001  0.808457085399039E+002  0.730662837830884E+002
  0.508360344064613E-001  0.807913594993470E+002  0.699753586700726E+002
  0.508360344064613E-001  0.807029153435773E+002  0.700024318366421E+002
  0.508360344064613E-001  0.806769537935643E+002  0.730147685417833E+002
  0.508360344064613E-001  0.806754447076350E+002  0.730142998954047E+002
  0.508360344064613E-001  0.806716857773990E+002  0.730131319238972E+002
  0.508360344064613E-001  0.806681416415213E+002  0.700132101017470E+002
  0.508360344064613E-001  0.806493844523718E+002  0.730061836917046E+002
  0.508360344064613E-001  0.806470474351774E+002  0.730054536952837E+002
  0.508360344064613E-001  0.806386382903303E+002  0.700224159257013E+002
  0.508360344064613E-001  0.806072132002498E+002  0.700322843450773E+002
  0.508360344064613E-001  0.806070566843512E+002  0.700323336604057E+002
  0.508360344064613E-001  0.805995216087875E+002  0.700347097729903E+002
  0.508360344064613E-001  0.805754598839375E+002  0.729829168490437E+002
  0.508360344064613E-001  0.805363132616268E+002  0.729704455558895E+002
  0.508360344064613E-001  0.805314674041069E+002  0.729688943386402E+002
  0.508360344064613E-001  0.805124735165618E+002  0.700624417926600E+002
  0.508360344064613E-001  0.799966563701394E+002  0.702391040898738E+002
  0.508360344064613E-001  0.804911276135545E+002  0.729559163809691E+002
  0.508360344064613E-001  0.804910919408215E+002  0.700693351087171E+002
  0.508360344064613E-001  0.804799811509080E+002  0.700729302051006E+002
  0.508360344064613E-001  0.804690492565842E+002  0.729487637615772E+002
  0.508360344064613E-001  0.804338211405660E+002  0.700879632435311E+002
  0.508360344064613E-001  0.804141881823285E+002  0.700944054549739E+002
  0.508360344064613E-001  0.803562368998199E+002  0.701135941560436E+002
  0.508360344064613E-001  0.803543092287723E+002  0.729110029943492E+002
  0.508360344064613E-001  0.803024467649609E+002  0.728935963577454E+002
  0.508360344064613E-001  0.803002315877754E+002  0.728928479877942E+002
  0.508360344064613E-001  0.802873652270882E+002  0.728884932001378E+002
  0.508360344064613E-001  0.800195784004347E+002  0.702307364935003E+002
  0.508360344064613E-001  0.802309881253768E+002  0.728692468230432E+002
  0.508360344064613E-001  0.802021298005434E+002  0.701659514116913E+002
  0.508360344064613E-001  0.802016754058817E+002  0.728591311608862E+002
  0.508360344064613E-001  0.801929254758648E+002  0.728560968459479E+002
  0.508360344064613E-001  0.801676830924063E+002  0.728473045959939E+002
  0.508360344064613E-001  0.801634711492083E+002  0.701794080847697E+002
  0.508360344064613E-001  0.801549563057857E+002  0.728428496551372E+002
  0.508360344064613E-001  0.801507503742656E+002  0.728413741085321E+002
  0.508360344064613E-001  0.801347603360003E+002  0.728357493810864E+002
  0.508360344064613E-001  0.801344828834625E+002  0.701895883894759E+002
  0.508360344064613E-001  0.801135748072465E+002  0.701969799332122E+002
  0.508360344064613E-001  0.801084411035783E+002  0.728264387729711E+002
  0.508360344064613E-001  0.800956827720637E+002  0.728219015994080E+002
  0.508360344064613E-001  0.800952329292919E+002  0.702034986241913E+002
  0.508360344064613E-001  0.800951559543220E+002  0.702035260494416E+002
  0.508360344064613E-001  0.800842309052965E+002  0.702074243572913E+002
  0.508360344064613E-001  0.800663121596005E+002  0.728113964515763E+002
  0.508360344064613E-001  0.800527461164530E+002  0.702187245465071E+002
  0.508360344064613E-001  0.798893151447618E+002  0.702790435927545E+002
  0.508360344064613E-001  0.798772103527073E+002  0.727416109856111E+002
  0.508360344064613E-001  0.798596910938339E+002  0.727349440998883E+002
  0.508360344064613E-001  0.798550723580337E+002  0.702920595693469E+002
  0.508360344064613E-001  0.798544098114149E+002  0.702923127780579E+002
  0.508360344064613E-001  0.798515056203811E+002  0.702934233075421E+002
  0.508360344064613E-001  0.798485771250784E+002  0.727306958056275E+002
  0.508360344064613E-001  0.798443953350078E+002  0.702961464789532E+002
  0.508360344064613E-001  0.798380260179407E+002  0.702985910532150E+002
  0.508360344064613E-001  0.798259652368832E+002  0.703032335756163E+002
  0.508360344064613E-001  0.798242840875693E+002  0.703038821116282E+002
  0.508360344064613E-001  0.798147525395866E+002  0.727176742708944E+002
  0.508360344064613E-001  0.798078871309511E+002  0.727150140614230E+002
  0.508360344064613E-001  0.797617136903628E+002  0.726969675504187E+002
  0.508360344064613E-001  0.797566627671815E+002  0.703302632365959E+002
  0.508360344064613E-001  0.797462806807431E+002  0.726908740541312E+002
  0.508360344064613E-001  0.797457965062862E+002  0.703345575864854E+002
  0.508360344064613E-001  0.797386445966987E+002  0.703373925862741E+002
  0.508360344064613E-001  0.797349830367758E+002  0.726863932915168E+002
  0.508360344064613E-001  0.797266790788813E+002  0.726830889184368E+002
  0.508360344064613E-001  0.797171574918269E+002  0.726792884991591E+002
  0.508360344064613E-001  0.797157776489533E+002  0.726787367250762E+002
  0.508360344064613E-001  0.797117990353117E+002  0.726771442860896E+002
  0.508360344064613E-001  0.797106695109945E+002  0.726766917972824E+002
  0.508360344064613E-001  0.796996875256130E+002  0.703529567641176E+002
  0.508360344064613E-001  0.796925170038890E+002  0.726693956020185E+002
  0.508360344064613E-001  0.796835519890823E+002  0.703594647754219E+002
  0.508360344064613E-001  0.796797502758962E+002  0.726642364722809E+002
  0.508360344064613E-001  0.796719646514721E+002  0.726610788672426E+002
  0.508360344064613E-001  0.796685598822468E+002  0.703655446936425E+002
  0.508360344064613E-001  0.796636455247170E+002  0.726576952677460E+002
  0.508360344064613E-001  0.796618634348184E+002  0.703682708160101E+002
  0.508360344064613E-001  0.796551869613634E+002  0.726542446738947E+002
  0.508360344064613E-001  0.796549826940445E+002  0.726541612159204E+002
  0.508360344064613E-001  0.796542727843068E+002  0.703713688425706E+002
  0.508360344064613E-001  0.796531720894589E+002  0.726534211860745E+002
  0.508360344064613E-001  0.796487579960186E+002  0.726516150440010E+002
  0.508360344064613E-001  0.796431743135152E+002  0.726493262227205E+002
  0.508360344064613E-001  0.796304775591497E+002  0.703811355309630E+002
  0.508360344064613E-001  0.796267275741372E+002  0.726425575587276E+002
  0.508360344064613E-001  0.796137755648479E+002  0.726371984787743E+002
  0.508360344064613E-001  0.796072482501601E+002  0.703907519545685E+002
  0.508360344064613E-001  0.795964886803226E+002  0.703952342246120E+002
  0.508360344064613E-001  0.795847805093587E+002  0.726251077768223E+002
  0.508360344064613E-001  0.795795653789800E+002  0.726229191397233E+002
  0.508360344064613E-001  0.795682877196227E+002  0.726181714216417E+002
  0.508360344064613E-001  0.795661472261515E+002  0.704079719581696E+002
  0.508360344064613E-001  0.795558579980651E+002  0.704123249900774E+002
  0.508360344064613E-001  0.795412546393957E+002  0.726067070396976E+002
  0.508360344064613E-001  0.795340372026747E+002  0.726036258424550E+002
  0.508360344064613E-001  0.795336714559435E+002  0.726034694697589E+002
  0.508360344064613E-001  0.795229171481761E+002  0.725988614714801E+002
  0.508360344064613E-001  0.794733712197618E+002  0.704478654407770E+002
  0.508360344064613E-001  0.794627623468898E+002  0.704525228785163E+002
  0.508360344064613E-001  0.794614841833663E+002  0.725721545701950E+002
  0.508360344064613E-001  0.794482892171361E+002  0.704589099757468E+002
  0.508360344064613E-001  0.794411529357496E+002  0.704620735623674E+002
  0.508360344064613E-001  0.794398211399534E+002  0.704626650165313E+002
  0.508360344064613E-001  0.794380612032452E+002  0.725617928408713E+002
  0.508360344064613E-001  0.794214720246627E+002  0.725543918690460E+002
  0.508360344064613E-001  0.794062083591055E+002  0.704777044607952E+002
  0.508360344064613E-001  0.794021282594630E+002  0.704795449303634E+002
  0.508360344064613E-001  0.793936224403240E+002  0.725418476061737E+002
  0.508360344064613E-001  0.793902307258688E+002  0.725403094199168E+002
  0.508360344064613E-001  0.793861416526385E+002  0.704867880556041E+002
  0.508360344064613E-001  0.793511554577690E+002  0.705028206581935E+002
  0.508360344064613E-001  0.793375482434328E+002  0.725161145445576E+002
  0.508360344064613E-001  0.793367477507072E+002  0.705094975509759E+002
  0.508360344064613E-001  0.793367111019267E+002  0.725157253699439E+002
  0.508360344064613E-001  0.793272548467543E+002  0.725113187660084E+002
  0.508360344064613E-001  0.793042781049147E+002  0.725005297317271E+002
  0.508360344064613E-001  0.792852188270524E+002  0.705337499948541E+002
  0.508360344064613E-001  0.792831925405287E+002  0.724905239900814E+002
  0.508360344064613E-001  0.792679079746823E+002  0.705420334461844E+002
  0.508360344064613E-001  0.792625722736549E+002  0.724806390271815E+002
  0.508360344064613E-001  0.792594719662787E+002  0.705460959053577E+002
  0.508360344064613E-001  0.792556247528512E+002  0.705479542563614E+002
  0.508360344064613E-001  0.792555011305556E+002  0.705480140300203E+002
  0.508360344064613E-001  0.792545957076411E+002  0.724767880298995E+002
  0.508360344064613E-001  0.792426431587724E+002  0.705542514555599E+002
  0.508360344064613E-001  0.792375870135013E+002  0.705567153497856E+002
  0.508360344064613E-001  0.792170361549469E+002  0.724584439776615E+002
  0.508360344064613E-001  0.792167971454528E+002  0.724583261062956E+002
  0.508360344064613E-001  0.792089460660784E+002  0.705707939419819E+002
  0.508360344064613E-001  0.792082219011818E+002  0.705711526374703E+002
  0.508360344064613E-001  0.792037861049786E+002  0.724518871831102E+002
  0.508360344064613E-001  0.792017060269949E+002  0.705743862675059E+002
  0.508360344064613E-001  0.791980123515776E+002  0.724490156761790E+002
  0.508360344064613E-001  0.791935766338330E+002  0.724468036299735E+002
  0.508360344064613E-001  0.791904068890175E+002  0.724452196969866E+002
  0.508360344064613E-001  0.791859006639844E+002  0.705822766834782E+002
  0.508360344064613E-001  0.791835367865782E+002  0.724417774136998E+002
  0.508360344064613E-001  0.791812390300615E+002  0.724406232671896E+002
  0.508360344064613E-001  0.791693614119781E+002  0.724346341894976E+002
  0.508360344064613E-001  0.791558013726235E+002  0.724277488653440E+002
  0.508360344064613E-001  0.791429994055880E+002  0.724212005818472E+002
  0.508360344064613E-001  0.791306283317424E+002  0.706104124128415E+002
  0.508360344064613E-001  0.791257688650119E+002  0.724123118159961E+002
  0.508360344064613E-001  0.791202078363766E+002  0.706158157339167E+002
  0.508360344064613E-001  0.791091420392505E+002  0.724036504272006E+002
  0.508360344064613E-001  0.790852728923622E+002  0.706341729424533E+002
  0.508360344064613E-001  0.790737037949475E+002  0.706403372854520E+002
  0.508360344064613E-001  0.790730347434359E+002  0.723845448534602E+002
  0.508360344064613E-001  0.790677899663018E+002  0.723817347338322E+002
  0.508360344064613E-001  0.790663660212045E+002  0.723809702230644E+002
  0.508360344064613E-001  0.790631750315176E+002  0.723792545436099E+002
  0.508360344064613E-001  0.790593156598097E+002  0.723771749502744E+002
  0.508360344064613E-001  0.790591568236813E+002  0.723770892554417E+002
  0.508360344064613E-001  0.790501836719102E+002  0.706530057497965E+002
  0.508360344064613E-001  0.790380121612112E+002  0.706596354713806E+002
  0.508360344064613E-001  0.790350392008444E+002  0.706612626635400E+002
  0.508360344064613E-001  0.790317546791103E+002  0.706630640064342E+002
  0.508360344064613E-001  0.790295021754234E+002  0.706643015667620E+002
  0.508360344064613E-001  0.790198768186391E+002  0.723556296064158E+002
  0.508360344064613E-001  0.790177398602165E+002  0.723544464427019E+002
  0.508360344064613E-001  0.790111128365775E+002  0.723507666563195E+002
  0.508360344064613E-001  0.789951220560545E+002  0.706834197424409E+002
  0.508360344064613E-001  0.789936480298194E+002  0.706842492866131E+002
  0.508360344064613E-001  0.789888372036326E+002  0.706869624952293E+002
  0.508360344064613E-001  0.789858401880608E+002  0.706886572679288E+002
  0.508360344064613E-001  0.789581221997545E+002  0.707044998488092E+002
  0.508360344064613E-001  0.789574715140999E+002  0.707048754895470E+002
  0.508360344064613E-001  0.789475648869254E+002  0.707106163145437E+002
  0.508360344064613E-001  0.789401987486976E+002  0.723103282381543E+002
  0.508360344064613E-001  0.789395939993561E+002  0.723099745634230E+002
  0.508360344064613E-001  0.789334621402875E+002  0.723063795770837E+002
  0.508360344064613E-001  0.789320607874775E+002  0.707196842576644E+002
  0.508360344064613E-001  0.789276903530498E+002  0.707222592075644E+002
  0.508360344064613E-001  0.789129861556318E+002  0.722942551332069E+002
  0.508360344064613E-001  0.789092271978961E+002  0.722920088511823E+002
  0.508360344064613E-001  0.788945423916086E+002  0.707420692298268E+002
  0.508360344064613E-001  0.788940889388190E+002  0.707423437565527E+002
  0.508360344064613E-001  0.788937853485172E+002  0.722827123524469E+002
  0.508360344064613E-001  0.788818101914655E+002  0.722754249193406E+002
  0.508360344064613E-001  0.788808537437081E+002  0.722748398723308E+002
  0.508360344064613E-001  0.788732983985336E+002  0.707550374791226E+002
  0.508360344064613E-001  0.788695100571431E+002  0.707573734406272E+002
  0.508360344064613E-001  0.788690321031816E+002  0.707576686693740E+002
  0.508360344064613E-001  0.788690213697582E+002  0.722675646608936E+002
  0.508360344064613E-001  0.788616808317438E+002  0.707622241291485E+002
  0.508360344064613E-001  0.788520448440839E+002  0.722570023520187E+002
  0.508360344064613E-001  0.788514872253350E+002  0.707685870874016E+002
  0.508360344064613E-001  0.788447683226521E+002  0.722524289397964E+002
  0.508360344064613E-001  0.788278000014163E+002  0.722416526232834E+002
  0.508360344064613E-001  0.788273061606146E+002  0.707839033553536E+002
  0.508360344064613E-001  0.788224512335894E+002  0.722382225288022E+002
  0.508360344064613E-001  0.788197091177561E+002  0.707887822180867E+002
  0.508360344064613E-001  0.788149213963052E+002  0.722333660776590E+002
  0.508360344064613E-001  0.788134769109364E+002  0.707928092662685E+002
  0.508360344064613E-001  0.788094569272611E+002  0.722298211167845E+002
  0.508360344064613E-001  0.788080411170588E+002  0.707963401839530E+002
  0.508360344064613E-001  0.788026007711601E+002  0.707998915727176E+002
  0.508360344064613E-001  0.788019121477787E+002  0.708003423598268E+002
  0.508360344064613E-001  0.788018380003961E+002  0.708003909152517E+002
  0.508360344064613E-001  0.787987713560763E+002  0.722228379460019E+002
  0.508360344064613E-001  0.787956832442606E+002  0.708044329653793E+002
  0.508360344064613E-001  0.787811935094268E+002  0.708140412326030E+002
  0.508360344064613E-001  0.787787925983391E+002  0.722095938721727E+002
  0.508360344064613E-001  0.787714038213888E+002  0.708206083694155E+002
  0.508360344064613E-001  0.787709179162461E+002  0.722043040121598E+002
  0.508360344064613E-001  0.787627712694720E+002  0.708264514197431E+002
  0.508360344064613E-001  0.787621804647188E+002  0.708268531335340E+002
  0.508360344064613E-001  0.787609504279788E+002  0.721975497167671E+002
  0.508360344064613E-001  0.787561005641034E+002  0.721942390854675E+002
  0.508360344064613E-001  0.787537770305307E+002  0.721926472761759E+002
  0.508360344064613E-001  0.787533077729288E+002  0.708329146174251E+002
  0.508360344064613E-001  0.787471540110235E+002  0.721880893845413E+002
  0.508360344064613E-001  0.787456774849445E+002  0.721870690560704E+002
  0.508360344064613E-001  0.787368599527610E+002  0.721809434222005E+002
  0.508360344064613E-001  0.787339560348468E+002  0.708463262496388E+002
  0.508360344064613E-001  0.787332938366692E+002  0.708467899632417E+002
  0.508360344064613E-001  0.787319627450066E+002  0.708477230573333E+002
  0.508360344064613E-001  0.787305623096226E+002  0.708487061769808E+002
  0.508360344064613E-001  0.787289033755314E+002  0.708498726522940E+002
  0.508360344064613E-001  0.787253133744337E+002  0.708524040081950E+002
  0.508360344064613E-001  0.787219850178051E+002  0.721704803850457E+002
  0.508360344064613E-001  0.787099470585812E+002  0.721618894476536E+002
  0.508360344064613E-001  0.787064582336754E+002  0.721593783055772E+002
  0.508360344064613E-001  0.787024802219319E+002  0.721565031134191E+002
  0.508360344064613E-001  0.787023723236439E+002  0.708688150127668E+002
  0.508360344064613E-001  0.787011443776009E+002  0.721555347197457E+002
  0.508360344064613E-001  0.787008580967772E+002  0.708699129652296E+002
  0.508360344064613E-001  0.786986299227647E+002  0.708715320137210E+002
  0.508360344064613E-001  0.786937172418839E+002  0.721501237407824E+002
  0.508360344064613E-001  0.786876116578496E+002  0.708795990327449E+002
  0.508360344064613E-001  0.786868073561703E+002  0.708801919317958E+002
  0.508360344064613E-001  0.786751137442278E+002  0.721363643087062E+002
  0.508360344064613E-001  0.786705361210315E+002  0.708923081206394E+002
  0.508360344064613E-001  0.786700435490422E+002  0.721325613600604E+002
  0.508360344064613E-001  0.786680837208371E+002  0.721310851056608E+002
  0.508360344064613E-001  0.786652165759685E+002  0.721289190378935E+002
  0.508360344064613E-001  0.786611954415459E+002  0.708993716957279E+002
  0.508360344064613E-001  0.786589080677022E+002  0.721241260796071E+002
  0.508360344064613E-001  0.786587111550905E+002  0.721239758683388E+002
  0.508360344064613E-001  0.786575046738877E+002  0.721230547186770E+002
  0.508360344064613E-001  0.786559419695218E+002  0.721218595219760E+002
  0.508360344064613E-001  0.786553407251253E+002  0.709038409119116E+002
  0.508360344064613E-001  0.786551576554273E+002  0.721212587736896E+002
  0.508360344064613E-001  0.786533227911326E+002  0.721198510309752E+002
  0.508360344064613E-001  0.786474129018505E+002  0.721152945003419E+002
  0.508360344064613E-001  0.786451706165834E+002  0.721135566552133E+002
  0.508360344064613E-001  0.786449824809902E+002  0.709118293462170E+002
  0.508360344064613E-001  0.786369342528395E+002  0.709181103592174E+002
  0.508360344064613E-001  0.786345641614950E+002  0.721052672433666E+002
  0.508360344064613E-001  0.786301177566345E+002  0.709234824751269E+002
  0.508360344064613E-001  0.786294199873098E+002  0.721012048043373E+002
  0.508360344064613E-001  0.786287042717379E+002  0.721006373678846E+002
  0.508360344064613E-001  0.786265886350648E+002  0.720989568296662E+002
  0.508360344064613E-001  0.786258380653006E+002  0.720983594621600E+002
  0.508360344064613E-001  0.786227016013652E+002  0.720958565759789E+002
  0.508360344064613E-001  0.786215537540868E+002  0.720949379093510E+002
  0.508360344064613E-001  0.786179971024187E+002  0.709331578261790E+002
  0.508360344064613E-001  0.786095506238748E+002  0.720852430582833E+002
  0.508360344064613E-001  0.786092332065042E+002  0.720849844536207E+002
  0.508360344064613E-001  0.786086192201824E+002  0.709407560636215E+002
  0.508360344064613E-001  0.786082231484307E+002  0.720841607656684E+002
  0.508360344064613E-001  0.786038115585014E+002  0.720805491737282E+002
  0.508360344064613E-001  0.785990829139060E+002  0.709485876174805E+002
  0.508360344064613E-001  0.785930611997921E+002  0.709535893728904E+002
  0.508360344064613E-001  0.785926826086624E+002  0.709539053342873E+002
  0.508360344064613E-001  0.785844671852271E+002  0.709608062499143E+002
  0.508360344064613E-001  0.785828287823199E+002  0.720630471134512E+002
  0.508360344064613E-001  0.785827191746415E+002  0.720629542266042E+002
  0.508360344064613E-001  0.785806167057087E+002  0.709640705132440E+002
  0.508360344064613E-001  0.785793279092735E+002  0.720600725170719E+002
  0.508360344064613E-001  0.785753271428675E+002  0.720566532618130E+002
  0.508360344064613E-001  0.785732097384734E+002  0.720548348963788E+002
  0.508360344064613E-001  0.785632681568545E+002  0.709790254480149E+002
  0.508360344064613E-001  0.785614614141281E+002  0.709806070802193E+002
  0.508360344064613E-001  0.785536705939007E+002  0.709874817609598E+002
  0.508360344064613E-001  0.785530121721942E+002  0.720371730751774E+002
  0.508360344064613E-001  0.785497691375424E+002  0.709909584798782E+002
  0.508360344064613E-001  0.785484051396115E+002  0.709921794636739E+002
  0.508360344064613E-001  0.785455276563045E+002  0.709947646874226E+002
  0.508360344064613E-001  0.785435698165381E+002  0.709965310769078E+002
  0.508360344064613E-001  0.785427545266427E+002  0.720279715335596E+002
  0.508360344064613E-001  0.785417603530105E+002  0.720270709693009E+002
  0.508360344064613E-001  0.785365289697649E+002  0.720223059471343E+002
  0.508360344064613E-001  0.785350754623464E+002  0.710042658751214E+002
  0.508360344064613E-001  0.785350582089310E+002  0.710042817055231E+002
  0.508360344064613E-001  0.785345110191644E+002  0.720204559409528E+002
  0.508360344064613E-001  0.785312813740645E+002  0.720174809769028E+002
  0.508360344064613E-001  0.785278260843934E+002  0.710109613334413E+002
  0.508360344064613E-001  0.785277300700910E+002  0.720141893504702E+002
  0.508360344064613E-001  0.785261791510970E+002  0.710124949206277E+002
  0.508360344064613E-001  0.785254901038925E+002  0.710131379429794E+002
  0.508360344064613E-001  0.785238480704778E+002  0.710146736440870E+002
  0.508360344064613E-001  0.785237843478464E+002  0.720105066258100E+002
  0.508360344064613E-001  0.785180804036999E+002  0.710201057646905E+002
  0.508360344064613E-001  0.785128168912371E+002  0.720001240796166E+002
  0.508360344064613E-001  0.785113797015908E+002  0.719987471047514E+002
  0.508360344064613E-001  0.785063474586523E+002  0.719938946540166E+002
  0.508360344064613E-001  0.785043901640365E+002  0.719919940220862E+002
  0.508360344064613E-001  0.785028214831668E+002  0.710347746651195E+002
  0.508360344064613E-001  0.785022734098338E+002  0.719899300286818E+002
  0.508360344064613E-001  0.785011266897151E+002  0.719888081549738E+002
  0.508360344064613E-001  0.784991359642608E+002  0.719868542604885E+002
  0.508360344064613E-001  0.784979356193650E+002  0.719856722233623E+002
  0.508360344064613E-001  0.784898019275397E+002  0.719775834244666E+002
  0.508360344064613E-001  0.784872378452941E+002  0.710502358011885E+002
  0.508360344064613E-001  0.784771443012809E+002  0.710605320646987E+002
  0.508360344064613E-001  0.784760792965873E+002  0.719636077927680E+002
  0.508360344064613E-001  0.784724455396977E+002  0.710654060515178E+002
  0.508360344064613E-001  0.784723624107600E+002  0.719597472027783E+002
  0.508360344064613E-001  0.784715988796579E+002  0.719589500173040E+002
  0.508360344064613E-001  0.784637326034362E+002  0.719506525558312E+002
  0.508360344064613E-001  0.784634591939844E+002  0.710748786302415E+002
  0.508360344064613E-001  0.784625601852309E+002  0.710758375863725E+002
  0.508360344064613E-001  0.784613892442460E+002  0.719481501879033E+002
  0.508360344064613E-001  0.784571023410925E+002  0.719435347906252E+002
  0.508360344064613E-001  0.784551395798970E+002  0.719414050484859E+002
  0.508360344064613E-001  0.784546217293072E+002  0.710843985855096E+002
  0.508360344064613E-001  0.784495265647338E+002  0.719352552822873E+002
  0.508360344064613E-001  0.784482057505941E+002  0.710914448486687E+002
  0.508360344064613E-001  0.784458805999882E+002  0.719312122669968E+002
  0.508360344064613E-001  0.784434146381302E+002  0.710967844867220E+002
  0.508360344064613E-001  0.784366122248722E+002  0.719207542793419E+002
  0.508360344064613E-001  0.784359437431389E+002  0.711052503449162E+002
  0.508360344064613E-001  0.784342557644999E+002  0.711071876080051E+002
  0.508360344064613E-001  0.784342198915899E+002  0.719180110823827E+002
  0.508360344064613E-001  0.784326295024096E+002  0.711090628359644E+002
  0.508360344064613E-001  0.784325307646509E+002  0.719160629913161E+002
  0.508360344064613E-001  0.784313691494991E+002  0.719147178090572E+002
  0.508360344064613E-001  0.784297870892372E+002  0.711123614931581E+002
  0.508360344064613E-001  0.784275568299823E+002  0.711149688957955E+002
  0.508360344064613E-001  0.784253964788589E+002  0.711175109744837E+002
  0.508360344064613E-001  0.784232499138769E+002  0.719051868267562E+002
  0.508360344064613E-001  0.784195353674845E+002  0.719007483834570E+002
  0.508360344064613E-001  0.784169177819831E+002  0.711276500174814E+002
  0.508360344064613E-001  0.784160958039265E+002  0.718965927661735E+002
  0.508360344064613E-001  0.784156427973280E+002  0.711291978661746E+002
  0.508360344064613E-001  0.784105199340572E+002  0.711354811279967E+002
  0.508360344064613E-001  0.784103590801791E+002  0.711356801134260E+002
  0.508360344064613E-001  0.784070635029556E+002  0.718854596548200E+002
  0.508360344064613E-001  0.784056427539932E+002  0.718836780534831E+002
  0.508360344064613E-001  0.784036321784778E+002  0.711440978630817E+002
  0.508360344064613E-001  0.784030741839771E+002  0.718804351959595E+002
  0.508360344064613E-001  0.784030449999808E+002  0.711448417751040E+002
  0.508360344064613E-001  0.784021163209274E+002  0.711460214250443E+002
  0.508360344064613E-001  0.784001824906581E+002  0.711484901277183E+002
  0.508360344064613E-001  0.784000298434277E+002  0.718765542532571E+002
  0.508360344064613E-001  0.783988824920306E+002  0.718750808217224E+002
  0.508360344064613E-001  0.783977219465991E+002  0.718735843278390E+002
  0.508360344064613E-001  0.783977217300505E+002  0.711516559135260E+002
  0.508360344064613E-001  0.783911861220846E+002  0.711602020589502E+002
  0.508360344064613E-001  0.783911509430891E+002  0.718649913407152E+002
  0.508360344064613E-001  0.783910154987932E+002  0.718648120131421E+002
  0.508360344064613E-001  0.783898157971401E+002  0.711620203517614E+002
  0.508360344064613E-001  0.783896299884060E+002  0.718629723324720E+002
  0.508360344064613E-001  0.783886618455185E+002  0.718616810777998E+002
  0.508360344064613E-001  0.783870385588111E+002  0.711657347184128E+002
  0.508360344064613E-001  0.783831250289726E+002  0.718542026124274E+002
  0.508360344064613E-001  0.783819941659241E+002  0.711725850094213E+002
  0.508360344064613E-001  0.783814356672785E+002  0.711733519558327E+002
  0.508360344064613E-001  0.783808268986882E+002  0.718510500474337E+002
  0.508360344064613E-001  0.783796614182541E+002  0.718494399699228E+002
  0.508360344064613E-001  0.783782055034801E+002  0.718474177881889E+002
  0.508360344064613E-001  0.783781132302647E+002  0.711779507472814E+002
  0.508360344064613E-001  0.783778733237378E+002  0.718469546960270E+002
  0.508360344064613E-001  0.783777134877628E+002  0.718467316397812E+002
  0.508360344064613E-001  0.783727672897245E+002  0.711854860676606E+002
  0.508360344064613E-001  0.783704874979963E+002  0.718364871137057E+002
  0.508360344064613E-001  0.783703295642715E+002  0.718362595845723E+002
  0.508360344064613E-001  0.783696598852108E+002  0.711899469407074E+002
  0.508360344064613E-001  0.783680791704836E+002  0.718329999729032E+002
  0.508360344064613E-001  0.783679565920276E+002  0.711924184919257E+002
  0.508360344064613E-001  0.783668984014689E+002  0.718312763358846E+002
  0.508360344064613E-001  0.783667572507813E+002  0.711941702957922E+002
  0.508360344064613E-001  0.783652792742160E+002  0.718288975306264E+002
  0.508360344064613E-001  0.783649390879555E+002  0.718283954543725E+002
  0.508360344064613E-001  0.783624987898427E+002  0.718247701784121E+002
  0.508360344064613E-001  0.783590975190538E+002  0.718196458914233E+002
  0.508360344064613E-001  0.783576313140144E+002  0.712078295980317E+002
  0.508360344064613E-001  0.783550467015521E+002  0.712118108193420E+002
  0.508360344064613E-001  0.783529384434331E+002  0.712150977338333E+002
  0.508360344064613E-001  0.783520887442392E+002  0.712164327842759E+002
  0.508360344064613E-001  0.783514587116329E+002  0.712174265920487E+002
  0.508360344064613E-001  0.783508965353910E+002  0.718069237645606E+002
  0.508360344064613E-001  0.783502008817816E+002  0.718058192044016E+002
  0.508360344064613E-001  0.783483549047820E+002  0.712223721789525E+002
  0.508360344064613E-001  0.783481418803999E+002  0.718025252569178E+002
  0.508360344064613E-001  0.783480553561951E+002  0.718023860174889E+002
  0.508360344064613E-001  0.783448593546264E+002  0.717971951078904E+002
  0.508360344064613E-001  0.783433361370315E+002  0.717946875029664E+002
  0.508360344064613E-001  0.783431815664408E+002  0.717944317933188E+002
  0.508360344064613E-001  0.783405633711009E+002  0.712351753115548E+002
  0.508360344064613E-001  0.783405567179509E+002  0.712351864965580E+002
  0.508360344064613E-001  0.783401206598973E+002  0.712359205654194E+002
  0.508360344064613E-001  0.783362323223988E+002  0.712425544779023E+002
  0.508360344064613E-001  0.783317403845044E+002  0.712504270678563E+002
  0.508360344064613E-001  0.783306651880430E+002  0.712523467800523E+002
  0.508360344064613E-001  0.783299659054553E+002  0.712536029517040E+002
  0.508360344064613E-001  0.783287305740999E+002  0.717694028789548E+002
  0.508360344064613E-001  0.783280550495618E+002  0.717681729137526E+002
  0.508360344064613E-001  0.783279185363920E+002  0.712573163246662E+002
  0.508360344064613E-001  0.783254908485838E+002  0.712617907233937E+002
  0.508360344064613E-001  0.783249425974070E+002  0.712628122815426E+002
  0.508360344064613E-001  0.783211923398008E+002  0.712699154233221E+002
  0.508360344064613E-001  0.783210347814546E+002  0.712702184013053E+002
  0.508360344064613E-001  0.783179065271307E+002  0.717489256512599E+002
  0.508360344064613E-001  0.783177268201172E+002  0.712766692819090E+002
  0.508360344064613E-001  0.783174136591498E+002  0.712772891419273E+002
  0.508360344064613E-001  0.783173800862364E+002  0.712773556919227E+002
  0.508360344064613E-001  0.783163545064551E+002  0.712793978004740E+002
  0.508360344064613E-001  0.783152335840790E+002  0.712816504028566E+002
  0.508360344064613E-001  0.783138598136863E+002  0.712844414539183E+002
  0.508360344064613E-001  0.783113788785777E+002  0.717356695907897E+002
  0.508360344064613E-001  0.783090896195308E+002  0.717308300165911E+002
  0.508360344064613E-001  0.783076950474064E+002  0.717278285058638E+002
  0.508360344064613E-001  0.783075473488721E+002  0.712977317996147E+002
  0.508360344064613E-001  0.783071378029062E+002  0.712986225738052E+002
  0.508360344064613E-001  0.783051574741858E+002  0.717222567224786E+002
  0.508360344064613E-001  0.783043840931641E+002  0.717205289126183E+002
  0.508360344064613E-001  0.783040733069714E+002  0.713054094341375E+002
  0.508360344064613E-001  0.783034348578107E+002  0.717183883960652E+002
  0.508360344064613E-001  0.783032027503594E+002  0.713073783622332E+002
  0.508360344064613E-001  0.783029066524844E+002  0.717171875991999E+002
  0.508360344064613E-001  0.783017561756539E+002  0.713106925147976E+002
  0.508360344064613E-001  0.782976776853668E+002  0.717048961599374E+002
  0.508360344064613E-001  0.782970246786629E+002  0.713219344298559E+002
  0.508360344064613E-001  0.782969046421023E+002  0.713222282671592E+002
  0.508360344064613E-001  0.782968405796892E+002  0.713223852711840E+002
  0.508360344064613E-001  0.782952744518152E+002  0.713262646736905E+002
  0.508360344064613E-001  0.782947568103253E+002  0.716976751741871E+002
  0.508360344064613E-001  0.782942453255272E+002  0.713288584724659E+002
  0.508360344064613E-001  0.782938779353225E+002  0.716954466096833E+002
  0.508360344064613E-001  0.782913341000309E+002  0.716888374286591E+002
  0.508360344064613E-001  0.782911594296643E+002  0.713368654653028E+002
  0.508360344064613E-001  0.782909392355878E+002  0.716877891681760E+002
  0.508360344064613E-001  0.782908308983002E+002  0.713377394986461E+002
  0.508360344064613E-001  0.782901093533836E+002  0.713396746188592E+002
  0.508360344064613E-001  0.782898234183405E+002  0.716847924728128E+002
  0.508360344064613E-001  0.782896920628994E+002  0.716844362594339E+002
  0.508360344064613E-001  0.782889407023644E+002  0.716823843340306E+002
  0.508360344064613E-001  0.782886108705199E+002  0.716814757056379E+002
  0.508360344064613E-001  0.782883286124264E+002  0.713445457274710E+002
  0.508360344064613E-001  0.782879051755227E+002  0.713457249346811E+002
  0.508360344064613E-001  0.784331133315810E+002  0.716775806409909E+002
  0.508360344064613E-001  0.784324382268465E+002  0.716756606376173E+002
  0.508360344064613E-001  0.784320677303627E+002  0.716745972706285E+002
  0.508360344064613E-001  0.784316811717285E+002  0.716734803105086E+002
  0.508360344064613E-001  0.784316182163722E+002  0.716732976659297E+002
  0.508360344064613E-001  0.784278614822768E+002  0.716619949873901E+002
  0.508360344064613E-001  0.784263317829760E+002  0.716571396345229E+002
  0.508360344064613E-001  0.784227404156864E+002  0.716450426560393E+002
  0.508360344064613E-001  0.784220880950770E+002  0.716427247662220E+002
  0.508360344064613E-001  0.784205259066181E+002  0.716369983783340E+002
  0.508360344064613E-001  0.784199975235195E+002  0.716350009013607E+002
  0.508360344064613E-001  0.784193797266764E+002  0.716326232519437E+002
  0.508360344064613E-001  0.784193007629745E+002  0.716323159486106E+002
  0.508360344064613E-001  0.784183757664906E+002  0.716286555462528E+002
  0.508360344064613E-001  0.784180772571580E+002  0.716274493824150E+002
  0.508360344064613E-001  0.784169808524933E+002  0.716229060772860E+002
  0.508360344064613E-001  0.784169028511573E+002  0.716225757011378E+002
  0.508360344064613E-001  0.784161539530066E+002  0.714058882635074E+002
  0.508360344064613E-001  0.784160628637894E+002  0.714062870698336E+002
  0.508360344064613E-001  0.784147362955844E+002  0.716129654548068E+002
  0.508360344064613E-001  0.784147043575089E+002  0.716128168923776E+002
  0.508360344064613E-001  0.784139028421032E+002  0.716090136357966E+002
  0.508360344064613E-001  0.784135881495949E+002  0.714177612465159E+002
  0.508360344064613E-001  0.784134284039474E+002  0.716066899684852E+002
  0.508360344064613E-001  0.784133401496495E+002  0.716062513622017E+002
  0.508360344064613E-001  0.784131694304165E+002  0.716053970368177E+002
  0.508360344064613E-001  0.784123858039412E+002  0.716013701089061E+002
  0.508360344064613E-001  0.784119665288516E+002  0.715991385876192E+002
  0.508360344064613E-001  0.784114995756433E+002  0.714286564325179E+002
  0.508360344064613E-001  0.784110101252767E+002  0.715938191145678E+002
  0.508360344064613E-001  0.784109723250244E+002  0.714316382680207E+002
  0.508360344064613E-001  0.784103051463937E+002  0.715896632669192E+002
  0.508360344064613E-001  0.784102747862443E+002  0.715894792471393E+002
  0.508360344064613E-001  0.784099453298539E+002  0.715874532437449E+002
  0.508360344064613E-001  0.784095218990579E+002  0.715847658381140E+002
  0.508360344064613E-001  0.784094386192057E+002  0.715842254141249E+002
  0.508360344064613E-001  0.784089954586773E+002  0.715812781260838E+002
  0.508360344064613E-001  0.784088557389264E+002  0.715803223069190E+002
  0.508360344064613E-001  0.789154572464886E+002  0.715658081822733E+002
  0.508360344064613E-001  0.789146763917631E+002  0.715584519945718E+002
  0.508360344064613E-001  0.789146545242667E+002  0.715582289124423E+002
  0.508360344064613E-001  0.789144348768943E+002  0.715559244740707E+002
  0.508360344064613E-001  0.789142012135239E+002  0.715533300405870E+002
  0.508360344064613E-001  0.789137810476247E+002  0.715481919089690E+002
  0.508360344064613E-001  0.789131015534519E+002  0.715377497201985E+002
  0.508360344064613E-001  0.812376260020298E+002  0.714976324570426E+002
