  0.325322044417912E-001  0.908975447159931E+002  0.750048239692706E+002
  0.325322044417912E-001  0.867677146263602E+002  0.686241905609471E+002
  0.325322044417912E-001  0.867317067559798E+002  0.686300109215472E+002
  0.325322044417912E-001  0.862400764281082E+002  0.687106879100271E+002
  0.325322044417912E-001  0.860170433284504E+002  0.742771759097371E+002
  0.325322044417912E-001  0.854327780987946E+002  0.688484607457650E+002
  0.325322044417912E-001  0.850572323498604E+002  0.689150401599290E+002
  0.325322044417912E-001  0.794969740551663E+002  0.702633808714938E+002
  0.325322044417912E-001  0.844443620164335E+002  0.690275220086732E+002
  0.325322044417912E-001  0.843196118276826E+002  0.690510472798932E+002
  0.325322044417912E-001  0.841058368939859E+002  0.690918922616966E+002
  0.325322044417912E-001  0.840097336596642E+002  0.739147594231204E+002
  0.325322044417912E-001  0.839153033811428E+002  0.738963535456825E+002
  0.325322044417912E-001  0.834785291386434E+002  0.692159384805849E+002
  0.325322044417912E-001  0.833491306500954E+002  0.737828706346587E+002
  0.325322044417912E-001  0.831585794437549E+002  0.737433787182514E+002
  0.325322044417912E-001  0.830328783558036E+002  0.693083001899347E+002
  0.325322044417912E-001  0.829112900079269E+002  0.693341793784808E+002
  0.325322044417912E-001  0.828087706523121E+002  0.693562411959118E+002
  0.325322044417912E-001  0.827792136376895E+002  0.693626438076678E+002
  0.325322044417912E-001  0.823990638644498E+002  0.735784803899863E+002
  0.325322044417912E-001  0.823898337384840E+002  0.735763954080456E+002
  0.325322044417912E-001  0.795051088060396E+002  0.727648926189536E+002
  0.325322044417912E-001  0.821921485821147E+002  0.694940163285248E+002
  0.325322044417912E-001  0.821666891595676E+002  0.735253323738736E+002
  0.325322044417912E-001  0.820342382307741E+002  0.734944009631050E+002
  0.325322044417912E-001  0.818957264787618E+002  0.734615291058369E+002
  0.325322044417912E-001  0.817285387957183E+002  0.734210978253732E+002
  0.325322044417912E-001  0.795061247109300E+002  0.702599690176410E+002
  0.325322044417912E-001  0.816333704600998E+002  0.696275441193593E+002
  0.325322044417912E-001  0.816003248134233E+002  0.696357383237725E+002
  0.325322044417912E-001  0.815791999647524E+002  0.696409953699373E+002
  0.325322044417912E-001  0.795285798045210E+002  0.702516356789251E+002
  0.325322044417912E-001  0.814103870899913E+002  0.696835482084848E+002
  0.325322044417912E-001  0.813366913063126E+002  0.733228015433929E+002
  0.325322044417912E-001  0.812831497079473E+002  0.697162871526209E+002
  0.325322044417912E-001  0.812697246214447E+002  0.697197763754943E+002
  0.325322044417912E-001  0.795342429849198E+002  0.727756972712777E+002
  0.325322044417912E-001  0.812194511578979E+002  0.732923365802930E+002
  0.325322044417912E-001  0.812161345573016E+002  0.697337727916871E+002
  0.325322044417912E-001  0.811999691468700E+002  0.732872234875267E+002
  0.325322044417912E-001  0.811197613431568E+002  0.732660157390474E+002
  0.325322044417912E-001  0.809608658163933E+002  0.698020139967236E+002
  0.325322044417912E-001  0.795446513520096E+002  0.702457050007901E+002
  0.325322044417912E-001  0.808624930938428E+002  0.698290502681106E+002
  0.325322044417912E-001  0.808567415053398E+002  0.698306444534091E+002
  0.325322044417912E-001  0.808530659146847E+002  0.698316640198792E+002
  0.325322044417912E-001  0.807815847176471E+002  0.731736234532071E+002
  0.325322044417912E-001  0.807437121019560E+002  0.698622856193905E+002
  0.325322044417912E-001  0.795504442035598E+002  0.702435741340819E+002
  0.325322044417912E-001  0.806744134529784E+002  0.731432514725641E+002
  0.325322044417912E-001  0.806325746078372E+002  0.698940001428489E+002
  0.325322044417912E-001  0.806209148943582E+002  0.698973634838045E+002
  0.325322044417912E-001  0.805995192873264E+002  0.731216864513445E+002
  0.325322044417912E-001  0.805805703057659E+002  0.731161843133334E+002
  0.325322044417912E-001  0.805324837490721E+002  0.731021361275908E+002
  0.325322044417912E-001  0.804985477519770E+002  0.699330932228496E+002
  0.325322044417912E-001  0.804116800088833E+002  0.730662837830884E+002
  0.325322044417912E-001  0.803573309683264E+002  0.699753586700726E+002
  0.325322044417912E-001  0.802688868125567E+002  0.700024318366421E+002
  0.325322044417912E-001  0.802429252625436E+002  0.730147685417833E+002
  0.325322044417912E-001  0.802414161766144E+002  0.730142998954047E+002
  0.325322044417912E-001  0.802376572463784E+002  0.730131319238972E+002
  0.325322044417912E-001  0.802341131105007E+002  0.700132101017470E+002
  0.325322044417912E-001  0.802153559213511E+002  0.730061836917046E+002
  0.325322044417912E-001  0.802130189041568E+002  0.730054536952837E+002
  0.325322044417912E-001  0.802046097593097E+002  0.700224159257013E+002
  0.325322044417912E-001  0.801731846692292E+002  0.700322843450773E+002
  0.325322044417912E-001  0.801730281533306E+002  0.700323336604057E+002
  0.325322044417912E-001  0.801654930777669E+002  0.700347097729903E+002
  0.325322044417912E-001  0.801414313529169E+002  0.729829168490437E+002
  0.325322044417912E-001  0.801022847306062E+002  0.729704455558895E+002
  0.325322044417912E-001  0.800974388730863E+002  0.729688943386402E+002
  0.325322044417912E-001  0.800784449855411E+002  0.700624417926600E+002
  0.325322044417912E-001  0.795626278391188E+002  0.702391040898738E+002
  0.325322044417912E-001  0.800570990825339E+002  0.729559163809691E+002
  0.325322044417912E-001  0.800570634098009E+002  0.700693351087171E+002
  0.325322044417912E-001  0.800459526198874E+002  0.700729302051006E+002
  0.325322044417912E-001  0.800350207255636E+002  0.729487637615772E+002
  0.325322044417912E-001  0.799997926095453E+002  0.700879632435311E+002
  0.325322044417912E-001  0.799801596513079E+002  0.700944054549739E+002
  0.325322044417912E-001  0.799222083687993E+002  0.701135941560436E+002
  0.325322044417912E-001  0.799202806977517E+002  0.729110029943492E+002
  0.325322044417912E-001  0.798684182339403E+002  0.728935963577454E+002
  0.325322044417912E-001  0.798662030567548E+002  0.728928479877942E+002
  0.325322044417912E-001  0.798533366960675E+002  0.728884932001378E+002
  0.325322044417912E-001  0.795855498694141E+002  0.702307364935003E+002
  0.325322044417912E-001  0.797969595943562E+002  0.728692468230432E+002
  0.325322044417912E-001  0.797681012695228E+002  0.701659514116913E+002
  0.325322044417912E-001  0.797676468748611E+002  0.728591311608862E+002
  0.325322044417912E-001  0.797588969448442E+002  0.728560968459479E+002
  0.325322044417912E-001  0.797336545613856E+002  0.728473045959939E+002
  0.325322044417912E-001  0.797294426181877E+002  0.701794080847697E+002
  0.325322044417912E-001  0.797209277747650E+002  0.728428496551372E+002
  0.325322044417912E-001  0.797167218432450E+002  0.728413741085321E+002
  0.325322044417912E-001  0.797007318049797E+002  0.728357493810864E+002
  0.325322044417912E-001  0.797004543524419E+002  0.701895883894759E+002
  0.325322044417912E-001  0.796795462762259E+002  0.701969799332122E+002
  0.325322044417912E-001  0.796744125725577E+002  0.728264387729711E+002
  0.325322044417912E-001  0.796616542410431E+002  0.728219015994080E+002
  0.325322044417912E-001  0.796612043982713E+002  0.702034986241913E+002
  0.325322044417912E-001  0.796611274233013E+002  0.702035260494416E+002
  0.325322044417912E-001  0.796502023742759E+002  0.702074243572913E+002
  0.325322044417912E-001  0.796322836285799E+002  0.728113964515763E+002
  0.325322044417912E-001  0.796187175854324E+002  0.702187245465071E+002
  0.325322044417912E-001  0.794552866137412E+002  0.702790435927545E+002
  0.325322044417912E-001  0.794431818216867E+002  0.727416109856111E+002
  0.325322044417912E-001  0.794256625628133E+002  0.727349440998883E+002
  0.325322044417912E-001  0.794210438270131E+002  0.702920595693469E+002
  0.325322044417912E-001  0.794203812803942E+002  0.702923127780579E+002
  0.325322044417912E-001  0.794174770893605E+002  0.702934233075421E+002
  0.325322044417912E-001  0.794145485940577E+002  0.727306958056275E+002
  0.325322044417912E-001  0.794103668039872E+002  0.702961464789532E+002
  0.325322044417912E-001  0.794039974869201E+002  0.702985910532150E+002
  0.325322044417912E-001  0.793919367058626E+002  0.703032335756163E+002
  0.325322044417912E-001  0.793902555565487E+002  0.703038821116282E+002
  0.325322044417912E-001  0.793807240085660E+002  0.727176742708944E+002
  0.325322044417912E-001  0.793738585999304E+002  0.727150140614230E+002
  0.325322044417912E-001  0.793276851593422E+002  0.726969675504187E+002
  0.325322044417912E-001  0.793226342361608E+002  0.703302632365959E+002
  0.325322044417912E-001  0.793122521497225E+002  0.726908740541312E+002
  0.325322044417912E-001  0.793117679752655E+002  0.703345575864854E+002
  0.325322044417912E-001  0.793046160656781E+002  0.703373925862741E+002
  0.325322044417912E-001  0.793009545057552E+002  0.726863932915168E+002
  0.325322044417912E-001  0.792926505478606E+002  0.726830889184368E+002
  0.325322044417912E-001  0.792831289608063E+002  0.726792884991591E+002
  0.325322044417912E-001  0.792817491179327E+002  0.726787367250762E+002
  0.325322044417912E-001  0.792777705042911E+002  0.726771442860896E+002
  0.325322044417912E-001  0.792766409799738E+002  0.726766917972824E+002
  0.325322044417912E-001  0.792656589945923E+002  0.703529567641176E+002
  0.325322044417912E-001  0.792584884728683E+002  0.726693956020185E+002
  0.325322044417912E-001  0.792495234580617E+002  0.703594647754219E+002
  0.325322044417912E-001  0.792457217448756E+002  0.726642364722809E+002
  0.325322044417912E-001  0.792379361204515E+002  0.726610788672426E+002
  0.325322044417912E-001  0.792345313512262E+002  0.703655446936425E+002
  0.325322044417912E-001  0.792296169936964E+002  0.726576952677460E+002
  0.325322044417912E-001  0.792278349037978E+002  0.703682708160101E+002
  0.325322044417912E-001  0.792211584303427E+002  0.726542446738947E+002
  0.325322044417912E-001  0.792209541630239E+002  0.726541612159204E+002
  0.325322044417912E-001  0.792202442532862E+002  0.703713688425706E+002
  0.325322044417912E-001  0.792191435584383E+002  0.726534211860745E+002
  0.325322044417912E-001  0.792147294649980E+002  0.726516150440010E+002
  0.325322044417912E-001  0.792091457824946E+002  0.726493262227205E+002
  0.325322044417912E-001  0.791964490281291E+002  0.703811355309630E+002
  0.325322044417912E-001  0.791926990431166E+002  0.726425575587276E+002
  0.325322044417912E-001  0.791797470338273E+002  0.726371984787743E+002
  0.325322044417912E-001  0.791732197191395E+002  0.703907519545685E+002
  0.325322044417912E-001  0.791624601493019E+002  0.703952342246120E+002
  0.325322044417912E-001  0.791507519783381E+002  0.726251077768223E+002
  0.325322044417912E-001  0.791455368479594E+002  0.726229191397233E+002
  0.325322044417912E-001  0.791342591886020E+002  0.726181714216417E+002
  0.325322044417912E-001  0.791321186951309E+002  0.704079719581696E+002
  0.325322044417912E-001  0.791218294670445E+002  0.704123249900774E+002
  0.325322044417912E-001  0.791072261083751E+002  0.726067070396976E+002
  0.325322044417912E-001  0.791000086716540E+002  0.726036258424550E+002
  0.325322044417912E-001  0.790996429249229E+002  0.726034694697589E+002
  0.325322044417912E-001  0.790888886171555E+002  0.725988614714801E+002
  0.325322044417912E-001  0.790393426887412E+002  0.704478654407770E+002
  0.325322044417912E-001  0.790287338158692E+002  0.704525228785163E+002
  0.325322044417912E-001  0.790274556523457E+002  0.725721545701950E+002
  0.325322044417912E-001  0.790142606861154E+002  0.704589099757468E+002
  0.325322044417912E-001  0.790071244047290E+002  0.704620735623674E+002
  0.325322044417912E-001  0.790057926089327E+002  0.704626650165313E+002
  0.325322044417912E-001  0.790040326722246E+002  0.725617928408713E+002
  0.325322044417912E-001  0.789874434936421E+002  0.725543918690460E+002
  0.325322044417912E-001  0.789721798280849E+002  0.704777044607952E+002
  0.325322044417912E-001  0.789680997284423E+002  0.704795449303634E+002
  0.325322044417912E-001  0.789595939093033E+002  0.725418476061737E+002
  0.325322044417912E-001  0.789562021948482E+002  0.725403094199168E+002
  0.325322044417912E-001  0.789521131216179E+002  0.704867880556041E+002
  0.325322044417912E-001  0.789171269267484E+002  0.705028206581935E+002
  0.325322044417912E-001  0.789035197124122E+002  0.725161145445576E+002
  0.325322044417912E-001  0.789027192196865E+002  0.705094975509759E+002
  0.325322044417912E-001  0.789026825709061E+002  0.725157253699439E+002
  0.325322044417912E-001  0.788932263157337E+002  0.725113187660084E+002
  0.325322044417912E-001  0.788702495738941E+002  0.725005297317271E+002
  0.325322044417912E-001  0.788511902960318E+002  0.705337499948541E+002
  0.325322044417912E-001  0.788491640095081E+002  0.724905239900814E+002
  0.325322044417912E-001  0.788338794436617E+002  0.705420334461844E+002
  0.325322044417912E-001  0.788285437426342E+002  0.724806390271815E+002
  0.325322044417912E-001  0.788254434352581E+002  0.705460959053577E+002
  0.325322044417912E-001  0.788215962218306E+002  0.705479542563614E+002
  0.325322044417912E-001  0.788214725995350E+002  0.705480140300203E+002
  0.325322044417912E-001  0.788205671766204E+002  0.724767880298995E+002
  0.325322044417912E-001  0.788086146277517E+002  0.705542514555599E+002
  0.325322044417912E-001  0.788035584824807E+002  0.705567153497856E+002
  0.325322044417912E-001  0.787830076239263E+002  0.724584439776615E+002
  0.325322044417912E-001  0.787827686144322E+002  0.724583261062956E+002
  0.325322044417912E-001  0.787749175350578E+002  0.705707939419819E+002
  0.325322044417912E-001  0.787741933701612E+002  0.705711526374703E+002
  0.325322044417912E-001  0.787697575739580E+002  0.724518871831102E+002
  0.325322044417912E-001  0.787676774959742E+002  0.705743862675059E+002
  0.325322044417912E-001  0.787639838205570E+002  0.724490156761790E+002
  0.325322044417912E-001  0.787595481028124E+002  0.724468036299735E+002
  0.325322044417912E-001  0.787563783579969E+002  0.724452196969866E+002
  0.325322044417912E-001  0.787518721329638E+002  0.705822766834782E+002
  0.325322044417912E-001  0.787495082555575E+002  0.724417774136998E+002
  0.325322044417912E-001  0.787472104990409E+002  0.724406232671896E+002
  0.325322044417912E-001  0.787353328809575E+002  0.724346341894976E+002
  0.325322044417912E-001  0.787217728416029E+002  0.724277488653440E+002
  0.325322044417912E-001  0.787089708745674E+002  0.724212005818472E+002
  0.325322044417912E-001  0.786965998007218E+002  0.706104124128415E+002
  0.325322044417912E-001  0.786917403339913E+002  0.724123118159961E+002
  0.325322044417912E-001  0.786861793053560E+002  0.706158157339167E+002
  0.325322044417912E-001  0.786751135082299E+002  0.724036504272006E+002
  0.325322044417912E-001  0.786512443613416E+002  0.706341729424533E+002
  0.325322044417912E-001  0.786396752639269E+002  0.706403372854520E+002
  0.325322044417912E-001  0.786390062124152E+002  0.723845448534602E+002
  0.325322044417912E-001  0.786337614352811E+002  0.723817347338322E+002
  0.325322044417912E-001  0.786323374901839E+002  0.723809702230644E+002
  0.325322044417912E-001  0.786291465004970E+002  0.723792545436099E+002
  0.325322044417912E-001  0.786252871287891E+002  0.723771749502744E+002
  0.325322044417912E-001  0.786251282926607E+002  0.723770892554417E+002
  0.325322044417912E-001  0.786161551408896E+002  0.706530057497965E+002
  0.325322044417912E-001  0.786039836301906E+002  0.706596354713806E+002
  0.325322044417912E-001  0.786010106698238E+002  0.706612626635400E+002
  0.325322044417912E-001  0.785977261480897E+002  0.706630640064342E+002
  0.325322044417912E-001  0.785954736444028E+002  0.706643015667620E+002
  0.325322044417912E-001  0.785858482876185E+002  0.723556296064158E+002
  0.325322044417912E-001  0.785837113291959E+002  0.723544464427019E+002
  0.325322044417912E-001  0.785770843055569E+002  0.723507666563195E+002
  0.325322044417912E-001  0.785610935250339E+002  0.706834197424409E+002
  0.325322044417912E-001  0.785596194987988E+002  0.706842492866131E+002
  0.325322044417912E-001  0.785548086726119E+002  0.706869624952293E+002
  0.325322044417912E-001  0.785518116570401E+002  0.706886572679288E+002
  0.325322044417912E-001  0.785240936687339E+002  0.707044998488092E+002
  0.325322044417912E-001  0.785234429830793E+002  0.707048754895470E+002
  0.325322044417912E-001  0.785135363559048E+002  0.707106163145437E+002
  0.325322044417912E-001  0.785061702176769E+002  0.723103282381543E+002
  0.325322044417912E-001  0.785055654683355E+002  0.723099745634230E+002
  0.325322044417912E-001  0.784994336092669E+002  0.723063795770837E+002
  0.325322044417912E-001  0.784980322564569E+002  0.707196842576644E+002
  0.325322044417912E-001  0.784936618220292E+002  0.707222592075644E+002
  0.325322044417912E-001  0.784789576246112E+002  0.722942551332069E+002
  0.325322044417912E-001  0.784751986668755E+002  0.722920088511823E+002
  0.325322044417912E-001  0.784605138605880E+002  0.707420692298268E+002
  0.325322044417912E-001  0.784600604077984E+002  0.707423437565527E+002
  0.325322044417912E-001  0.784597568174965E+002  0.722827123524469E+002
  0.325322044417912E-001  0.784477816604449E+002  0.722754249193406E+002
  0.325322044417912E-001  0.784468252126875E+002  0.722748398723308E+002
  0.325322044417912E-001  0.784392698675130E+002  0.707550374791226E+002
  0.325322044417912E-001  0.784354815261225E+002  0.707573734406272E+002
  0.325322044417912E-001  0.784350035721610E+002  0.707576686693740E+002
  0.325322044417912E-001  0.784349928387376E+002  0.722675646608936E+002
  0.325322044417912E-001  0.784276523007231E+002  0.707622241291485E+002
  0.325322044417912E-001  0.784180163130632E+002  0.722570023520187E+002
  0.325322044417912E-001  0.784174586943144E+002  0.707685870874016E+002
  0.325322044417912E-001  0.784107397916315E+002  0.722524289397964E+002
  0.325322044417912E-001  0.783937714703957E+002  0.722416526232834E+002
  0.325322044417912E-001  0.783932776295940E+002  0.707839033553536E+002
  0.325322044417912E-001  0.783884227025688E+002  0.722382225288022E+002
  0.325322044417912E-001  0.783856805867355E+002  0.707887822180867E+002
  0.325322044417912E-001  0.783808928652846E+002  0.722333660776590E+002
  0.325322044417912E-001  0.783794483799157E+002  0.707928092662685E+002
  0.325322044417912E-001  0.783754283962405E+002  0.722298211167845E+002
  0.325322044417912E-001  0.783740125860382E+002  0.707963401839530E+002
  0.325322044417912E-001  0.783685722401395E+002  0.707998915727176E+002
  0.325322044417912E-001  0.783678836167580E+002  0.708003423598268E+002
  0.325322044417912E-001  0.783678094693754E+002  0.708003909152517E+002
  0.325322044417912E-001  0.783647428250556E+002  0.722228379460019E+002
  0.325322044417912E-001  0.783616547132400E+002  0.708044329653793E+002
  0.325322044417912E-001  0.783471649784062E+002  0.708140412326030E+002
  0.325322044417912E-001  0.783447640673184E+002  0.722095938721727E+002
  0.325322044417912E-001  0.783373752903682E+002  0.708206083694155E+002
  0.325322044417912E-001  0.783368893852255E+002  0.722043040121598E+002
  0.325322044417912E-001  0.783287427384514E+002  0.708264514197431E+002
  0.325322044417912E-001  0.783281519336981E+002  0.708268531335340E+002
  0.325322044417912E-001  0.783269218969581E+002  0.721975497167671E+002
  0.325322044417912E-001  0.783220720330828E+002  0.721942390854675E+002
  0.325322044417912E-001  0.783197484995101E+002  0.721926472761759E+002
  0.325322044417912E-001  0.783192792419081E+002  0.708329146174251E+002
  0.325322044417912E-001  0.783131254800029E+002  0.721880893845413E+002
  0.325322044417912E-001  0.783116489539238E+002  0.721870690560704E+002
  0.325322044417912E-001  0.783028314217403E+002  0.721809434222005E+002
  0.325322044417912E-001  0.782999275038262E+002  0.708463262496388E+002
  0.325322044417912E-001  0.782992653056486E+002  0.708467899632417E+002
  0.325322044417912E-001  0.782979342139860E+002  0.708477230573333E+002
  0.325322044417912E-001  0.782965337786020E+002  0.708487061769808E+002
  0.325322044417912E-001  0.782948748445108E+002  0.708498726522940E+002
  0.325322044417912E-001  0.782912848434131E+002  0.708524040081950E+002
  0.325322044417912E-001  0.782879564867845E+002  0.721704803850457E+002
  0.325322044417912E-001  0.782759185275605E+002  0.721618894476536E+002
  0.325322044417912E-001  0.782724297026548E+002  0.721593783055772E+002
  0.325322044417912E-001  0.782684516909113E+002  0.721565031134191E+002
  0.325322044417912E-001  0.782683437926232E+002  0.708688150127668E+002
  0.325322044417912E-001  0.782671158465802E+002  0.721555347197457E+002
  0.325322044417912E-001  0.782668295657565E+002  0.708699129652296E+002
  0.325322044417912E-001  0.782646013917441E+002  0.708715320137210E+002
  0.325322044417912E-001  0.782596887108632E+002  0.721501237407824E+002
  0.325322044417912E-001  0.782535831268289E+002  0.708795990327449E+002
  0.325322044417912E-001  0.782527788251497E+002  0.708801919317958E+002
  0.325322044417912E-001  0.782410852132071E+002  0.721363643087062E+002
  0.325322044417912E-001  0.782365075900109E+002  0.708923081206394E+002
  0.325322044417912E-001  0.782360150180216E+002  0.721325613600604E+002
  0.325322044417912E-001  0.782340551898165E+002  0.721310851056608E+002
  0.325322044417912E-001  0.782311880449479E+002  0.721289190378935E+002
  0.325322044417912E-001  0.782271669105253E+002  0.708993716957279E+002
  0.325322044417912E-001  0.782248795366816E+002  0.721241260796071E+002
  0.325322044417912E-001  0.782246826240699E+002  0.721239758683388E+002
  0.325322044417912E-001  0.782234761428671E+002  0.721230547186770E+002
  0.325322044417912E-001  0.782219134385012E+002  0.721218595219760E+002
  0.325322044417912E-001  0.782213121941047E+002  0.709038409119116E+002
  0.325322044417912E-001  0.782211291244067E+002  0.721212587736896E+002
  0.325322044417912E-001  0.782192942601119E+002  0.721198510309752E+002
  0.325322044417912E-001  0.782133843708299E+002  0.721152945003419E+002
  0.325322044417912E-001  0.782111420855627E+002  0.721135566552133E+002
  0.325322044417912E-001  0.782109539499696E+002  0.709118293462170E+002
  0.325322044417912E-001  0.782029057218188E+002  0.709181103592174E+002
  0.325322044417912E-001  0.782005356304744E+002  0.721052672433666E+002
  0.325322044417912E-001  0.781960892256139E+002  0.709234824751269E+002
  0.325322044417912E-001  0.781953914562892E+002  0.721012048043373E+002
  0.325322044417912E-001  0.781946757407173E+002  0.721006373678846E+002
  0.325322044417912E-001  0.781925601040442E+002  0.720989568296662E+002
  0.325322044417912E-001  0.781918095342800E+002  0.720983594621600E+002
  0.325322044417912E-001  0.781886730703446E+002  0.720958565759789E+002
  0.325322044417912E-001  0.781875252230661E+002  0.720949379093510E+002
  0.325322044417912E-001  0.781839685713981E+002  0.709331578261790E+002
  0.325322044417912E-001  0.781755220928541E+002  0.720852430582833E+002
  0.325322044417912E-001  0.781752046754836E+002  0.720849844536207E+002
  0.325322044417912E-001  0.781745906891618E+002  0.709407560636215E+002
  0.325322044417912E-001  0.781741946174101E+002  0.720841607656684E+002
  0.325322044417912E-001  0.781697830274808E+002  0.720805491737282E+002
  0.325322044417912E-001  0.781650543828854E+002  0.709485876174805E+002
  0.325322044417912E-001  0.781590326687715E+002  0.709535893728904E+002
  0.325322044417912E-001  0.781586540776418E+002  0.709539053342873E+002
  0.325322044417912E-001  0.781504386542065E+002  0.709608062499143E+002
  0.325322044417912E-001  0.781488002512992E+002  0.720630471134512E+002
  0.325322044417912E-001  0.781486906436209E+002  0.720629542266042E+002
  0.325322044417912E-001  0.781465881746881E+002  0.709640705132440E+002
  0.325322044417912E-001  0.781452993782529E+002  0.720600725170719E+002
  0.325322044417912E-001  0.781412986118468E+002  0.720566532618130E+002
  0.325322044417912E-001  0.781391812074528E+002  0.720548348963788E+002
  0.325322044417912E-001  0.781292396258339E+002  0.709790254480149E+002
  0.325322044417912E-001  0.781274328831074E+002  0.709806070802193E+002
  0.325322044417912E-001  0.781196420628801E+002  0.709874817609598E+002
  0.325322044417912E-001  0.781189836411736E+002  0.720371730751774E+002
  0.325322044417912E-001  0.781157406065217E+002  0.709909584798782E+002
  0.325322044417912E-001  0.781143766085909E+002  0.709921794636739E+002
  0.325322044417912E-001  0.781114991252839E+002  0.709947646874226E+002
  0.325322044417912E-001  0.781095412855175E+002  0.709965310769078E+002
  0.325322044417912E-001  0.781087259956220E+002  0.720279715335596E+002
  0.325322044417912E-001  0.781077318219899E+002  0.720270709693009E+002
  0.325322044417912E-001  0.781025004387443E+002  0.720223059471343E+002
  0.325322044417912E-001  0.781010469313258E+002  0.710042658751214E+002
  0.325322044417912E-001  0.781010296779104E+002  0.710042817055231E+002
  0.325322044417912E-001  0.781004824881438E+002  0.720204559409528E+002
  0.325322044417912E-001  0.780972528430439E+002  0.720174809769028E+002
  0.325322044417912E-001  0.780937975533728E+002  0.710109613334413E+002
  0.325322044417912E-001  0.780937015390704E+002  0.720141893504702E+002
  0.325322044417912E-001  0.780921506200764E+002  0.710124949206277E+002
  0.325322044417912E-001  0.780914615728719E+002  0.710131379429794E+002
  0.325322044417912E-001  0.780898195394571E+002  0.710146736440870E+002
  0.325322044417912E-001  0.780897558168258E+002  0.720105066258100E+002
  0.325322044417912E-001  0.780840518726793E+002  0.710201057646905E+002
  0.325322044417912E-001  0.780787883602165E+002  0.720001240796166E+002
  0.325322044417912E-001  0.780773511705701E+002  0.719987471047514E+002
  0.325322044417912E-001  0.780723189276317E+002  0.719938946540166E+002
  0.325322044417912E-001  0.780703616330159E+002  0.719919940220862E+002
  0.325322044417912E-001  0.780687929521462E+002  0.710347746651195E+002
  0.325322044417912E-001  0.780682448788132E+002  0.719899300286818E+002
  0.325322044417912E-001  0.780670981586945E+002  0.719888081549738E+002
  0.325322044417912E-001  0.780651074332402E+002  0.719868542604885E+002
  0.325322044417912E-001  0.780639070883444E+002  0.719856722233623E+002
  0.325322044417912E-001  0.780557733965191E+002  0.719775834244666E+002
  0.325322044417912E-001  0.780532093142735E+002  0.710502358011885E+002
  0.325322044417912E-001  0.780431157702603E+002  0.710605320646987E+002
  0.325322044417912E-001  0.780420507655666E+002  0.719636077927680E+002
  0.325322044417912E-001  0.780384170086771E+002  0.710654060515178E+002
  0.325322044417912E-001  0.780383338797394E+002  0.719597472027783E+002
  0.325322044417912E-001  0.780375703486373E+002  0.719589500173040E+002
  0.325322044417912E-001  0.780297040724156E+002  0.719506525558312E+002
  0.325322044417912E-001  0.780294306629637E+002  0.710748786302415E+002
  0.325322044417912E-001  0.780285316542103E+002  0.710758375863725E+002
  0.325322044417912E-001  0.780273607132254E+002  0.719481501879033E+002
  0.325322044417912E-001  0.780230738100719E+002  0.719435347906252E+002
  0.325322044417912E-001  0.780211110488764E+002  0.719414050484859E+002
  0.325322044417912E-001  0.780205931982866E+002  0.710843985855096E+002
  0.325322044417912E-001  0.780154980337132E+002  0.719352552822873E+002
  0.325322044417912E-001  0.780141772195735E+002  0.710914448486687E+002
  0.325322044417912E-001  0.780118520689676E+002  0.719312122669968E+002
  0.325322044417912E-001  0.780093861071095E+002  0.710967844867220E+002
  0.325322044417912E-001  0.780025836938515E+002  0.719207542793419E+002
  0.325322044417912E-001  0.780019152121182E+002  0.711052503449162E+002
  0.325322044417912E-001  0.780002272334793E+002  0.711071876080051E+002
  0.325322044417912E-001  0.780001913605693E+002  0.719180110823827E+002
  0.325322044417912E-001  0.779986009713889E+002  0.711090628359644E+002
  0.325322044417912E-001  0.779985022336303E+002  0.719160629913161E+002
  0.325322044417912E-001  0.779973406184785E+002  0.719147178090572E+002
  0.325322044417912E-001  0.779957585582166E+002  0.711123614931581E+002
  0.325322044417912E-001  0.779935282989617E+002  0.711149688957955E+002
  0.325322044417912E-001  0.779913679478383E+002  0.711175109744837E+002
  0.325322044417912E-001  0.779892213828563E+002  0.719051868267562E+002
  0.325322044417912E-001  0.779855068364639E+002  0.719007483834570E+002
  0.325322044417912E-001  0.779828892509625E+002  0.711276500174814E+002
  0.325322044417912E-001  0.779820672729059E+002  0.718965927661735E+002
  0.325322044417912E-001  0.779816142663074E+002  0.711291978661746E+002
  0.325322044417912E-001  0.779764914030366E+002  0.711354811279967E+002
  0.325322044417912E-001  0.779763305491584E+002  0.711356801134260E+002
  0.325322044417912E-001  0.779730349719350E+002  0.718854596548200E+002
  0.325322044417912E-001  0.779716142229726E+002  0.718836780534831E+002
  0.325322044417912E-001  0.779696036474572E+002  0.711440978630817E+002
  0.325322044417912E-001  0.779690456529565E+002  0.718804351959595E+002
  0.325322044417912E-001  0.779690164689602E+002  0.711448417751040E+002
  0.325322044417912E-001  0.779680877899067E+002  0.711460214250443E+002
  0.325322044417912E-001  0.779661539596375E+002  0.711484901277183E+002
  0.325322044417912E-001  0.779660013124071E+002  0.718765542532571E+002
  0.325322044417912E-001  0.779648539610099E+002  0.718750808217224E+002
  0.325322044417912E-001  0.779636934155785E+002  0.718735843278390E+002
  0.325322044417912E-001  0.779636931990299E+002  0.711516559135260E+002
  0.325322044417912E-001  0.779571575910639E+002  0.711602020589502E+002
  0.325322044417912E-001  0.779571224120685E+002  0.718649913407152E+002
  0.325322044417912E-001  0.779569869677725E+002  0.718648120131421E+002
  0.325322044417912E-001  0.779557872661195E+002  0.711620203517614E+002
  0.325322044417912E-001  0.779556014573854E+002  0.718629723324720E+002
  0.325322044417912E-001  0.779546333144979E+002  0.718616810777998E+002
  0.325322044417912E-001  0.779530100277904E+002  0.711657347184128E+002
  0.325322044417912E-001  0.779490964979520E+002  0.718542026124274E+002
  0.325322044417912E-001  0.779479656349035E+002  0.711725850094213E+002
  0.325322044417912E-001  0.779474071362578E+002  0.711733519558327E+002
  0.325322044417912E-001  0.779467983676676E+002  0.718510500474337E+002
  0.325322044417912E-001  0.779456328872335E+002  0.718494399699228E+002
  0.325322044417912E-001  0.779441769724595E+002  0.718474177881889E+002
  0.325322044417912E-001  0.779440846992441E+002  0.711779507472814E+002
  0.325322044417912E-001  0.779438447927172E+002  0.718469546960270E+002
  0.325322044417912E-001  0.779436849567422E+002  0.718467316397812E+002
  0.325322044417912E-001  0.779387387587039E+002  0.711854860676606E+002
  0.325322044417912E-001  0.779364589669757E+002  0.718364871137057E+002
  0.325322044417912E-001  0.779363010332509E+002  0.718362595845723E+002
  0.325322044417912E-001  0.779356313541901E+002  0.711899469407074E+002
  0.325322044417912E-001  0.779340506394629E+002  0.718329999729032E+002
  0.325322044417912E-001  0.779339280610070E+002  0.711924184919257E+002
  0.325322044417912E-001  0.779328698704483E+002  0.718312763358846E+002
  0.325322044417912E-001  0.779327287197606E+002  0.711941702957922E+002
  0.325322044417912E-001  0.779312507431953E+002  0.718288975306264E+002
  0.325322044417912E-001  0.779309105569349E+002  0.718283954543725E+002
  0.325322044417912E-001  0.779284702588220E+002  0.718247701784121E+002
  0.325322044417912E-001  0.779250689880332E+002  0.718196458914233E+002
  0.325322044417912E-001  0.779236027829938E+002  0.712078295980317E+002
  0.325322044417912E-001  0.779210181705315E+002  0.712118108193420E+002
  0.325322044417912E-001  0.779189099124125E+002  0.712150977338333E+002
  0.325322044417912E-001  0.779180602132186E+002  0.712164327842759E+002
  0.325322044417912E-001  0.779174301806123E+002  0.712174265920487E+002
  0.325322044417912E-001  0.779168680043703E+002  0.718069237645606E+002
  0.325322044417912E-001  0.779161723507609E+002  0.718058192044016E+002
  0.325322044417912E-001  0.779143263737614E+002  0.712223721789525E+002
  0.325322044417912E-001  0.779141133493792E+002  0.718025252569178E+002
  0.325322044417912E-001  0.779140268251745E+002  0.718023860174889E+002
  0.325322044417912E-001  0.779108308236058E+002  0.717971951078904E+002
  0.325322044417912E-001  0.779093076060109E+002  0.717946875029664E+002
  0.325322044417912E-001  0.779091530354201E+002  0.717944317933188E+002
  0.325322044417912E-001  0.779065348400803E+002  0.712351753115548E+002
  0.325322044417912E-001  0.779065281869302E+002  0.712351864965580E+002
  0.325322044417912E-001  0.779060921288766E+002  0.712359205654194E+002
  0.325322044417912E-001  0.779022037913782E+002  0.712425544779023E+002
  0.325322044417912E-001  0.778977118534838E+002  0.712504270678563E+002
  0.325322044417912E-001  0.778966366570224E+002  0.712523467800523E+002
  0.325322044417912E-001  0.778959373744347E+002  0.712536029517040E+002
  0.325322044417912E-001  0.778947020430793E+002  0.717694028789548E+002
  0.325322044417912E-001  0.778940265185411E+002  0.717681729137526E+002
  0.325322044417912E-001  0.778938900053713E+002  0.712573163246662E+002
  0.325322044417912E-001  0.778914623175632E+002  0.712617907233937E+002
  0.325322044417912E-001  0.778909140663863E+002  0.712628122815426E+002
  0.325322044417912E-001  0.778871638087802E+002  0.712699154233221E+002
  0.325322044417912E-001  0.778870062504340E+002  0.712702184013053E+002
  0.325322044417912E-001  0.778838779961101E+002  0.717489256512599E+002
  0.325322044417912E-001  0.778836982890966E+002  0.712766692819090E+002
  0.325322044417912E-001  0.778833851281292E+002  0.712772891419273E+002
  0.325322044417912E-001  0.778833515552158E+002  0.712773556919227E+002
  0.325322044417912E-001  0.778823259754345E+002  0.712793978004740E+002
  0.325322044417912E-001  0.778812050530584E+002  0.712816504028566E+002
  0.325322044417912E-001  0.778798312826656E+002  0.712844414539183E+002
  0.325322044417912E-001  0.778773503475571E+002  0.717356695907897E+002
  0.325322044417912E-001  0.778750610885102E+002  0.717308300165911E+002
  0.325322044417912E-001  0.778736665163857E+002  0.717278285058638E+002
  0.325322044417912E-001  0.778735188178515E+002  0.712977317996147E+002
  0.325322044417912E-001  0.778731092718856E+002  0.712986225738052E+002
  0.325322044417912E-001  0.778711289431652E+002  0.717222567224786E+002
  0.325322044417912E-001  0.778703555621435E+002  0.717205289126183E+002
  0.325322044417912E-001  0.778700447759508E+002  0.713054094341375E+002
  0.325322044417912E-001  0.778694063267901E+002  0.717183883960652E+002
  0.325322044417912E-001  0.778691742193388E+002  0.713073783622332E+002
  0.325322044417912E-001  0.778688781214638E+002  0.717171875991999E+002
  0.325322044417912E-001  0.778677276446333E+002  0.713106925147976E+002
  0.325322044417912E-001  0.778636491543461E+002  0.717048961599374E+002
  0.325322044417912E-001  0.778629961476423E+002  0.713219344298559E+002
  0.325322044417912E-001  0.778628761110817E+002  0.713222282671592E+002
  0.325322044417912E-001  0.778628120486685E+002  0.713223852711840E+002
  0.325322044417912E-001  0.778612459207946E+002  0.713262646736905E+002
  0.325322044417912E-001  0.778607282793047E+002  0.716976751741871E+002
  0.325322044417912E-001  0.778602167945066E+002  0.713288584724659E+002
  0.325322044417912E-001  0.778598494043018E+002  0.716954466096833E+002
  0.325322044417912E-001  0.778573055690103E+002  0.716888374286591E+002
  0.325322044417912E-001  0.778571308986437E+002  0.713368654653028E+002
  0.325322044417912E-001  0.778569107045671E+002  0.716877891681760E+002
  0.325322044417912E-001  0.778568023672796E+002  0.713377394986461E+002
  0.325322044417912E-001  0.778560808223629E+002  0.713396746188592E+002
  0.325322044417912E-001  0.778557948873198E+002  0.716847924728128E+002
  0.325322044417912E-001  0.778556635318788E+002  0.716844362594339E+002
  0.325322044417912E-001  0.778549121713437E+002  0.716823843340306E+002
  0.325322044417912E-001  0.778545823394993E+002  0.716814757056379E+002
  0.325322044417912E-001  0.778543000814058E+002  0.713445457274710E+002
  0.325322044417912E-001  0.778538766445021E+002  0.713457249346811E+002
  0.325322044417912E-001  0.812530802329735E+002  0.713916202854279E+002
