  0.720510378346544E+002 -0.429594099942384E+002
  0.720504539744696E+002 -0.429594109322067E+002
  0.720505866551166E+002 -0.429594106829314E+002
  0.720499863661711E+002 -0.429594119801211E+002
  0.720511149092213E+002 -0.429594099011593E+002
  0.720500852870644E+002 -0.429594117364299E+002
  0.720502290686805E+002 -0.429594114032828E+002
  0.720510470842757E+002 -0.429594099826895E+002
  0.720513942151774E+002 -0.429594096239228E+002
  0.720505278930477E+002 -0.429594107907101E+002
  0.720500679581929E+002 -0.429594117782663E+002
  0.720512621728059E+002 -0.429594097432526E+002
  0.720508735907423E+002 -0.429594102165056E+002
  0.720515590608770E+002 -0.429594095044814E+002
  0.720509918737863E+002 -0.429594100531555E+002
  0.720510640464720E+002 -0.429594099617791E+002
  0.720507990605926E+002 -0.429594103281044E+002
  0.720509779364140E+002 -0.429594100715255E+002
  0.720514660381009E+002 -0.429594095678507E+002
  0.720514289606327E+002 -0.429594095960196E+002
  0.720506849385133E+002 -0.429594105119788E+002
  0.720505416068059E+002 -0.429594107651842E+002
  0.720516505431501E+002 -0.429594094523473E+002
  0.720501331881976E+002 -0.429594116226698E+002
  0.720505509470887E+002 -0.429594107479287E+002
  0.720506260230104E+002 -0.429594106130559E+002
  0.720501440519566E+002 -0.429594115972547E+002
  0.720505949014814E+002 -0.429594106681398E+002
  0.720503122877978E+002 -0.429594112218610E+002
  0.720517525637982E+002 -0.429594094061205E+002
  0.720506129682644E+002 -0.429594106360199E+002
  0.720501022889848E+002 -0.429594116957351E+002
  0.720512727088425E+002 -0.429594097329584E+002
  0.720504003084780E+002 -0.429594110390671E+002
  0.720509552081986E+002 -0.429594101019851E+002
  0.720505568171610E+002 -0.429594107371380E+002
  0.720500033681495E+002 -0.429594119373963E+002
  0.720506144216502E+002 -0.429594106334531E+002
  0.720511171949849E+002 -0.429594098985083E+002
