  0.343237007242289E-032  0.229438225270318E+003  0.600287531972042E+002
  0.652418918763545E-032  0.228147038335565E+003  0.600813152643358E+002
  0.110191883196292E-031  0.227092139829880E+003  0.601244384901824E+002
  0.170035189083550E-031  0.226217919906817E+003  0.601602998774142E+002
  0.214240956694541E-031  0.225749072452189E+003  0.601795792233508E+002
  0.220041283167570E-031  0.225688989207904E+003  0.601820522610775E+002
  0.219884927067022E-031  0.225683755285292E+003  0.601822677158831E+002
  0.620587556373443E-031  0.223601975004849E+003  0.602682917298393E+002
  0.337132836295288E-030  0.220210528589041E+003  0.604098614815558E+002
  0.743944933039043E-030  0.218620893025472E+003  0.604768430184893E+002
  0.816871901212129E-030  0.218427206898199E+003  0.604850320622867E+002
  0.141056036539834E-029  0.217328031246445E+003  0.605316208450173E+002
  0.279091277512062E-029  0.215956612357935E+003  0.605900273495515E+002
  0.290083548162090E-029  0.215872696596267E+003  0.605936113288431E+002
  0.299920556626007E-029  0.215799343716598E+003  0.605967451392223E+002
  0.465328791347649E-029  0.214914234925310E+003  0.606346302736515E+002
  0.778406491621986E-029  0.213878570071836E+003  0.606791278337038E+002
  0.809634422530803E-029  0.213793246601569E+003  0.606828019264728E+002
  0.564848891598325E-028  0.209901469972796E+003  0.608517306970358E+002
  0.607817497622906E-028  0.209748181549318E+003  0.608584392525783E+002
  0.829905978479915E-028  0.209118650475311E+003  0.608860346300895E+002
  0.382356724211431E-027  0.206056741528266E+003  0.610212878487267E+002
  0.123843432684522E-026  0.203699587517507E+003  0.611266098673026E+002
  0.165907988195520E-026  0.203108101500241E+003  0.611532066192872E+002
  0.180465279897313E-026  0.202933235805200E+003  0.611610827154627E+002
  0.317796880162468E-026  0.201794832159136E+003  0.612125045884912E+002
  0.338503407335658E-026  0.201661933136520E+003  0.612185244022495E+002
  0.412816521271073E-026  0.201258339401255E+003  0.612368272601774E+002
  0.424004022550621E-026  0.201198204408051E+003  0.612395571558663E+002
  0.600712822907256E-026  0.200494800736063E+003  0.612715429947780E+002
  0.102543993137604E-025  0.199418625130681E+003  0.613206741469510E+002
  0.197037594711094E-025  0.198105764272920E+003  0.613809334070229E+002
  0.816386054885764E-025  0.195256123086867E+003  0.615129790851480E+002
  0.148011543183965E-024  0.194059491489400E+003  0.615689509340697E+002
  0.144607455996300E-023  0.189494200511040E+003  0.617854479725189E+002
  0.170655184239717E-023  0.189156300564934E+003  0.618016638370329E+002
  0.318327009653023E-023  0.187902776719972E+003  0.618620586489034E+002
  0.119788778682732E-022  0.185245649298690E+003  0.619913457241692E+002
  0.176232806550138E-022  0.184466841976024E+003  0.620295739471637E+002
  0.256240289257251E-022  0.183711566898423E+003  0.620667948466732E+002
  0.135494588003012E-021  0.180374109003386E+003  0.622330562244476E+002
  0.155167383192841E-021  0.180096307968726E+003  0.622470298738825E+002
  0.273217499474507E-021  0.178958124881468E+003  0.623045029575240E+002
  0.355750993746189E-021  0.178423543599301E+003  0.623316210615833E+002
  0.495825754677299E-021  0.177752900951914E+003  0.623657549481375E+002
  0.627912396700110E-021  0.177273893177555E+003  0.623902133318182E+002
  0.686058422336163E-021  0.177090113343734E+003  0.623996146489015E+002
  0.728281383454644E-021  0.176964008360752E+003  0.624060712050079E+002
  0.144518594345982E-020  0.175586741213347E+003  0.624768874209339E+002
  0.286519150667898E-020  0.174211291238022E+003  0.625481685023823E+002
  0.110309733081408E-019  0.171508491898196E+003  0.626899154500020E+002
  0.262175398412618E-019  0.169770393167815E+003  0.627822849379258E+002
  0.330000032187066E-019  0.169303579562361E+003  0.628072602355764E+002
  0.916799983876640E-019  0.167253330829422E+003  0.629178112277782E+002
  0.211121219053385E-018  0.165578418787199E+003  0.630091903671343E+002
  0.225792189782685E-018  0.165437398015764E+003  0.630169289788466E+002
  0.363925886931357E-018  0.164476072080477E+003  0.799553685753848E+002
  0.384989544541759E-018  0.164356884625671E+003  0.630764584605996E+002
  0.452227052840067E-018  0.164028292633257E+003  0.630946452861823E+002
  0.469049723050470E-018  0.163948588254822E+003  0.799261772933648E+002
  0.766489715762405E-018  0.162959707676720E+003  0.798711773236551E+002
  0.139814232313579E-017  0.161750895213839E+003  0.632217904599239E+002
  0.163530479791142E-017  0.161430870105118E+003  0.797854261809971E+002
  0.168710514530374E-017  0.161361844683530E+003  0.632437063362237E+002
  0.175683439469317E-017  0.161274190259825E+003  0.632486520811062E+002
  0.252826963429698E-017  0.160539491520527E+003  0.632902231140367E+002
  0.310237492393137E-017  0.160123570354455E+003  0.633138503785777E+002
  0.476662239574820E-017  0.159257974697724E+003  0.796619980001969E+002
  0.551108840840287E-017  0.158961070765551E+003  0.633802526312370E+002
  0.732638198032260E-017  0.158384975852525E+003  0.634133610493515E+002
  0.823770706625185E-017  0.158143839805990E+003  0.795979804717575E+002
  0.831309007641374E-017  0.158118965518684E+003  0.795965454244084E+002
  0.170953965134481E-016  0.156670354283646E+003  0.795125281277254E+002
  0.178436343492965E-016  0.156578023487441E+003  0.635180968151711E+002
  0.191546547466680E-016  0.156429570050722E+003  0.635267626332055E+002
  0.681723480615762E-016  0.153883927920164E+003  0.636768529610319E+002
  0.740727706180313E-016  0.153711254404502E+003  0.793381019657939E+002
  0.885883593753159E-016  0.153346693887862E+003  0.637088970076833E+002
  0.102199058156965E-015  0.153054194313500E+003  0.792988409768301E+002
  0.202745148361220E-015  0.151677484130316E+003  0.792159302591282E+002
  0.211012804687844E-015  0.151590890442495E+003  0.792106854082366E+002
  0.279785079666896E-015  0.151020029025395E+003  0.791760193480254E+002
  0.353737821952028E-015  0.150544304871268E+003  0.638782296257630E+002
  0.353728433671432E-015  0.150537702372232E+003  0.638786330127537E+002
  0.601082073114784E-015  0.149470642784203E+003  0.790811312508781E+002
  0.601420214102635E-015  0.149462862412820E+003  0.790806517603274E+002
  0.796781288964551E-015  0.148893634149562E+003  0.790454884265573E+002
  0.828410829755268E-015  0.148809120610846E+003  0.790402537089374E+002
  0.153991866040679E-014  0.147562513683540E+003  0.789626123771773E+002
  0.162987364258367E-014  0.147442312313728E+003  0.640701567964332E+002
  0.183864893459553E-014  0.147194599662930E+003  0.789395427871623E+002
  0.196895167258488E-014  0.147051003626782E+003  0.789305193109271E+002
  0.220718232387325E-014  0.146815917086035E+003  0.789157228920256E+002
  0.274159145931507E-014  0.146375617824131E+003  0.641373095028455E+002
  0.305194445398265E-014  0.146154481569890E+003  0.788739323808457E+002
  0.351661001416339E-014  0.145864388893654E+003  0.788555288496840E+002
  0.451371707159006E-014  0.145358486239385E+003  0.788233234505794E+002
  0.517092692137764E-014  0.145079968734263E+003  0.642197074354743E+002
  0.548647338878697E-014  0.144954845717654E+003  0.787975258714551E+002
  0.665715853531733E-014  0.144561376001399E+003  0.787722900949641E+002
  0.709881852672158E-014  0.144426249184515E+003  0.787636032713515E+002
  0.103984190434203E-013  0.143656142776285E+003  0.787138958284007E+002
  0.116722971165760E-013  0.143418358222382E+003  0.643267616976240E+002
  0.146246920978180E-013  0.142960716495475E+003  0.786687120343467E+002
  0.159313561596059E-013  0.142782905089344E+003  0.786571132565563E+002
  0.183852264438138E-013  0.142489733151721E+003  0.786379481921641E+002
  0.278783096744510E-013  0.141650474523534E+003  0.785827974485373E+002
  0.381807637234142E-013  0.141014853211585E+003  0.644844995034355E+002
  0.521599258292815E-013  0.140384232282794E+003  0.784987641255760E+002
  0.568028796904778E-013  0.140207031647438E+003  0.645383163989938E+002
  0.774242510748379E-013  0.139580950007886E+003  0.784449267716055E+002
  0.111772380968360E-012  0.138839965552378E+003  0.783948913116653E+002
  0.112881160340857E-012  0.138813567779496E+003  0.646321378890051E+002
  0.145944850676211E-012  0.138293125742625E+003  0.646675089161719E+002
  0.199600970146996E-012  0.137660287344304E+003  0.783144733689269E+002
  0.202565851837722E-012  0.137624142156876E+003  0.783119943559885E+002
  0.253379737654868E-012  0.137169838026994E+003  0.647444814223044E+002
  0.472618964051614E-012  0.135916382070363E+003  0.781938195489707E+002
  0.476807813260532E-012  0.135892078467228E+003  0.781921226819693E+002
  0.481356379146729E-012  0.135866434074516E+003  0.781903317340953E+002
  0.549828717407551E-012  0.135593780698177E+003  0.781712604362355E+002
  0.659374275714885E-012  0.135223756095206E+003  0.781452906003942E+002
  0.707480615006543E-012  0.135076262691748E+003  0.648903294378740E+002
  0.842626917636180E-012  0.134719978981360E+003  0.649154708313003E+002
  0.105352499187177E-011  0.134266578079754E+003  0.780776353744247E+002
  0.129141177706482E-011  0.133852733811386E+003  0.649770727745670E+002
  0.206567861826539E-011  0.132906632670506E+003  0.779802948171666E+002
  0.253849833081553E-011  0.132487749296858E+003  0.650752239789748E+002
  0.271015741272112E-011  0.132350225674229E+003  0.650851959271691E+002
  0.330869205782692E-011  0.131944477606994E+003  0.651147076198478E+002
  0.555528442102203E-011  0.130901428706648E+003  0.778340348926336E+002
  0.652147414700457E-011  0.130574071478734E+003  0.778098348483138E+002
  0.734756657444019E-011  0.130328878431449E+003  0.652335922222273E+002
  0.953854927278227E-011  0.129800278399353E+003  0.652729812754648E+002
  0.124170644193314E-010  0.129266162252444E+003  0.653130355504152E+002
  0.124427827869068E-010  0.129255368533108E+003  0.653138476577221E+002
  0.127891745383796E-010  0.129193796323111E+003  0.777067576439094E+002
  0.142225073419260E-010  0.128974687422997E+003  0.653350032729170E+002
  0.168748195701146E-010  0.128626038221414E+003  0.653613831280621E+002
  0.171252202738964E-010  0.128589923236800E+003  0.776611177951147E+002
  0.178465404013641E-010  0.128500752801381E+003  0.776543496854002E+002
  0.197107333001385E-010  0.128295389920090E+003  0.653865059287409E+002
  0.215863277522884E-010  0.128106940710101E+003  0.776243693796691E+002
  0.216584497904141E-010  0.128093614071897E+003  0.776233522703398E+002
  0.303525007143487E-010  0.127411992009480E+003  0.654541378387197E+002
  0.400733173553092E-010  0.126849672828791E+003  0.775276555524450E+002
  0.456442650063882E-010  0.126582682730058E+003  0.775069167957538E+002
  0.526037698858511E-010  0.126292207512848E+003  0.655409679595342E+002
  0.524558394353583E-010  0.126291184184647E+003  0.774841920738632E+002
  0.584119255393369E-010  0.126069431781640E+003  0.774668465553399E+002
  0.750955354853134E-010  0.125560294129502E+003  0.655984107405442E+002
  0.939787521884838E-010  0.125105023335783E+003  0.773908150139856E+002
  0.949906917591040E-010  0.125076947377306E+003  0.656366531228328E+002
  0.134513846802266E-009  0.124374515319863E+003  0.773325624979856E+002
  0.157739190488759E-009  0.124049308075523E+003  0.773064412665072E+002
  0.167319522517760E-009  0.123924727861658E+003  0.772964035072298E+002
  0.176176349015360E-009  0.123814911914338E+003  0.772875408759806E+002
  0.179548057242367E-009  0.123770341486083E+003  0.772839399630599E+002
  0.201482444633424E-009  0.123533167198460E+003  0.772647403767435E+002
  0.230613832877174E-009  0.123256426941655E+003  0.772422565403882E+002
  0.236854645508739E-009  0.123196367260669E+003  0.657878746478195E+002
  0.278090200182635E-009  0.122868713921965E+003  0.658146324848465E+002
  0.367803369942879E-009  0.122302852436964E+003  0.771640980324925E+002
  0.378370917007829E-009  0.122239543853056E+003  0.658663692345267E+002
  0.394282382992027E-009  0.122150503504342E+003  0.658737293779063E+002
  0.393033448589804E-009  0.122150193207204E+003  0.658737550441030E+002
  0.411637343357483E-009  0.122051041611052E+003  0.658819623499528E+002
  0.411197413115158E-009  0.122046524639042E+003  0.658823365287192E+002
  0.451645142351791E-009  0.121852222328573E+003  0.658984558319630E+002
  0.484291039971720E-009  0.121705988228288E+003  0.659106179901957E+002
  0.504215717682841E-009  0.121618696369051E+003  0.771073493846205E+002
  0.512910857952874E-009  0.121577845036622E+003  0.771039426695289E+002
  0.524617254230096E-009  0.121526055669930E+003  0.770996208129454E+002
  0.686233794941184E-009  0.120982301246816E+003  0.659711992892340E+002
  0.774915463706013E-009  0.120732574535233E+003  0.770329812560086E+002
  0.785646230067290E-009  0.120698413639405E+003  0.659951457386133E+002
  0.869707083436091E-009  0.120488458324988E+003  0.660129229319616E+002
  0.979091060271687E-009  0.120244866379783E+003  0.660336204641706E+002
  0.117236673638791E-008  0.119877900430729E+003  0.769602906542034E+002
  0.129438091339691E-008  0.119673228921587E+003  0.769427387933349E+002
  0.149492029218124E-008  0.119378492606477E+003  0.769173631716606E+002
  0.157922254382409E-008  0.119262117474468E+003  0.769073108676490E+002
  0.160485839754272E-008  0.119223256170695E+003  0.661212900476684E+002
  0.222843360675178E-008  0.118560073803902E+003  0.661789724057025E+002
  0.225061430472814E-008  0.118533609657493E+003  0.661812871565648E+002
  0.235743905855261E-008  0.118434208713538E+003  0.768352494684267E+002
  0.304812839093736E-008  0.117913649383777E+003  0.662358039977159E+002
  0.306892200527089E-008  0.117893396600314E+003  0.767876455109997E+002
  0.330476480243532E-008  0.117738663130090E+003  0.767739461461376E+002
  0.448592990625222E-008  0.117120846541165E+003  0.663063516466981E+002
  0.549121004095768E-008  0.116709785304084E+003  0.766819309842542E+002
  0.682630458627428E-008  0.116267860060794E+003  0.766419017437610E+002
  0.790030220903375E-008  0.115968969396463E+003  0.766146504303545E+002
  0.871036841966574E-008  0.115767087665498E+003  0.765961612339856E+002
  0.932989429198399E-008  0.115623012892411E+003  0.765829250198351E+002
  0.950053383486230E-008  0.115580108701663E+003  0.765789767103711E+002
  0.102162970093005E-007  0.115428180719296E+003  0.765649705478077E+002
  0.120201587298098E-007  0.115096323252645E+003  0.765342409199416E+002
  0.154565906086200E-007  0.114586766963458E+003  0.764866870462611E+002
  0.177078860523911E-007  0.114308162201185E+003  0.665647467058079E+002
  0.206939949533428E-007  0.113989839662454E+003  0.665948454383200E+002
  0.208002160695228E-007  0.113972944451671E+003  0.764287918602634E+002
  0.217645222243387E-007  0.113875653174298E+003  0.666056872415791E+002
  0.218702607243787E-007  0.113859304528180E+003  0.764179984841902E+002
  0.299387927772102E-007  0.113224594346785E+003  0.763572723127520E+002
  0.300411696665824E-007  0.113211111353936E+003  0.666692658987429E+002
  0.300133290839615E-007  0.113206310128391E+003  0.666697282830105E+002
  0.375512778747016E-007  0.112751522901952E+003  0.763115112066355E+002
  0.424045320745545E-007  0.112501771649443E+003  0.667380645634258E+002
  0.468581218493118E-007  0.112295377854938E+003  0.667582696180269E+002
  0.528787363417767E-007  0.112046968382137E+003  0.667827022784099E+002
  0.564408395183276E-007  0.111909929396237E+003  0.762290048505463E+002
  0.576827848656561E-007  0.111859742272623E+003  0.668012008991616E+002
  0.576905689991280E-007  0.111852816816137E+003  0.762233534088847E+002
  0.679113439144997E-007  0.111519942481343E+003  0.668349612222187E+002
  0.680791950490433E-007  0.111508349757116E+003  0.761891226615124E+002
  0.833665748916777E-007  0.111096542601402E+003  0.668773715747430E+002
  0.857163507905122E-007  0.111034294721075E+003  0.668836394697807E+002
  0.992141490863146E-007  0.110735165065666E+003  0.669138787469762E+002
  0.113673770260406E-006  0.110456405394313E+003  0.669422389021887E+002
  0.114689315540702E-006  0.110431961440469E+003  0.760805058094914E+002
  0.116772921445300E-006  0.110389297184037E+003  0.669490926075117E+002
  0.118654757442177E-006  0.110350667859972E+003  0.760721975016468E+002
  0.123135505262943E-006  0.110269877601246E+003  0.669613143536657E+002
  0.126621868730573E-006  0.110207382389469E+003  0.669677233948644E+002
  0.132317099423941E-006  0.110112734656214E+003  0.760477929581271E+002
  0.139065286707771E-006  0.110006594673446E+003  0.669883761234602E+002
  0.145465070186411E-006  0.109909954135388E+003  0.760268898523540E+002
  0.145014571305631E-006  0.109909502077620E+003  0.760268431450183E+002
  0.159944964671002E-006  0.109706855385191E+003  0.670193834906952E+002
  0.160909455305158E-006  0.109688175740768E+003  0.670213229447556E+002
  0.172417048429291E-006  0.109543371311050E+003  0.670363860804922E+002
  0.174534390465372E-006  0.109512304610636E+003  0.670396243717619E+002
  0.211241957747110E-006  0.109123884243609E+003  0.670803117473596E+002
  0.223919904342048E-006  0.109000660218757E+003  0.670932978414524E+002
  0.228824946083470E-006  0.108950666907297E+003  0.670985773337977E+002
  0.247052954494515E-006  0.108790720485775E+003  0.759097290676520E+002
  0.319293587250188E-006  0.108271048282736E+003  0.758542554012194E+002
  0.327819635882414E-006  0.108211687600963E+003  0.671773663319874E+002
  0.337927416436198E-006  0.108144296897549E+003  0.671846228040319E+002
  0.363195638955413E-006  0.107993420294917E+003  0.672009131180602E+002
  0.379594440529240E-006  0.107898441151428E+003  0.758140401968971E+002
  0.381389426694925E-006  0.107882350472434E+003  0.672129448916497E+002
  0.397040176382766E-006  0.107795261882062E+003  0.672224024701086E+002
  0.402260107710542E-006  0.107762483425946E+003  0.757992724375958E+002
  0.403990110386314E-006  0.107747244875899E+003  0.757976140508512E+002
  0.432961661097736E-006  0.107602071729387E+003  0.672434571715509E+002
  0.468228901042321E-006  0.107438799950095E+003  0.672613325401623E+002
  0.484192675390042E-006  0.107365093097884E+003  0.757558131556166E+002
  0.567773380732312E-006  0.107039958628948E+003  0.757199220134419E+002
  0.600967776444916E-006  0.106919665138744E+003  0.757065651407055E+002
  0.689541660444910E-006  0.106638037958330E+003  0.756751268396205E+002
  0.734105619972869E-006  0.106506130782074E+003  0.673649199834547E+002
  0.760558422192660E-006  0.106428675172225E+003  0.756516007368213E+002
  0.841135888304588E-006  0.106220618998360E+003  0.673971517320833E+002
  0.104058581768530E-005  0.105788391631314E+003  0.674464325021937E+002
  0.104147834592856E-005  0.105780021352200E+003  0.674473927432137E+002
  0.103879772032444E-005  0.105778520139997E+003  0.755776749748194E+002
  0.105193896344377E-005  0.105746722386180E+003  0.674512150590645E+002
  0.107165482886642E-005  0.105702928946576E+003  0.755689924655226E+002
  0.114874695949860E-005  0.105557337916207E+003  0.755522170928632E+002
  0.114653151958742E-005  0.105554543201916E+003  0.755518943971921E+002
  0.120143392721027E-005  0.105454338686095E+003  0.674849329039666E+002
  0.120664964398814E-005  0.105439019411682E+003  0.674867073164317E+002
  0.126508735429192E-005  0.105337776742109E+003  0.755267861119676E+002
  0.126952692489700E-005  0.105324114849079E+003  0.675000415840254E+002
  0.172942192144510E-005  0.104699173524450E+003  0.754518859163233E+002
  0.176227189863368E-005  0.104654884694468E+003  0.754466385100526E+002
  0.191322112135039E-005  0.104483860225379E+003  0.754263092368136E+002
  0.204810128908591E-005  0.104340954863294E+003  0.754092410786454E+002
  0.223196644283270E-005  0.104162359590474E+003  0.753878045503015E+002
  0.226485337834747E-005  0.104126449983518E+003  0.753834800385411E+002
  0.228903216710922E-005  0.104098556262207E+003  0.676451224369075E+002
  0.232052256240223E-005  0.104064574064125E+003  0.753760171065960E+002
  0.236630057817111E-005  0.104018847693130E+003  0.676547472462199E+002
  0.239518693368031E-005  0.103987925150297E+003  0.753667523474666E+002
  0.239915185738063E-005  0.103977961564752E+003  0.753655463860626E+002
  0.254069365515417E-005  0.103856662276187E+003  0.676744056501765E+002
  0.256779279801298E-005  0.103828787575776E+003  0.753474454860729E+002
  0.262205324665799E-005  0.103780310002902E+003  0.753415447532797E+002
  0.274051473865173E-005  0.103685278281130E+003  0.753299509426021E+002
  0.283897064955326E-005  0.103608031149836E+003  0.753205008323857E+002
  0.320113070054783E-005  0.103361250465285E+003  0.752901522540597E+002
  0.332911666821777E-005  0.103276189059723E+003  0.752796349168179E+002
  0.359525039575750E-005  0.103115720207821E+003  0.752597135234801E+002
  0.393205518758305E-005  0.102929967431988E+003  0.677887197818601E+002
  0.408867802677782E-005  0.102845192933233E+003  0.677993529850105E+002
  0.419588292764980E-005  0.102786773168582E+003  0.752185416719038E+002
  0.442392263941084E-005  0.102674271611811E+003  0.678208846427431E+002
  0.449871649575381E-005  0.102634085320765E+003  0.751992746282520E+002
  0.460414864405341E-005  0.102581098454056E+003  0.678326751028426E+002
  0.462053458211828E-005  0.102567337608618E+003  0.678344196519081E+002
  0.471525816209813E-005  0.102520095510167E+003  0.678404151369916E+002
  0.478370488996533E-005  0.102484616610146E+003  0.751803157606362E+002
  0.478064872924080E-005  0.102479239176274E+003  0.751796318510427E+002
  0.493535791478121E-005  0.102408885713412E+003  0.678545675421964E+002
  0.590355875406325E-005  0.102043969829866E+003  0.751238441619133E+002
  0.686099071947891E-005  0.101736721243017E+003  0.750839400167730E+002
  0.705854818470804E-005  0.101673290583353E+003  0.750756462567171E+002
  0.785063176067245E-005  0.101453925769520E+003  0.679784263929446E+002
  0.802056998757926E-005  0.101404439224333E+003  0.679849633413699E+002
  0.830452897940867E-005  0.101328200572086E+003  0.679950578958243E+002
  0.899147527413995E-005  0.101162593170800E+003  0.680170859622600E+002
  0.907407546740900E-005  0.101137648467840E+003  0.750048239692706E+002
  0.939094960526856E-005  0.101062343048781E+003  0.749947516424130E+002
  0.955448990133277E-005  0.101021157922163E+003  0.749892306636755E+002
  0.958869328476794E-005  0.101007355480456E+003  0.680378615154279E+002
  0.957392259000528E-005  0.101003783132285E+003  0.680383410672635E+002
  0.957586026081245E-005  0.100996722812092E+003  0.680392890390242E+002
  0.102761455055304E-004  0.100848907505128E+003  0.680591955884901E+002
  0.102484211664606E-004  0.100847655080367E+003  0.680593647450170E+002
  0.104382838025007E-004  0.100804286458125E+003  0.680652273709677E+002
  0.104093323343856E-004  0.100803185755109E+003  0.680653762951489E+002
  0.117476938732732E-004  0.100554621751724E+003  0.749260667689088E+002
  0.120467632430483E-004  0.100497688055347E+003  0.681069615956871E+002
  0.120601480730808E-004  0.100488811563286E+003  0.681081774855825E+002
  0.121463644405572E-004  0.100467909117592E+003  0.749141975704575E+002
  0.128413836876031E-004  0.100349967228853E+003  0.748979869288697E+002
  0.128241722859516E-004  0.100345994061509E+003  0.681278004804054E+002
  0.128571627925431E-004  0.100334200037448E+003  0.681294260561990E+002
  0.136814216216887E-004  0.100203268947854E+003  0.681475250964841E+002
  0.158977259081102E-004  0.998963388719872E+002  0.681903395271338E+002
  0.173840964087756E-004  0.997109238629567E+002  0.748087669993744E+002
  0.182458917434082E-004  0.996074999708421E+002  0.682311405296903E+002
  0.202187279534009E-004  0.993955056775374E+002  0.747638275973179E+002
  0.204632401203120E-004  0.993648084766720E+002  0.747594207811709E+002
  0.215421960782935E-004  0.992553858797068E+002  0.747436634399021E+002
  0.216512024675636E-004  0.992386355513089E+002  0.747412445307741E+002
  0.222312376126727E-004  0.991791051603676E+002  0.747326330628774E+002
  0.221955591955424E-004  0.991756619139415E+002  0.747321342696621E+002
  0.221319751347857E-004  0.991747439959407E+002  0.682932386757483E+002
  0.223518062413702E-004  0.991483209509081E+002  0.747281708753397E+002
  0.237149640258240E-004  0.990232671538669E+002  0.683152597306896E+002
  0.253356063366178E-004  0.988844025156488E+002  0.746896585859627E+002
  0.259866879086139E-004  0.988269996715016E+002  0.683440198608029E+002
  0.264555806451312E-004  0.987845786490461E+002  0.683502704174533E+002
  0.270531524130421E-004  0.987332502404558E+002  0.683578499972472E+002
  0.286842341921877E-004  0.986095064566312E+002  0.746490416190351E+002
  0.292451153674436E-004  0.985641210300410E+002  0.746422850464368E+002
  0.309467598379891E-004  0.984443539704713E+002  0.746243847707885E+002
  0.308704568144444E-004  0.984426357243445E+002  0.746241272139921E+002
  0.316026535466039E-004  0.983890972368580E+002  0.746160913442935E+002
  0.318839242040746E-004  0.983647199581495E+002  0.684128144317181E+002
  0.320180035986374E-004  0.983496715425094E+002  0.684150795530058E+002
  0.326840979570163E-004  0.983018353592005E+002  0.746029489716634E+002
  0.332280978943046E-004  0.982621654160160E+002  0.684282841325394E+002
  0.372842292962183E-004  0.980251606557140E+002  0.745609048227999E+002
  0.382437468332505E-004  0.979676858050195E+002  0.745520978519055E+002
  0.401087072706047E-004  0.978658034563646E+002  0.684888167530945E+002
  0.426379319016646E-004  0.977368462208709E+002  0.685087741632157E+002
  0.451673668467684E-004  0.976149294879642E+002  0.744974752675420E+002
  0.453043447923262E-004  0.976022177362865E+002  0.744954882434653E+002
  0.456050882475571E-004  0.975823294455984E+002  0.744923767679749E+002
  0.462953668756306E-004  0.975456286775478E+002  0.685386134871209E+002
  0.468295737542383E-004  0.975160270322243E+002  0.685432595997864E+002
  0.475354208276206E-004  0.974794510248306E+002  0.744762295311674E+002
  0.485425909718421E-004  0.974308625602989E+002  0.744685726834744E+002
  0.500302580784127E-004  0.973638341660947E+002  0.685672626647426E+002
  0.504449665763182E-004  0.973406686112625E+002  0.685709333898052E+002
  0.516910592921949E-004  0.972852093092988E+002  0.744455000382909E+002
  0.520987841777661E-004  0.972628401691231E+002  0.744419404887344E+002
  0.589874504788599E-004  0.970078183782074E+002  0.686241905609471E+002
  0.596996683456135E-004  0.969771593030214E+002  0.686291455921232E+002
  0.596606737711019E-004  0.969718105078270E+002  0.686300109215472E+002
  0.599400743529826E-004  0.969558104680281E+002  0.686326009640905E+002
  0.600827515570456E-004  0.969443998832779E+002  0.743907904595000E+002
  0.677197197107375E-004  0.966984350757211E+002  0.743506509675079E+002
  0.678730373286344E-004  0.966872566084262E+002  0.743488132354501E+002
  0.694761857882604E-004  0.966339106653278E+002  0.686852132126440E+002
  0.702888575578820E-004  0.966039965962125E+002  0.743350877023718E+002
  0.709369521804987E-004  0.965789846214446E+002  0.686942885757819E+002
  0.735181019797581E-004  0.965008486887510E+002  0.743179904925304E+002
  0.740350126806297E-004  0.964801801799554E+002  0.687106879100271E+002
  0.737994455687539E-004  0.964798984131297E+002  0.743145051472613E+002
  0.742590293265326E-004  0.964608265161025E+002  0.743113285200568E+002
  0.771240634894596E-004  0.963784590118993E+002  0.742975677208958E+002
  0.782046714418600E-004  0.963439753447425E+002  0.687334535184095E+002
  0.780067416463418E-004  0.963423880216718E+002  0.742915200346813E+002
  0.802929737926256E-004  0.962779587148119E+002  0.742806848963178E+002
  0.808633056734535E-004  0.962571470802977E+002  0.742771759097371E+002
  0.847426554203998E-004  0.961567736281536E+002  0.742601893196000E+002
  0.864981552248747E-004  0.961091100359056E+002  0.742520861407178E+002
  0.870620103851998E-004  0.960894593737651E+002  0.687765015716417E+002
  0.906521384265405E-004  0.960019859955039E+002  0.687914537931535E+002
  0.950539001853984E-004  0.959005012668514E+002  0.742163353072346E+002
  0.948528665998651E-004  0.958980800520660E+002  0.688093223714945E+002
  0.961329645075765E-004  0.958646137483816E+002  0.688151027314469E+002
  0.981869399475377E-004  0.958156763042710E+002  0.688235776638372E+002
  0.103148567038485E-003  0.957104264534606E+002  0.741833441293063E+002
  0.104754011993302E-003  0.956728818506418E+002  0.688484607457650E+002
  0.111042782402513E-003  0.955496248796900E+002  0.688701276740300E+002
  0.112570848589555E-003  0.955156348303807E+002  0.688761339923341E+002
  0.112954809318008E-003  0.955021691851590E+002  0.688785172690332E+002
  0.113603365843810E-003  0.954840629778323E+002  0.688817252793218E+002
  0.113386912048590E-003  0.954812217259581E+002  0.688822290400174E+002
  0.123893334854481E-003  0.952973361017077E+002  0.689150401599290E+002
  0.123701259480874E-003  0.952937835846187E+002  0.741095618363508E+002
  0.128335473353648E-003  0.952135714846735E+002  0.740951152997453E+002
  0.129371549010960E-003  0.951908343677105E+002  0.689342344362560E+002
  0.138882346379499E-003  0.950423014746640E+002  0.689612448953317E+002
  0.152732652654836E-003  0.948455221366552E+002  0.740277644099245E+002
  0.157201743761244E-003  0.947811846607346E+002  0.740158049579528E+002
  0.157779070509348E-003  0.947671974924847E+002  0.740131973665022E+002
  0.160528478990527E-003  0.947259907134428E+002  0.690197405221443E+002
  0.162510677970418E-003  0.946947904449070E+002  0.739996549998301E+002
  0.162809085283103E-003  0.946844657682807E+002  0.690275220086732E+002
  0.167109592141261E-003  0.946256670298285E+002  0.690385823479668E+002
  0.167202519683850E-003  0.946178995839142E+002  0.690400471433116E+002
  0.168461395737781E-003  0.945962423083019E+002  0.739811040697991E+002
  0.168257260970619E-003  0.945920117175028E+002  0.690449353898863E+002
  0.170369752747254E-003  0.945604022016169E+002  0.690509171820622E+002
  0.169862045786817E-003  0.945597155795299E+002  0.690510472798932E+002
  0.169687181240758E-003  0.945551199605825E+002  0.739733217489318E+002
  0.186811704760302E-003  0.943561752773389E+002  0.690899210833843E+002
  0.187146308401204E-003  0.943459406458331E+002  0.690918922616966E+002
  0.192885516189067E-003  0.942788728181919E+002  0.739203905768703E+002
  0.193430418476255E-003  0.942665751963545E+002  0.691072327875643E+002
  0.194407982940338E-003  0.942498374115115E+002  0.739147594231204E+002
  0.201798313566578E-003  0.941685622408482E+002  0.691263137769293E+002
  0.202455177175971E-003  0.941554071329900E+002  0.738963535456825E+002
  0.201907670532597E-003  0.941541675496606E+002  0.738961109871582E+002
  0.204236674334601E-003  0.941245740228005E+002  0.691349271077145E+002
  0.215426609200631E-003  0.940112368399950E+002  0.738679751811324E+002
  0.215985008049657E-003  0.939994038455859E+002  0.738656307856840E+002
  0.219339076290874E-003  0.939619286095735E+002  0.738581905953575E+002
  0.227538676329889E-003  0.938818702218363E+002  0.738422165054780E+002
  0.236074972627464E-003  0.938015562308243E+002  0.691991593713721E+002
  0.235962082640847E-003  0.937958572703577E+002  0.692003086302060E+002
  0.244436491126972E-003  0.937186328904907E+002  0.692159384805849E+002
  0.250486162313780E-003  0.936630810032000E+002  0.737979919370320E+002
  0.254989391772000E-003  0.936207888936863E+002  0.737893442226946E+002
  0.258183713455346E-003  0.935892344019426E+002  0.737828706346587E+002
  0.260144920786670E-003  0.935674438933659E+002  0.692468505733077E+002
  0.263210538417153E-003  0.935373575634713E+002  0.737721874887998E+002
  0.265990470993565E-003  0.935096894901277E+002  0.737664690177435E+002
  0.273725420841572E-003  0.934457038991184E+002  0.692720514672751E+002
  0.276323916161816E-003  0.934201517256560E+002  0.737478629685786E+002
  0.277412585339477E-003  0.934056319676359E+002  0.737448311326076E+002
  0.276884371597323E-003  0.934027881630371E+002  0.692810031193576E+002
  0.276531484260596E-003  0.933986831956022E+002  0.737433787182514E+002
  0.282124709805355E-003  0.933519785655625E+002  0.692916479702733E+002
  0.284058724067087E-003  0.933316594151047E+002  0.692959192370609E+002
  0.288420743319534E-003  0.932945251615745E+002  0.737214934331770E+002
  0.289640396433293E-003  0.932794299556144E+002  0.693069362907120E+002
  0.288898868077312E-003  0.932779012790467E+002  0.737179803895023E+002
  0.288648153661837E-003  0.932729821076509E+002  0.693083001899347E+002
  0.296925358154925E-003  0.932097819217726E+002  0.737035262267460E+002
  0.303610304750191E-003  0.931585979437125E+002  0.736926025030237E+002
  0.303693597049606E-003  0.931513937597741E+002  0.693341793784808E+002
  0.318604708600513E-003  0.930488744041593E+002  0.693562411959118E+002
  0.320643730362837E-003  0.930294599117684E+002  0.693604445977352E+002
  0.321203251027783E-003  0.930193173895368E+002  0.693626438076678E+002
  0.323500673400669E-003  0.929984076253100E+002  0.693671848003365E+002
  0.330993574435856E-003  0.929459565110049E+002  0.736466217846102E+002
  0.344781312917772E-003  0.928576781751426E+002  0.693980008010547E+002
  0.353336349162259E-003  0.928020024083175E+002  0.694103170100373E+002
  0.367473237636925E-003  0.927168867091761E+002  0.694292864533968E+002
  0.380764947706879E-003  0.926391676162971E+002  0.735784803899863E+002
  0.381255411714406E-003  0.926299374903312E+002  0.735763954080456E+002
  0.381347772151565E-003  0.926227974619318E+002  0.735747811096349E+002
  0.384398809301537E-003  0.926002042158423E+002  0.694555753353328E+002
  0.404577403534383E-003  0.924912236461937E+002  0.735448038825741E+002
  0.411889762795338E-003  0.924487427195198E+002  0.694902096440432E+002
  0.413920178716264E-003  0.924322523339620E+002  0.694940163285248E+002
  0.417830175550417E-003  0.924067929114149E+002  0.735253323738736E+002
  0.418221504707308E-003  0.923982650585234E+002  0.695018847748143E+002
  0.419152862084587E-003  0.923871605350779E+002  0.735207776793560E+002
  0.423663699114162E-003  0.923590963575351E+002  0.695109911442350E+002
  0.428707565679247E-003  0.923287706906301E+002  0.735071698177094E+002
  0.428762438941403E-003  0.923218591329205E+002  0.735055529162818E+002
  0.435340910570685E-003  0.922847507198390E+002  0.695283907773014E+002
  0.434230766384911E-003  0.922832017677480E+002  0.734964850492465E+002
  0.433395287894491E-003  0.922803979794471E+002  0.695294142102007E+002
  0.433265379066890E-003  0.922743419826214E+002  0.734944009631050E+002
  0.436739879434598E-003  0.922517116997277E+002  0.695361722924886E+002
  0.461254854872063E-003  0.921358302306090E+002  0.734615291058369E+002
  0.462079448009029E-003  0.921256024085883E+002  0.734590798114408E+002
  0.463947800309033E-003  0.921108764186453E+002  0.734555479009961E+002
  0.467114106323004E-003  0.920906177978986E+002  0.734506785153310E+002
  0.483224346401992E-003  0.920161472891681E+002  0.734326725663872E+002
  0.493195482572748E-003  0.919686425475656E+002  0.734210978253732E+002
  0.494561374839277E-003  0.919564556744233E+002  0.734181171074617E+002
  0.502383092759979E-003  0.919184166875624E+002  0.696164567305970E+002
  0.510169839637830E-003  0.918809996523055E+002  0.696256830387441E+002
  0.510391776110275E-003  0.918734742119470E+002  0.696275441193593E+002
  0.511936444561768E-003  0.918607748990515E+002  0.733945510624828E+002
  0.515269863642888E-003  0.918411387491176E+002  0.696355618460408E+002
  0.513740396311306E-003  0.918404285652705E+002  0.696357383237725E+002
  0.517470597224118E-003  0.918193037165996E+002  0.696409953699373E+002
  0.531668969344240E-003  0.917585114343557E+002  0.733690330025089E+002
  0.542554095767769E-003  0.917113223770747E+002  0.696681011975890E+002
  0.543213112908110E-003  0.917022389570504E+002  0.696703995329664E+002
  0.543122010092829E-003  0.916959188269985E+002  0.696720003790702E+002
  0.553753805452278E-003  0.916504908418386E+002  0.696835482084848E+002
  0.565581561214657E-003  0.916015666213168E+002  0.733291730781348E+002
  0.570727866589182E-003  0.915767950581598E+002  0.733228015433929E+002
  0.571333372444316E-003  0.915680187303607E+002  0.733205387825653E+002
  0.573081843667901E-003  0.915552518277831E+002  0.697079978772295E+002
  0.580389792614071E-003  0.915232534597945E+002  0.697162871526209E+002
  0.579086241780474E-003  0.915210949156639E+002  0.697168477077394E+002
  0.580422854337749E-003  0.915098283732919E+002  0.697197763754943E+002
  0.579559592404108E-003  0.915061496039900E+002  0.733045062761779E+002
  0.591249473131940E-003  0.914595549097451E+002  0.732923365802930E+002
  0.590263211676301E-003  0.914562383091489E+002  0.697337727916871E+002
  0.593076546431517E-003  0.914400728987172E+002  0.732872234875267E+002
  0.607900200101013E-003  0.913840428187385E+002  0.697528044805658E+002
  0.607478208783799E-003  0.913787760778845E+002  0.732710390367899E+002
  0.611212082169343E-003  0.913598650950040E+002  0.732660157390474E+002
  0.610429132429137E-003  0.913557731147957E+002  0.732649268970335E+002
  0.611803252602285E-003  0.913446204495422E+002  0.732619558244915E+002
  0.613041024831424E-003  0.913339226488941E+002  0.697661387828720E+002
  0.615616404534478E-003  0.913188826861682E+002  0.732550799428802E+002
  0.614068042370308E-003  0.913172637248857E+002  0.697705934338348E+002
  0.616792012698235E-003  0.913017558799324E+002  0.697747505447616E+002
  0.620252165268120E-003  0.912839118178627E+002  0.732456937097126E+002
  0.624129889975743E-003  0.912647914572892E+002  0.697846997444964E+002
  0.637769617981357E-003  0.912148986489649E+002  0.697982202565697E+002
  0.640093249484148E-003  0.912009695682405E+002  0.698020139967236E+002
  0.655705063470881E-003  0.911461195452197E+002  0.698170355317571E+002
  0.659941201840905E-003  0.911265846581240E+002  0.732028222558019E+002
  0.660739361512423E-003  0.911175116583420E+002  0.732003166619671E+002
  0.663473603304627E-003  0.911025968456900E+002  0.698290502681106E+002
  0.663173783758879E-003  0.910968452571871E+002  0.698306444534091E+002
  0.662186394078127E-003  0.910931696665319E+002  0.698316640198792E+002
  0.680208836951829E-003  0.910328085146914E+002  0.698484968660871E+002
  0.681728917183479E-003  0.910216884694944E+002  0.731736234532071E+002
  0.682795591719683E-003  0.910119060132536E+002  0.698543657528650E+002
  0.682957966938404E-003  0.910047748707870E+002  0.731688672089094E+002
  0.687859797359017E-003  0.909838158538032E+002  0.698622856193905E+002
  0.696965408566516E-003  0.909508587811355E+002  0.731536135458788E+002
  0.707387621874848E-003  0.909145172048257E+002  0.731432514725641E+002
  0.719941825651665E-003  0.908726783596844E+002  0.698940001428489E+002
  0.721745423501363E-003  0.908610186462054E+002  0.698973634838045E+002
  0.727084346762532E-003  0.908396230391737E+002  0.731216864513445E+002
  0.731567280127022E-003  0.908206740576132E+002  0.731161843133334E+002
  0.735638464043454E-003  0.908029192996028E+002  0.699142282114639E+002
  0.734122494474790E-003  0.908003894790452E+002  0.731102733644573E+002
  0.741925697391065E-003  0.907725875009194E+002  0.731021361275908E+002
  0.752115053047638E-003  0.907386515038243E+002  0.699330932228496E+002
  0.782892496613886E-003  0.906517837607305E+002  0.730662837830884E+002
  0.782851274537105E-003  0.906452334904370E+002  0.699609238549796E+002
  0.799122563296990E-003  0.905974347201737E+002  0.699753586700726E+002
  0.832479517260466E-003  0.905089905644039E+002  0.700024318366421E+002
  0.836681626676283E-003  0.904922649719649E+002  0.730176335871680E+002
  0.837761800515967E-003  0.904830290143909E+002  0.730147685417833E+002
  0.835608803653321E-003  0.904815199284616E+002  0.730142998954047E+002
  0.834399446536402E-003  0.904777609982256E+002  0.730131319238972E+002
  0.833102362045410E-003  0.904742168623480E+002  0.700132101017470E+002
  0.838158583228005E-003  0.904554596731984E+002  0.730061836917046E+002
  0.836350715459099E-003  0.904531226560040E+002  0.730054536952837E+002
  0.837084334553968E-003  0.904447135111569E+002  0.700224159257013E+002
  0.843970172278581E-003  0.904216732719184E+002  0.700296448274617E+002
  0.844700214270112E-003  0.904132884210765E+002  0.700322843450773E+002
  0.841959788734242E-003  0.904131319051778E+002  0.700323336604057E+002
  0.842330120025886E-003  0.904055968296142E+002  0.700347097729903E+002
  0.849692973236265E-003  0.903815351047641E+002  0.729829168490437E+002
  0.863609412166675E-003  0.903423884824534E+002  0.729704455558895E+002
  0.862828318846886E-003  0.903375426249335E+002  0.729688943386402E+002
  0.868167692118339E-003  0.903185487373884E+002  0.700624417926600E+002
  0.871666495827198E-003  0.903038491528959E+002  0.700671773357411E+002
  0.871662459292547E-003  0.902972028343812E+002  0.729559163809691E+002
  0.868782066500641E-003  0.902971671616481E+002  0.700693351087171E+002
  0.867594152154830E-003  0.902932481186680E+002  0.700706021625626E+002
  0.867826770901615E-003  0.902860563717346E+002  0.700729302051006E+002
  0.869684305989882E-003  0.902751244774109E+002  0.729487637615772E+002
  0.882198023313063E-003  0.902398963613926E+002  0.700879632435311E+002
  0.887940943808800E-003  0.902202634031551E+002  0.700944054549739E+002
  0.911009283103088E-003  0.901623121206466E+002  0.701135941560436E+002
  0.908858242029444E-003  0.901603844495989E+002  0.729110029943492E+002
  0.929635500585607E-003  0.901085219857875E+002  0.728935963577454E+002
  0.927573811981773E-003  0.901063068086021E+002  0.728928479877942E+002
  0.930458767792961E-003  0.900934404479148E+002  0.728884932001378E+002
  0.928705918465066E-003  0.900905561309429E+002  0.701377248887547E+002
  0.935727592195401E-003  0.900688360136999E+002  0.728801268927036E+002
  0.933573857886919E-003  0.900667890754463E+002  0.701458114018158E+002
  0.944405051128638E-003  0.900370633462034E+002  0.728692468230432E+002
  0.954947653630995E-003  0.900082050213700E+002  0.701659514116913E+002
  0.951991335386110E-003  0.900077506267084E+002  0.728591311608862E+002
  0.952988758979928E-003  0.899990006966914E+002  0.728560968459479E+002
  0.961886547594169E-003  0.899737583132329E+002  0.728473045959939E+002
  0.960712014500710E-003  0.899695463700349E+002  0.701794080847697E+002
  0.961605538025320E-003  0.899610315266123E+002  0.728428496551372E+002
  0.960428461167276E-003  0.899568255950923E+002  0.728413741085321E+002
  0.964921477584468E-003  0.899408355568269E+002  0.728357493810864E+002
  0.961849182883252E-003  0.899405581042891E+002  0.701895883894759E+002
  0.968728039823184E-003  0.899196500280731E+002  0.701969799332122E+002
  0.967991177984268E-003  0.899145163244049E+002  0.728264387729711E+002
  0.970949393726803E-003  0.899017579928903E+002  0.728219015994080E+002
  0.967941334457020E-003  0.899013081501186E+002  0.702034986241913E+002
  0.964762713091200E-003  0.899012311751486E+002  0.702035260494416E+002
  0.966824425082846E-003  0.898903061261231E+002  0.702074243572913E+002
  0.972284536947981E-003  0.898723873804272E+002  0.728113964515763E+002
  0.975649815649004E-003  0.898588213372796E+002  0.702187245465071E+002
  0.988669198126929E-003  0.898256536212613E+002  0.702307364935003E+002
  0.996743055964979E-003  0.898027315909660E+002  0.702391040898738E+002
  0.999501892361968E-003  0.897905479554070E+002  0.702435741340819E+002
  0.999070835888134E-003  0.897847551038568E+002  0.702457050007901E+002
  0.100094724575395E-002  0.897743467367670E+002  0.727756972712777E+002
  0.100045069904082E-002  0.897686835563683E+002  0.702516356789251E+002
  0.100838531566283E-002  0.897462284627772E+002  0.702599690176410E+002
  0.100554583810094E-002  0.897452125578868E+002  0.727648926189536E+002
  0.100628980014327E-002  0.897370778070135E+002  0.702633808714938E+002
  0.102407117652378E-002  0.896953903655885E+002  0.702790435927545E+002
  0.102686517146794E-002  0.896832855735339E+002  0.727416109856111E+002
  0.103245811433932E-002  0.896657663146605E+002  0.727349440998883E+002
  0.103140717132547E-002  0.896611475788603E+002  0.702920595693469E+002
  0.102832116836518E-002  0.896604850322415E+002  0.702923127780579E+002
  0.102639415973226E-002  0.896575808412078E+002  0.702934233075421E+002
  0.102448321177347E-002  0.896546523459050E+002  0.727306958056275E+002
  0.102141642566603E-002  0.896539927360953E+002  0.702947967564477E+002
  0.101981742549433E-002  0.896504705558344E+002  0.702961464789532E+002
  0.101938467210328E-002  0.896446638437393E+002  0.727268650369691E+002
  0.101628385503192E-002  0.896441012387673E+002  0.702985910532150E+002
  0.101903417906114E-002  0.896320404577098E+002  0.703032335756163E+002
  0.101650277090516E-002  0.896303593083959E+002  0.703038821116282E+002
  0.101796553698766E-002  0.896208277604132E+002  0.727176742708944E+002
  0.101807234165570E-002  0.896139623517777E+002  0.727150140614230E+002
  0.103838841294059E-002  0.895677889111894E+002  0.726969675504187E+002
  0.103755561845279E-002  0.895627379880081E+002  0.703302632365959E+002
  0.103949064936917E-002  0.895523559015697E+002  0.726908740541312E+002
  0.103628803379629E-002  0.895518717271128E+002  0.703345575864854E+002
  0.103654523581930E-002  0.895447198175253E+002  0.703373925862741E+002
  0.103499467798978E-002  0.895410582576024E+002  0.726863932915168E+002
  0.103584806069390E-002  0.895327542997079E+002  0.726830889184368E+002
  0.103733349858709E-002  0.895232327126535E+002  0.726792884991591E+002
  0.103460075495948E-002  0.895218528697799E+002  0.726787367250762E+002
  0.103321688550555E-002  0.895178742561384E+002  0.726771442860896E+002
  0.103036601871496E-002  0.895167447318211E+002  0.726766917972824E+002
  0.103259732167369E-002  0.895057627464396E+002  0.703529567641176E+002
  0.103286321952951E-002  0.894985922247156E+002  0.726693956020185E+002
  0.103405657342923E-002  0.894896272099089E+002  0.703594647754219E+002
  0.103258209570513E-002  0.894858254967228E+002  0.726642364722809E+002
  0.103190998570201E-002  0.894804721448830E+002  0.703631737092073E+002
  0.102973324812582E-002  0.894780398722987E+002  0.726610788672426E+002
  0.102806087357292E-002  0.894746351030734E+002  0.703655446936425E+002
  0.102716622163429E-002  0.894697207455437E+002  0.726576952677460E+002
  0.102466632637310E-002  0.894679386556450E+002  0.703682708160101E+002
  0.102467703074395E-002  0.894612621821900E+002  0.726542446738947E+002
  0.102137709977078E-002  0.894610579148712E+002  0.726541612159204E+002
  0.101834522282000E-002  0.894603480051334E+002  0.703713688425706E+002
  0.101552075156583E-002  0.894592473102856E+002  0.726534211860745E+002
  0.101362739504799E-002  0.894563240491435E+002  0.726522253772618E+002
  0.101101320693297E-002  0.894548332168452E+002  0.726516150440010E+002
  0.101047150075287E-002  0.894492495343418E+002  0.726493262227205E+002
  0.100973066200076E-002  0.894440608148479E+002  0.726471951627585E+002
  0.101016112854988E-002  0.894365527799763E+002  0.703811355309630E+002
  0.100869463441792E-002  0.894328027949638E+002  0.726425575587276E+002
  0.101187522550911E-002  0.894198507856745E+002  0.726371984787743E+002
  0.101169399110801E-002  0.894135534524917E+002  0.726345836182488E+002
  0.100844883712657E-002  0.894133234709868E+002  0.703907519545685E+002
  0.100790677818525E-002  0.894077432149164E+002  0.726321655988550E+002
  0.100716308322737E-002  0.894025639011492E+002  0.703952342246120E+002
  0.100971069133110E-002  0.893908557301854E+002  0.726251077768223E+002
  0.100898373436372E-002  0.893856405998067E+002  0.726229191397233E+002
  0.101131823223495E-002  0.893743629404493E+002  0.726181714216417E+002
  0.100903771263235E-002  0.893722224469781E+002  0.704079719581696E+002
  0.101087262286535E-002  0.893619332188917E+002  0.704123249900774E+002
  0.101489771103675E-002  0.893473298602223E+002  0.726067070396976E+002
  0.101518286454473E-002  0.893401124235013E+002  0.726036258424550E+002
  0.101199521404794E-002  0.893397466767701E+002  0.726034694697589E+002
  0.101407128698403E-002  0.893289923690027E+002  0.725988614714801E+002
  0.103070617924844E-002  0.892897948432272E+002  0.704433418981257E+002
  0.103261104475057E-002  0.892794464405885E+002  0.704478654407770E+002
  0.103465417019928E-002  0.892688375677164E+002  0.704525228785163E+002
  0.103187602339908E-002  0.892675594041929E+002  0.725721545701950E+002
  0.103525546308724E-002  0.892543644379627E+002  0.704589099757468E+002
  0.103550431726444E-002  0.892472281565762E+002  0.704620735623674E+002
  0.103275158177288E-002  0.892458963607800E+002  0.704626650165313E+002
  0.103022668151404E-002  0.892441364240718E+002  0.725617928408713E+002
  0.103535633901420E-002  0.892275472454893E+002  0.725543918690460E+002
  0.103982216054166E-002  0.892122835799321E+002  0.704777044607952E+002
  0.103848400145602E-002  0.892082034802896E+002  0.704795449303634E+002
  0.103944516776042E-002  0.891996976611506E+002  0.725418476061737E+002
  0.103775024640477E-002  0.891963059466954E+002  0.725403094199168E+002
  0.103641940387904E-002  0.891922168734652E+002  0.704867880556041E+002
  0.105120507784300E-002  0.891572306785956E+002  0.705028206581935E+002
  0.105486523173006E-002  0.891436234642595E+002  0.725161145445576E+002
  0.105178158359484E-002  0.891428229715338E+002  0.705094975509759E+002
  0.104830650202087E-002  0.891427863227533E+002  0.725157253699439E+002
  0.104977551323603E-002  0.891333300675809E+002  0.725113187660084E+002
  0.105837734138249E-002  0.891103533257413E+002  0.725005297317271E+002
  0.106496163395720E-002  0.890912940478790E+002  0.705337499948541E+002
  0.106249947450025E-002  0.890892677613554E+002  0.724905239900814E+002
  0.106709352423629E-002  0.890739831955090E+002  0.705420334461844E+002
  0.106638953930452E-002  0.890686474944815E+002  0.724806390271815E+002
  0.106449557033080E-002  0.890655471871054E+002  0.705460959053577E+002
  0.106300187230244E-002  0.890616999736778E+002  0.705479542563614E+002
  0.105953579371989E-002  0.890615763513823E+002  0.705480140300203E+002
  0.105649391990450E-002  0.890606709284677E+002  0.724767880298995E+002
  0.105929573615392E-002  0.890487183795990E+002  0.705542514555599E+002
  0.105844893750638E-002  0.890436622343279E+002  0.705567153497856E+002
  0.106582826358380E-002  0.890231113757735E+002  0.724584439776615E+002
  0.106241426185903E-002  0.890228723662794E+002  0.724583261062956E+002
  0.106304950939385E-002  0.890150212869050E+002  0.705707939419819E+002
  0.105990148570380E-002  0.890142971220084E+002  0.705711526374703E+002
  0.105872576211728E-002  0.890098613258052E+002  0.724518871831102E+002
  0.105630642956010E-002  0.890077812478215E+002  0.705743862675059E+002
  0.105474324781952E-002  0.890040875724042E+002  0.724490156761790E+002
  0.105357320481304E-002  0.889996518546596E+002  0.724468036299735E+002
  0.105173851276507E-002  0.889964821098441E+002  0.724452196969866E+002
  0.105060884009510E-002  0.889919758848111E+002  0.705822766834782E+002
  0.104835680678428E-002  0.889896120074048E+002  0.724417774136998E+002
  0.104607501654400E-002  0.889873142508881E+002  0.724406232671896E+002
  0.104880990710609E-002  0.889754366328047E+002  0.724346341894976E+002
  0.105243689669427E-002  0.889618765934501E+002  0.724277488653440E+002
  0.105567621382007E-002  0.889490746264146E+002  0.724212005818472E+002
  0.105869738398739E-002  0.889367035525690E+002  0.706104124128415E+002
  0.105774704047446E-002  0.889318440858385E+002  0.724123118159961E+002
  0.105716831951752E-002  0.889262830572032E+002  0.706158157339167E+002
  0.105950206246604E-002  0.889152172600771E+002  0.724036504272006E+002
  0.106866032222249E-002  0.888913481131889E+002  0.706341729424533E+002
  0.107128899035468E-002  0.888797790157741E+002  0.706403372854520E+002
  0.106808713361779E-002  0.888791099642625E+002  0.723845448534602E+002
  0.106733396899721E-002  0.888738651871284E+002  0.723817347338322E+002
  0.106454566651094E-002  0.888724412420311E+002  0.723809702230644E+002
  0.106270315545759E-002  0.888692502523442E+002  0.723792545436099E+002
  0.106121842381810E-002  0.888653908806363E+002  0.723771749502744E+002
  0.105777678446287E-002  0.888652320445080E+002  0.723770892554417E+002
  0.105900323163028E-002  0.888562588927369E+002  0.706530057497965E+002
  0.106192795704167E-002  0.888440873820378E+002  0.706596354713806E+002
  0.105997441765909E-002  0.888411144216710E+002  0.706612626635400E+002
  0.105818930465241E-002  0.888378298999369E+002  0.706630640064342E+002
  0.105586222294287E-002  0.888355773962501E+002  0.706643015667620E+002
  0.105743122501170E-002  0.888259520394657E+002  0.723556296064158E+002
  0.105504485592866E-002  0.888238150810431E+002  0.723544464427019E+002
  0.105502979181754E-002  0.888171880574041E+002  0.723507666563195E+002
  0.105996575965265E-002  0.888011972768811E+002  0.706834197424409E+002
  0.105722317900954E-002  0.887997232506460E+002  0.706842492866131E+002
  0.105624847025972E-002  0.887949124244592E+002  0.706869624952293E+002
  0.105431805979269E-002  0.887919154088874E+002  0.706886572679288E+002
  0.106547996943880E-002  0.887641974205811E+002  0.707044998488092E+002
  0.106228571970102E-002  0.887635467349265E+002  0.707048754895470E+002
  0.106401389431001E-002  0.887536401077521E+002  0.707106163145437E+002
  0.106439198328457E-002  0.887462739695242E+002  0.723103282381543E+002
  0.106117662171814E-002  0.887456692201827E+002  0.723099745634230E+002
  0.106089877779522E-002  0.887395373611141E+002  0.723063795770837E+002
  0.105811533390747E-002  0.887381360083041E+002  0.707196842576644E+002
  0.105690705043170E-002  0.887337655738764E+002  0.707222592075644E+002
  0.106116894040988E-002  0.887190613764584E+002  0.722942551332069E+002
  0.105963314994177E-002  0.887153024187228E+002  0.722920088511823E+002
  0.106389571756970E-002  0.887006176124352E+002  0.707420692298268E+002
  0.106060161942552E-002  0.887001641596457E+002  0.707423437565527E+002
  0.105723849750311E-002  0.886998605693438E+002  0.722827123524469E+002
  0.106005427125103E-002  0.886878854122922E+002  0.722754249193406E+002
  0.105703787616460E-002  0.886869289645347E+002  0.722748398723308E+002
  0.105751352598640E-002  0.886793736193602E+002  0.707550374791226E+002
  0.105599854029842E-002  0.886755852779698E+002  0.707573734406272E+002
  0.105274179049604E-002  0.886751073240083E+002  0.707576686693740E+002
  0.104924994047132E-002  0.886750965905848E+002  0.722675646608936E+002
  0.104960934799326E-002  0.886677560525704E+002  0.707622241291485E+002
  0.105117464578296E-002  0.886581200649105E+002  0.722570023520187E+002
  0.104797451560316E-002  0.886575624461617E+002  0.707685870874016E+002
  0.104800769631028E-002  0.886508435434787E+002  0.722524289397964E+002
  0.104477281476808E-002  0.886503709033608E+002  0.722521308995494E+002
  0.104992581586039E-002  0.886338752222429E+002  0.722416526232834E+002
  0.104669610894335E-002  0.886333813814413E+002  0.707839033553536E+002
  0.104575416470757E-002  0.886285264544160E+002  0.722382225288022E+002
  0.104370990457231E-002  0.886257843385827E+002  0.707887822180867E+002
  0.104273560827433E-002  0.886209966171319E+002  0.722333660776590E+002
  0.104002224764265E-002  0.886195521317630E+002  0.707928092662685E+002
  0.103865261079024E-002  0.886155321480877E+002  0.722298211167845E+002
  0.103593502184348E-002  0.886141163378854E+002  0.707963401839530E+002
  0.103530576115901E-002  0.886086759919867E+002  0.707998915727176E+002
  0.103222155190475E-002  0.886079873686053E+002  0.708003423598268E+002
  0.102883038625645E-002  0.886079132212227E+002  0.708003909152517E+002
  0.102698583860582E-002  0.886048465769029E+002  0.722228379460019E+002
  0.102515560167152E-002  0.886017584650872E+002  0.708044329653793E+002
  0.102917909044642E-002  0.885872687302534E+002  0.708140412326030E+002
  0.102699200936179E-002  0.885848678191657E+002  0.722095938721727E+002
  0.102736857199061E-002  0.885774790422155E+002  0.708206083694155E+002
  0.102420419018281E-002  0.885769931370727E+002  0.722043040121598E+002
  0.102496805321409E-002  0.885688464902986E+002  0.708264514197431E+002
  0.102186466040338E-002  0.885682556855454E+002  0.708268531335340E+002
  0.101865345195751E-002  0.885678949989508E+002  0.721981414658241E+002
  0.101571062937027E-002  0.885670256488054E+002  0.721975497167671E+002
  0.101479400060055E-002  0.885621757849301E+002  0.721942390854675E+002
  0.101259831195899E-002  0.885598522513573E+002  0.721926472761759E+002
  0.100947102115723E-002  0.885593829937554E+002  0.708329146174251E+002
  0.100921776742456E-002  0.885532292318501E+002  0.721880893845413E+002
  0.100660775152519E-002  0.885517527057711E+002  0.721870690560704E+002
  0.100769645867220E-002  0.885429351735876E+002  0.721809434222005E+002
  0.100580796208388E-002  0.885400312556735E+002  0.708463262496388E+002
  0.100279837806117E-002  0.885393690574959E+002  0.708467899632417E+002
  0.100013223437145E-002  0.885380379658332E+002  0.708477230573333E+002
  0.997507764018313E-003  0.885366375304492E+002  0.708487061769808E+002
  0.995018777822231E-003  0.885349785963580E+002  0.708498726522940E+002
  0.993494791717016E-003  0.885313885952603E+002  0.708524040081950E+002
  0.991843376117860E-003  0.885280602386317E+002  0.721704803850457E+002
  0.994516209553944E-003  0.885160222794078E+002  0.721618894476536E+002
  0.992942760835825E-003  0.885125334545020E+002  0.721593783055772E+002
  0.991614314185439E-003  0.885085554427586E+002  0.721565031134191E+002
  0.988373234922249E-003  0.885084475444705E+002  0.708688150127668E+002
  0.985694607061589E-003  0.885072195984275E+002  0.721555347197457E+002
  0.982560508198125E-003  0.885069333176038E+002  0.708699129652296E+002
  0.980387816702731E-003  0.885047051435913E+002  0.708715320137210E+002
  0.979533830237928E-003  0.884997924627105E+002  0.721501237407824E+002
  0.979264497354403E-003  0.884936868786762E+002  0.708795990327449E+002
  0.976403709558910E-003  0.884928825769969E+002  0.708801919317958E+002
  0.975095058479197E-003  0.884889093480327E+002  0.721421109310683E+002
  0.975614338670527E-003  0.884811889650544E+002  0.721363643087062E+002
  0.974601222747625E-003  0.884766113418582E+002  0.708923081206394E+002
  0.971602607581076E-003  0.884761187698688E+002  0.721325613600604E+002
  0.969324081042392E-003  0.884741589416637E+002  0.721310851056608E+002
  0.967223601045060E-003  0.884718419705206E+002  0.721293352724575E+002
  0.964275456628552E-003  0.884712917967951E+002  0.721289190378935E+002
  0.963006127111606E-003  0.884672706623725E+002  0.708993716957279E+002
  0.960905117621792E-003  0.884649832885288E+002  0.721241260796071E+002
  0.957807039316378E-003  0.884647863759171E+002  0.721239758683388E+002
  0.955200998390497E-003  0.884635798947143E+002  0.721230547186770E+002
  0.952771732656660E-003  0.884620171903484E+002  0.721218595219760E+002
  0.949891893733981E-003  0.884614159459519E+002  0.709038409119116E+002
  0.946822770024486E-003  0.884612328762539E+002  0.721212587736896E+002
  0.944543336466944E-003  0.884593980119592E+002  0.721198510309752E+002
  0.942116302750802E-003  0.884578881083008E+002  0.721186901517793E+002
  0.941054385472580E-003  0.884534881226771E+002  0.721152945003419E+002
  0.938980099654449E-003  0.884512458374100E+002  0.721135566552133E+002
  0.935948602921574E-003  0.884510577018168E+002  0.709118293462170E+002
  0.936600553338384E-003  0.884430094736661E+002  0.709181103592174E+002
  0.934595806325804E-003  0.884406393823216E+002  0.721052672433666E+002
  0.933564033275567E-003  0.884361929774612E+002  0.709234824751269E+002
  0.930787172363791E-003  0.884354952081364E+002  0.721012048043373E+002
  0.928026898412215E-003  0.884347794925645E+002  0.721006373678846E+002
  0.925922692711162E-003  0.884326638558915E+002  0.720989568296662E+002
  0.923192932934349E-003  0.884319132861272E+002  0.720983594621600E+002
  0.921569949593770E-003  0.884287768221919E+002  0.720958565759789E+002
  0.919035560311599E-003  0.884276289749134E+002  0.720949379093510E+002
  0.917612650217302E-003  0.884240723232454E+002  0.709331578261790E+002
  0.914864217885412E-003  0.884234161298804E+002  0.720915537129312E+002
  0.915383415653845E-003  0.884156258447014E+002  0.720852430582833E+002
  0.912487082871859E-003  0.884153084273308E+002  0.720849844536207E+002
  0.909734803822588E-003  0.884146944410091E+002  0.709407560636215E+002
  0.906892008430104E-003  0.884142983692573E+002  0.720841607656684E+002
  0.905875050632515E-003  0.884098867793280E+002  0.720805491737282E+002
  0.905002689508353E-003  0.884051581347327E+002  0.709485876174805E+002
  0.904715909706056E-003  0.883991364206187E+002  0.709535893728904E+002
  0.901880914909109E-003  0.883987578294891E+002  0.709539053342873E+002
  0.902584585706185E-003  0.883905424060537E+002  0.709608062499143E+002
  0.900323209885444E-003  0.883889040031465E+002  0.720630471134512E+002
  0.897381281467687E-003  0.883887943954681E+002  0.720629542266042E+002
  0.895340666730255E-003  0.883866919265353E+002  0.709640705132440E+002
  0.892852412095732E-003  0.883856023140745E+002  0.709649977697937E+002
  0.889974754953265E-003  0.883854031301001E+002  0.720600725170719E+002
  0.887570494466987E-003  0.883841578469595E+002  0.709662294322332E+002
  0.885154025534223E-003  0.883829548239024E+002  0.720579826173828E+002
  0.882898380869093E-003  0.883814023636941E+002  0.720566532618130E+002
  0.880897278037681E-003  0.883792849593000E+002  0.720548348963788E+002
  0.880681109989827E-003  0.883731202299344E+002  0.720495057398428E+002
  0.879414401180741E-003  0.883693433776811E+002  0.709790254480149E+002
  0.877284914861871E-003  0.883675366349547E+002  0.709806070802193E+002
  0.877783020697731E-003  0.883597458147273E+002  0.709874817609598E+002
  0.875154861096815E-003  0.883590873930208E+002  0.720371730751774E+002
  0.873662881414746E-003  0.883558443583690E+002  0.709909584798782E+002
  0.871354407131923E-003  0.883544803604381E+002  0.709921794636739E+002
  0.869709930186505E-003  0.883516028771311E+002  0.709947646874226E+002
  0.867437762471603E-003  0.883501792504988E+002  0.709960485034054E+002
  0.864786868845118E-003  0.883496450373647E+002  0.709965310769078E+002
  0.862265249208187E-003  0.883488297474693E+002  0.720279715335596E+002
  0.859827883499043E-003  0.883478355738371E+002  0.720270709693009E+002
  0.857997963572135E-003  0.883454410091027E+002  0.710003445884274E+002
  0.856361281723936E-003  0.883426041905915E+002  0.720223059471343E+002
  0.854136749172014E-003  0.883411506831730E+002  0.710042658751214E+002
  0.851306429493552E-003  0.883411334297576E+002  0.710042817055231E+002
  0.848710339975020E-003  0.883405862399910E+002  0.720204559409528E+002
  0.847257771166271E-003  0.883373565948911E+002  0.720174809769028E+002
  0.845903119770721E-003  0.883339013052200E+002  0.710109613334413E+002
  0.843133285858272E-003  0.883338052909177E+002  0.720141893504702E+002
  0.840984074891741E-003  0.883322543719236E+002  0.710124949206277E+002
  0.838478933891683E-003  0.883315653247192E+002  0.710131379429794E+002
  0.835829765439292E-003  0.883312387343173E+002  0.710134430081437E+002
  0.833278771849833E-003  0.883306965865870E+002  0.720112901260356E+002
  0.830831580812954E-003  0.883299232913044E+002  0.710146736440870E+002
  0.828097726865704E-003  0.883298595686730E+002  0.720105066258100E+002
  0.827703796772379E-003  0.883241556245265E+002  0.710201057646905E+002
  0.826618421070563E-003  0.883201243840154E+002  0.710239383287681E+002
  0.824379954171632E-003  0.883188921120637E+002  0.720001240796166E+002
  0.822231789604052E-003  0.883174549224174E+002  0.719987471047514E+002
  0.820639061817621E-003  0.883146772570031E+002  0.719960747021748E+002
  0.818835229865356E-003  0.883124226794789E+002  0.719938946540166E+002
  0.816913926584601E-003  0.883104653848632E+002  0.719919940220862E+002
  0.814838787262473E-003  0.883088967039934E+002  0.710347746651195E+002
  0.812354266012468E-003  0.883083486306605E+002  0.719899300286818E+002
  0.810119771816184E-003  0.883072019105417E+002  0.719888081549738E+002
  0.808232428192618E-003  0.883052111850875E+002  0.719868542604885E+002
  0.806030883012099E-003  0.883040108401916E+002  0.719856722233623E+002
  0.803807535012473E-003  0.883028796639175E+002  0.710406843712641E+002
  0.803946981737503E-003  0.882958771483663E+002  0.719775834244666E+002
  0.802303989175925E-003  0.882933130661208E+002  0.710502358011885E+002
  0.802169849020111E-003  0.882869919012507E+002  0.719685832513037E+002
  0.800172109708564E-003  0.882853233722645E+002  0.719668732538778E+002
  0.798353096697895E-003  0.882832195221076E+002  0.710605320646987E+002
  0.796124586184975E-003  0.882821545174139E+002  0.719636077927680E+002
  0.793961316377583E-003  0.882809408347727E+002  0.710628891315278E+002
  0.792281681596484E-003  0.882785207605243E+002  0.710654060515178E+002
  0.789682338586201E-003  0.882784376315866E+002  0.719597472027783E+002
  0.787359338524352E-003  0.882776741004845E+002  0.719589500173040E+002
  0.786149450021338E-003  0.882740941656346E+002  0.710700468221561E+002
  0.785218713519314E-003  0.882698078242629E+002  0.719506525558312E+002
  0.782717007274925E-003  0.882695344148110E+002  0.710748786302415E+002
  0.780467363205547E-003  0.882686354060575E+002  0.710758375863725E+002
  0.778330004258223E-003  0.882674644650726E+002  0.719481501879033E+002
  0.776414668708852E-003  0.882657366046643E+002  0.719462958352383E+002
  0.774825990404591E-003  0.882631775619192E+002  0.719435347906252E+002
  0.772631552898864E-003  0.882621943544234E+002  0.719424692562418E+002
  0.770441922889084E-003  0.882612148007236E+002  0.719414050484859E+002
  0.768081165069250E-003  0.882606969501339E+002  0.710843985855096E+002
  0.766260581529167E-003  0.882587875991338E+002  0.719387566341985E+002
  0.764073105615883E-003  0.882578496671229E+002  0.710875111613274E+002
  0.762391057798911E-003  0.882556017855605E+002  0.719352552822873E+002
  0.760360178605068E-003  0.882542809714207E+002  0.710914448486687E+002
  0.758089013769054E-003  0.882536082493806E+002  0.719330494646842E+002
  0.756194966669473E-003  0.882519558208148E+002  0.719312122669968E+002
  0.754612540542828E-003  0.882494898589568E+002  0.710967844867220E+002
  0.752611800658825E-003  0.882481440153633E+002  0.719269431680359E+002
  0.752023600603667E-003  0.882430521364830E+002  0.719211708383708E+002
  0.749661868250897E-003  0.882426874456988E+002  0.719207542793419E+002
  0.747421074182468E-003  0.882420189639655E+002  0.711052503449162E+002
  0.745566932752697E-003  0.882403309853265E+002  0.711071876080051E+002
  0.743103294717974E-003  0.882402951124165E+002  0.719180110823827E+002
  0.741223695792417E-003  0.882387047232362E+002  0.711090628359644E+002
  0.738797631307865E-003  0.882386059854776E+002  0.719160629913161E+002
  0.736371834336341E-003  0.882385280879641E+002  0.711092670373628E+002
  0.734323208005261E-003  0.882374443703257E+002  0.719147178090572E+002
  0.732462767036007E-003  0.882358623100638E+002  0.711123614931581E+002
  0.730492298975230E-003  0.882345943710935E+002  0.719113982082684E+002
  0.728341412859943E-003  0.882338363449786E+002  0.711147293439962E+002
  0.725995828516889E-003  0.882336320508089E+002  0.711149688957955E+002
  0.723903559256107E-003  0.882327486524197E+002  0.711160064189469E+002
  0.721513830831791E-003  0.882327063332013E+002  0.711160561896479E+002
  0.719273015251162E-003  0.882322718464233E+002  0.719086724198211E+002
  0.717170267242675E-003  0.882314716996855E+002  0.711175109744837E+002
  0.715132941532489E-003  0.882305057725617E+002  0.719065870770155E+002
  0.713177962796705E-003  0.882293251347035E+002  0.719051868267562E+002
  0.711236557319273E-003  0.882281213570719E+002  0.719037539712913E+002
  0.709019470664111E-003  0.882277099706442E+002  0.711219768681138E+002
  0.706843782062626E-003  0.882272010018913E+002  0.719026549226237E+002
  0.705055906230486E-003  0.882256105883111E+002  0.719007483834570E+002
  0.703392114577505E-003  0.882236801876207E+002  0.718984216202668E+002
  0.701296182349486E-003  0.882229930028097E+002  0.711276500174814E+002
  0.699217914388333E-003  0.882222731557712E+002  0.718967168066723E+002
  0.696911829157925E-003  0.882222246616058E+002  0.718966579143749E+002
  0.694615135701436E-003  0.882221710247531E+002  0.718965927661735E+002
  0.692464271901220E-003  0.882217180181547E+002  0.711291978661746E+002
  0.690691820006644E-003  0.882201882596322E+002  0.711310633002693E+002
  0.688556549067921E-003  0.882197252483634E+002  0.718936102506491E+002
  0.686406522498312E-003  0.882193244640092E+002  0.718931192826063E+002
  0.684182307301382E-003  0.882191601585259E+002  0.711323221393075E+002
  0.682784387314573E-003  0.882165951548838E+002  0.711354811279967E+002
  0.680570734665699E-003  0.882164343010057E+002  0.711356801134260E+002
  0.679348601841230E-003  0.882133734433033E+002  0.711394867901741E+002
  0.677171097716678E-003  0.882131387237822E+002  0.718854596548200E+002
  0.675400977095111E-003  0.882117179748199E+002  0.718836780534831E+002
  0.673332467561439E-003  0.882111970720645E+002  0.718830227010910E+002
  0.671175875208636E-003  0.882109575002703E+002  0.711425190574561E+002
  0.669364310781840E-003  0.882097073993044E+002  0.711440978630817E+002
  0.667221510174620E-003  0.882094645833709E+002  0.711444053107835E+002
  0.665085120367881E-003  0.882092231171406E+002  0.711447113043080E+002
  0.662899966752985E-003  0.882091494048037E+002  0.718804351959595E+002
  0.660707282251159E-003  0.882091202208074E+002  0.711448417751040E+002
  0.658818085711157E-003  0.882081915417540E+002  0.711460214250443E+002
  0.656752301154052E-003  0.882078169976139E+002  0.711464982634470E+002
  0.654751002933372E-003  0.882072652519147E+002  0.718780381279891E+002
  0.652883583564008E-003  0.882063220340610E+002  0.718768322162355E+002
  0.650735463267806E-003  0.882062577114848E+002  0.711484901277183E+002
  0.648623054797000E-003  0.882061050642543E+002  0.718765542532571E+002
  0.646496191919536E-003  0.882060183457234E+002  0.711487968639888E+002
  0.644690163188346E-003  0.882049577128572E+002  0.718750808217224E+002
  0.642582513711477E-003  0.882048513320701E+002  0.718749439037151E+002
  0.640785345718056E-003  0.882037971674257E+002  0.718735843278390E+002
  0.638656559898994E-003  0.882037969508771E+002  0.711516559135260E+002
  0.637289094637608E-003  0.882014282798719E+002  0.711547296756224E+002
  0.635785909589242E-003  0.881994957073395E+002  0.718679827427693E+002
  0.634121482034492E-003  0.881980828039629E+002  0.711591165408279E+002
  0.632169706284435E-003  0.881975925586189E+002  0.711597639728037E+002
  0.630173827796193E-003  0.881972613429112E+002  0.711602020589502E+002
  0.628091274752288E-003  0.881972261639157E+002  0.718649913407152E+002
  0.626046988587582E-003  0.881970907196198E+002  0.718648120131421E+002
  0.624341497720341E-003  0.881958910179668E+002  0.711620203517614E+002
  0.622325087508156E-003  0.881957052092326E+002  0.718629723324720E+002
  0.620557883956875E-003  0.881947370663451E+002  0.718616810777998E+002
  0.618516145945454E-003  0.881946726657344E+002  0.718615950143979E+002
  0.616721707294165E-003  0.881938279175565E+002  0.711647758194996E+002
  0.614757768883988E-003  0.881935514613863E+002  0.711651467133200E+002
  0.612849486113094E-003  0.881931137796377E+002  0.711657347184128E+002
  0.611150993105944E-003  0.881920088315842E+002  0.711672236182499E+002
  0.609976574518223E-003  0.881892002497992E+002  0.718542026124274E+002
  0.608157795831766E-003  0.881885170157926E+002  0.718532684026326E+002
  0.606273015558994E-003  0.881880693867507E+002  0.711725850094213E+002
  0.604427581922467E-003  0.881875108881051E+002  0.711733519558327E+002
  0.602602911816099E-003  0.881869021195149E+002  0.718510500474337E+002
  0.600951005088458E-003  0.881857366390807E+002  0.718494399699228E+002
  0.599232265015595E-003  0.881848093215386E+002  0.711770865731157E+002
  0.597258428147865E-003  0.881847525011083E+002  0.711771655675161E+002
  0.595414615715642E-003  0.881842807243067E+002  0.718474177881889E+002
  0.593463873847059E-003  0.881841884510914E+002  0.711779507472814E+002
  0.591563188749417E-003  0.881839485445645E+002  0.718469546960270E+002
  0.589644983898455E-003  0.881837887085894E+002  0.718467316397812E+002
  0.587876937586011E-003  0.881831391232272E+002  0.718458235859470E+002
  0.585928645532542E-003  0.881831227816710E+002  0.711794392513402E+002
  0.584895481264306E-003  0.881799969016780E+002  0.718413956756007E+002
  0.583288881518538E-003  0.881788425105511E+002  0.711854860676606E+002
  0.581583179970703E-003  0.881780440637740E+002  0.711866264604745E+002
  0.580080500522335E-003  0.881765627188230E+002  0.718364871137057E+002
  0.578191792592180E-003  0.881764296450133E+002  0.711889445516353E+002
  0.576278052693979E-003  0.881764047850981E+002  0.718362595845723E+002
  0.574555859477282E-003  0.881757351060374E+002  0.711899469407074E+002
  0.572924512688148E-003  0.881747662388548E+002  0.711913504766935E+002
  0.571195824646730E-003  0.881741543913102E+002  0.718329999729032E+002
  0.569333057013962E-003  0.881740318128542E+002  0.711924184919257E+002
  0.567619710720375E-003  0.881734040911312E+002  0.711933341675610E+002
  0.565855709468792E-003  0.881729736222956E+002  0.718312763358846E+002
  0.564015594358128E-003  0.881728324716079E+002  0.711941702957922E+002
  0.562557358123284E-003  0.881713544950426E+002  0.718288975306264E+002
  0.560783774156381E-003  0.881710143087822E+002  0.718283954543725E+002
  0.559393764669568E-003  0.881693222639368E+002  0.718258862337966E+002
  0.557743941458427E-003  0.881685740106693E+002  0.718247701784121E+002
  0.556198464816156E-003  0.881674680087213E+002  0.718231131767922E+002
  0.554925949195840E-003  0.881653934319253E+002  0.718199809734665E+002
  0.553143375195016E-003  0.881651727398805E+002  0.718196458914233E+002
  0.551343035780570E-003  0.881650372616757E+002  0.718194400103276E+002
  0.549598923129976E-003  0.881647184882422E+002  0.718189550366012E+002
  0.547879046030691E-003  0.881643313838005E+002  0.712068748900047E+002
  0.546229478669474E-003  0.881637065348410E+002  0.712078295980317E+002
  0.544929852808228E-003  0.881618151588862E+002  0.718145021254159E+002
  0.543307742373169E-003  0.881611219223787E+002  0.712118108193420E+002
  0.541511436706927E-003  0.881610897771127E+002  0.712118606662678E+002
  0.539880220384286E-003  0.881604679685000E+002  0.712128265213770E+002
  0.538161098645814E-003  0.881601910796148E+002  0.718119823459919E+002
  0.536538246424924E-003  0.881595757132319E+002  0.718110220389158E+002
  0.534849904375740E-003  0.881592235197154E+002  0.718104710319038E+002
  0.533073866222853E-003  0.881592202487648E+002  0.718104659097217E+002
  0.531351083944543E-003  0.881590387136772E+002  0.712150584669930E+002
  0.529592430900761E-003  0.881590136642598E+002  0.712150977338333E+002
  0.527846132029757E-003  0.881589638596524E+002  0.718100641398621E+002
  0.526176512842588E-003  0.881586444643365E+002  0.712156770846629E+002
  0.524554426987939E-003  0.881581639650658E+002  0.712164327842759E+002
  0.522976441409521E-003  0.881575339324595E+002  0.712174265920487E+002
  0.521321342668816E-003  0.881572179238092E+002  0.718073136382198E+002
  0.519653335044097E-003  0.881569717562176E+002  0.718069237645606E+002
  0.518107092200891E-003  0.881562761026082E+002  0.718058192044016E+002
  0.516601757052986E-003  0.881554398839216E+002  0.718044859222879E+002
  0.515145492722651E-003  0.881544301256087E+002  0.712223721789525E+002
  0.513488735800712E-003  0.881542171012265E+002  0.718025252569178E+002
  0.511804934435367E-003  0.881541305770218E+002  0.718023860174889E+002
  0.510348510223173E-003  0.881531744354302E+002  0.712243970975436E+002
  0.508757872828223E-003  0.881527621237125E+002  0.718001748628537E+002
  0.507092712947674E-003  0.881526632611990E+002  0.718000144613347E+002
  0.505512245388070E-003  0.881522508613575E+002  0.717993443868496E+002
  0.504007660947249E-003  0.881515568696279E+002  0.712270267335025E+002
  0.502416675791825E-003  0.881512246122107E+002  0.717976700823433E+002
  0.500820140259363E-003  0.881509345754530E+002  0.717971951078904E+002
  0.499196103277471E-003  0.881507750433875E+002  0.712283064472749E+002
  0.497745796335139E-003  0.881499384902327E+002  0.717955578121225E+002
  0.496222926166361E-003  0.881494113578581E+002  0.717946875029664E+002
  0.494589280462068E-003  0.881493509615986E+002  0.712306523458901E+002
  0.492969338688767E-003  0.881492567872674E+002  0.717944317933188E+002
  0.491690836795087E-003  0.881477948876796E+002  0.712332381961442E+002
  0.490340719932505E-003  0.881466385919275E+002  0.712351753115548E+002
  0.488713306734621E-003  0.881466319387775E+002  0.712351864965580E+002
  0.487195885752180E-003  0.881461958807239E+002  0.712359205654194E+002
  0.485840259297457E-003  0.881451130733022E+002  0.717874880984110E+002
  0.484275179431738E-003  0.881449106683208E+002  0.717871444258601E+002
  0.482693610653767E-003  0.881447974717346E+002  0.717869520365476E+002
  0.481468019298700E-003  0.881432264830829E+002  0.717842679114677E+002
  0.479999798984550E-003  0.881426791529190E+002  0.712419134466055E+002
  0.478494013514744E-003  0.881423075432254E+002  0.712425544779023E+002
  0.477264030976682E-003  0.881407996391665E+002  0.712451713969329E+002
  0.475825334732962E-003  0.881401820964968E+002  0.717789894187191E+002
  0.474805999519279E-003  0.881378156053310E+002  0.712504270678563E+002
  0.473483046188486E-003  0.881367404088696E+002  0.712523467800523E+002
  0.471947962598830E-003  0.881365795804934E+002  0.717726048113455E+002
  0.470506685270982E-003  0.881360411262819E+002  0.712536029517040E+002
  0.468963154880937E-003  0.881359574729980E+002  0.717714863292109E+002
  0.467674365387371E-003  0.881348057949265E+002  0.717694028789548E+002
  0.466155716544505E-003  0.881346552533389E+002  0.712561106713542E+002
  0.464629488320942E-003  0.881345585637910E+002  0.717689534161581E+002
  0.463127464316995E-003  0.881343789267371E+002  0.717686263434877E+002
  0.461646226932225E-003  0.881341302703884E+002  0.717681729137526E+002
  0.460143925318131E-003  0.881339937572186E+002  0.712573163246662E+002
  0.458743383638443E-003  0.881334348670215E+002  0.717669005395562E+002
  0.457302068787972E-003  0.881330729310480E+002  0.712590041792353E+002
  0.455926158530573E-003  0.881324439332977E+002  0.717650763562597E+002
  0.454514001049145E-003  0.881319926427586E+002  0.712609987567746E+002
  0.453100617775102E-003  0.881315660694104E+002  0.712617907233937E+002
  0.451623628880889E-003  0.881314406124612E+002  0.717632158412695E+002
  0.450218382961320E-003  0.881310178182336E+002  0.712628122815426E+002
  0.448765302675924E-003  0.881308276792973E+002  0.712631675450472E+002
  0.447304021851227E-003  0.881306951753074E+002  0.712634154204682E+002
  0.446108608311430E-003  0.881293917211737E+002  0.717593728952087E+002
  0.444787276888869E-003  0.881286687417035E+002  0.717580024939120E+002
  0.443620265610127E-003  0.881272675606274E+002  0.712699154233221E+002
  0.442181277432997E-003  0.881271100022813E+002  0.712702184013053E+002
  0.441373319702272E-003  0.881241121834094E+002  0.712760569973995E+002
  0.439935653825760E-003  0.881239817479574E+002  0.717489256512599E+002
  0.438499790562584E-003  0.881238644492184E+002  0.712765459476165E+002
  0.437056618389100E-003  0.881238020409438E+002  0.712766692819090E+002
  0.435672815565288E-003  0.881234888799764E+002  0.712772891419273E+002
  0.434232686740392E-003  0.881234553070630E+002  0.712773556919227E+002
  0.432834128162453E-003  0.881232516393106E+002  0.712777598170511E+002
  0.431534612308734E-003  0.881226097742076E+002  0.717462019579812E+002
  0.430139663419528E-003  0.881224297272817E+002  0.712793978004740E+002
  0.428950971005960E-003  0.881213088049056E+002  0.712816504028566E+002
  0.427647144166004E-003  0.881207416240466E+002  0.712827986200916E+002
  0.426381319696294E-003  0.881200147708310E+002  0.712842785232608E+002
  0.424981713362235E-003  0.881199350345129E+002  0.712844414539183E+002
  0.423681029837776E-003  0.881194099675534E+002  0.712855172782711E+002
  0.422329122115135E-003  0.881191463147946E+002  0.717391805511797E+002
  0.421151903951668E-003  0.881180734040065E+002  0.712882790802362E+002
  0.419841848942204E-003  0.881176488145490E+002  0.717360763888191E+002
  0.418466780523755E-003  0.881175543962238E+002  0.717358792230350E+002
  0.417097441687903E-003  0.881174540994043E+002  0.717356695907897E+002
  0.415841234599365E-003  0.881168311748117E+002  0.717343631667666E+002
  0.414486109512259E-003  0.881167037490939E+002  0.717340949746868E+002
  0.413138996388889E-003  0.881165589153972E+002  0.712914502122935E+002
  0.411867396765723E-003  0.881160686238238E+002  0.717327533577842E+002
  0.410681564492991E-003  0.881151796698218E+002  0.717308617119472E+002
  0.409320208901758E-003  0.881151648403574E+002  0.717308300165911E+002
  0.407984146604980E-003  0.881150481387570E+002  0.717305804267144E+002
  0.406733394758656E-003  0.881145333510080E+002  0.712957639405048E+002
  0.405417781323461E-003  0.881143574244867E+002  0.717290973033381E+002
  0.404097406804503E-003  0.881142261230757E+002  0.712964257436127E+002
  0.402843910729353E-003  0.881137841153331E+002  0.717278585144487E+002
  0.401508338719938E-003  0.881137702682330E+002  0.717278285058638E+002
  0.400177591079679E-003  0.881137544396662E+002  0.717277941980402E+002
  0.398874396331432E-003  0.881136225696987E+002  0.712977317996147E+002
  0.397630647901756E-003  0.881132130237328E+002  0.712986225738052E+002
  0.396376943534055E-003  0.881128732794316E+002  0.717258756106020E+002
  0.395116596980048E-003  0.881125871643385E+002  0.717252489169549E+002
  0.393940151548604E-003  0.881118953950216E+002  0.717237260098291E+002
  0.392761500247098E-003  0.881112326950124E+002  0.717222567224786E+002
  0.391475934910632E-003  0.881111341417189E+002  0.717220373372030E+002
  0.390206560308529E-003  0.881109741692805E+002  0.717216807392552E+002
  0.388946319795658E-003  0.881107883931300E+002  0.713039741046969E+002
  0.387717929024297E-003  0.881104593139907E+002  0.717205289126183E+002
  0.386469917490094E-003  0.881102518464739E+002  0.717200629615415E+002
  0.385205863241727E-003  0.881101485277980E+002  0.713054094341375E+002
  0.384048687758408E-003  0.881095100786373E+002  0.717183883960652E+002
  0.382783657970779E-003  0.881094532338457E+002  0.713069804570339E+002
  0.381545385330443E-003  0.881092779711861E+002  0.713073783622332E+002
  0.380334096579073E-003  0.881089818733111E+002  0.717171875991999E+002
  0.379203125651664E-003  0.881082824028734E+002  0.713096534376997E+002
  0.378006469445794E-003  0.881079482280683E+002  0.713104228331443E+002
  0.376772642829335E-003  0.881078313964805E+002  0.713106925147976E+002
  0.375545291086255E-003  0.881077015298353E+002  0.713109927085133E+002
  0.374550368530864E-003  0.881063515296842E+002  0.717110997654128E+002
  0.373333218672583E-003  0.881062057911571E+002  0.717107569899686E+002
  0.372152827896103E-003  0.881058837527912E+002  0.713152425133419E+002
  0.370929829753875E-003  0.881058115545967E+002  0.713154131974220E+002
  0.370000397935993E-003  0.881041736253082E+002  0.713193259249230E+002
  0.368811266957217E-003  0.881039561243364E+002  0.717053884915986E+002
  0.367622730407833E-003  0.881037561808303E+002  0.713203358582385E+002
  0.366401992349319E-003  0.881037529061934E+002  0.717048961599374E+002
  0.365303963481861E-003  0.881030998994895E+002  0.713219344298559E+002
  0.364107752151593E-003  0.881030041942118E+002  0.713221686700181E+002
  0.362902506760352E-003  0.881029798629289E+002  0.713222282671592E+002
  0.361708436363805E-003  0.881029158005158E+002  0.713223852711840E+002
  0.360601843904146E-003  0.881023882977268E+002  0.717015569275711E+002
  0.359453404291348E-003  0.881021124534824E+002  0.713243652284997E+002
  0.358265030631081E-003  0.881020799426705E+002  0.717007941671570E+002
  0.357114514122349E-003  0.881018574091615E+002  0.713249981893638E+002
  0.355977976693803E-003  0.881015770939273E+002  0.713256963391680E+002
  0.354835671906814E-003  0.881013496726418E+002  0.713262646736905E+002
  0.353681522480487E-003  0.881012099566095E+002  0.716986252710122E+002
  0.352521434717126E-003  0.881011252285852E+002  0.716984126890274E+002
  0.351353567206186E-003  0.881011064437368E+002  0.713268744365199E+002
  0.350234330664947E-003  0.881008320311520E+002  0.716976751741871E+002
  0.349136413632901E-003  0.881004559125708E+002  0.716967247518839E+002
  0.347977291243051E-003  0.881004513188742E+002  0.716967131136410E+002
  0.346843898592007E-003  0.881003205463538E+002  0.713288584724659E+002
  0.345712613957142E-003  0.881001989348515E+002  0.713291674036490E+002
  0.344606412923454E-003  0.880999531561491E+002  0.716954466096833E+002
  0.343508182455420E-003  0.880996815789068E+002  0.716947524560554E+002
  0.342425548130411E-003  0.880993393504388E+002  0.713313660299572E+002
  0.341321033003651E-003  0.880991453226355E+002  0.713318660095956E+002
  0.340223410207195E-003  0.880989317214368E+002  0.713324180310295E+002
  0.339106392917668E-003  0.880988533194709E+002  0.716926188872344E+002
  0.338119346754100E-003  0.880980276822700E+002  0.716904666007120E+002
  0.337085878874512E-003  0.880974944995272E+002  0.713361772227094E+002
  0.335980301106564E-003  0.880974093208575E+002  0.716888374286591E+002
  0.334891986421188E-003  0.880972426993625E+002  0.716883958551330E+002
  0.333780731736082E-003  0.880972346504909E+002  0.713368654653028E+002
  0.332678827666132E-003  0.880971925553009E+002  0.716882627480583E+002
  0.331603110149094E-003  0.880970144564144E+002  0.716877891681760E+002
  0.330519341986394E-003  0.880969061191269E+002  0.713377394986461E+002
  0.329427391887622E-003  0.880968689585151E+002  0.713378386368528E+002
  0.328362811045693E-003  0.880966870641139E+002  0.716869152477725E+002
  0.327292198847350E-003  0.880965630478377E+002  0.713386569015033E+002
  0.326266585157008E-003  0.880961845742102E+002  0.713396746188592E+002
  0.325195768621654E-003  0.880961038482341E+002  0.716853474942659E+002
  0.324139204916204E-003  0.880959568633406E+002  0.713402898303080E+002
  0.323071735636767E-003  0.880958986391671E+002  0.716847924728128E+002
  0.322007201803095E-003  0.880958440173342E+002  0.713405955241726E+002
  0.320949724013931E-003  0.880957672837261E+002  0.716844362594339E+002
  0.319901571089294E-003  0.880956539629839E+002  0.716841283586166E+002
  0.318855205464750E-003  0.880955509023109E+002  0.716838478544239E+002
  0.317806999462139E-003  0.880954809616789E+002  0.716836572322892E+002
  0.316824821558667E-003  0.880950159231910E+002  0.716823843340306E+002
  0.315797558011396E-003  0.880948556203359E+002  0.713432966245207E+002
  0.314775077308670E-003  0.880946860913465E+002  0.716814757056379E+002
  0.313767645765541E-003  0.880944417374396E+002  0.716807993882720E+002
  0.312731155191616E-003  0.880944038332530E+002  0.713445457274710E+002
  0.311758179226416E-003  0.880939803963493E+002  0.713457249346811E+002
  0.310734116120604E-003  0.880939052287236E+002  0.713459351369490E+002
  0.309756158993986E-003  0.880935540692560E+002  0.713469206684116E+002
  0.308730353129713E-003  0.880935327925504E+002  0.716782593915139E+002
  0.847170040347381E-002  0.812545348193294E+002  0.713861374906234E+002
  0.847176064616913E-002  0.812545205972775E+002  0.713861899470071E+002
  0.847307838703609E-002  0.812542095312669E+002  0.713873427717062E+002
  0.847379740497665E-002  0.812540398202358E+002  0.713879762238449E+002
  0.847437583195045E-002  0.812539033035822E+002  0.713884881228098E+002
  0.847669672013216E-002  0.812533556360080E+002  0.713905633021123E+002
  0.847786405450166E-002  0.812530802329735E+002  0.713916202854279E+002
  0.847805720539830E-002  0.812530346675586E+002  0.713917960547322E+002
  0.847810718651759E-002  0.812530228768923E+002  0.713918415790725E+002
  0.847894153737752E-002  0.812528260617804E+002  0.713926040417528E+002
