  0.268837729997217E+000  0.929960084528159E+002  0.750048239692706E+002
  0.268837729997217E+000  0.888661783631829E+002  0.686241905609471E+002
  0.268837729997217E+000  0.888301704928025E+002  0.686300109215472E+002
  0.268837729997217E+000  0.883385401649309E+002  0.687106879100271E+002
  0.268837729997217E+000  0.881155070652732E+002  0.742771759097371E+002
  0.268837729997217E+000  0.875312418356173E+002  0.688484607457650E+002
  0.268837729997217E+000  0.871556960866832E+002  0.689150401599290E+002
  0.268837729997217E+000  0.815954377919891E+002  0.702633808714938E+002
  0.268837729997217E+000  0.865428257532563E+002  0.690275220086732E+002
  0.268837729997217E+000  0.864180755645054E+002  0.690510472798932E+002
  0.268837729997217E+000  0.862043006308086E+002  0.690918922616966E+002
  0.268837729997217E+000  0.861081973964870E+002  0.739147594231204E+002
  0.268837729997217E+000  0.860137671179655E+002  0.738963535456825E+002
  0.268837729997217E+000  0.855769928754662E+002  0.692159384805849E+002
  0.268837729997217E+000  0.854475943869182E+002  0.737828706346587E+002
  0.268837729997217E+000  0.852570431805777E+002  0.737433787182514E+002
  0.268837729997217E+000  0.851313420926264E+002  0.693083001899347E+002
  0.268837729997217E+000  0.850097537447496E+002  0.693341793784808E+002
  0.268837729997217E+000  0.849072343891349E+002  0.693562411959118E+002
  0.268837729997217E+000  0.848776773745123E+002  0.693626438076678E+002
  0.268837729997217E+000  0.844975276012726E+002  0.735784803899863E+002
  0.268837729997217E+000  0.844882974753067E+002  0.735763954080456E+002
  0.268837729997217E+000  0.816035725428623E+002  0.727648926189536E+002
  0.268837729997217E+000  0.842906123189375E+002  0.694940163285248E+002
  0.268837729997217E+000  0.842651528963904E+002  0.735253323738736E+002
  0.268837729997217E+000  0.841327019675969E+002  0.734944009631050E+002
  0.268837729997217E+000  0.839941902155846E+002  0.734615291058369E+002
  0.268837729997217E+000  0.838270025325411E+002  0.734210978253732E+002
  0.268837729997217E+000  0.816045884477527E+002  0.702599690176410E+002
  0.268837729997217E+000  0.837318341969225E+002  0.696275441193593E+002
  0.268837729997217E+000  0.836987885502460E+002  0.696357383237725E+002
  0.268837729997217E+000  0.836776637015752E+002  0.696409953699373E+002
  0.268837729997217E+000  0.816270435413438E+002  0.702516356789251E+002
  0.268837729997217E+000  0.835088508268141E+002  0.696835482084848E+002
  0.268837729997217E+000  0.834351550431353E+002  0.733228015433929E+002
  0.268837729997217E+000  0.833816134447701E+002  0.697162871526209E+002
  0.268837729997217E+000  0.833681883582674E+002  0.697197763754943E+002
  0.268837729997217E+000  0.816327067217426E+002  0.727756972712777E+002
  0.268837729997217E+000  0.833179148947206E+002  0.732923365802930E+002
  0.268837729997217E+000  0.833145982941244E+002  0.697337727916871E+002
  0.268837729997217E+000  0.832984328836928E+002  0.732872234875267E+002
  0.268837729997217E+000  0.832182250799795E+002  0.732660157390474E+002
  0.268837729997217E+000  0.830593295532161E+002  0.698020139967236E+002
  0.268837729997217E+000  0.816431150888324E+002  0.702457050007901E+002
  0.268837729997217E+000  0.829609568306655E+002  0.698290502681106E+002
  0.268837729997217E+000  0.829552052421626E+002  0.698306444534091E+002
  0.268837729997217E+000  0.829515296515075E+002  0.698316640198792E+002
  0.268837729997217E+000  0.828800484544699E+002  0.731736234532071E+002
  0.268837729997217E+000  0.828421758387788E+002  0.698622856193905E+002
  0.268837729997217E+000  0.816489079403826E+002  0.702435741340819E+002
  0.268837729997217E+000  0.827728771898012E+002  0.731432514725641E+002
  0.268837729997217E+000  0.827310383446599E+002  0.698940001428489E+002
  0.268837729997217E+000  0.827193786311809E+002  0.698973634838045E+002
  0.268837729997217E+000  0.826979830241492E+002  0.731216864513445E+002
  0.268837729997217E+000  0.826790340425887E+002  0.731161843133334E+002
  0.268837729997217E+000  0.826309474858949E+002  0.731021361275908E+002
  0.268837729997217E+000  0.825970114887998E+002  0.699330932228496E+002
  0.268837729997217E+000  0.825101437457060E+002  0.730662837830884E+002
  0.268837729997217E+000  0.824557947051492E+002  0.699753586700726E+002
  0.268837729997217E+000  0.823673505493795E+002  0.700024318366421E+002
  0.268837729997217E+000  0.823413889993664E+002  0.730147685417833E+002
  0.268837729997217E+000  0.823398799134371E+002  0.730142998954047E+002
  0.268837729997217E+000  0.823361209832011E+002  0.730131319238972E+002
  0.268837729997217E+000  0.823325768473235E+002  0.700132101017470E+002
  0.268837729997217E+000  0.823138196581739E+002  0.730061836917046E+002
  0.268837729997217E+000  0.823114826409795E+002  0.730054536952837E+002
  0.268837729997217E+000  0.823030734961324E+002  0.700224159257013E+002
  0.268837729997217E+000  0.822716484060520E+002  0.700322843450773E+002
  0.268837729997217E+000  0.822714918901533E+002  0.700323336604057E+002
  0.268837729997217E+000  0.822639568145897E+002  0.700347097729903E+002
  0.268837729997217E+000  0.822398950897397E+002  0.729829168490437E+002
  0.268837729997217E+000  0.822007484674289E+002  0.729704455558895E+002
  0.268837729997217E+000  0.821959026099090E+002  0.729688943386402E+002
  0.268837729997217E+000  0.821769087223639E+002  0.700624417926600E+002
  0.268837729997217E+000  0.816610915759415E+002  0.702391040898738E+002
  0.268837729997217E+000  0.821555628193567E+002  0.729559163809691E+002
  0.268837729997217E+000  0.821555271466236E+002  0.700693351087171E+002
  0.268837729997217E+000  0.821444163567102E+002  0.700729302051006E+002
  0.268837729997217E+000  0.821334844623864E+002  0.729487637615772E+002
  0.268837729997217E+000  0.820982563463681E+002  0.700879632435311E+002
  0.268837729997217E+000  0.820786233881306E+002  0.700944054549739E+002
  0.268837729997217E+000  0.820206721056221E+002  0.701135941560436E+002
  0.268837729997217E+000  0.820187444345744E+002  0.729110029943492E+002
  0.268837729997217E+000  0.819668819707631E+002  0.728935963577454E+002
  0.268837729997217E+000  0.819646667935776E+002  0.728928479877942E+002
  0.268837729997217E+000  0.819518004328903E+002  0.728884932001378E+002
  0.268837729997217E+000  0.816840136062368E+002  0.702307364935003E+002
  0.268837729997217E+000  0.818954233311789E+002  0.728692468230432E+002
  0.268837729997217E+000  0.818665650063456E+002  0.701659514116913E+002
  0.268837729997217E+000  0.818661106116839E+002  0.728591311608862E+002
  0.268837729997217E+000  0.818573606816669E+002  0.728560968459479E+002
  0.268837729997217E+000  0.818321182982084E+002  0.728473045959939E+002
  0.268837729997217E+000  0.818279063550105E+002  0.701794080847697E+002
  0.268837729997217E+000  0.818193915115878E+002  0.728428496551372E+002
  0.268837729997217E+000  0.818151855800678E+002  0.728413741085321E+002
  0.268837729997217E+000  0.817991955418024E+002  0.728357493810864E+002
  0.268837729997217E+000  0.817989180892647E+002  0.701895883894759E+002
  0.268837729997217E+000  0.817780100130486E+002  0.701969799332122E+002
  0.268837729997217E+000  0.817728763093804E+002  0.728264387729711E+002
  0.268837729997217E+000  0.817601179778658E+002  0.728219015994080E+002
  0.268837729997217E+000  0.817596681350941E+002  0.702034986241913E+002
  0.268837729997217E+000  0.817595911601241E+002  0.702035260494416E+002
  0.268837729997217E+000  0.817486661110987E+002  0.702074243572913E+002
  0.268837729997217E+000  0.817307473654027E+002  0.728113964515763E+002
  0.268837729997217E+000  0.817171813222552E+002  0.702187245465071E+002
  0.268837729997217E+000  0.815537503505640E+002  0.702790435927545E+002
  0.268837729997217E+000  0.815416455585095E+002  0.727416109856111E+002
  0.268837729997217E+000  0.815241262996360E+002  0.727349440998883E+002
  0.268837729997217E+000  0.815195075638358E+002  0.702920595693469E+002
  0.268837729997217E+000  0.815188450172170E+002  0.702923127780579E+002
  0.268837729997217E+000  0.815159408261833E+002  0.702934233075421E+002
  0.268837729997217E+000  0.815130123308805E+002  0.727306958056275E+002
  0.268837729997217E+000  0.815088305408100E+002  0.702961464789532E+002
  0.268837729997217E+000  0.815024612237428E+002  0.702985910532150E+002
  0.268837729997217E+000  0.814904004426853E+002  0.703032335756163E+002
  0.268837729997217E+000  0.814887192933714E+002  0.703038821116282E+002
  0.268837729997217E+000  0.814791877453887E+002  0.727176742708944E+002
  0.268837729997217E+000  0.814723223367532E+002  0.727150140614230E+002
  0.268837729997217E+000  0.814261488961650E+002  0.726969675504187E+002
  0.268837729997217E+000  0.814210979729836E+002  0.703302632365959E+002
  0.268837729997217E+000  0.814107158865453E+002  0.726908740541312E+002
  0.268837729997217E+000  0.814102317120883E+002  0.703345575864854E+002
  0.268837729997217E+000  0.814030798025009E+002  0.703373925862741E+002
  0.268837729997217E+000  0.813994182425779E+002  0.726863932915168E+002
  0.268837729997217E+000  0.813911142846834E+002  0.726830889184368E+002
  0.268837729997217E+000  0.813815926976291E+002  0.726792884991591E+002
  0.268837729997217E+000  0.813802128547555E+002  0.726787367250762E+002
  0.268837729997217E+000  0.813762342411139E+002  0.726771442860896E+002
  0.268837729997217E+000  0.813751047167966E+002  0.726766917972824E+002
  0.268837729997217E+000  0.813641227314151E+002  0.703529567641176E+002
  0.268837729997217E+000  0.813569522096911E+002  0.726693956020185E+002
  0.268837729997217E+000  0.813479871948845E+002  0.703594647754219E+002
  0.268837729997217E+000  0.813441854816983E+002  0.726642364722809E+002
  0.268837729997217E+000  0.813363998572742E+002  0.726610788672426E+002
  0.268837729997217E+000  0.813329950880489E+002  0.703655446936425E+002
  0.268837729997217E+000  0.813280807305192E+002  0.726576952677460E+002
  0.268837729997217E+000  0.813262986406205E+002  0.703682708160101E+002
  0.268837729997217E+000  0.813196221671655E+002  0.726542446738947E+002
  0.268837729997217E+000  0.813194178998467E+002  0.726541612159204E+002
  0.268837729997217E+000  0.813187079901089E+002  0.703713688425706E+002
  0.268837729997217E+000  0.813176072952611E+002  0.726534211860745E+002
  0.268837729997217E+000  0.813131932018207E+002  0.726516150440010E+002
  0.268837729997217E+000  0.813076095193173E+002  0.726493262227205E+002
  0.268837729997217E+000  0.812949127649518E+002  0.703811355309630E+002
  0.268837729997217E+000  0.812911627799393E+002  0.726425575587276E+002
  0.268837729997217E+000  0.812782107706500E+002  0.726371984787743E+002
  0.268837729997217E+000  0.812716834559623E+002  0.703907519545685E+002
  0.268837729997217E+000  0.812609238861247E+002  0.703952342246120E+002
  0.268837729997217E+000  0.812492157151609E+002  0.726251077768223E+002
  0.268837729997217E+000  0.812440005847822E+002  0.726229191397233E+002
  0.268837729997217E+000  0.812327229254248E+002  0.726181714216417E+002
  0.268837729997217E+000  0.812305824319537E+002  0.704079719581696E+002
  0.268837729997217E+000  0.812202932038672E+002  0.704123249900774E+002
  0.268837729997217E+000  0.812056898451979E+002  0.726067070396976E+002
  0.268837729997217E+000  0.811984724084768E+002  0.726036258424550E+002
  0.268837729997217E+000  0.811981066617456E+002  0.726034694697589E+002
  0.268837729997217E+000  0.811873523539783E+002  0.725988614714801E+002
  0.268837729997217E+000  0.811378064255640E+002  0.704478654407770E+002
  0.268837729997217E+000  0.811271975526919E+002  0.704525228785163E+002
  0.268837729997217E+000  0.811259193891684E+002  0.725721545701950E+002
  0.268837729997217E+000  0.811127244229382E+002  0.704589099757468E+002
  0.268837729997217E+000  0.811055881415518E+002  0.704620735623674E+002
  0.268837729997217E+000  0.811042563457555E+002  0.704626650165313E+002
  0.268837729997217E+000  0.811024964090473E+002  0.725617928408713E+002
  0.268837729997217E+000  0.810859072304648E+002  0.725543918690460E+002
  0.268837729997217E+000  0.810706435649076E+002  0.704777044607952E+002
  0.268837729997217E+000  0.810665634652651E+002  0.704795449303634E+002
  0.268837729997217E+000  0.810580576461261E+002  0.725418476061737E+002
  0.268837729997217E+000  0.810546659316710E+002  0.725403094199168E+002
  0.268837729997217E+000  0.810505768584407E+002  0.704867880556041E+002
  0.268837729997217E+000  0.810155906635712E+002  0.705028206581935E+002
  0.268837729997217E+000  0.810019834492350E+002  0.725161145445576E+002
  0.268837729997217E+000  0.810011829565093E+002  0.705094975509759E+002
  0.268837729997217E+000  0.810011463077288E+002  0.725157253699439E+002
  0.268837729997217E+000  0.809916900525565E+002  0.725113187660084E+002
  0.268837729997217E+000  0.809687133107169E+002  0.725005297317271E+002
  0.268837729997217E+000  0.809496540328545E+002  0.705337499948541E+002
  0.268837729997217E+000  0.809476277463309E+002  0.724905239900814E+002
  0.268837729997217E+000  0.809323431804845E+002  0.705420334461844E+002
  0.268837729997217E+000  0.809270074794570E+002  0.724806390271815E+002
  0.268837729997217E+000  0.809239071720809E+002  0.705460959053577E+002
  0.268837729997217E+000  0.809200599586533E+002  0.705479542563614E+002
  0.268837729997217E+000  0.809199363363578E+002  0.705480140300203E+002
  0.268837729997217E+000  0.809190309134432E+002  0.724767880298995E+002
  0.268837729997217E+000  0.809070783645745E+002  0.705542514555599E+002
  0.268837729997217E+000  0.809020222193035E+002  0.705567153497856E+002
  0.268837729997217E+000  0.808814713607491E+002  0.724584439776615E+002
  0.268837729997217E+000  0.808812323512550E+002  0.724583261062956E+002
  0.268837729997217E+000  0.808733812718805E+002  0.705707939419819E+002
  0.268837729997217E+000  0.808726571069840E+002  0.705711526374703E+002
  0.268837729997217E+000  0.808682213107807E+002  0.724518871831102E+002
  0.268837729997217E+000  0.808661412327970E+002  0.705743862675059E+002
  0.268837729997217E+000  0.808624475573798E+002  0.724490156761790E+002
  0.268837729997217E+000  0.808580118396352E+002  0.724468036299735E+002
  0.268837729997217E+000  0.808548420948196E+002  0.724452196969866E+002
  0.268837729997217E+000  0.808503358697866E+002  0.705822766834782E+002
  0.268837729997217E+000  0.808479719923803E+002  0.724417774136998E+002
  0.268837729997217E+000  0.808456742358637E+002  0.724406232671896E+002
  0.268837729997217E+000  0.808337966177803E+002  0.724346341894976E+002
  0.268837729997217E+000  0.808202365784257E+002  0.724277488653440E+002
  0.268837729997217E+000  0.808074346113901E+002  0.724212005818472E+002
  0.268837729997217E+000  0.807950635375446E+002  0.706104124128415E+002
  0.268837729997217E+000  0.807902040708141E+002  0.724123118159961E+002
  0.268837729997217E+000  0.807846430421788E+002  0.706158157339167E+002
  0.268837729997217E+000  0.807735772450526E+002  0.724036504272006E+002
  0.268837729997217E+000  0.807497080981644E+002  0.706341729424533E+002
  0.268837729997217E+000  0.807381390007496E+002  0.706403372854520E+002
  0.268837729997217E+000  0.807374699492380E+002  0.723845448534602E+002
  0.268837729997217E+000  0.807322251721039E+002  0.723817347338322E+002
  0.268837729997217E+000  0.807308012270067E+002  0.723809702230644E+002
  0.268837729997217E+000  0.807276102373198E+002  0.723792545436099E+002
  0.268837729997217E+000  0.807237508656118E+002  0.723771749502744E+002
  0.268837729997217E+000  0.807235920294835E+002  0.723770892554417E+002
  0.268837729997217E+000  0.807146188777124E+002  0.706530057497965E+002
  0.268837729997217E+000  0.807024473670133E+002  0.706596354713806E+002
  0.268837729997217E+000  0.806994744066465E+002  0.706612626635400E+002
  0.268837729997217E+000  0.806961898849124E+002  0.706630640064342E+002
  0.268837729997217E+000  0.806939373812256E+002  0.706643015667620E+002
  0.268837729997217E+000  0.806843120244413E+002  0.723556296064158E+002
  0.268837729997217E+000  0.806821750660186E+002  0.723544464427019E+002
  0.268837729997217E+000  0.806755480423796E+002  0.723507666563195E+002
  0.268837729997217E+000  0.806595572618566E+002  0.706834197424409E+002
  0.268837729997217E+000  0.806580832356215E+002  0.706842492866131E+002
  0.268837729997217E+000  0.806532724094347E+002  0.706869624952293E+002
  0.268837729997217E+000  0.806502753938629E+002  0.706886572679288E+002
  0.268837729997217E+000  0.806225574055566E+002  0.707044998488092E+002
  0.268837729997217E+000  0.806219067199021E+002  0.707048754895470E+002
  0.268837729997217E+000  0.806120000927276E+002  0.707106163145437E+002
  0.268837729997217E+000  0.806046339544997E+002  0.723103282381543E+002
  0.268837729997217E+000  0.806040292051582E+002  0.723099745634230E+002
  0.268837729997217E+000  0.805978973460896E+002  0.723063795770837E+002
  0.268837729997217E+000  0.805964959932796E+002  0.707196842576644E+002
  0.268837729997217E+000  0.805921255588519E+002  0.707222592075644E+002
  0.268837729997217E+000  0.805774213614340E+002  0.722942551332069E+002
  0.268837729997217E+000  0.805736624036983E+002  0.722920088511823E+002
  0.268837729997217E+000  0.805589775974107E+002  0.707420692298268E+002
  0.268837729997217E+000  0.805585241446212E+002  0.707423437565527E+002
  0.268837729997217E+000  0.805582205543193E+002  0.722827123524469E+002
  0.268837729997217E+000  0.805462453972677E+002  0.722754249193406E+002
  0.268837729997217E+000  0.805452889495102E+002  0.722748398723308E+002
  0.268837729997217E+000  0.805377336043358E+002  0.707550374791226E+002
  0.268837729997217E+000  0.805339452629453E+002  0.707573734406272E+002
  0.268837729997217E+000  0.805334673089838E+002  0.707576686693740E+002
  0.268837729997217E+000  0.805334565755604E+002  0.722675646608936E+002
  0.268837729997217E+000  0.805261160375459E+002  0.707622241291485E+002
  0.268837729997217E+000  0.805164800498860E+002  0.722570023520187E+002
  0.268837729997217E+000  0.805159224311372E+002  0.707685870874016E+002
  0.268837729997217E+000  0.805092035284543E+002  0.722524289397964E+002
  0.268837729997217E+000  0.804922352072185E+002  0.722416526232834E+002
  0.268837729997217E+000  0.804917413664168E+002  0.707839033553536E+002
  0.268837729997217E+000  0.804868864393915E+002  0.722382225288022E+002
  0.268837729997217E+000  0.804841443235583E+002  0.707887822180867E+002
  0.268837729997217E+000  0.804793566021074E+002  0.722333660776590E+002
  0.268837729997217E+000  0.804779121167385E+002  0.707928092662685E+002
  0.268837729997217E+000  0.804738921330632E+002  0.722298211167845E+002
  0.268837729997217E+000  0.804724763228609E+002  0.707963401839530E+002
  0.268837729997217E+000  0.804670359769622E+002  0.707998915727176E+002
  0.268837729997217E+000  0.804663473535808E+002  0.708003423598268E+002
  0.268837729997217E+000  0.804662732061982E+002  0.708003909152517E+002
  0.268837729997217E+000  0.804632065618784E+002  0.722228379460019E+002
  0.268837729997217E+000  0.804601184500627E+002  0.708044329653793E+002
  0.268837729997217E+000  0.804456287152289E+002  0.708140412326030E+002
  0.268837729997217E+000  0.804432278041412E+002  0.722095938721727E+002
  0.268837729997217E+000  0.804358390271910E+002  0.708206083694155E+002
  0.268837729997217E+000  0.804353531220482E+002  0.722043040121598E+002
  0.268837729997217E+000  0.804272064752742E+002  0.708264514197431E+002
  0.268837729997217E+000  0.804266156705209E+002  0.708268531335340E+002
  0.268837729997217E+000  0.804253856337809E+002  0.721975497167671E+002
  0.268837729997217E+000  0.804205357699056E+002  0.721942390854675E+002
  0.268837729997217E+000  0.804182122363328E+002  0.721926472761759E+002
  0.268837729997217E+000  0.804177429787309E+002  0.708329146174251E+002
  0.268837729997217E+000  0.804115892168257E+002  0.721880893845413E+002
  0.268837729997217E+000  0.804101126907466E+002  0.721870690560704E+002
  0.268837729997217E+000  0.804012951585631E+002  0.721809434222005E+002
  0.268837729997217E+000  0.803983912406490E+002  0.708463262496388E+002
  0.268837729997217E+000  0.803977290424714E+002  0.708467899632417E+002
  0.268837729997217E+000  0.803963979508088E+002  0.708477230573333E+002
  0.268837729997217E+000  0.803949975154247E+002  0.708487061769808E+002
  0.268837729997217E+000  0.803933385813335E+002  0.708498726522940E+002
  0.268837729997217E+000  0.803897485802359E+002  0.708524040081950E+002
  0.268837729997217E+000  0.803864202236072E+002  0.721704803850457E+002
  0.268837729997217E+000  0.803743822643833E+002  0.721618894476536E+002
  0.268837729997217E+000  0.803708934394775E+002  0.721593783055772E+002
  0.268837729997217E+000  0.803669154277341E+002  0.721565031134191E+002
  0.268837729997217E+000  0.803668075294460E+002  0.708688150127668E+002
  0.268837729997217E+000  0.803655795834030E+002  0.721555347197457E+002
  0.268837729997217E+000  0.803652933025793E+002  0.708699129652296E+002
  0.268837729997217E+000  0.803630651285668E+002  0.708715320137210E+002
  0.268837729997217E+000  0.803581524476860E+002  0.721501237407824E+002
  0.268837729997217E+000  0.803520468636517E+002  0.708795990327449E+002
  0.268837729997217E+000  0.803512425619725E+002  0.708801919317958E+002
  0.268837729997217E+000  0.803395489500299E+002  0.721363643087062E+002
  0.268837729997217E+000  0.803349713268337E+002  0.708923081206394E+002
  0.268837729997217E+000  0.803344787548444E+002  0.721325613600604E+002
  0.268837729997217E+000  0.803325189266392E+002  0.721310851056608E+002
  0.268837729997217E+000  0.803296517817706E+002  0.721289190378935E+002
  0.268837729997217E+000  0.803256306473480E+002  0.708993716957279E+002
  0.268837729997217E+000  0.803233432735044E+002  0.721241260796071E+002
  0.268837729997217E+000  0.803231463608927E+002  0.721239758683388E+002
  0.268837729997217E+000  0.803219398796899E+002  0.721230547186770E+002
  0.268837729997217E+000  0.803203771753240E+002  0.721218595219760E+002
  0.268837729997217E+000  0.803197759309275E+002  0.709038409119116E+002
  0.268837729997217E+000  0.803195928612294E+002  0.721212587736896E+002
  0.268837729997217E+000  0.803177579969347E+002  0.721198510309752E+002
  0.268837729997217E+000  0.803118481076526E+002  0.721152945003419E+002
  0.268837729997217E+000  0.803096058223855E+002  0.721135566552133E+002
  0.268837729997217E+000  0.803094176867924E+002  0.709118293462170E+002
  0.268837729997217E+000  0.803013694586416E+002  0.709181103592174E+002
  0.268837729997217E+000  0.802989993672972E+002  0.721052672433666E+002
  0.268837729997217E+000  0.802945529624367E+002  0.709234824751269E+002
  0.268837729997217E+000  0.802938551931119E+002  0.721012048043373E+002
  0.268837729997217E+000  0.802931394775400E+002  0.721006373678846E+002
  0.268837729997217E+000  0.802910238408670E+002  0.720989568296662E+002
  0.268837729997217E+000  0.802902732711028E+002  0.720983594621600E+002
  0.268837729997217E+000  0.802871368071674E+002  0.720958565759789E+002
  0.268837729997217E+000  0.802859889598889E+002  0.720949379093510E+002
  0.268837729997217E+000  0.802824323082209E+002  0.709331578261790E+002
  0.268837729997217E+000  0.802739858296769E+002  0.720852430582833E+002
  0.268837729997217E+000  0.802736684123063E+002  0.720849844536207E+002
  0.268837729997217E+000  0.802730544259846E+002  0.709407560636215E+002
  0.268837729997217E+000  0.802726583542328E+002  0.720841607656684E+002
  0.268837729997217E+000  0.802682467643036E+002  0.720805491737282E+002
  0.268837729997217E+000  0.802635181197082E+002  0.709485876174805E+002
  0.268837729997217E+000  0.802574964055942E+002  0.709535893728904E+002
  0.268837729997217E+000  0.802571178144646E+002  0.709539053342873E+002
  0.268837729997217E+000  0.802489023910292E+002  0.709608062499143E+002
  0.268837729997217E+000  0.802472639881220E+002  0.720630471134512E+002
  0.268837729997217E+000  0.802471543804437E+002  0.720629542266042E+002
  0.268837729997217E+000  0.802450519115109E+002  0.709640705132440E+002
  0.268837729997217E+000  0.802437631150756E+002  0.720600725170719E+002
  0.268837729997217E+000  0.802397623486696E+002  0.720566532618130E+002
  0.268837729997217E+000  0.802376449442755E+002  0.720548348963788E+002
  0.268837729997217E+000  0.802277033626566E+002  0.709790254480149E+002
  0.268837729997217E+000  0.802258966199302E+002  0.709806070802193E+002
  0.268837729997217E+000  0.802181057997028E+002  0.709874817609598E+002
  0.268837729997217E+000  0.802174473779963E+002  0.720371730751774E+002
  0.268837729997217E+000  0.802142043433445E+002  0.709909584798782E+002
  0.268837729997217E+000  0.802128403454137E+002  0.709921794636739E+002
  0.268837729997217E+000  0.802099628621066E+002  0.709947646874226E+002
  0.268837729997217E+000  0.802080050223402E+002  0.709965310769078E+002
  0.268837729997217E+000  0.802071897324448E+002  0.720279715335596E+002
  0.268837729997217E+000  0.802061955588126E+002  0.720270709693009E+002
  0.268837729997217E+000  0.802009641755670E+002  0.720223059471343E+002
  0.268837729997217E+000  0.801995106681485E+002  0.710042658751214E+002
  0.268837729997217E+000  0.801994934147332E+002  0.710042817055231E+002
  0.268837729997217E+000  0.801989462249666E+002  0.720204559409528E+002
  0.268837729997217E+000  0.801957165798666E+002  0.720174809769028E+002
  0.268837729997217E+000  0.801922612901955E+002  0.710109613334413E+002
  0.268837729997217E+000  0.801921652758932E+002  0.720141893504702E+002
  0.268837729997217E+000  0.801906143568992E+002  0.710124949206277E+002
  0.268837729997217E+000  0.801899253096947E+002  0.710131379429794E+002
  0.268837729997217E+000  0.801882832762799E+002  0.710146736440870E+002
  0.268837729997217E+000  0.801882195536486E+002  0.720105066258100E+002
  0.268837729997217E+000  0.801825156095020E+002  0.710201057646905E+002
  0.268837729997217E+000  0.801772520970392E+002  0.720001240796166E+002
  0.268837729997217E+000  0.801758149073929E+002  0.719987471047514E+002
  0.268837729997217E+000  0.801707826644544E+002  0.719938946540166E+002
  0.268837729997217E+000  0.801688253698387E+002  0.719919940220862E+002
  0.268837729997217E+000  0.801672566889689E+002  0.710347746651195E+002
  0.268837729997217E+000  0.801667086156360E+002  0.719899300286818E+002
  0.268837729997217E+000  0.801655618955172E+002  0.719888081549738E+002
  0.268837729997217E+000  0.801635711700630E+002  0.719868542604885E+002
  0.268837729997217E+000  0.801623708251671E+002  0.719856722233623E+002
  0.268837729997217E+000  0.801542371333418E+002  0.719775834244666E+002
  0.268837729997217E+000  0.801516730510963E+002  0.710502358011885E+002
  0.268837729997217E+000  0.801415795070831E+002  0.710605320646987E+002
  0.268837729997217E+000  0.801405145023894E+002  0.719636077927680E+002
  0.268837729997217E+000  0.801368807454999E+002  0.710654060515178E+002
  0.268837729997217E+000  0.801367976165621E+002  0.719597472027783E+002
  0.268837729997217E+000  0.801360340854600E+002  0.719589500173040E+002
  0.268837729997217E+000  0.801281678092384E+002  0.719506525558312E+002
  0.268837729997217E+000  0.801278943997865E+002  0.710748786302415E+002
  0.268837729997217E+000  0.801269953910331E+002  0.710758375863725E+002
  0.268837729997217E+000  0.801258244500482E+002  0.719481501879033E+002
  0.268837729997217E+000  0.801215375468947E+002  0.719435347906252E+002
  0.268837729997217E+000  0.801195747856991E+002  0.719414050484859E+002
  0.268837729997217E+000  0.801190569351094E+002  0.710843985855096E+002
  0.268837729997217E+000  0.801139617705360E+002  0.719352552822873E+002
  0.268837729997217E+000  0.801126409563963E+002  0.710914448486687E+002
  0.268837729997217E+000  0.801103158057903E+002  0.719312122669968E+002
  0.268837729997217E+000  0.801078498439323E+002  0.710967844867220E+002
  0.268837729997217E+000  0.801010474306743E+002  0.719207542793419E+002
  0.268837729997217E+000  0.801003789489410E+002  0.711052503449162E+002
  0.268837729997217E+000  0.800986909703020E+002  0.711071876080051E+002
  0.268837729997217E+000  0.800986550973920E+002  0.719180110823827E+002
  0.268837729997217E+000  0.800970647082117E+002  0.711090628359644E+002
  0.268837729997217E+000  0.800969659704531E+002  0.719160629913161E+002
  0.268837729997217E+000  0.800958043553013E+002  0.719147178090572E+002
  0.268837729997217E+000  0.800942222950393E+002  0.711123614931581E+002
  0.268837729997217E+000  0.800919920357844E+002  0.711149688957955E+002
  0.268837729997217E+000  0.800898316846610E+002  0.711175109744837E+002
  0.268837729997217E+000  0.800876851196790E+002  0.719051868267562E+002
  0.268837729997217E+000  0.800839705732866E+002  0.719007483834570E+002
  0.268837729997217E+000  0.800813529877852E+002  0.711276500174814E+002
  0.268837729997217E+000  0.800805310097286E+002  0.718965927661735E+002
  0.268837729997217E+000  0.800800780031302E+002  0.711291978661746E+002
  0.268837729997217E+000  0.800749551398594E+002  0.711354811279967E+002
  0.268837729997217E+000  0.800747942859812E+002  0.711356801134260E+002
  0.268837729997217E+000  0.800714987087578E+002  0.718854596548200E+002
  0.268837729997217E+000  0.800700779597954E+002  0.718836780534831E+002
  0.268837729997217E+000  0.800680673842799E+002  0.711440978630817E+002
  0.268837729997217E+000  0.800675093897793E+002  0.718804351959595E+002
  0.268837729997217E+000  0.800674802057829E+002  0.711448417751040E+002
  0.268837729997217E+000  0.800665515267295E+002  0.711460214250443E+002
  0.268837729997217E+000  0.800646176964603E+002  0.711484901277183E+002
  0.268837729997217E+000  0.800644650492298E+002  0.718765542532571E+002
  0.268837729997217E+000  0.800633176978327E+002  0.718750808217224E+002
  0.268837729997217E+000  0.800621571524013E+002  0.718735843278390E+002
  0.268837729997217E+000  0.800621569358526E+002  0.711516559135260E+002
  0.268837729997217E+000  0.800556213278867E+002  0.711602020589502E+002
  0.268837729997217E+000  0.800555861488913E+002  0.718649913407152E+002
  0.268837729997217E+000  0.800554507045953E+002  0.718648120131421E+002
  0.268837729997217E+000  0.800542510029423E+002  0.711620203517614E+002
  0.268837729997217E+000  0.800540651942081E+002  0.718629723324720E+002
  0.268837729997217E+000  0.800530970513206E+002  0.718616810777998E+002
  0.268837729997217E+000  0.800514737646132E+002  0.711657347184128E+002
  0.268837729997217E+000  0.800475602347747E+002  0.718542026124274E+002
  0.268837729997217E+000  0.800464293717262E+002  0.711725850094213E+002
  0.268837729997217E+000  0.800458708730806E+002  0.711733519558327E+002
  0.268837729997217E+000  0.800452621044904E+002  0.718510500474337E+002
  0.268837729997217E+000  0.800440966240563E+002  0.718494399699228E+002
  0.268837729997217E+000  0.800426407092822E+002  0.718474177881889E+002
  0.268837729997217E+000  0.800425484360669E+002  0.711779507472814E+002
  0.268837729997217E+000  0.800423085295400E+002  0.718469546960270E+002
  0.268837729997217E+000  0.800421486935650E+002  0.718467316397812E+002
  0.268837729997217E+000  0.800372024955266E+002  0.711854860676606E+002
  0.268837729997217E+000  0.800349227037985E+002  0.718364871137057E+002
  0.268837729997217E+000  0.800347647700737E+002  0.718362595845723E+002
  0.268837729997217E+000  0.800340950910129E+002  0.711899469407074E+002
  0.268837729997217E+000  0.800325143762857E+002  0.718329999729032E+002
  0.268837729997217E+000  0.800323917978297E+002  0.711924184919257E+002
  0.268837729997217E+000  0.800313336072711E+002  0.718312763358846E+002
  0.268837729997217E+000  0.800311924565834E+002  0.711941702957922E+002
  0.268837729997217E+000  0.800297144800181E+002  0.718288975306264E+002
  0.268837729997217E+000  0.800293742937577E+002  0.718283954543725E+002
  0.268837729997217E+000  0.800269339956448E+002  0.718247701784121E+002
  0.268837729997217E+000  0.800235327248560E+002  0.718196458914233E+002
  0.268837729997217E+000  0.800220665198165E+002  0.712078295980317E+002
  0.268837729997217E+000  0.800194819073542E+002  0.712118108193420E+002
  0.268837729997217E+000  0.800173736492353E+002  0.712150977338333E+002
  0.268837729997217E+000  0.800165239500414E+002  0.712164327842759E+002
  0.268837729997217E+000  0.800158939174350E+002  0.712174265920487E+002
  0.268837729997217E+000  0.800153317411931E+002  0.718069237645606E+002
  0.268837729997217E+000  0.800146360875837E+002  0.718058192044016E+002
  0.268837729997217E+000  0.800127901105842E+002  0.712223721789525E+002
  0.268837729997217E+000  0.800125770862020E+002  0.718025252569178E+002
  0.268837729997217E+000  0.800124905619973E+002  0.718023860174889E+002
  0.268837729997217E+000  0.800092945604285E+002  0.717971951078904E+002
  0.268837729997217E+000  0.800077713428336E+002  0.717946875029664E+002
  0.268837729997217E+000  0.800076167722429E+002  0.717944317933188E+002
  0.268837729997217E+000  0.800049985769030E+002  0.712351753115548E+002
  0.268837729997217E+000  0.800049919237530E+002  0.712351864965580E+002
  0.268837729997217E+000  0.800045558656994E+002  0.712359205654194E+002
  0.268837729997217E+000  0.800006675282009E+002  0.712425544779023E+002
  0.268837729997217E+000  0.799961755903065E+002  0.712504270678563E+002
  0.268837729997217E+000  0.799951003938452E+002  0.712523467800523E+002
  0.268837729997217E+000  0.799944011112574E+002  0.712536029517040E+002
  0.268837729997217E+000  0.799931657799020E+002  0.717694028789548E+002
  0.268837729997217E+000  0.799924902553639E+002  0.717681729137526E+002
  0.268837729997217E+000  0.799923537421941E+002  0.712573163246662E+002
  0.268837729997217E+000  0.799899260543859E+002  0.712617907233937E+002
  0.268837729997217E+000  0.799893778032091E+002  0.712628122815426E+002
  0.268837729997217E+000  0.799856275456030E+002  0.712699154233221E+002
  0.268837729997217E+000  0.799854699872568E+002  0.712702184013053E+002
  0.268837729997217E+000  0.799823417329329E+002  0.717489256512599E+002
  0.268837729997217E+000  0.799821620259193E+002  0.712766692819090E+002
  0.268837729997217E+000  0.799818488649520E+002  0.712772891419273E+002
  0.268837729997217E+000  0.799818152920386E+002  0.712773556919227E+002
  0.268837729997217E+000  0.799807897122572E+002  0.712793978004740E+002
  0.268837729997217E+000  0.799796687898811E+002  0.712816504028566E+002
  0.268837729997217E+000  0.799782950194884E+002  0.712844414539183E+002
  0.268837729997217E+000  0.799758140843798E+002  0.717356695907897E+002
  0.268837729997217E+000  0.799735248253330E+002  0.717308300165911E+002
  0.268837729997217E+000  0.799721302532085E+002  0.717278285058638E+002
  0.268837729997217E+000  0.799719825546742E+002  0.712977317996147E+002
  0.268837729997217E+000  0.799715730087083E+002  0.712986225738052E+002
  0.268837729997217E+000  0.799695926799879E+002  0.717222567224786E+002
  0.268837729997217E+000  0.799688192989662E+002  0.717205289126183E+002
  0.268837729997217E+000  0.799685085127736E+002  0.713054094341375E+002
  0.268837729997217E+000  0.799678700636128E+002  0.717183883960652E+002
  0.268837729997217E+000  0.799676379561616E+002  0.713073783622332E+002
  0.268837729997217E+000  0.799673418582866E+002  0.717171875991999E+002
  0.268837729997217E+000  0.799661913814560E+002  0.713106925147976E+002
  0.268837729997217E+000  0.799621128911689E+002  0.717048961599374E+002
  0.268837729997217E+000  0.799614598844651E+002  0.713219344298559E+002
  0.268837729997217E+000  0.799613398479045E+002  0.713222282671592E+002
  0.268837729997217E+000  0.799612757854913E+002  0.713223852711840E+002
  0.268837729997217E+000  0.799597096576173E+002  0.713262646736905E+002
  0.268837729997217E+000  0.799591920161275E+002  0.716976751741871E+002
  0.268837729997217E+000  0.799586805313293E+002  0.713288584724659E+002
  0.268837729997217E+000  0.799583131411246E+002  0.716954466096833E+002
  0.268837729997217E+000  0.799557693058331E+002  0.716888374286591E+002
  0.268837729997217E+000  0.799555946354664E+002  0.713368654653028E+002
  0.268837729997217E+000  0.799553744413899E+002  0.716877891681760E+002
  0.268837729997217E+000  0.799552661041024E+002  0.713377394986461E+002
  0.268837729997217E+000  0.799545445591857E+002  0.713396746188592E+002
  0.268837729997217E+000  0.799542586241426E+002  0.716847924728128E+002
  0.268837729997217E+000  0.799541272687016E+002  0.716844362594339E+002
  0.268837729997217E+000  0.799533759081665E+002  0.716823843340306E+002
  0.268837729997217E+000  0.799530460763220E+002  0.716814757056379E+002
  0.268837729997217E+000  0.799527638182285E+002  0.713445457274710E+002
  0.268837729997217E+000  0.799523403813248E+002  0.713457249346811E+002
  0.268837729997217E+000  0.800975485373832E+002  0.716775806409909E+002
  0.268837729997217E+000  0.800968734326486E+002  0.716756606376173E+002
  0.268837729997217E+000  0.800965029361649E+002  0.716745972706285E+002
  0.268837729997217E+000  0.800961163775307E+002  0.716734803105086E+002
  0.268837729997217E+000  0.800960534221743E+002  0.716732976659297E+002
  0.268837729997217E+000  0.800922966880789E+002  0.716619949873901E+002
  0.268837729997217E+000  0.800907669887782E+002  0.716571396345229E+002
  0.268837729997217E+000  0.800871756214886E+002  0.716450426560393E+002
  0.268837729997217E+000  0.800865233008791E+002  0.716427247662220E+002
  0.268837729997217E+000  0.800849611124202E+002  0.716369983783340E+002
  0.268837729997217E+000  0.800844327293216E+002  0.716350009013607E+002
  0.268837729997217E+000  0.800838149324785E+002  0.716326232519437E+002
  0.268837729997217E+000  0.800837359687766E+002  0.716323159486106E+002
  0.268837729997217E+000  0.800828109722928E+002  0.716286555462528E+002
  0.268837729997217E+000  0.800825124629602E+002  0.716274493824150E+002
  0.268837729997217E+000  0.800814160582954E+002  0.716229060772860E+002
  0.268837729997217E+000  0.800813380569595E+002  0.716225757011378E+002
  0.268837729997217E+000  0.800805891588087E+002  0.714058882635074E+002
  0.268837729997217E+000  0.800804980695916E+002  0.714062870698336E+002
  0.268837729997217E+000  0.800791715013866E+002  0.716129654548068E+002
  0.268837729997217E+000  0.800791395633110E+002  0.716128168923776E+002
  0.268837729997217E+000  0.800783380479053E+002  0.716090136357966E+002
  0.268837729997217E+000  0.800780233553971E+002  0.714177612465159E+002
  0.268837729997217E+000  0.800778636097495E+002  0.716066899684852E+002
  0.268837729997217E+000  0.800777753554517E+002  0.716062513622017E+002
  0.268837729997217E+000  0.800776046362187E+002  0.716053970368177E+002
  0.268837729997217E+000  0.800768210097434E+002  0.716013701089061E+002
  0.268837729997217E+000  0.800764017346537E+002  0.715991385876192E+002
  0.268837729997217E+000  0.800759347814454E+002  0.714286564325179E+002
  0.268837729997217E+000  0.800754453310789E+002  0.715938191145678E+002
  0.268837729997217E+000  0.800754075308265E+002  0.714316382680207E+002
  0.268837729997217E+000  0.800747403521958E+002  0.715896632669192E+002
  0.268837729997217E+000  0.800747099920464E+002  0.715894792471393E+002
  0.268837729997217E+000  0.800743805356560E+002  0.715874532437449E+002
  0.268837729997217E+000  0.800739571048601E+002  0.715847658381140E+002
  0.268837729997217E+000  0.800738738250078E+002  0.715842254141249E+002
  0.268837729997217E+000  0.800734306644795E+002  0.715812781260838E+002
  0.268837729997217E+000  0.800732909447286E+002  0.715803223069190E+002
  0.268837729997217E+000  0.805798924522907E+002  0.715658081822733E+002
  0.268837729997217E+000  0.805791115975652E+002  0.715584519945718E+002
  0.268837729997217E+000  0.805790897300688E+002  0.715582289124423E+002
  0.268837729997217E+000  0.805788700826965E+002  0.715559244740707E+002
  0.268837729997217E+000  0.805786364193261E+002  0.715533300405870E+002
  0.268837729997217E+000  0.805782162534268E+002  0.715481919089690E+002
  0.268837729997217E+000  0.805775367592540E+002  0.715377497201985E+002
  0.268837729997217E+000  0.806802650905008E+002  0.715342238430916E+002
  0.268837729997217E+000  0.806800793305667E+002  0.715297501548300E+002
  0.268837729997217E+000  0.806798065457708E+002  0.715063766864054E+002
  0.268837729997217E+000  0.806798004114089E+002  0.715068531483594E+002
  0.268837729997217E+000  0.806797984808060E+002  0.715182284935528E+002
  0.268837729997217E+000  0.806797929669391E+002  0.715074904711853E+002
  0.268837729997217E+000  0.812373957024990E+002  0.715094905052953E+002
  0.268837729997217E+000  0.812373855269677E+002  0.715120708995462E+002
