  0.713920718240620E+002 -0.223267700081020E-003  0.980369428843534E+000 -0.279261680949341E+002
  0.715171673701027E+002 -0.968310516668791E-003  0.958843153679903E+000 -0.279180865329598E+002
  0.714379439805850E+002 -0.646743061749888E-003  0.959833254852658E+000 -0.279220591401300E+002
  0.715866540599459E+002 -0.316652164776943E-003  0.966702109433094E+000 -0.279146166834722E+002
  0.714296589769066E+002 -0.520884905331531E-003  0.965191013820954E+000 -0.279222175177853E+002
  0.716689087242897E+002 -0.100950252659104E-003  0.967522925532836E+000 -0.279228064111723E+002
  0.713922855640120E+002 -0.740853580290524E-004  0.986253582288678E+000 -0.279249844553835E+002
  0.715214849024298E+002 -0.381433510735607E-003  0.988714491182026E+000 -0.279132652209396E+002
  0.714800553187160E+002 -0.847512745898449E-004  0.970698255454297E+000 -0.279135389734703E+002
  0.715263639147660E+002 -0.469722125975958E-003  0.963217549600931E+000 -0.279142747488406E+002
  0.715915193526464E+002 -0.638361196192261E-003  0.966614123890073E+000 -0.279172806297226E+002
  0.714930234392986E+002 -0.321430217945506E-003  0.968480521291877E+000 -0.279143623710052E+002
  0.714535613416879E+002 -0.521950499367263E-003  0.974589136355844E+000 -0.279190060920912E+002
  0.714568275525349E+002 -0.113764630251023E-002  0.988643479214359E+000 -0.279226673648825E+002
  0.714743631695878E+002 -0.124296508012389E-002  0.988844292602524E+000 -0.279217631060845E+002
  0.715026429125068E+002 -0.104986755703929E-002  0.961131460010860E+000 -0.279191389746070E+002
  0.714592450544542E+002 -0.119031004778819E-002  0.987581531710901E+000 -0.279228058071968E+002
  0.715717276402759E+002 -0.180895197176750E-002  0.962836986278399E+000 -0.279246312292254E+002
  0.715814222891293E+002 -0.687735988097460E-005  0.986208403851950E+000 -0.279117183379383E+002
  0.715101448250341E+002 -0.949858844158602E-003  0.960181590528550E+000 -0.279181468484880E+002
  0.716371903742903E+002 -0.108841505305390E-002  0.976175189954873E+000 -0.279250900313040E+002
  0.714945807425076E+002 -0.192286272165593E-002  0.974303290483395E+000 -0.279254586958587E+002
  0.716335311034981E+002 -0.115247814235703E-002  0.963985642795991E+000 -0.279252827141893E+002
  0.714856725072993E+002 -0.627158630184310E-003  0.985931710045495E+000 -0.279166488620303E+002
  0.715812436947618E+002 -0.125027971921793E-002  0.979944132586115E+000 -0.279208062222398E+002
