  0.102374555937332E+000  0.920361623392749E+002  0.750048239692706E+002
  0.102374555937332E+000  0.879063322496420E+002  0.686241905609471E+002
  0.102374555937332E+000  0.878703243792616E+002  0.686300109215472E+002
  0.102374555937332E+000  0.873786940513900E+002  0.687106879100271E+002
  0.102374555937332E+000  0.871556609517322E+002  0.742771759097371E+002
  0.102374555937332E+000  0.865713957220764E+002  0.688484607457650E+002
  0.102374555937332E+000  0.861958499731422E+002  0.689150401599290E+002
  0.102374555937332E+000  0.806355916784481E+002  0.702633808714938E+002
  0.102374555937332E+000  0.855829796397153E+002  0.690275220086732E+002
  0.102374555937332E+000  0.854582294509644E+002  0.690510472798932E+002
  0.102374555937332E+000  0.852444545172677E+002  0.690918922616966E+002
  0.102374555937332E+000  0.851483512829461E+002  0.739147594231204E+002
  0.102374555937332E+000  0.850539210044246E+002  0.738963535456825E+002
  0.102374555937332E+000  0.846171467619252E+002  0.692159384805849E+002
  0.102374555937332E+000  0.844877482733772E+002  0.737828706346587E+002
  0.102374555937332E+000  0.842971970670367E+002  0.737433787182514E+002
  0.102374555937332E+000  0.841714959790854E+002  0.693083001899347E+002
  0.102374555937332E+000  0.840499076312087E+002  0.693341793784808E+002
  0.102374555937332E+000  0.839473882755939E+002  0.693562411959118E+002
  0.102374555937332E+000  0.839178312609713E+002  0.693626438076678E+002
  0.102374555937332E+000  0.835376814877316E+002  0.735784803899863E+002
  0.102374555937332E+000  0.835284513617658E+002  0.735763954080456E+002
  0.102374555937332E+000  0.806437264293214E+002  0.727648926189536E+002
  0.102374555937332E+000  0.833307662053965E+002  0.694940163285248E+002
  0.102374555937332E+000  0.833053067828494E+002  0.735253323738736E+002
  0.102374555937332E+000  0.831728558540559E+002  0.734944009631050E+002
  0.102374555937332E+000  0.830343441020436E+002  0.734615291058369E+002
  0.102374555937332E+000  0.828671564190001E+002  0.734210978253732E+002
  0.102374555937332E+000  0.806447423342118E+002  0.702599690176410E+002
  0.102374555937332E+000  0.827719880833816E+002  0.696275441193593E+002
  0.102374555937332E+000  0.827389424367051E+002  0.696357383237725E+002
  0.102374555937332E+000  0.827178175880342E+002  0.696409953699373E+002
  0.102374555937332E+000  0.806671974278028E+002  0.702516356789251E+002
  0.102374555937332E+000  0.825490047132731E+002  0.696835482084848E+002
  0.102374555937332E+000  0.824753089295944E+002  0.733228015433929E+002
  0.102374555937332E+000  0.824217673312291E+002  0.697162871526209E+002
  0.102374555937332E+000  0.824083422447265E+002  0.697197763754943E+002
  0.102374555937332E+000  0.806728606082016E+002  0.727756972712777E+002
  0.102374555937332E+000  0.823580687811797E+002  0.732923365802930E+002
  0.102374555937332E+000  0.823547521805835E+002  0.697337727916871E+002
  0.102374555937332E+000  0.823385867701518E+002  0.732872234875267E+002
  0.102374555937332E+000  0.822583789664386E+002  0.732660157390474E+002
  0.102374555937332E+000  0.820994834396751E+002  0.698020139967236E+002
  0.102374555937332E+000  0.806832689752914E+002  0.702457050007901E+002
  0.102374555937332E+000  0.820011107171246E+002  0.698290502681106E+002
  0.102374555937332E+000  0.819953591286217E+002  0.698306444534091E+002
  0.102374555937332E+000  0.819916835379665E+002  0.698316640198792E+002
  0.102374555937332E+000  0.819202023409289E+002  0.731736234532071E+002
  0.102374555937332E+000  0.818823297252378E+002  0.698622856193905E+002
  0.102374555937332E+000  0.806890618268416E+002  0.702435741340819E+002
  0.102374555937332E+000  0.818130310762602E+002  0.731432514725641E+002
  0.102374555937332E+000  0.817711922311190E+002  0.698940001428489E+002
  0.102374555937332E+000  0.817595325176400E+002  0.698973634838045E+002
  0.102374555937332E+000  0.817381369106083E+002  0.731216864513445E+002
  0.102374555937332E+000  0.817191879290478E+002  0.731161843133334E+002
  0.102374555937332E+000  0.816711013723539E+002  0.731021361275908E+002
  0.102374555937332E+000  0.816371653752588E+002  0.699330932228496E+002
  0.102374555937332E+000  0.815502976321651E+002  0.730662837830884E+002
  0.102374555937332E+000  0.814959485916082E+002  0.699753586700726E+002
  0.102374555937332E+000  0.814075044358385E+002  0.700024318366421E+002
  0.102374555937332E+000  0.813815428858254E+002  0.730147685417833E+002
  0.102374555937332E+000  0.813800337998962E+002  0.730142998954047E+002
  0.102374555937332E+000  0.813762748696602E+002  0.730131319238972E+002
  0.102374555937332E+000  0.813727307337825E+002  0.700132101017470E+002
  0.102374555937332E+000  0.813539735446330E+002  0.730061836917046E+002
  0.102374555937332E+000  0.813516365274386E+002  0.730054536952837E+002
  0.102374555937332E+000  0.813432273825915E+002  0.700224159257013E+002
  0.102374555937332E+000  0.813118022925110E+002  0.700322843450773E+002
  0.102374555937332E+000  0.813116457766124E+002  0.700323336604057E+002
  0.102374555937332E+000  0.813041107010487E+002  0.700347097729903E+002
  0.102374555937332E+000  0.812800489761987E+002  0.729829168490437E+002
  0.102374555937332E+000  0.812409023538880E+002  0.729704455558895E+002
  0.102374555937332E+000  0.812360564963681E+002  0.729688943386402E+002
  0.102374555937332E+000  0.812170626088229E+002  0.700624417926600E+002
  0.102374555937332E+000  0.807012454624006E+002  0.702391040898738E+002
  0.102374555937332E+000  0.811957167058157E+002  0.729559163809691E+002
  0.102374555937332E+000  0.811956810330827E+002  0.700693351087171E+002
  0.102374555937332E+000  0.811845702431692E+002  0.700729302051006E+002
  0.102374555937332E+000  0.811736383488454E+002  0.729487637615772E+002
  0.102374555937332E+000  0.811384102328271E+002  0.700879632435311E+002
  0.102374555937332E+000  0.811187772745897E+002  0.700944054549739E+002
  0.102374555937332E+000  0.810608259920811E+002  0.701135941560436E+002
  0.102374555937332E+000  0.810588983210335E+002  0.729110029943492E+002
  0.102374555937332E+000  0.810070358572221E+002  0.728935963577454E+002
  0.102374555937332E+000  0.810048206800366E+002  0.728928479877942E+002
  0.102374555937332E+000  0.809919543193494E+002  0.728884932001378E+002
  0.102374555937332E+000  0.807241674926959E+002  0.702307364935003E+002
  0.102374555937332E+000  0.809355772176380E+002  0.728692468230432E+002
  0.102374555937332E+000  0.809067188928046E+002  0.701659514116913E+002
  0.102374555937332E+000  0.809062644981429E+002  0.728591311608862E+002
  0.102374555937332E+000  0.808975145681260E+002  0.728560968459479E+002
  0.102374555937332E+000  0.808722721846675E+002  0.728473045959939E+002
  0.102374555937332E+000  0.808680602414695E+002  0.701794080847697E+002
  0.102374555937332E+000  0.808595453980469E+002  0.728428496551372E+002
  0.102374555937332E+000  0.808553394665268E+002  0.728413741085321E+002
  0.102374555937332E+000  0.808393494282615E+002  0.728357493810864E+002
  0.102374555937332E+000  0.808390719757237E+002  0.701895883894759E+002
  0.102374555937332E+000  0.808181638995077E+002  0.701969799332122E+002
  0.102374555937332E+000  0.808130301958395E+002  0.728264387729711E+002
  0.102374555937332E+000  0.808002718643249E+002  0.728219015994080E+002
  0.102374555937332E+000  0.807998220215531E+002  0.702034986241913E+002
  0.102374555937332E+000  0.807997450465832E+002  0.702035260494416E+002
  0.102374555937332E+000  0.807888199975577E+002  0.702074243572913E+002
  0.102374555937332E+000  0.807709012518617E+002  0.728113964515763E+002
  0.102374555937332E+000  0.807573352087142E+002  0.702187245465071E+002
  0.102374555937332E+000  0.805939042370230E+002  0.702790435927545E+002
  0.102374555937332E+000  0.805817994449685E+002  0.727416109856111E+002
  0.102374555937332E+000  0.805642801860951E+002  0.727349440998883E+002
  0.102374555937332E+000  0.805596614502949E+002  0.702920595693469E+002
  0.102374555937332E+000  0.805589989036760E+002  0.702923127780579E+002
  0.102374555937332E+000  0.805560947126423E+002  0.702934233075421E+002
  0.102374555937332E+000  0.805531662173395E+002  0.727306958056275E+002
  0.102374555937332E+000  0.805489844272690E+002  0.702961464789532E+002
  0.102374555937332E+000  0.805426151102019E+002  0.702985910532150E+002
  0.102374555937332E+000  0.805305543291444E+002  0.703032335756163E+002
  0.102374555937332E+000  0.805288731798305E+002  0.703038821116282E+002
  0.102374555937332E+000  0.805193416318478E+002  0.727176742708944E+002
  0.102374555937332E+000  0.805124762232122E+002  0.727150140614230E+002
  0.102374555937332E+000  0.804663027826240E+002  0.726969675504187E+002
  0.102374555937332E+000  0.804612518594427E+002  0.703302632365959E+002
  0.102374555937332E+000  0.804508697730043E+002  0.726908740541312E+002
  0.102374555937332E+000  0.804503855985473E+002  0.703345575864854E+002
  0.102374555937332E+000  0.804432336889599E+002  0.703373925862741E+002
  0.102374555937332E+000  0.804395721290370E+002  0.726863932915168E+002
  0.102374555937332E+000  0.804312681711424E+002  0.726830889184368E+002
  0.102374555937332E+000  0.804217465840881E+002  0.726792884991591E+002
  0.102374555937332E+000  0.804203667412145E+002  0.726787367250762E+002
  0.102374555937332E+000  0.804163881275729E+002  0.726771442860896E+002
  0.102374555937332E+000  0.804152586032557E+002  0.726766917972824E+002
  0.102374555937332E+000  0.804042766178742E+002  0.703529567641176E+002
  0.102374555937332E+000  0.803971060961501E+002  0.726693956020185E+002
  0.102374555937332E+000  0.803881410813435E+002  0.703594647754219E+002
  0.102374555937332E+000  0.803843393681574E+002  0.726642364722809E+002
  0.102374555937332E+000  0.803765537437333E+002  0.726610788672426E+002
  0.102374555937332E+000  0.803731489745080E+002  0.703655446936425E+002
  0.102374555937332E+000  0.803682346169782E+002  0.726576952677460E+002
  0.102374555937332E+000  0.803664525270796E+002  0.703682708160101E+002
  0.102374555937332E+000  0.803597760536246E+002  0.726542446738947E+002
  0.102374555937332E+000  0.803595717863057E+002  0.726541612159204E+002
  0.102374555937332E+000  0.803588618765680E+002  0.703713688425706E+002
  0.102374555937332E+000  0.803577611817201E+002  0.726534211860745E+002
  0.102374555937332E+000  0.803533470882798E+002  0.726516150440010E+002
  0.102374555937332E+000  0.803477634057764E+002  0.726493262227205E+002
  0.102374555937332E+000  0.803350666514109E+002  0.703811355309630E+002
  0.102374555937332E+000  0.803313166663984E+002  0.726425575587276E+002
  0.102374555937332E+000  0.803183646571091E+002  0.726371984787743E+002
  0.102374555937332E+000  0.803118373424213E+002  0.703907519545685E+002
  0.102374555937332E+000  0.803010777725837E+002  0.703952342246120E+002
  0.102374555937332E+000  0.802893696016199E+002  0.726251077768223E+002
  0.102374555937332E+000  0.802841544712412E+002  0.726229191397233E+002
  0.102374555937332E+000  0.802728768118839E+002  0.726181714216417E+002
  0.102374555937332E+000  0.802707363184127E+002  0.704079719581696E+002
  0.102374555937332E+000  0.802604470903263E+002  0.704123249900774E+002
  0.102374555937332E+000  0.802458437316569E+002  0.726067070396976E+002
  0.102374555937332E+000  0.802386262949358E+002  0.726036258424550E+002
  0.102374555937332E+000  0.802382605482047E+002  0.726034694697589E+002
  0.102374555937332E+000  0.802275062404373E+002  0.725988614714801E+002
  0.102374555937332E+000  0.801779603120230E+002  0.704478654407770E+002
  0.102374555937332E+000  0.801673514391510E+002  0.704525228785163E+002
  0.102374555937332E+000  0.801660732756275E+002  0.725721545701950E+002
  0.102374555937332E+000  0.801528783093972E+002  0.704589099757468E+002
  0.102374555937332E+000  0.801457420280108E+002  0.704620735623674E+002
  0.102374555937332E+000  0.801444102322145E+002  0.704626650165313E+002
  0.102374555937332E+000  0.801426502955064E+002  0.725617928408713E+002
  0.102374555937332E+000  0.801260611169239E+002  0.725543918690460E+002
  0.102374555937332E+000  0.801107974513667E+002  0.704777044607952E+002
  0.102374555937332E+000  0.801067173517241E+002  0.704795449303634E+002
  0.102374555937332E+000  0.800982115325851E+002  0.725418476061737E+002
  0.102374555937332E+000  0.800948198181300E+002  0.725403094199168E+002
  0.102374555937332E+000  0.800907307448997E+002  0.704867880556041E+002
  0.102374555937332E+000  0.800557445500302E+002  0.705028206581935E+002
  0.102374555937332E+000  0.800421373356940E+002  0.725161145445576E+002
  0.102374555937332E+000  0.800413368429683E+002  0.705094975509759E+002
  0.102374555937332E+000  0.800413001941879E+002  0.725157253699439E+002
  0.102374555937332E+000  0.800318439390155E+002  0.725113187660084E+002
  0.102374555937332E+000  0.800088671971759E+002  0.725005297317271E+002
  0.102374555937332E+000  0.799898079193136E+002  0.705337499948541E+002
  0.102374555937332E+000  0.799877816327899E+002  0.724905239900814E+002
  0.102374555937332E+000  0.799724970669435E+002  0.705420334461844E+002
  0.102374555937332E+000  0.799671613659160E+002  0.724806390271815E+002
  0.102374555937332E+000  0.799640610585399E+002  0.705460959053577E+002
  0.102374555937332E+000  0.799602138451124E+002  0.705479542563614E+002
  0.102374555937332E+000  0.799600902228168E+002  0.705480140300203E+002
  0.102374555937332E+000  0.799591847999023E+002  0.724767880298995E+002
  0.102374555937332E+000  0.799472322510335E+002  0.705542514555599E+002
  0.102374555937332E+000  0.799421761057625E+002  0.705567153497856E+002
  0.102374555937332E+000  0.799216252472081E+002  0.724584439776615E+002
  0.102374555937332E+000  0.799213862377140E+002  0.724583261062956E+002
  0.102374555937332E+000  0.799135351583396E+002  0.705707939419819E+002
  0.102374555937332E+000  0.799128109934430E+002  0.705711526374703E+002
  0.102374555937332E+000  0.799083751972398E+002  0.724518871831102E+002
  0.102374555937332E+000  0.799062951192560E+002  0.705743862675059E+002
  0.102374555937332E+000  0.799026014438388E+002  0.724490156761790E+002
  0.102374555937332E+000  0.798981657260942E+002  0.724468036299735E+002
  0.102374555937332E+000  0.798949959812787E+002  0.724452196969866E+002
  0.102374555937332E+000  0.798904897562456E+002  0.705822766834782E+002
  0.102374555937332E+000  0.798881258788394E+002  0.724417774136998E+002
  0.102374555937332E+000  0.798858281223227E+002  0.724406232671896E+002
  0.102374555937332E+000  0.798739505042393E+002  0.724346341894976E+002
  0.102374555937332E+000  0.798603904648847E+002  0.724277488653440E+002
  0.102374555937332E+000  0.798475884978492E+002  0.724212005818472E+002
  0.102374555937332E+000  0.798352174240036E+002  0.706104124128415E+002
  0.102374555937332E+000  0.798303579572731E+002  0.724123118159961E+002
  0.102374555937332E+000  0.798247969286378E+002  0.706158157339167E+002
  0.102374555937332E+000  0.798137311315117E+002  0.724036504272006E+002
  0.102374555937332E+000  0.797898619846234E+002  0.706341729424533E+002
  0.102374555937332E+000  0.797782928872087E+002  0.706403372854520E+002
  0.102374555937332E+000  0.797776238356971E+002  0.723845448534602E+002
  0.102374555937332E+000  0.797723790585630E+002  0.723817347338322E+002
  0.102374555937332E+000  0.797709551134657E+002  0.723809702230644E+002
  0.102374555937332E+000  0.797677641237788E+002  0.723792545436099E+002
  0.102374555937332E+000  0.797639047520709E+002  0.723771749502744E+002
  0.102374555937332E+000  0.797637459159425E+002  0.723770892554417E+002
  0.102374555937332E+000  0.797547727641714E+002  0.706530057497965E+002
  0.102374555937332E+000  0.797426012534724E+002  0.706596354713806E+002
  0.102374555937332E+000  0.797396282931056E+002  0.706612626635400E+002
  0.102374555937332E+000  0.797363437713715E+002  0.706630640064342E+002
  0.102374555937332E+000  0.797340912676846E+002  0.706643015667620E+002
  0.102374555937332E+000  0.797244659109003E+002  0.723556296064158E+002
  0.102374555937332E+000  0.797223289524777E+002  0.723544464427019E+002
  0.102374555937332E+000  0.797157019288387E+002  0.723507666563195E+002
  0.102374555937332E+000  0.796997111483157E+002  0.706834197424409E+002
  0.102374555937332E+000  0.796982371220806E+002  0.706842492866131E+002
  0.102374555937332E+000  0.796934262958937E+002  0.706869624952293E+002
  0.102374555937332E+000  0.796904292803220E+002  0.706886572679288E+002
  0.102374555937332E+000  0.796627112920157E+002  0.707044998488092E+002
  0.102374555937332E+000  0.796620606063611E+002  0.707048754895470E+002
  0.102374555937332E+000  0.796521539791866E+002  0.707106163145437E+002
  0.102374555937332E+000  0.796447878409587E+002  0.723103282381543E+002
  0.102374555937332E+000  0.796441830916173E+002  0.723099745634230E+002
  0.102374555937332E+000  0.796380512325487E+002  0.723063795770837E+002
  0.102374555937332E+000  0.796366498797387E+002  0.707196842576644E+002
  0.102374555937332E+000  0.796322794453110E+002  0.707222592075644E+002
  0.102374555937332E+000  0.796175752478930E+002  0.722942551332069E+002
  0.102374555937332E+000  0.796138162901573E+002  0.722920088511823E+002
  0.102374555937332E+000  0.795991314838698E+002  0.707420692298268E+002
  0.102374555937332E+000  0.795986780310802E+002  0.707423437565527E+002
  0.102374555937332E+000  0.795983744407783E+002  0.722827123524469E+002
  0.102374555937332E+000  0.795863992837267E+002  0.722754249193406E+002
  0.102374555937332E+000  0.795854428359693E+002  0.722748398723308E+002
  0.102374555937332E+000  0.795778874907948E+002  0.707550374791226E+002
  0.102374555937332E+000  0.795740991494043E+002  0.707573734406272E+002
  0.102374555937332E+000  0.795736211954428E+002  0.707576686693740E+002
  0.102374555937332E+000  0.795736104620194E+002  0.722675646608936E+002
  0.102374555937332E+000  0.795662699240050E+002  0.707622241291485E+002
  0.102374555937332E+000  0.795566339363451E+002  0.722570023520187E+002
  0.102374555937332E+000  0.795560763175962E+002  0.707685870874016E+002
  0.102374555937332E+000  0.795493574149133E+002  0.722524289397964E+002
  0.102374555937332E+000  0.795323890936775E+002  0.722416526232834E+002
  0.102374555937332E+000  0.795318952528758E+002  0.707839033553536E+002
  0.102374555937332E+000  0.795270403258506E+002  0.722382225288022E+002
  0.102374555937332E+000  0.795242982100173E+002  0.707887822180867E+002
  0.102374555937332E+000  0.795195104885664E+002  0.722333660776590E+002
  0.102374555937332E+000  0.795180660031976E+002  0.707928092662685E+002
  0.102374555937332E+000  0.795140460195223E+002  0.722298211167845E+002
  0.102374555937332E+000  0.795126302093200E+002  0.707963401839530E+002
  0.102374555937332E+000  0.795071898634213E+002  0.707998915727176E+002
  0.102374555937332E+000  0.795065012400399E+002  0.708003423598268E+002
  0.102374555937332E+000  0.795064270926572E+002  0.708003909152517E+002
  0.102374555937332E+000  0.795033604483374E+002  0.722228379460019E+002
  0.102374555937332E+000  0.795002723365218E+002  0.708044329653793E+002
  0.102374555937332E+000  0.794857826016880E+002  0.708140412326030E+002
  0.102374555937332E+000  0.794833816906003E+002  0.722095938721727E+002
  0.102374555937332E+000  0.794759929136500E+002  0.708206083694155E+002
  0.102374555937332E+000  0.794755070085073E+002  0.722043040121598E+002
  0.102374555937332E+000  0.794673603617332E+002  0.708264514197431E+002
  0.102374555937332E+000  0.794667695569800E+002  0.708268531335340E+002
  0.102374555937332E+000  0.794655395202400E+002  0.721975497167671E+002
  0.102374555937332E+000  0.794606896563646E+002  0.721942390854675E+002
  0.102374555937332E+000  0.794583661227919E+002  0.721926472761759E+002
  0.102374555937332E+000  0.794578968651900E+002  0.708329146174251E+002
  0.102374555937332E+000  0.794517431032847E+002  0.721880893845413E+002
  0.102374555937332E+000  0.794502665772056E+002  0.721870690560704E+002
  0.102374555937332E+000  0.794414490450222E+002  0.721809434222005E+002
  0.102374555937332E+000  0.794385451271080E+002  0.708463262496388E+002
  0.102374555937332E+000  0.794378829289304E+002  0.708467899632417E+002
  0.102374555937332E+000  0.794365518372678E+002  0.708477230573333E+002
  0.102374555937332E+000  0.794351514018838E+002  0.708487061769808E+002
  0.102374555937332E+000  0.794334924677926E+002  0.708498726522940E+002
  0.102374555937332E+000  0.794299024666949E+002  0.708524040081950E+002
  0.102374555937332E+000  0.794265741100663E+002  0.721704803850457E+002
  0.102374555937332E+000  0.794145361508424E+002  0.721618894476536E+002
  0.102374555937332E+000  0.794110473259366E+002  0.721593783055772E+002
  0.102374555937332E+000  0.794070693141931E+002  0.721565031134191E+002
  0.102374555937332E+000  0.794069614159050E+002  0.708688150127668E+002
  0.102374555937332E+000  0.794057334698620E+002  0.721555347197457E+002
  0.102374555937332E+000  0.794054471890383E+002  0.708699129652296E+002
  0.102374555937332E+000  0.794032190150259E+002  0.708715320137210E+002
  0.102374555937332E+000  0.793983063341450E+002  0.721501237407824E+002
  0.102374555937332E+000  0.793922007501108E+002  0.708795990327449E+002
  0.102374555937332E+000  0.793913964484315E+002  0.708801919317958E+002
  0.102374555937332E+000  0.793797028364889E+002  0.721363643087062E+002
  0.102374555937332E+000  0.793751252132927E+002  0.708923081206394E+002
  0.102374555937332E+000  0.793746326413034E+002  0.721325613600604E+002
  0.102374555937332E+000  0.793726728130983E+002  0.721310851056608E+002
  0.102374555937332E+000  0.793698056682297E+002  0.721289190378935E+002
  0.102374555937332E+000  0.793657845338071E+002  0.708993716957279E+002
  0.102374555937332E+000  0.793634971599634E+002  0.721241260796071E+002
  0.102374555937332E+000  0.793633002473517E+002  0.721239758683388E+002
  0.102374555937332E+000  0.793620937661489E+002  0.721230547186770E+002
  0.102374555937332E+000  0.793605310617830E+002  0.721218595219760E+002
  0.102374555937332E+000  0.793599298173865E+002  0.709038409119116E+002
  0.102374555937332E+000  0.793597467476885E+002  0.721212587736896E+002
  0.102374555937332E+000  0.793579118833937E+002  0.721198510309752E+002
  0.102374555937332E+000  0.793520019941117E+002  0.721152945003419E+002
  0.102374555937332E+000  0.793497597088445E+002  0.721135566552133E+002
  0.102374555937332E+000  0.793495715732514E+002  0.709118293462170E+002
  0.102374555937332E+000  0.793415233451007E+002  0.709181103592174E+002
  0.102374555937332E+000  0.793391532537562E+002  0.721052672433666E+002
  0.102374555937332E+000  0.793347068488957E+002  0.709234824751269E+002
  0.102374555937332E+000  0.793340090795710E+002  0.721012048043373E+002
  0.102374555937332E+000  0.793332933639991E+002  0.721006373678846E+002
  0.102374555937332E+000  0.793311777273260E+002  0.720989568296662E+002
  0.102374555937332E+000  0.793304271575618E+002  0.720983594621600E+002
  0.102374555937332E+000  0.793272906936264E+002  0.720958565759789E+002
  0.102374555937332E+000  0.793261428463479E+002  0.720949379093510E+002
  0.102374555937332E+000  0.793225861946799E+002  0.709331578261790E+002
  0.102374555937332E+000  0.793141397161359E+002  0.720852430582833E+002
  0.102374555937332E+000  0.793138222987654E+002  0.720849844536207E+002
  0.102374555937332E+000  0.793132083124436E+002  0.709407560636215E+002
  0.102374555937332E+000  0.793128122406919E+002  0.720841607656684E+002
  0.102374555937332E+000  0.793084006507626E+002  0.720805491737282E+002
  0.102374555937332E+000  0.793036720061672E+002  0.709485876174805E+002
  0.102374555937332E+000  0.792976502920533E+002  0.709535893728904E+002
  0.102374555937332E+000  0.792972717009236E+002  0.709539053342873E+002
  0.102374555937332E+000  0.792890562774883E+002  0.709608062499143E+002
  0.102374555937332E+000  0.792874178745811E+002  0.720630471134512E+002
  0.102374555937332E+000  0.792873082669027E+002  0.720629542266042E+002
  0.102374555937332E+000  0.792852057979699E+002  0.709640705132440E+002
  0.102374555937332E+000  0.792839170015347E+002  0.720600725170719E+002
  0.102374555937332E+000  0.792799162351286E+002  0.720566532618130E+002
  0.102374555937332E+000  0.792777988307346E+002  0.720548348963788E+002
  0.102374555937332E+000  0.792678572491157E+002  0.709790254480149E+002
  0.102374555937332E+000  0.792660505063893E+002  0.709806070802193E+002
  0.102374555937332E+000  0.792582596861619E+002  0.709874817609598E+002
  0.102374555937332E+000  0.792576012644554E+002  0.720371730751774E+002
  0.102374555937332E+000  0.792543582298036E+002  0.709909584798782E+002
  0.102374555937332E+000  0.792529942318727E+002  0.709921794636739E+002
  0.102374555937332E+000  0.792501167485657E+002  0.709947646874226E+002
  0.102374555937332E+000  0.792481589087993E+002  0.709965310769078E+002
  0.102374555937332E+000  0.792473436189038E+002  0.720279715335596E+002
  0.102374555937332E+000  0.792463494452717E+002  0.720270709693009E+002
  0.102374555937332E+000  0.792411180620261E+002  0.720223059471343E+002
  0.102374555937332E+000  0.792396645546076E+002  0.710042658751214E+002
  0.102374555937332E+000  0.792396473011922E+002  0.710042817055231E+002
  0.102374555937332E+000  0.792391001114256E+002  0.720204559409528E+002
  0.102374555937332E+000  0.792358704663257E+002  0.720174809769028E+002
  0.102374555937332E+000  0.792324151766546E+002  0.710109613334413E+002
  0.102374555937332E+000  0.792323191623522E+002  0.720141893504702E+002
  0.102374555937332E+000  0.792307682433582E+002  0.710124949206277E+002
  0.102374555937332E+000  0.792300791961537E+002  0.710131379429794E+002
  0.102374555937332E+000  0.792284371627389E+002  0.710146736440870E+002
  0.102374555937332E+000  0.792283734401076E+002  0.720105066258100E+002
  0.102374555937332E+000  0.792226694959611E+002  0.710201057646905E+002
  0.102374555937332E+000  0.792174059834983E+002  0.720001240796166E+002
  0.102374555937332E+000  0.792159687938519E+002  0.719987471047514E+002
  0.102374555937332E+000  0.792109365509135E+002  0.719938946540166E+002
  0.102374555937332E+000  0.792089792562977E+002  0.719919940220862E+002
  0.102374555937332E+000  0.792074105754280E+002  0.710347746651195E+002
  0.102374555937332E+000  0.792068625020950E+002  0.719899300286818E+002
  0.102374555937332E+000  0.792057157819763E+002  0.719888081549738E+002
  0.102374555937332E+000  0.792037250565220E+002  0.719868542604885E+002
  0.102374555937332E+000  0.792025247116262E+002  0.719856722233623E+002
  0.102374555937332E+000  0.791943910198009E+002  0.719775834244666E+002
  0.102374555937332E+000  0.791918269375553E+002  0.710502358011885E+002
  0.102374555937332E+000  0.791817333935421E+002  0.710605320646987E+002
  0.102374555937332E+000  0.791806683888485E+002  0.719636077927680E+002
  0.102374555937332E+000  0.791770346319589E+002  0.710654060515178E+002
  0.102374555937332E+000  0.791769515030212E+002  0.719597472027783E+002
  0.102374555937332E+000  0.791761879719191E+002  0.719589500173040E+002
  0.102374555937332E+000  0.791683216956974E+002  0.719506525558312E+002
  0.102374555937332E+000  0.791680482862456E+002  0.710748786302415E+002
  0.102374555937332E+000  0.791671492774921E+002  0.710758375863725E+002
  0.102374555937332E+000  0.791659783365072E+002  0.719481501879033E+002
  0.102374555937332E+000  0.791616914333537E+002  0.719435347906252E+002
  0.102374555937332E+000  0.791597286721582E+002  0.719414050484859E+002
  0.102374555937332E+000  0.791592108215684E+002  0.710843985855096E+002
  0.102374555937332E+000  0.791541156569950E+002  0.719352552822873E+002
  0.102374555937332E+000  0.791527948428553E+002  0.710914448486687E+002
  0.102374555937332E+000  0.791504696922494E+002  0.719312122669968E+002
  0.102374555937332E+000  0.791480037303914E+002  0.710967844867220E+002
  0.102374555937332E+000  0.791412013171334E+002  0.719207542793419E+002
  0.102374555937332E+000  0.791405328354001E+002  0.711052503449162E+002
  0.102374555937332E+000  0.791388448567611E+002  0.711071876080051E+002
  0.102374555937332E+000  0.791388089838511E+002  0.719180110823827E+002
  0.102374555937332E+000  0.791372185946707E+002  0.711090628359644E+002
  0.102374555937332E+000  0.791371198569121E+002  0.719160629913161E+002
  0.102374555937332E+000  0.791359582417603E+002  0.719147178090572E+002
  0.102374555937332E+000  0.791343761814984E+002  0.711123614931581E+002
  0.102374555937332E+000  0.791321459222435E+002  0.711149688957955E+002
  0.102374555937332E+000  0.791299855711201E+002  0.711175109744837E+002
  0.102374555937332E+000  0.791278390061381E+002  0.719051868267562E+002
  0.102374555937332E+000  0.791241244597457E+002  0.719007483834570E+002
  0.102374555937332E+000  0.791215068742443E+002  0.711276500174814E+002
  0.102374555937332E+000  0.791206848961877E+002  0.718965927661735E+002
  0.102374555937332E+000  0.791202318895892E+002  0.711291978661746E+002
  0.102374555937332E+000  0.791151090263184E+002  0.711354811279967E+002
  0.102374555937332E+000  0.791149481724403E+002  0.711356801134260E+002
  0.102374555937332E+000  0.791116525952168E+002  0.718854596548200E+002
  0.102374555937332E+000  0.791102318462544E+002  0.718836780534831E+002
  0.102374555937332E+000  0.791082212707390E+002  0.711440978630817E+002
  0.102374555937332E+000  0.791076632762383E+002  0.718804351959595E+002
  0.102374555937332E+000  0.791076340922420E+002  0.711448417751040E+002
  0.102374555937332E+000  0.791067054131886E+002  0.711460214250443E+002
  0.102374555937332E+000  0.791047715829193E+002  0.711484901277183E+002
  0.102374555937332E+000  0.791046189356889E+002  0.718765542532571E+002
  0.102374555937332E+000  0.791034715842918E+002  0.718750808217224E+002
  0.102374555937332E+000  0.791023110388603E+002  0.718735843278390E+002
  0.102374555937332E+000  0.791023108223117E+002  0.711516559135260E+002
  0.102374555937332E+000  0.790957752143458E+002  0.711602020589502E+002
  0.102374555937332E+000  0.790957400353503E+002  0.718649913407152E+002
  0.102374555937332E+000  0.790956045910544E+002  0.718648120131421E+002
  0.102374555937332E+000  0.790944048894013E+002  0.711620203517614E+002
  0.102374555937332E+000  0.790942190806672E+002  0.718629723324720E+002
  0.102374555937332E+000  0.790932509377797E+002  0.718616810777998E+002
  0.102374555937332E+000  0.790916276510723E+002  0.711657347184128E+002
  0.102374555937332E+000  0.790877141212338E+002  0.718542026124274E+002
  0.102374555937332E+000  0.790865832581853E+002  0.711725850094213E+002
  0.102374555937332E+000  0.790860247595396E+002  0.711733519558327E+002
  0.102374555937332E+000  0.790854159909494E+002  0.718510500474337E+002
  0.102374555937332E+000  0.790842505105153E+002  0.718494399699228E+002
  0.102374555937332E+000  0.790827945957413E+002  0.718474177881889E+002
  0.102374555937332E+000  0.790827023225259E+002  0.711779507472814E+002
  0.102374555937332E+000  0.790824624159990E+002  0.718469546960270E+002
  0.102374555937332E+000  0.790823025800240E+002  0.718467316397812E+002
  0.102374555937332E+000  0.790773563819857E+002  0.711854860676606E+002
  0.102374555937332E+000  0.790750765902575E+002  0.718364871137057E+002
  0.102374555937332E+000  0.790749186565327E+002  0.718362595845723E+002
  0.102374555937332E+000  0.790742489774720E+002  0.711899469407074E+002
  0.102374555937332E+000  0.790726682627447E+002  0.718329999729032E+002
  0.102374555937332E+000  0.790725456842888E+002  0.711924184919257E+002
  0.102374555937332E+000  0.790714874937301E+002  0.718312763358846E+002
  0.102374555937332E+000  0.790713463430424E+002  0.711941702957922E+002
  0.102374555937332E+000  0.790698683664772E+002  0.718288975306264E+002
  0.102374555937332E+000  0.790695281802167E+002  0.718283954543725E+002
  0.102374555937332E+000  0.790670878821039E+002  0.718247701784121E+002
  0.102374555937332E+000  0.790636866113150E+002  0.718196458914233E+002
  0.102374555937332E+000  0.790622204062756E+002  0.712078295980317E+002
  0.102374555937332E+000  0.790596357938133E+002  0.712118108193420E+002
  0.102374555937332E+000  0.790575275356943E+002  0.712150977338333E+002
  0.102374555937332E+000  0.790566778365004E+002  0.712164327842759E+002
  0.102374555937332E+000  0.790560478038941E+002  0.712174265920487E+002
  0.102374555937332E+000  0.790554856276522E+002  0.718069237645606E+002
  0.102374555937332E+000  0.790547899740428E+002  0.718058192044016E+002
  0.102374555937332E+000  0.790529439970432E+002  0.712223721789525E+002
  0.102374555937332E+000  0.790527309726610E+002  0.718025252569178E+002
  0.102374555937332E+000  0.790526444484563E+002  0.718023860174889E+002
  0.102374555937332E+000  0.790494484468876E+002  0.717971951078904E+002
  0.102374555937332E+000  0.790479252292927E+002  0.717946875029664E+002
  0.102374555937332E+000  0.790477706587019E+002  0.717944317933188E+002
  0.102374555937332E+000  0.790451524633621E+002  0.712351753115548E+002
  0.102374555937332E+000  0.790451458102121E+002  0.712351864965580E+002
  0.102374555937332E+000  0.790447097521584E+002  0.712359205654194E+002
  0.102374555937332E+000  0.790408214146600E+002  0.712425544779023E+002
  0.102374555937332E+000  0.790363294767656E+002  0.712504270678563E+002
  0.102374555937332E+000  0.790352542803042E+002  0.712523467800523E+002
  0.102374555937332E+000  0.790345549977165E+002  0.712536029517040E+002
  0.102374555937332E+000  0.790333196663611E+002  0.717694028789548E+002
  0.102374555937332E+000  0.790326441418229E+002  0.717681729137526E+002
  0.102374555937332E+000  0.790325076286531E+002  0.712573163246662E+002
  0.102374555937332E+000  0.790300799408450E+002  0.712617907233937E+002
  0.102374555937332E+000  0.790295316896681E+002  0.712628122815426E+002
  0.102374555937332E+000  0.790257814320620E+002  0.712699154233221E+002
  0.102374555937332E+000  0.790256238737158E+002  0.712702184013053E+002
  0.102374555937332E+000  0.790224956193919E+002  0.717489256512599E+002
  0.102374555937332E+000  0.790223159123784E+002  0.712766692819090E+002
  0.102374555937332E+000  0.790220027514110E+002  0.712772891419273E+002
  0.102374555937332E+000  0.790219691784976E+002  0.712773556919227E+002
  0.102374555937332E+000  0.790209435987163E+002  0.712793978004740E+002
  0.102374555937332E+000  0.790198226763402E+002  0.712816504028566E+002
  0.102374555937332E+000  0.790184489059475E+002  0.712844414539183E+002
  0.102374555937332E+000  0.790159679708389E+002  0.717356695907897E+002
  0.102374555937332E+000  0.790136787117920E+002  0.717308300165911E+002
  0.102374555937332E+000  0.790122841396675E+002  0.717278285058638E+002
  0.102374555937332E+000  0.790121364411333E+002  0.712977317996147E+002
  0.102374555937332E+000  0.790117268951674E+002  0.712986225738052E+002
  0.102374555937332E+000  0.790097465664470E+002  0.717222567224786E+002
  0.102374555937332E+000  0.790089731854253E+002  0.717205289126183E+002
  0.102374555937332E+000  0.790086623992326E+002  0.713054094341375E+002
  0.102374555937332E+000  0.790080239500719E+002  0.717183883960652E+002
  0.102374555937332E+000  0.790077918426206E+002  0.713073783622332E+002
  0.102374555937332E+000  0.790074957447456E+002  0.717171875991999E+002
  0.102374555937332E+000  0.790063452679151E+002  0.713106925147976E+002
  0.102374555937332E+000  0.790022667776279E+002  0.717048961599374E+002
  0.102374555937332E+000  0.790016137709241E+002  0.713219344298559E+002
  0.102374555937332E+000  0.790014937343635E+002  0.713222282671592E+002
  0.102374555937332E+000  0.790014296719503E+002  0.713223852711840E+002
  0.102374555937332E+000  0.789998635440764E+002  0.713262646736905E+002
  0.102374555937332E+000  0.789993459025865E+002  0.716976751741871E+002
  0.102374555937332E+000  0.789988344177884E+002  0.713288584724659E+002
  0.102374555937332E+000  0.789984670275836E+002  0.716954466096833E+002
  0.102374555937332E+000  0.789959231922921E+002  0.716888374286591E+002
  0.102374555937332E+000  0.789957485219255E+002  0.713368654653028E+002
  0.102374555937332E+000  0.789955283278489E+002  0.716877891681760E+002
  0.102374555937332E+000  0.789954199905614E+002  0.713377394986461E+002
  0.102374555937332E+000  0.789946984456448E+002  0.713396746188592E+002
  0.102374555937332E+000  0.789944125106016E+002  0.716847924728128E+002
  0.102374555937332E+000  0.789942811551606E+002  0.716844362594339E+002
  0.102374555937332E+000  0.789935297946255E+002  0.716823843340306E+002
  0.102374555937332E+000  0.789931999627811E+002  0.716814757056379E+002
  0.102374555937332E+000  0.789929177046876E+002  0.713445457274710E+002
  0.102374555937332E+000  0.789924942677839E+002  0.713457249346811E+002
  0.102374555937332E+000  0.812656953078559E+002  0.713501122799710E+002
  0.102374555937332E+000  0.812652664482741E+002  0.713513478625241E+002
  0.102374555937332E+000  0.812649109454989E+002  0.713523793196514E+002
  0.102374555937332E+000  0.812640595287999E+002  0.713548770403075E+002
  0.102374555937332E+000  0.812625816377459E+002  0.713593091797575E+002
  0.102374555937332E+000  0.812612356891541E+002  0.713634601700073E+002
  0.102374555937332E+000  0.812610781106015E+002  0.713639537310078E+002
  0.102374555937332E+000  0.812599554089738E+002  0.713675187933055E+002
  0.102374555937332E+000  0.812595953464105E+002  0.713686808463751E+002
  0.102374555937332E+000  0.812570220795639E+002  0.713772758555711E+002
