  0.310466039745154E-042  0.273907005940374E+003  0.600206441827690E+002
  0.515323531993798E-042  0.272886909563607E+003  0.600558208038946E+002
  0.111175098924842E-041  0.271342460786780E+003  0.601092761798623E+002
  0.179601898297537E-041  0.270376532608216E+003  0.601428301632959E+002
  0.616652331801372E-041  0.267902751712013E+003  0.602291974941448E+002
  0.129148616592843E-040  0.266417609096945E+003  0.602813528362836E+002
  0.693532058949466E-040  0.263049286199580E+003  0.604005069950618E+002
  0.193829576724136E-039  0.260987096761318E+003  0.604740619654258E+002
  0.201601018326710E-039  0.260901818611292E+003  0.604771137637116E+002
  0.472708073654029E-039  0.259190788170878E+003  0.605385163248011E+002
  0.188011048609323E-038  0.256422916979146E+003  0.606385443732191E+002
  0.202552874714537E-038  0.256267260935234E+003  0.606441956731640E+002
  0.472920362886282E-038  0.254564753262727E+003  0.607061912475648E+002
  0.743273253455405E-038  0.253653824204050E+003  0.607395015873748E+002
  0.161163700637104E-037  0.252099284687893E+003  0.607965747734555E+002
  0.172685179741024E-037  0.251954530019992E+003  0.608019040155388E+002
  0.204738021722378E-037  0.251607352334538E+003  0.608146958992041E+002
  0.366847165759645E-037  0.250434268553970E+003  0.608580267245458E+002
  0.926692068008464E-037  0.248574260953957E+003  0.609270767625831E+002
  0.194171323496935E-036  0.247088196085786E+003  0.609825542610993E+002
  0.229050595633003E-035  0.242145966238373E+003  0.611690907049833E+002
  0.304436216861754E-035  0.241570273306198E+003  0.611910276256330E+002
  0.746879672789193E-034  0.235163562550464E+003  0.614382163653224E+002
  0.348711353192454E-033  0.232075055943847E+003  0.615594596473336E+002
  0.453037242000005E-033  0.231544940719165E+003  0.615804111500620E+002
  0.625191190953989E-033  0.230894118790062E+003  0.616061907537771E+002
  0.939764208486414E-033  0.230072320223319E+003  0.616388340588792E+002
  0.105761877459358E-032  0.229829372204630E+003  0.616485040033006E+002
  0.191848248051650E-032  0.228631687510912E+003  0.616963068555355E+002
  0.298494327039481E-032  0.227740939444781E+003  0.617320026086078E+002
  0.277493767239506E-031  0.223275018589054E+003  0.619128638194720E+002
  0.648994955286204E-031  0.221569110066706E+003  0.619828072526076E+002
  0.159825157326128E-030  0.219759973285732E+003  0.620575179013111E+002
  0.776604752338834E-030  0.216591615534191E+003  0.621897227524639E+002
  0.422838889209667E-029  0.213195670381565E+003  0.623334206731873E+002
  0.496766325534360E-029  0.212866757770061E+003  0.623474514860597E+002
  0.668685951677102E-029  0.212265712640176E+003  0.623731435196255E+002
  0.960893302643516E-029  0.211533959350092E+003  0.624045151070781E+002
  0.102616697848962E-028  0.211395859001557E+003  0.624104471688320E+002
  0.346482387273085E-028  0.208955540780579E+003  0.625158790527969E+002
  0.216900067329159E-027  0.205280505531823E+003  0.626768928746534E+002
  0.258290048458543E-027  0.204924557063550E+003  0.626926351324261E+002
  0.125852162740047E-026  0.201750681828970E+003  0.628341921979901E+002
  0.176430134998723E-026  0.201068392137159E+003  0.628649076300328E+002
  0.233006641944877E-026  0.200505452562869E+003  0.628903276696203E+002
  0.327537382913722E-026  0.199817726511680E+003  0.629214785945170E+002
  0.853703050604347E-026  0.197895108486417E+003  0.630091339311318E+002
  0.119328433378298E-025  0.197218690283418E+003  0.630401756996314E+002
  0.287729069006947E-025  0.195451755365352E+003  0.631217718410929E+002
  0.319508587335024E-025  0.195235570092927E+003  0.631318064117370E+002
  0.236393597739358E-024  0.191226316222813E+003  0.633199917580160E+002
  0.383003626514507E-024  0.190254568132632E+003  0.633662172668253E+002
  0.552015164664786E-024  0.189516850431894E+003  0.634014750220129E+002
  0.112550091519920E-023  0.188085378940955E+003  0.634703025941015E+002
  0.126508084151933E-023  0.187844907696842E+003  0.634819190865553E+002
  0.337542629461809E-023  0.185875480917882E+003  0.635776557914751E+002
  0.460201586484249E-023  0.185248879711451E+003  0.636083434074646E+002
  0.100433859844431E-022  0.183681384395532E+003  0.636856040151956E+002
  0.133796392979920E-022  0.183101089236975E+003  0.637143878842379E+002
  0.145559759901617E-022  0.182925898588334E+003  0.637230972600851E+002
  0.655316314854451E-022  0.179910180369658E+003  0.638744737739076E+002
  0.101137175251756E-021  0.179035635156157E+003  0.639188992847952E+002
  0.120201182353691E-021  0.178683601391102E+003  0.639368506932966E+002
  0.254474564260813E-021  0.177176877754067E+003  0.640141366963088E+002
  0.343418157169950E-021  0.176570726304424E+003  0.640454391053761E+002
  0.748200195338195E-021  0.175006627201775E+003  0.641267822059935E+002
  0.750573750224778E-021  0.174993636958839E+003  0.799766926922301E+002
  0.818471832640656E-021  0.174813779241728E+003  0.641368694149405E+002
  0.988802255574869E-021  0.174429012891553E+003  0.799471202503489E+002
  0.109309414122699E-020  0.174221810816001E+003  0.799362401259194E+002
  0.168447373671494E-020  0.173350273523672E+003  0.798903105810572E+002
  0.196382211399322E-020  0.173036739063667E+003  0.798737215194399E+002
  0.272404237811881E-020  0.172375634857539E+003  0.798386267676719E+002
  0.350153110216791E-020  0.171866812507109E+003  0.642926461584510E+002
  0.360412957710055E-020  0.171802397002545E+003  0.642960861054145E+002
  0.418263004407006E-020  0.171498021516298E+003  0.643123611880892E+002
  0.512327756573100E-020  0.171085657660155E+003  0.643344651996586E+002
  0.528233244565406E-020  0.171017855345078E+003  0.797660482872699E+002
  0.679362658996313E-020  0.170507965454401E+003  0.643655382344924E+002
  0.683910227747752E-020  0.170487966733122E+003  0.797375377895862E+002
  0.714611421312222E-020  0.170393486622457E+003  0.797324431980304E+002
  0.812710426437133E-020  0.170129559164690E+003  0.643859603045393E+002
  0.893156903624624E-020  0.169934128779840E+003  0.797076252211192E+002
  0.101511833576506E-019  0.169671476795152E+003  0.644107554110837E+002
  0.107527643428697E-019  0.169549676046890E+003  0.796867921688773E+002
  0.130802586819012E-019  0.169151137960612E+003  0.644390183024777E+002
  0.141553912163321E-019  0.168986499513475E+003  0.644479827344070E+002
  0.152576060117721E-019  0.168829878778542E+003  0.644565204280055E+002
  0.180121230753383E-019  0.168491289394771E+003  0.796291435128059E+002
  0.204264094604421E-019  0.168233066595352E+003  0.644891421299991E+002
  0.261794683311732E-019  0.167730117401020E+003  0.795874110262568E+002
  0.480692625643765E-019  0.166508126843138E+003  0.645842282721408E+002
  0.493878857874828E-019  0.166447346810495E+003  0.645876008222942E+002
  0.517294249337351E-019  0.166348048030072E+003  0.645931139736132E+002
  0.602578030764535E-019  0.166036181833164E+003  0.646104556038019E+002
  0.700855871974491E-019  0.165727356065350E+003  0.794764858862791E+002
  0.830724530850294E-019  0.165380708512545E+003  0.794571177415176E+002
  0.837310890855623E-019  0.165358258557373E+003  0.646482923151861E+002
  0.887118788864477E-019  0.165236036058865E+003  0.794490194975502E+002
  0.103501633047746E-018  0.164920993301851E+003  0.646728001816515E+002
  0.109027698639276E-018  0.164810308571498E+003  0.794251372039090E+002
  0.133691297185257E-018  0.164395790143357E+003  0.794018091466418E+002
  0.201183509039249E-018  0.163571766399254E+003  0.647489401082470E+002
  0.260553989489812E-018  0.163047925576672E+003  0.647787164319594E+002
  0.276955758566915E-018  0.162919174628432E+003  0.647860536149336E+002
  0.291494272476379E-018  0.162810193888087E+003  0.647922699397930E+002
  0.355780101720980E-018  0.162404953325780E+003  0.648154319422166E+002
  0.412663357221291E-018  0.162101659152235E+003  0.648328156999099E+002
  0.674703474011140E-018  0.161111721268640E+003  0.648898490658025E+002
  0.799437919228068E-018  0.160765794522111E+003  0.649098863496718E+002
  0.866570560701996E-018  0.160597869626063E+003  0.649196334406284E+002
  0.103964119474605E-017  0.160227039266156E+003  0.791629485932119E+002
  0.136531561277527E-017  0.159675363742997E+003  0.791307348911453E+002
  0.173533897437359E-017  0.159189073865743E+003  0.650019368067803E+002
  0.196412146251624E-017  0.158934733717790E+003  0.790872557311040E+002
  0.218823123884400E-017  0.158711981114552E+003  0.650300277332744E+002
  0.257277798453321E-017  0.158381540176458E+003  0.790546040246829E+002
  0.331960772541286E-017  0.157865163840288E+003  0.650801665416184E+002
  0.540498152628452E-017  0.156883559435622E+003  0.651387409381161E+002
  0.660060041255154E-017  0.156477224688833E+003  0.651631335363091E+002
  0.946186418541645E-017  0.155750351494796E+003  0.652069851330445E+002
  0.107990324149403E-016  0.155479321683635E+003  0.788807457792266E+002
  0.121535686435215E-016  0.155236333496911E+003  0.652381657166340E+002
  0.154681968887956E-016  0.154747351396187E+003  0.652679606185765E+002
  0.158768444115365E-016  0.154688544578026E+003  0.652715526845634E+002
  0.168168990784273E-016  0.154566843883991E+003  0.788251614546983E+002
  0.191837157507074E-016  0.154296833298168E+003  0.652955281042975E+002
  0.216857565590078E-016  0.154044989949806E+003  0.787931662877391E+002
  0.241764166626320E-016  0.153820890420276E+003  0.787793799121144E+002
  0.294880215607933E-016  0.153417021855769E+003  0.653496912451198E+002
  0.492865429061336E-016  0.152383032378935E+003  0.654139107922965E+002
  0.516937046352205E-016  0.152281006945817E+003  0.654202811480294E+002
  0.673723504012413E-016  0.151744553974781E+003  0.654538778691425E+002
  0.851515933033066E-016  0.151269501561910E+003  0.786203812771147E+002
  0.106911513870248E-015  0.150807709180729E+003  0.655129640678219E+002
  0.137103889611203E-015  0.150303578725295E+003  0.785591726880818E+002
  0.153492798156432E-015  0.150071093761911E+003  0.785443544224158E+002
  0.193221841952148E-015  0.149604067540542E+003  0.785144841392888E+002
  0.202806312285822E-015  0.149500587104494E+003  0.785078469847167E+002
  0.206162359791746E-015  0.149461106292737E+003  0.785053129171465E+002
  0.335352093171336E-015  0.148481416729372E+003  0.784421098978269E+002
  0.353860390074032E-015  0.148367318243694E+003  0.656694456323392E+002
  0.357448848608476E-015  0.148340483035394E+003  0.656711876774737E+002
  0.420507774447792E-015  0.148008886061728E+003  0.784114008292781E+002
  0.577676712471590E-015  0.147367127634765E+003  0.657346991087510E+002
  0.609855290870201E-015  0.147252057435116E+003  0.657422496928220E+002
  0.678745820664678E-015  0.147031351829158E+003  0.783473968507636E+002
  0.698500136999327E-015  0.146967318926969E+003  0.783431815775351E+002
  0.840643038707339E-015  0.146590199853954E+003  0.657858555929503E+002
  0.101070185202361E-014  0.146215077973268E+003  0.782934485377565E+002
  0.135669789383509E-014  0.145619604921929E+003  0.658503568502719E+002
  0.157608176775992E-014  0.145313173051552E+003  0.658708606903823E+002
  0.197134821927379E-014  0.144858965849864E+003  0.782027758175472E+002
  0.208988621109433E-014  0.144735526397470E+003  0.659096980552177E+002
  0.288192246403693E-014  0.144086174869991E+003  0.781505022757555E+002
  0.348936610841341E-014  0.143696994299403E+003  0.781240067329914E+002
  0.364209518989556E-014  0.143604660661652E+003  0.781177036416185E+002
  0.372463742272465E-014  0.143553184294987E+003  0.781141867980406E+002
  0.456990207984948E-014  0.143137484180732E+003  0.660184427445684E+002
  0.555461473644092E-014  0.142740554023821E+003  0.660457585640750E+002
  0.637778190520564E-014  0.142457515829963E+003  0.660653127227192E+002
  0.827458673404975E-014  0.141930123039048E+003  0.661019199449963E+002
  0.936182586095124E-014  0.141676564731726E+003  0.661196002620986E+002
  0.110805151891716E-013  0.141332813480789E+003  0.779604998625183E+002
  0.122764801002531E-013  0.141121163765828E+003  0.779456409344516E+002
  0.122798161242102E-013  0.141113964777313E+003  0.661590191009439E+002
  0.139030435079839E-013  0.140859007547989E+003  0.779271840812968E+002
  0.152291224879218E-013  0.140670148419144E+003  0.779138516249185E+002
  0.180649304451604E-013  0.140321966906097E+003  0.662149619419209E+002
  0.203312866767525E-013  0.140078934524194E+003  0.662322363795247E+002
  0.204971633379313E-013  0.140056027768782E+003  0.662338672079162E+002
  0.207053651138510E-013  0.140029159492352E+003  0.778683733131262E+002
  0.206677605012015E-013  0.140026139569125E+003  0.778681582072221E+002
  0.216318277951977E-013  0.139928302555491E+003  0.662429688972817E+002
  0.271274348667312E-013  0.139468887308653E+003  0.662758253594985E+002
  0.276947636328458E-013  0.139420836159881E+003  0.778248812851891E+002
  0.282372980333228E-013  0.139375379834609E+003  0.778216182243556E+002
  0.286004218268027E-013  0.139343168779294E+003  0.662848491182132E+002
  0.289140741362522E-013  0.139314699191102E+003  0.662868945547905E+002
  0.302870947693044E-013  0.139215257139569E+003  0.778101091628182E+002
  0.335067111937830E-013  0.139006553466730E+003  0.777950736475021E+002
  0.465744598942573E-013  0.138341284752470E+003  0.663572728256478E+002
  0.465833252889365E-013  0.138334248510821E+003  0.663577847153514E+002
  0.493824372196408E-013  0.138210888553771E+003  0.777373872752201E+002
  0.556721384507653E-013  0.137964463022927E+003  0.777194021309072E+002
  0.614723726965311E-013  0.137759591372754E+003  0.663997477759749E+002
  0.633029067340968E-013  0.137694248995306E+003  0.664045390003621E+002
  0.747461661160814E-013  0.137355260068175E+003  0.776746931020491E+002
  0.862304730715570E-013  0.137062753068849E+003  0.776530993798486E+002
  0.874879235576523E-013  0.137027143216173E+003  0.664536891002138E+002
  0.877163916212469E-013  0.137015271595666E+003  0.664545676695087E+002
  0.113764344376397E-012  0.136488575281934E+003  0.776104679459453E+002
  0.115249405521048E-012  0.136455980962936E+003  0.776080380779528E+002
  0.115463745822830E-012  0.136445609246723E+003  0.664968893136783E+002
  0.116764338498747E-012  0.136416551444551E+003  0.776050972328326E+002
  0.119563023280338E-012  0.136362524022136E+003  0.665030888953938E+002
  0.199419407959585E-012  0.135332735320415E+003  0.665805118326633E+002
  0.212203381983636E-012  0.135201809781858E+003  0.775137200810279E+002
  0.250498228520036E-012  0.134863340831766E+003  0.666161683338352E+002
  0.315000497016855E-012  0.134398440515717E+003  0.774524384734615E+002
  0.352512284908322E-012  0.134166762423945E+003  0.774346362818758E+002
  0.403697469498166E-012  0.133888946269525E+003  0.774132108879623E+002
  0.443514920707095E-012  0.133694159319939E+003  0.667060164072611E+002
  0.498113819317313E-012  0.133455309420774E+003  0.773795962752802E+002
  0.504373391375840E-012  0.133423677348746E+003  0.773771359199882E+002
  0.509647500633092E-012  0.133396216844881E+003  0.667291548607289E+002
  0.538256480268558E-012  0.133280329536358E+003  0.773659719911688E+002
  0.649511382926471E-012  0.132897903584279E+003  0.773360732561209E+002
  0.647830810272991E-012  0.132896429593353E+003  0.773359576896160E+002
  0.650213766380690E-012  0.132882430786818E+003  0.667692939657013E+002
  0.698337183648880E-012  0.132732973452487E+003  0.773231263855306E+002
  0.828310851113691E-012  0.132384944970840E+003  0.668084524107960E+002
  0.855658642698133E-012  0.132313323377194E+003  0.772900399241722E+002
  0.919883928676388E-012  0.132161915831230E+003  0.772780510798553E+002
  0.946530526838716E-012  0.132098148801311E+003  0.772729936012323E+002
  0.105690337044084E-011  0.131870902540067E+003  0.668492236579792E+002
  0.122215229792514E-011  0.131573706561839E+003  0.668729421632884E+002
  0.137586689983952E-011  0.131330109937598E+003  0.668924643407404E+002
  0.158221850376146E-011  0.131043966410554E+003  0.669154910529960E+002
  0.176675999406220E-011  0.130816672072712E+003  0.669338558461363E+002
  0.219856841587537E-011  0.130372698350177E+003  0.669699191804720E+002
  0.231343427384912E-011  0.130264189388731E+003  0.771253817819323E+002
  0.275940529380277E-011  0.129904969680298E+003  0.770959629697058E+002
  0.281408672896370E-011  0.129859068909126E+003  0.770921914876825E+002
  0.344853811023120E-011  0.129445788076276E+003  0.770581058982782E+002
  0.348543521379240E-011  0.129417847469401E+003  0.770557931000945E+002
  0.389793187558661E-011  0.129187485477715E+003  0.670674700984140E+002
  0.417461058864395E-011  0.129043679982331E+003  0.670794364318712E+002
  0.429147771524654E-011  0.128981804306894E+003  0.770195598731000E+002
  0.516481409172291E-011  0.128604672769372E+003  0.671161465301967E+002
  0.688359159720075E-011  0.128023474304899E+003  0.671651709498537E+002
  0.703921300850500E-011  0.127972107074419E+003  0.769346264896818E+002
  0.734599013800663E-011  0.127880135035151E+003  0.769268164801222E+002
  0.779550220115714E-011  0.127754694811768E+003  0.671880097393739E+002
  0.895304266820877E-011  0.127471146209695E+003  0.768919336584144E+002
  0.993922835173435E-011  0.127255498730301E+003  0.672307145888003E+002
  0.110186334429051E-010  0.127042646346127E+003  0.768551149810825E+002
  0.120221170160908E-010  0.126861670267889E+003  0.672646743356126E+002
  0.145122665395568E-010  0.126478522243750E+003  0.768062080620855E+002
  0.163135482309259E-010  0.126237863298879E+003  0.767851902822322E+002
  0.224096466841063E-010  0.125596216560072E+003  0.767286908768991E+002
  0.254490184439326E-010  0.125335189674810E+003  0.767055101888231E+002
  0.258231785372137E-010  0.125299343480035E+003  0.767023178168295E+002
  0.266532846956335E-010  0.125229408070636E+003  0.766960832278715E+002
  0.303915997980009E-010  0.124960244787135E+003  0.766720094047900E+002
  0.313922709250742E-010  0.124888798275074E+003  0.674385558009531E+002
  0.363657725078444E-010  0.124588010089252E+003  0.766385087248388E+002
  0.397860750491418E-010  0.124401576586300E+003  0.766216376226811E+002
  0.577336150947034E-010  0.123650275786298E+003  0.765530085843754E+002
  0.593454222374853E-010  0.123588549408904E+003  0.765473234902075E+002
  0.636152199510942E-010  0.123442938303363E+003  0.765338839129893E+002
  0.688674635177272E-010  0.123277620543674E+003  0.675855775324137E+002
  0.696918600711593E-010  0.123247165589759E+003  0.675884032124369E+002
  0.697150000082489E-010  0.123239846055524E+003  0.675890826021612E+002
  0.735020036238954E-010  0.123127396148797E+003  0.765046208823121E+002
  0.735993403618647E-010  0.123118093774244E+003  0.676003986981832E+002
  0.953182893559603E-010  0.122594266909017E+003  0.764547371608022E+002
  0.109692573351394E-009  0.122306691409580E+003  0.764275932452855E+002
  0.110441686064449E-009  0.122286423852654E+003  0.676784801100816E+002
  0.119534622611935E-009  0.122121531463186E+003  0.676941272278612E+002
  0.138561955897914E-009  0.121819452878546E+003  0.677229390450105E+002
  0.166760445938655E-009  0.121442315765285E+003  0.677591812385390E+002
  0.194106183548215E-009  0.121131966144975E+003  0.763149175918331E+002
  0.208666227606712E-009  0.120980649302584E+003  0.763001865269895E+002
  0.212558885813843E-009  0.120937027559638E+003  0.678082236211349E+002
  0.269801866310627E-009  0.120453434376560E+003  0.678556970539869E+002
  0.335173124192595E-009  0.120012860144704E+003  0.762047341504141E+002
  0.352748410551704E-009  0.119903988768769E+003  0.679102953789919E+002
  0.426521649926502E-009  0.119517517103300E+003  0.761550197339201E+002
  0.488377142261954E-009  0.119240011898337E+003  0.679772507326618E+002
  0.488184298299264E-009  0.119234146207891E+003  0.679778471314468E+002
  0.523219868806603E-009  0.119088873067779E+003  0.761115081173338E+002
  0.558824918318530E-009  0.118950548599650E+003  0.680067870388082E+002
  0.603367668000119E-009  0.118790511972828E+003  0.680232098353223E+002
  0.616823230205139E-009  0.118739744909163E+003  0.680284335043949E+002
  0.627604349569512E-009  0.118698434394347E+003  0.680326891530513E+002
  0.683319371684502E-009  0.118521674013643E+003  0.760532045306843E+002
  0.682107425423535E-009  0.118518568815160E+003  0.760528830022824E+002
  0.685913982988500E-009  0.118500783095152E+003  0.760510408782304E+002
  0.717396972028508E-009  0.118404373287572E+003  0.680631133680451E+002
  0.720242164455393E-009  0.118389801406086E+003  0.680646270439067E+002
  0.743231994175097E-009  0.118320304344293E+003  0.680718540740785E+002
  0.772351967358576E-009  0.118236784510891E+003  0.760235972319040E+002
  0.793674216173445E-009  0.118175663515571E+003  0.760172163959623E+002
  0.806662906378279E-009  0.118136542337395E+003  0.760131268753354E+002
  0.814426116873044E-009  0.118110731066856E+003  0.680937275809988E+002
  0.879911305565124E-009  0.117949400688414E+003  0.759935053819404E+002
  0.929084187143994E-009  0.117833988622831E+003  0.759813557708524E+002
  0.930003584179505E-009  0.117825354874375E+003  0.681237085977004E+002
  0.102301607452108E-008  0.117628055216487E+003  0.681445709744561E+002
  0.110546647544077E-008  0.117466375245013E+003  0.681617503443707E+002
  0.113700094741676E-008  0.117403466359991E+003  0.681684552899279E+002
  0.115823366028399E-008  0.117359806599921E+003  0.681731154409641E+002
  0.119597946597386E-008  0.117289012322751E+003  0.681806837958659E+002
  0.120870680868472E-008  0.117261185645628E+003  0.759204912723949E+002
  0.122223934919790E-008  0.117232262718618E+003  0.759173925821848E+002
  0.132158180586490E-008  0.117069317841238E+003  0.758998886697722E+002
  0.134773276259485E-008  0.117023473483929E+003  0.682092043770503E+002
  0.140839699816021E-008  0.116928761040923E+003  0.758847255161082E+002
  0.154387868902372E-008  0.116738414056103E+003  0.758640948913834E+002
  0.155415699751301E-008  0.116718487684693E+003  0.682422252435777E+002
  0.177984653461235E-008  0.116440644366039E+003  0.682725585070118E+002
  0.181206687832189E-008  0.116398106842997E+003  0.682772240133090E+002
  0.199315340843552E-008  0.116200951470036E+003  0.682989237050276E+002
  0.207501289935789E-008  0.116113797173195E+003  0.757955976295912E+002
  0.219152770766434E-008  0.115997878565375E+003  0.757827473113174E+002
  0.233982408814031E-008  0.115860269252196E+003  0.757674347417324E+002
  0.233593233335845E-008  0.115856942977757E+003  0.683370901424887E+002
  0.233642643097828E-008  0.115849864401268E+003  0.757662743677836E+002
  0.244994355499375E-008  0.115748324041685E+003  0.757549312533998E+002
  0.248540496034459E-008  0.115712927216164E+003  0.683531850862961E+002
  0.250930139574667E-008  0.115687134080310E+003  0.683560750815001E+002
  0.250202163072526E-008  0.115686289157393E+003  0.683561697892220E+002
  0.280992434918125E-008  0.115447516570002E+003  0.683830318571912E+002
  0.307991146802455E-008  0.115257374406935E+003  0.684045644609716E+002
  0.325665224466935E-008  0.115139121033753E+003  0.756861335859933E+002
  0.326991045003819E-008  0.115124339752964E+003  0.684197058341205E+002
  0.418273871685525E-008  0.114625276916409E+003  0.684770782766231E+002
  0.431772191601912E-008  0.114555097933220E+003  0.684852200858853E+002
  0.444312383470501E-008  0.114491182819993E+003  0.756115025724723E+002
  0.450511620415855E-008  0.114456815260245E+003  0.756075002881884E+002
  0.482153997653964E-008  0.114314400302004E+003  0.685132868992451E+002
  0.504001130295127E-008  0.114219114820842E+003  0.685244594661619E+002
  0.529677413250308E-008  0.114113079928100E+003  0.685369341862859E+002
  0.577676243670276E-008  0.113932933522544E+003  0.755459239275734E+002
  0.614519896199691E-008  0.113802622489022E+003  0.755304380517759E+002
  0.680877888293580E-008  0.113590883566082E+003  0.685990266050440E+002
  0.746290578170590E-008  0.113400763862678E+003  0.754822418491897E+002
  0.755966047958253E-008  0.113368345431040E+003  0.686258297195485E+002
  0.916372480612788E-008  0.112976836940495E+003  0.754306538056137E+002
  0.962339375249353E-008  0.112872292862040E+003  0.754178102038900E+002
  0.972183793218930E-008  0.112845281872091E+003  0.686896701344083E+002
  0.987629432091241E-008  0.112807100923107E+003  0.754097762790234E+002
  0.100375276820125E-007  0.112768058414006E+003  0.754049556610987E+002
  0.116422881487585E-007  0.112464776509400E+003  0.687368835347554E+002
  0.117659041851131E-007  0.112436997181813E+003  0.687403567790826E+002
  0.119684569575056E-007  0.112396204143481E+003  0.753586902319645E+002
  0.132062665319349E-007  0.112192714859105E+003  0.753330962950511E+002
  0.134266761822186E-007  0.112152955211561E+003  0.753280721600493E+002
  0.152738639863206E-007  0.111888500344128E+003  0.752944568486713E+002
  0.155450798113670E-007  0.111846642671541E+003  0.752891042494677E+002
  0.156486975216644E-007  0.111826700070640E+003  0.688176030190737E+002
  0.165069958080973E-007  0.111713251307758E+003  0.752719873128801E+002
  0.165540424436750E-007  0.111700903629584E+003  0.752703982406972E+002
  0.165290967875632E-007  0.111697264167145E+003  0.752699297139554E+002
  0.168028082541336E-007  0.111657761065190E+003  0.752648398805689E+002
  0.183617718397210E-007  0.111473655773918E+003  0.688631425531357E+002
  0.187444983397711E-007  0.111425741390706E+003  0.752347806751166E+002
  0.188717172221875E-007  0.111405557669471E+003  0.688720016209127E+002
  0.188933057428150E-007  0.111396615473652E+003  0.688731667693412E+002
  0.199163500081873E-007  0.111284493219418E+003  0.752163415025503E+002
  0.207111695318698E-007  0.111199573353614E+003  0.688989501906340E+002
  0.207515035152743E-007  0.111189026659503E+003  0.689003361972343E+002
  0.213680344237878E-007  0.111123816310949E+003  0.689089194661833E+002
  0.228421144944390E-007  0.110983740986234E+003  0.689274365061744E+002
  0.234799868051987E-007  0.110922000458184E+003  0.751685208357024E+002
  0.236469318614234E-007  0.110901174992991E+003  0.689384027740125E+002
  0.240714140531695E-007  0.110858936168605E+003  0.751601261499828E+002
  0.249289388329607E-007  0.110782271922102E+003  0.689542634742827E+002
  0.265664914468111E-007  0.110648373600186E+003  0.689722221978885E+002
  0.271594451903372E-007  0.110597569673203E+003  0.689790635916972E+002
  0.277354563123362E-007  0.110548940631167E+003  0.689856264069251E+002
  0.278776129082550E-007  0.110532060338875E+003  0.751162461675255E+002
  0.281388945603153E-007  0.110506747148015E+003  0.689913321020468E+002
  0.295651328369785E-007  0.110401205657894E+003  0.690056509495879E+002
  0.295853068088101E-007  0.110393185829346E+003  0.750974122149206E+002
  0.295922994607258E-007  0.110386057593885E+003  0.690077116189950E+002
  0.309550136309872E-007  0.110289360407322E+003  0.690208988502301E+002
  0.349471208737605E-007  0.110040102608069E+003  0.750489946324695E+002
  0.357025664920716E-007  0.109990674048118E+003  0.750421540355221E+002
  0.426367789099156E-007  0.109629029150421E+003  0.749916204211427E+002
  0.427102485220810E-007  0.109618930233893E+003  0.691139571713967E+002
  0.440748004498406E-007  0.109549376059514E+003  0.691237808753693E+002
  0.447037550958269E-007  0.109514381871430E+003  0.691287358729398E+002
  0.465258372124151E-007  0.109427825706144E+003  0.749631259575756E+002
  0.478775721070236E-007  0.109363891377417E+003  0.749540129899598E+002
  0.488746466789312E-007  0.109316012561885E+003  0.691569842367389E+002
  0.494705499256780E-007  0.109285119477058E+003  0.691614083442872E+002
  0.493919159729978E-007  0.109281645446859E+003  0.749422476960251E+002
  0.652938907554494E-007  0.108716766449081E+003  0.692440439420429E+002
  0.657009235177737E-007  0.108697681855593E+003  0.692468609853312E+002
  0.659108981533307E-007  0.108684644635490E+003  0.692487870139190E+002
  0.688207634849832E-007  0.108591585670684E+003  0.692625735244205E+002
  0.716082130405835E-007  0.108505521529677E+003  0.748287692784525E+002
  0.830287951291062E-007  0.108202910545016E+003  0.747832467314516E+002
  0.831315655671958E-007  0.108193780958377E+003  0.747818615473784E+002
  0.862032612866338E-007  0.108114558316628E+003  0.693343421003493E+002
  0.861650262369236E-007  0.108108790023794E+003  0.747689324308143E+002
  0.882300517768234E-007  0.108054767921922E+003  0.747606823202852E+002
  0.902896120993467E-007  0.108001962765591E+003  0.693515602699254E+002
  0.904513385018213E-007  0.107991727997732E+003  0.747510231474744E+002
  0.932860942598741E-007  0.107923354330627E+003  0.693636464799756E+002
  0.978633634975719E-007  0.107820896345777E+003  0.747246723159962E+002
  0.100215350012873E-006  0.107766742535824E+003  0.693878892989709E+002
  0.101521797818468E-006  0.107734182632442E+003  0.747111967888098E+002
  0.109616096506829E-006  0.107574105657434E+003  0.694180146350242E+002
  0.109902018549568E-006  0.107562240079808E+003  0.694198814947391E+002
  0.110117012178629E-006  0.107551675861415E+003  0.694215447211956E+002
  0.110269876657543E-006  0.107542245805774E+003  0.746811236951864E+002
  0.111601235833555E-006  0.107511587548703E+003  0.694278657996115E+002
  0.112106654446222E-006  0.107495894835818E+003  0.694303443589019E+002
  0.115793221229197E-006  0.107424528586024E+003  0.694416458687223E+002
  0.117862008526512E-006  0.107382456013684E+003  0.746558225338564E+002
  0.125484502654803E-006  0.107250464943039E+003  0.694694178662316E+002
  0.134280928584176E-006  0.107108305720361E+003  0.694923230086802E+002
  0.134851424387935E-006  0.107093171090341E+003  0.694947736313344E+002
  0.141659390767668E-006  0.106988011695432E+003  0.745922874842445E+002
  0.144279493523688E-006  0.106944702463230E+003  0.695189396009311E+002
  0.145937184875541E-006  0.106915198997262E+003  0.695237693373696E+002
  0.152143117919348E-006  0.106825252707955E+003  0.745656030933550E+002
  0.154989144620962E-006  0.106781530254464E+003  0.695457675978596E+002
  0.156842092865466E-006  0.106751105791231E+003  0.695508016712059E+002
  0.156768847971926E-006  0.106745384424561E+003  0.695517494685721E+002
  0.161016644636574E-006  0.106685258188481E+003  0.695617317507552E+002
  0.165525043021995E-006  0.106623373091803E+003  0.745321059676832E+002
  0.185043011825449E-006  0.106393785924246E+003  0.696107010214133E+002
  0.201681808035758E-006  0.106214924437452E+003  0.696412433540127E+002
  0.201979721704086E-006  0.106205316743176E+003  0.744612590506279E+002
  0.204287520068751E-006  0.106175938945194E+003  0.744562019616895E+002
  0.216045952197045E-006  0.106057357938901E+003  0.744356803934977E+002
  0.218577162389286E-006  0.106027406415856E+003  0.744304689881228E+002
  0.220132359285425E-006  0.106006571034833E+003  0.696773169715403E+002
  0.221380181488842E-006  0.105988610448239E+003  0.696804522960612E+002
  0.223135169624115E-006  0.105966162412296E+003  0.696843768182482E+002
  0.231224295614207E-006  0.105888285859168E+003  0.744061115086839E+002
  0.241987162009211E-006  0.105790637360809E+003  0.697152905755754E+002
  0.241813080941906E-006  0.105785421061214E+003  0.697162155386428E+002
  0.249194587779016E-006  0.105718627414250E+003  0.697280920386653E+002
  0.250024075377283E-006  0.105705325541185E+003  0.697304644836090E+002
  0.252775488633324E-006  0.105676780994366E+003  0.743685902447745E+002
  0.255315329954167E-006  0.105650130071746E+003  0.697403348393612E+002
  0.262804420997948E-006  0.105585653011818E+003  0.743522353524880E+002
  0.265096852262622E-006  0.105561627171011E+003  0.697562499829616E+002
  0.304558880134180E-006  0.105277433199584E+003  0.742960353951660E+002
  0.307348659815316E-006  0.105252540883758E+003  0.698127189238260E+002
  0.317695312416596E-006  0.105179665336520E+003  0.742779122502149E+002
  0.322566173927005E-006  0.105142578717855E+003  0.698331551581488E+002
  0.337387044783319E-006  0.105046078204645E+003  0.698512459072743E+002
  0.364581342510929E-006  0.104884384791906E+003  0.698818962450358E+002
  0.367638599448954E-006  0.104861027810794E+003  0.742177943578910E+002
  0.379034396119428E-006  0.104793319096636E+003  0.742048033688503E+002
  0.382266484424882E-006  0.104769681491043E+003  0.742002496191672E+002
  0.387735665933054E-006  0.104734614179894E+003  0.699106778552191E+002
  0.388438312510188E-006  0.104724337520989E+003  0.741914870400793E+002
  0.401267043757802E-006  0.104652696387295E+003  0.699265849766445E+002
  0.416444414836083E-006  0.104571789117655E+003  0.699424135988448E+002
  0.418049107122255E-006  0.104557441713762E+003  0.699452329253266E+002
  0.417790514382078E-006  0.104552023656861E+003  0.741578553908839E+002
  0.416466875757720E-006  0.104551714510046E+003  0.741577945699194E+002
  0.422045020588235E-006  0.104518448802354E+003  0.699529143295390E+002
  0.431357727261668E-006  0.104468141727585E+003  0.741412876805969E+002
  0.431761383715978E-006  0.104459615460128E+003  0.699645576933799E+002
  0.435700138013582E-006  0.104434797546434E+003  0.741346651860456E+002
  0.437892750574688E-006  0.104418102428638E+003  0.741313414409862E+002
  0.447625542538664E-006  0.104367480805123E+003  0.699829231639131E+002
  0.446201113546726E-006  0.104367199750415E+003  0.741211745327615E+002
  0.446273896224546E-006  0.104360217964219E+003  0.741197761460646E+002
  0.460173551508087E-006  0.104292220736848E+003  0.741061071488771E+002
  0.467440309322211E-006  0.104254229245129E+003  0.700057237367827E+002
  0.471643330268999E-006  0.104229670897461E+003  0.740934523804813E+002
  0.478004220742145E-006  0.104196222279809E+003  0.700175010440116E+002
  0.489044421193474E-006  0.104143899172067E+003  0.740759708380153E+002
  0.489250232952557E-006  0.104136402079516E+003  0.700297183309687E+002
  0.489578605045214E-006  0.104128404601372E+003  0.700313572814099E+002
  0.496287606617113E-006  0.104094527862529E+003  0.740658394203745E+002
  0.509105816810658E-006  0.104036871730762E+003  0.700502109858672E+002
  0.509220455386453E-006  0.104029765848628E+003  0.700516820700295E+002
  0.511635432547367E-006  0.104013647692209E+003  0.740491310465874E+002
  0.515850647647472E-006  0.103990582201158E+003  0.700598135130863E+002
  0.526444633863522E-006  0.103943268848674E+003  0.740344774748422E+002
  0.528382762040715E-006  0.103929263704509E+003  0.700726054453585E+002
  0.538704118476645E-006  0.103883917072942E+003  0.700821188411290E+002
  0.545506226903126E-006  0.103852166002008E+003  0.740153465440706E+002
  0.549403488180263E-006  0.103831272616887E+003  0.700932212214977E+002
  0.548320721714816E-006  0.103828562533419E+003  0.700937944643939E+002
  0.551493961923331E-006  0.103810365921599E+003  0.700976478067799E+002
  0.558001165579048E-006  0.103780250019297E+003  0.740001120267696E+002
  0.568428303540411E-006  0.103736566161386E+003  0.701133542743128E+002
  0.577739485477912E-006  0.103697414861582E+003  0.701217385492182E+002
  0.581526254772743E-006  0.103677693139159E+003  0.739781781787525E+002
  0.595058445775078E-006  0.103625030543186E+003  0.739668175920132E+002
  0.614305478490787E-006  0.103554709568039E+003  0.701526122396810E+002
  0.619587026918377E-006  0.103530932299666E+003  0.739463487131633E+002
  0.649473290123451E-006  0.103430059637433E+003  0.739241576839515E+002
  0.659905857339079E-006  0.103391533111373E+003  0.739156124783000E+002
  0.663474078158407E-006  0.103374092330745E+003  0.701924227774672E+002
  0.673932757926053E-006  0.103336155639410E+003  0.739032606268260E+002
  0.672583249289778E-006  0.103333508950559E+003  0.702014857464531E+002
  0.698346867657024E-006  0.103251673310747E+003  0.738842565732678E+002
  0.790490803334617E-006  0.102997141534155E+003  0.702783840203140E+002
  0.793781588714780E-006  0.102982177306721E+003  0.702818826607980E+002
  0.821555062275012E-006  0.102906740495502E+003  0.702996261629426E+002
  0.821254773236770E-006  0.102900816074907E+003  0.703010272612599E+002
  0.827377596188552E-006  0.102879304906015E+003  0.737980299626237E+002
  0.830665255518882E-006  0.102864717893573E+003  0.737945653087710E+002
  0.830332359764044E-006  0.102858863990058E+003  0.737931729724517E+002
  0.838513902889136E-006  0.102832598194465E+003  0.703172420061804E+002
  0.842317666093317E-006  0.102816890500391E+003  0.737831568810416E+002
  0.840323822927985E-006  0.102814974715609E+003  0.703214556335790E+002
  0.844842371520911E-006  0.102797593642740E+003  0.703256213763614E+002
  0.844768422811828E-006  0.102791113129403E+003  0.737769768258682E+002
  0.851202050449415E-006  0.102769283562170E+003  0.703324280915695E+002
  0.849488393753337E-006  0.102766658479791E+003  0.737710933525796E+002
  0.860512362836646E-006  0.102734215491580E+003  0.737632567682515E+002
  0.860317307688774E-006  0.102728013309315E+003  0.703423994245227E+002
  0.866457068082478E-006  0.102707135173238E+003  0.737566879472799E+002
  0.884244747044071E-006  0.102659836941217E+003  0.703590001925691E+002
  0.884160857244378E-006  0.102653371113427E+003  0.737435709061866E+002
  0.894085128540774E-006  0.102624391570383E+003  0.703676956908601E+002
  0.898170462411933E-006  0.102608618226041E+003  0.703715796915985E+002
  0.904394895198124E-006  0.102588150203495E+003  0.737275208454430E+002
  0.904470850436546E-006  0.102581326661173E+003  0.737258327625384E+002
  0.905706902568250E-006  0.102571939741877E+003  0.737235077373482E+002
  0.953785780693191E-006  0.102461837459512E+003  0.736959912809105E+002
  0.957850997431387E-006  0.102446675613047E+003  0.736921659109972E+002
  0.955334663199472E-006  0.102445281071003E+003  0.736918136165610E+002
  0.955494015608755E-006  0.102438291913221E+003  0.704141071216822E+002
  0.982973499698222E-006  0.102374929011787E+003  0.736739417113482E+002
  0.988848055372433E-006  0.102356356383550E+003  0.704349633150833E+002
  0.997764309384383E-006  0.102331748002830E+003  0.736628740098138E+002
  0.100474404381797E-005  0.102311150383027E+003  0.704465862016888E+002
  0.100617772765570E-005  0.102301643008006E+003  0.704490413623975E+002
  0.100835612865414E-005  0.102290662056290E+003  0.736522722257309E+002
  0.100866719445970E-005  0.102283389595170E+003  0.736503883203873E+002
  0.101141718660938E-005  0.102271288710077E+003  0.736472486978375E+002
  0.101283790542312E-005  0.102261825738565E+003  0.704593647893918E+002
  0.102554543284283E-005  0.102230233353201E+003  0.704676036044480E+002
  0.103019381080719E-005  0.102214533073595E+003  0.704717139756222E+002
  0.102839266844466E-005  0.102211377259565E+003  0.704725414664411E+002
  0.103188112808324E-005  0.102197948865052E+003  0.704760674040102E+002
  0.103199260483240E-005  0.102191077231437E+003  0.736262792034627E+002
  0.103287033211023E-005  0.102182721340176E+003  0.704800753140009E+002
  0.103075254659580E-005  0.102180170746962E+003  0.704807476339519E+002
  0.103134590674890E-005  0.102172364183576E+003  0.704828071837591E+002
  0.103498507336988E-005  0.102158663903546E+003  0.704864281801556E+002
  0.105149808169421E-005  0.102120350549243E+003  0.704965991814030E+002
  0.105626993812866E-005  0.102104639200981E+003  0.736033646348818E+002
  0.107769148967254E-005  0.102057828684808E+003  0.735908128187754E+002
  0.107426768898609E-005  0.102057537172509E+003  0.735907343315795E+002
  0.108116021522295E-005  0.102038090536372E+003  0.705186645514437E+002
  0.108646970259345E-005  0.102021637161932E+003  0.705231162093457E+002
  0.108819930978657E-005  0.102011800210148E+003  0.705257839165489E+002
  0.109605256709603E-005  0.101990762971451E+003  0.705315047644236E+002
  0.110041538557677E-005  0.101976162227827E+003  0.735686660057357E+002
  0.111745738802997E-005  0.101938770280666E+003  0.705457368111320E+002
  0.111990394095497E-005  0.101927740701756E+003  0.735553806901738E+002
  0.112380344511622E-005  0.101914133220246E+003  0.705525279221978E+002
  0.116121953340484E-005  0.101841973821099E+003  0.705725977291270E+002
  0.116142520303635E-005  0.101834964041877E+003  0.705745618977274E+002
  0.115810937068753E-005  0.101834026565048E+003  0.735293291889943E+002
  0.117558422655830E-005  0.101797418153841E+003  0.705851271754503E+002
  0.117881775352132E-005  0.101785268985010E+003  0.735155917286540E+002
  0.118137086599807E-005  0.101774286439681E+003  0.705916744074483E+002
  0.119572454818236E-005  0.101743477253285E+003  0.735037134310645E+002
  0.120710070769708E-005  0.101717883559329E+003  0.706077631634088E+002
  0.120339434784528E-005  0.101717378355207E+003  0.706079080813077E+002
  0.120534381481833E-005  0.101707485449473E+003  0.706107487994722E+002
  0.120395981844695E-005  0.101703127622887E+003  0.706120019141572E+002
  0.120370715831017E-005  0.101696891801979E+003  0.706137969543616E+002
  0.120517530447716E-005  0.101687798333899E+003  0.734877353512885E+002
  0.121094900854133E-005  0.101671584114660E+003  0.734830488441475E+002
  0.130321794585849E-005  0.101518064150398E+003  0.706662632594911E+002
  0.131179867999478E-005  0.101498283200609E+003  0.734319646401051E+002
  0.130749152761887E-005  0.101498205213461E+003  0.706722127435442E+002
  0.130927224707486E-005  0.101488827614960E+003  0.734291228823634E+002
  0.130734143733659E-005  0.101485123651363E+003  0.706761458668375E+002
  0.131758738924561E-005  0.101462854689448E+003  0.734212866946434E+002
  0.131566866883369E-005  0.101459113707326E+003  0.706839996497151E+002
  0.131549066547629E-005  0.101452728735393E+003  0.706859345138990E+002
  0.133022262307257E-005  0.101423799978566E+003  0.734094184993606E+002
  0.133339251853726E-005  0.101412384105632E+003  0.706982242487604E+002
  0.133218860085091E-005  0.101407535137535E+003  0.734044451154662E+002
  0.133395956057999E-005  0.101398222600748E+003  0.707025646474714E+002
  0.133932188439488E-005  0.101383543426912E+003  0.707070784920154E+002
  0.133521776989147E-005  0.101383025901503E+003  0.733969160620119E+002
  0.133393416329720E-005  0.101378293938594E+003  0.733954575785969E+002
  0.135456695091370E-005  0.101340939925600E+003  0.707202656952587E+002
  0.136285310554140E-005  0.101322087217054E+003  0.733780108731296E+002
  0.135910855667737E-005  0.101320934361287E+003  0.707265033489181E+002
  0.138088973228087E-005  0.101282480754793E+003  0.707385762143736E+002
  0.138086886055848E-005  0.101275855404220E+003  0.733634864407580E+002
  0.138386033102298E-005  0.101264871773908E+003  0.733600120536930E+002
  0.137995529069213E-005  0.101263867862956E+003  0.733596940320099E+002
  0.137793978325930E-005  0.101260135537989E+003  0.707456429526435E+002
  0.137513095742353E-005  0.101257560967084E+003  0.707464596253802E+002
  0.137069133137862E-005  0.101257372855579E+003  0.707465193157531E+002
  0.139837876530007E-005  0.101210720661792E+003  0.707614079332798E+002
  0.140602995663448E-005  0.101193151964330E+003  0.733370944354178E+002
  0.140807785090129E-005  0.101183585486953E+003  0.707701474115921E+002
  0.145090489256974E-005  0.101117006151595E+003  0.707918475075634E+002
  0.144975521622177E-005  0.101111935971098E+003  0.707935153544819E+002
  0.145812830313407E-005  0.101093762584237E+003  0.733046421937225E+002
  0.148947194588959E-005  0.101044570945470E+003  0.708158887754329E+002
  0.148530449183302E-005  0.101043519089625E+003  0.708162413317362E+002
  0.148693850993811E-005  0.101034664472189E+003  0.732849407904367E+002
  0.148426251650484E-005  0.101031611467707E+003  0.732839144579655E+002
  0.149619181319784E-005  0.101008945764129E+003  0.732762679926320E+002
  0.150380286802359E-005  0.100992142071078E+003  0.708335858172818E+002
  0.150107952817730E-005  0.100989111711760E+003  0.708346165602751E+002
  0.150420093132672E-005  0.100978301571874E+003  0.732658533298938E+002
  0.150762764209707E-005  0.100967094985992E+003  0.708421316691427E+002
  0.150715415543016E-005  0.100961067625960E+003  0.732599567910284E+002
  0.151131491420744E-005  0.100948898308424E+003  0.708483782705975E+002
  0.151547602153969E-005  0.100936743689762E+003  0.732515851095817E+002
  0.151110762841136E-005  0.100935861478718E+003  0.732512803766513E+002
  0.150714731837316E-005  0.100934454378043E+003  0.708533597932538E+002
  0.150505016450021E-005  0.100930583680620E+003  0.732494557022586E+002
  0.150452104828055E-005  0.100924631345100E+003  0.708567594892190E+002
  0.150977416863505E-005  0.100911004814434E+003  0.732426623416714E+002
  0.150833508923517E-005  0.100906256493908E+003  0.732410089487465E+002
  0.150615673531204E-005  0.100902491423207E+003  0.732396962929355E+002
  0.150960294963591E-005  0.100891264900793E+003  0.732357736322557E+002
  0.151868370938625E-005  0.100872614700559E+003  0.708749258010091E+002
  0.152397722784914E-005  0.100859000048807E+003  0.708797270673915E+002
  0.152284045660954E-005  0.100853836873367E+003  0.732226009352708E+002
  0.154181676683899E-005  0.100822413038368E+003  0.732114258230133E+002
  0.153898581886877E-005  0.100819433057236E+003  0.708937935003948E+002
  0.154524899124827E-005  0.100804654644161E+003  0.732050625880141E+002
  0.154325630690355E-005  0.100800579839372E+003  0.709005564362583E+002
  0.155418345893846E-005  0.100779812995444E+003  0.731961018794213E+002
  0.154973064926818E-005  0.100778895734773E+003  0.709083843020777E+002
  0.155389548740073E-005  0.100766872445400E+003  0.709127478339526E+002
  0.156204268762093E-005  0.100749758096999E+003  0.731851659566458E+002
  0.155747682077414E-005  0.100748957098066E+003  0.709192809126171E+002
  0.155261468598338E-005  0.100748554888550E+003  0.709194280163619E+002
  0.154754702384971E-005  0.100748437891989E+003  0.709194708101654E+002
  0.154431293216699E-005  0.100745966321310E+003  0.731837787553861E+002
  0.153938004142013E-005  0.100745709426074E+003  0.709204692594233E+002
  0.154333404318903E-005  0.100733923296861E+003  0.709247924122785E+002
  0.154297408388031E-005  0.100727734240815E+003  0.709270692106515E+002
  0.153822265384794E-005  0.100727246957175E+003  0.731769053037476E+002
  0.154854010352560E-005  0.100707221398262E+003  0.731695054315208E+002
  0.154696248172520E-005  0.100702604416842E+003  0.709363615734278E+002
  0.154835490417026E-005  0.100694149444394E+003  0.709395054537055E+002
  0.154897448091674E-005  0.100686693721017E+003  0.731618688048705E+002
  0.156799475966568E-005  0.100655629154578E+003  0.709539426713792E+002
  0.156866593965179E-005  0.100648117657785E+003  0.731473738535458E+002
  0.157111007569629E-005  0.100638348305755E+003  0.731436724769921E+002
  0.157631182275532E-005  0.100625081915881E+003  0.709655280008235E+002
  0.157156195078185E-005  0.100624461997759E+003  0.731383895797418E+002
  0.157277781132506E-005  0.100616259688281E+003  0.709688969750087E+002
  0.157396062974722E-005  0.100608100559580E+003  0.709720220829203E+002
  0.158958644433733E-005  0.100581687484026E+003  0.731219525499595E+002
  0.159959882205585E-005  0.100562473949658E+003  0.731144865686685E+002
  0.159442226051551E-005  0.100562301189641E+003  0.731144191996917E+002
  0.160388131804840E-005  0.100543815481539E+003  0.731071857135897E+002
  0.160005143828108E-005  0.100541941376975E+003  0.709977043664934E+002
  0.160375984660978E-005  0.100530655798759E+003  0.731020059437472E+002
  0.161890895407254E-005  0.100505196897492E+003  0.710122421203196E+002
  0.162540392712691E-005  0.100490533480863E+003  0.730860532891923E+002
  0.162216555044949E-005  0.100487866579316E+003  0.710191697743515E+002
  0.162933664064581E-005  0.100472389105247E+003  0.730787576854747E+002
  0.163735553892096E-005  0.100455914522913E+003  0.710320656851826E+002
  0.163612961870713E-005  0.100450756942825E+003  0.710341626085406E+002
  0.163489389311675E-005  0.100445612480667E+003  0.730678954588927E+002
  0.163908171088362E-005  0.100433840405361E+003  0.710410709114735E+002
  0.164052731049092E-005  0.100425421688544E+003  0.730596274067704E+002
  0.164294280257470E-005  0.100415823498941E+003  0.730556730984602E+002
  0.164436428739316E-005  0.100407438253874E+003  0.730522057092296E+002
  0.164110967657059E-005  0.100404745099716E+003  0.730510895076021E+002
  0.164489097553902E-005  0.100393486598183E+003  0.730464097541384E+002
  0.164089547840405E-005  0.100391694997031E+003  0.730456630172430E+002
  0.163942521447504E-005  0.100386832246468E+003  0.730436333948963E+002
  0.163820111110416E-005  0.100381670556441E+003  0.730414744454362E+002
  0.163812183259252E-005  0.100375111765874E+003  0.730387243238505E+002
  0.165872279081954E-005  0.100343461102552E+003  0.710788100940893E+002
  0.165549779488231E-005  0.100340697836559E+003  0.710799870178478E+002
  0.167017173277521E-005  0.100316392838114E+003  0.710904009946298E+002
  0.166913872171817E-005  0.100310974652420E+003  0.710927379371936E+002
  0.166727841165672E-005  0.100306549381192E+003  0.730095031163267E+002
  0.166430976774100E-005  0.100303458040692E+003  0.710959894204218E+002
  0.166249045662403E-005  0.100298989921341E+003  0.710979274589652E+002
  0.166149822354057E-005  0.100293528368221E+003  0.711003017575269E+002
  0.166431678458914E-005  0.100283482868012E+003  0.729994695988512E+002
  0.165990705331928E-005  0.100282133469445E+003  0.729988793427528E+002
  0.165476429728793E-005  0.100281683946650E+003  0.711054713394858E+002
  0.165733311757137E-005  0.100271926017135E+003  0.729944024061636E+002
  0.165632505576019E-005  0.100266487293716E+003  0.729920083020602E+002
  0.165219177097728E-005  0.100264828861377E+003  0.729912770526484E+002
  0.164842970101472E-005  0.100262732509353E+003  0.711138020728812E+002
  0.164329621509510E-005  0.100262314982046E+003  0.711139864437806E+002
  0.165289957440860E-005  0.100244005498878E+003  0.729820465134884E+002
  0.165356708902384E-005  0.100236542392481E+003  0.729787159000526E+002
  0.165341046145716E-005  0.100230076263315E+003  0.729758205052112E+002
  0.165941615877646E-005  0.100216169227395E+003  0.711345916973823E+002
  0.165476184255866E-005  0.100215131111662E+003  0.711350605675177E+002
  0.165385585521855E-005  0.100209570837668E+003  0.729665779846251E+002
  0.165353010410070E-005  0.100203309225557E+003  0.729637369795051E+002
  0.165115743665708E-005  0.100199525526990E+003  0.729620159485610E+002
  0.165233967340080E-005  0.100191438449510E+003  0.729583265498340E+002
  0.166010660855688E-005  0.100175403759472E+003  0.729509666010166E+002
  0.165839976448024E-005  0.100170805543697E+003  0.729488448678696E+002
  0.165608261890083E-005  0.100166946353040E+003  0.711570937122194E+002
  0.166439134433973E-005  0.100150281668284E+003  0.729393127688578E+002
  0.166297155443131E-005  0.100145332893203E+003  0.711671549709759E+002
  0.166877680205147E-005  0.100131707694818E+003  0.729305971332480E+002
  0.167093654344562E-005  0.100122465375627E+003  0.711779260718923E+002
  0.167012955804659E-005  0.100116775936655E+003  0.711806266037567E+002
  0.166776866556783E-005  0.100112949553425E+003  0.711824475398283E+002
  0.166242387208854E-005  0.100112713779912E+003  0.711825598667221E+002
  0.165950057563084E-005  0.100109578204180E+003  0.711840550955076E+002
  0.165555196958830E-005  0.100107687082905E+003  0.711849581409249E+002
  0.165218598651143E-005  0.100105101939113E+003  0.711861941186142E+002
  0.164925591930092E-005  0.100101996405317E+003  0.729164727339144E+002
  0.165160721030159E-005  0.100092491520201E+003  0.729119052386760E+002
  0.164867370821615E-005  0.100089391398390E+003  0.711937437256760E+002
  0.164744596618953E-005  0.100084225742364E+003  0.729079133699956E+002
  0.164209439375459E-005  0.100084077548100E+003  0.711963123382745E+002
  0.163970042494521E-005  0.100080339845925E+003  0.711981236998241E+002
  0.163997618013289E-005  0.100073347945764E+003  0.729026315046647E+002
  0.163911894069777E-005  0.100067738068034E+003  0.728998946897065E+002
  0.164560449041488E-005  0.100053184644050E+003  0.712114007989850E+002
  0.164134701890871E-005  0.100051710124644E+003  0.712121277488865E+002
  0.164956899250690E-005  0.100035060985612E+003  0.712203799979408E+002
  0.164770243626133E-005  0.100030669770354E+003  0.728815837566317E+002
  0.166344921221721E-005  0.100004991328830E+003  0.728686584615907E+002
  0.166246784284624E-005  0.999995160178859E+002  0.728658759001528E+002
  0.166578884045239E-005  0.999888691605554E+002  0.728604377304628E+002
  0.166630770271557E-005  0.999815907145429E+002  0.712474550532294E+002
  0.166150465033342E-005  0.999807083633833E+002  0.712479094834170E+002
  0.165604970462358E-005  0.999806298578044E+002  0.712479499279519E+002
  0.165299865190734E-005  0.999776624117920E+002  0.712494801924551E+002
  0.165041682901856E-005  0.999741330788854E+002  0.712513040203582E+002
  0.164720046163875E-005  0.999713789440362E+002  0.712527301454405E+002
  0.165119894050238E-005  0.999598743685234E+002  0.728454388930325E+002
  0.164714165445144E-005  0.999581391875273E+002  0.728445322912419E+002
  0.164360337831992E-005  0.999557844905278E+002  0.712608536277183E+002
  0.164406272727338E-005  0.999485700349071E+002  0.728395138255591E+002
  0.164057692628483E-005  0.999461594284965E+002  0.728382445507467E+002
  0.164173793758173E-005  0.999380889793623E+002  0.728339801602081E+002
  0.164346566590872E-005  0.999293297505818E+002  0.728293253448252E+002
  0.164296419872331E-005  0.999232845192674E+002  0.712780574983467E+002
  0.163952783876453E-005  0.999208164419608E+002  0.728247743451330E+002
  0.165299897612260E-005  0.998977950572925E+002  0.728123312647985E+002
  0.164969124695960E-005  0.998951455812774E+002  0.728108861278548E+002
  0.164537031752272E-005  0.998937353439533E+002  0.728101158009419E+002
  0.164365245041321E-005  0.998891689767494E+002  0.728076160832261E+002
  0.163845702893425E-005  0.998888452095046E+002  0.728074385327177E+002
  0.163973730130058E-005  0.998806274614885E+002  0.713012360190012E+002
  0.163667506464782E-005  0.998777104064976E+002  0.728013067195365E+002
  0.163876251307930E-005  0.998685056112354E+002  0.727961995912878E+002
  0.163336403049540E-005  0.998684493937705E+002  0.727961682922624E+002
  0.163074553683981E-005  0.998650026448616E+002  0.727942467964251E+002
  0.163114073997489E-005  0.998578624332655E+002  0.727902503537067E+002
  0.163252677291898E-005  0.998495081101513E+002  0.727855467179096E+002
  0.163051954261787E-005  0.998453130902647E+002  0.727831734326578E+002
  0.162707411724103E-005  0.998428881502652E+002  0.727817980296985E+002
  0.162860178273147E-005  0.998343556441824E+002  0.727769377263136E+002
  0.163808744734223E-005  0.998160850120552E+002  0.727664191621605E+002
  0.163279827385390E-005  0.998158976225060E+002  0.727663104778049E+002
  0.162778510743765E-005  0.998153920710490E+002  0.713381367898251E+002
  0.162305995237862E-005  0.998145505586518E+002  0.713386252646702E+002
  0.161783665011435E-005  0.998143417213620E+002  0.713387465407903E+002
  0.161461556018966E-005  0.998116720822286E+002  0.713402986757120E+002
  0.161038969497837E-005  0.998102578797100E+002  0.727630316999312E+002
  0.160512403102066E-005  0.998101526290997E+002  0.727629703666302E+002
  0.161230618657957E-005  0.997945679757065E+002  0.713503244987800E+002
  0.160864229235991E-005  0.997924624786088E+002  0.727525853837648E+002
  0.160393479140221E-005  0.997916682417677E+002  0.713520384552880E+002
  0.160120944102579E-005  0.997884138826640E+002  0.727501869367349E+002
  0.159806282526672E-005  0.997856924681411E+002  0.727485700894442E+002
  0.159310432608885E-005  0.997852521727506E+002  0.713558458213418E+002
  0.159499336269715E-005  0.997762264809642E+002  0.727429166834576E+002
  0.159232328065273E-005  0.997729217855108E+002  0.727409320818688E+002
  0.159843376852090E-005  0.997586059601310E+002  0.727322679862163E+002
  0.159412619978384E-005  0.997573473922414E+002  0.713726529660852E+002
  0.159150044867258E-005  0.997539888107262E+002  0.713747039673355E+002
  0.158928546856115E-005  0.997501186810894E+002  0.713770750861892E+002
  0.158535310210588E-005  0.997484178299277E+002  0.713781197882424E+002
  0.158269770388285E-005  0.997451149722933E+002  0.713801531192807E+002
  0.157995748166164E-005  0.997419251166288E+002  0.713821227412617E+002
  0.157663457962778E-005  0.997394802842332E+002  0.713836362666713E+002
  0.157210283635682E-005  0.997385816101358E+002  0.713841934720484E+002
  0.156864246808208E-005  0.997363330981327E+002  0.727185643104897E+002
  0.157332031233008E-005  0.997237221988921E+002  0.713934750976477E+002
  0.157072908878361E-005  0.997203632897224E+002  0.727085626143175E+002
  0.156727023544425E-005  0.997181167031445E+002  0.727071433523509E+002
  0.156524889914105E-005  0.997140422233412E+002  0.713995925117378E+002
  0.156195628543628E-005  0.997115982183191E+002  0.714011461295360E+002
  0.155751068000833E-005  0.997106431100244E+002  0.727023996831346E+002
  0.155371842628095E-005  0.997088631021301E+002  0.727012647583958E+002
  0.155673381796419E-005  0.996983297673405E+002  0.726945077175088E+002
  0.155689328918833E-005  0.996914693184039E+002  0.726900683172357E+002
  0.155405855232918E-005  0.996884585874970E+002  0.726881102886289E+002
  0.155902830830564E-005  0.996754173709054E+002  0.714245955830817E+002
  0.155756071231400E-005  0.996706453834432E+002  0.714277541333209E+002
  0.155353005892733E-005  0.996691721086784E+002  0.714287325185083E+002
  0.155137929011012E-005  0.996652873265028E+002  0.714313197524930E+002
  0.154859748804868E-005  0.996622211961840E+002  0.726707845593837E+002
  0.154796595595468E-005  0.996563814004825E+002  0.726668618504928E+002
  0.154988898990971E-005  0.996472427676873E+002  0.726606725063512E+002
  0.154673671046169E-005  0.996446590784464E+002  0.726589111982298E+002
  0.154290267195080E-005  0.996429672367488E+002  0.714463988794988E+002
  0.153979518187199E-005  0.996403438274459E+002  0.726559580247083E+002
  0.153489476635989E-005  0.996400634197090E+002  0.726557656257529E+002
  0.153292306424063E-005  0.996359786602172E+002  0.726529559238980E+002
  0.153125594226445E-005  0.996314993525501E+002  0.714542943184219E+002
  0.152943782180798E-005  0.996272198619842E+002  0.726468864447410E+002
  0.152486110716148E-005  0.996265580868303E+002  0.726464253439367E+002
  0.152061020115886E-005  0.996254857590652E+002  0.726456774246267E+002
  0.151964665276457E-005  0.996200978986455E+002  0.726419051858215E+002
  0.151469149166515E-005  0.996199744388348E+002  0.714623355052322E+002
  0.151152418970506E-005  0.996175053456022E+002  0.714640725491561E+002
  0.150804108002250E-005  0.996154638219665E+002  0.726386412930452E+002
  0.150663990516267E-005  0.996106673770828E+002  0.714689101675977E+002
  0.150677404063231E-005  0.996038337457274E+002  0.726303688233701E+002
  0.150401903945946E-005  0.996008383333031E+002  0.714759350176866E+002
  0.150020140872629E-005  0.995992657792857E+002  0.726270870785917E+002
  0.149524957078179E-005  0.995992226824816E+002  0.714770979419803E+002
  0.149093400986305E-005  0.995983478104230E+002  0.726264253233625E+002
  0.148690194732942E-005  0.995971083311320E+002  0.726255305825660E+002
  0.148539454067432E-005  0.995924813598562E+002  0.714819758559389E+002
  0.148063829450880E-005  0.995922400717662E+002  0.714821512220647E+002
  0.147831514493751E-005  0.995887249939188E+002  0.714847120971608E+002
  0.147514714837718E-005  0.995863599682904E+002  0.726177123317320E+002
  0.147262554536303E-005  0.995831260951241E+002  0.726153388083408E+002
  0.146879152099589E-005  0.995816843645249E+002  0.726142774107402E+002
  0.146758606328476E-005  0.995766708862072E+002  0.726105708005237E+002
  0.146443277436876E-005  0.995743171748792E+002  0.726088221211567E+002
  0.145997262862701E-005  0.995737621841612E+002  0.726084089924508E+002
  0.145519076423295E-005  0.995736679770978E+002  0.714958151341902E+002
  0.145065989010110E-005  0.995732493007903E+002  0.726080269350265E+002
  0.145036871274321E-005  0.995669952021465E+002  0.715008071417317E+002
  0.144564089265422E-005  0.995668697443479E+002  0.715009014317006E+002
  0.144118067245705E-005  0.995663942811467E+002  0.726028950487704E+002
  0.143690872240653E-005  0.995656759080480E+002  0.726023544812261E+002
  0.143329351919087E-005  0.995640585862475E+002  0.726011355171774E+002
  0.143396396939353E-005  0.995564676869043E+002  0.715087762000843E+002
  0.143040088142485E-005  0.995547878552595E+002  0.715100586287405E+002
  0.142748805740180E-005  0.995522091655258E+002  0.725921207741006E+002
  0.142616640809379E-005  0.995474061563767E+002  0.725884236118556E+002
  0.142411447863102E-005  0.995436301938835E+002  0.715186549323188E+002
  0.142248616740501E-005  0.995392626921553E+002  0.715220577956319E+002
  0.142270065543662E-005  0.995323055668759E+002  0.725766300635392E+002
  0.141932132212964E-005  0.995304062270382E+002  0.715290261153639E+002
  0.141704903054966E-005  0.995269551537170E+002  0.715317667077335E+002
  0.141360657642866E-005  0.995251641085314E+002  0.725709592379965E+002
  0.140977787830385E-005  0.995239327991573E+002  0.725699752149039E+002
  0.140517061014964E-005  0.995238240844470E+002  0.725698882437413E+002
  0.140107715418508E-005  0.995230032832429E+002  0.715349228342577E+002
  0.140021777038737E-005  0.995175748267240E+002  0.725648640785590E+002
  0.139577080748254E-005  0.995172811704603E+002  0.715395271908934E+002
  0.139144716045353E-005  0.995168305595982E+002  0.725642624318800E+002
  0.138754451075818E-005  0.995157923438712E+002  0.725634219821226E+002
  0.138375515554166E-005  0.995146061939668E+002  0.725624600838166E+002
  0.137967180958714E-005  0.995138611719079E+002  0.715422989831130E+002
  0.137566303464213E-005  0.995130252514012E+002  0.725611752062763E+002
  0.137238184852782E-005  0.995111457033596E+002  0.725596434113510E+002
  0.136980657545029E-005  0.995082466467043E+002  0.715468823393662E+002
  0.136584782319023E-005  0.995073794512292E+002  0.725565599920829E+002
  0.136237177518204E-005  0.995058203081360E+002  0.725552779965202E+002
  0.135894230014765E-005  0.995042056409140E+002  0.715502070747067E+002
  0.135558407855010E-005  0.995024985826323E+002  0.725525357775724E+002
  0.135399964822760E-005  0.994981820045415E+002  0.715552043134516E+002
  0.134984201651861E-005  0.994976771321288E+002  0.725485285266979E+002
  0.134679810239514E-005  0.994955366748847E+002  0.715574148451792E+002
  0.134361385538841E-005  0.994936153116795E+002  0.725451273515007E+002
  0.134002186111018E-005  0.994923136569934E+002  0.725440324327079E+002
  0.133678239445247E-005  0.994904988764032E+002  0.725425018055577E+002
  0.133330876574418E-005  0.994890470596245E+002  0.715628801073221E+002
  0.133228177133701E-005  0.994839325930404E+002  0.715672306862830E+002
  0.133292333575394E-005  0.994763141384742E+002  0.715737846342507E+002
  0.132862122895696E-005  0.994761241431237E+002  0.725302047393059E+002
  0.132430591417344E-005  0.994759750644089E+002  0.725300755503809E+002
  0.132022978687224E-005  0.994754848470545E+002  0.715745034790599E+002
  0.131594282274007E-005  0.994753341033061E+002  0.715746342627169E+002
  0.131475295107319E-005  0.994704877353601E+002  0.715788581797874E+002
  0.131154067401915E-005  0.994687246449180E+002  0.725237497611175E+002
  0.130785755867293E-005  0.994676934371211E+002  0.715813108129279E+002
  0.130742209124230E-005  0.994617038926840E+002  0.725175424299851E+002
  0.130906965073360E-005  0.994525295815084E+002  0.725093040582382E+002
  0.130620022346943E-005  0.994502627314406E+002  0.715969084760781E+002
  0.130195275368733E-005  0.994501212991204E+002  0.725071167477255E+002
  0.129816185815913E-005  0.994492976129554E+002  0.715977877476369E+002
  0.129437886893831E-005  0.994484787656186E+002  0.715985350954872E+002
  0.129104395142936E-005  0.994469827583004E+002  0.715999036653604E+002
  0.128701810674305E-005  0.994465734947170E+002  0.725038751815265E+002
  0.128320669528014E-005  0.994458495579486E+002  0.716009430975055E+002
  0.127931078250934E-005  0.994452753657831E+002  0.725026832769127E+002
  0.127680473239785E-005  0.994425414407809E+002  0.725001626960345E+002
  0.127389242827061E-005  0.994404529341591E+002  0.716059263960646E+002
  0.127027276737269E-005  0.994394882789913E+002  0.716068230444625E+002
  0.126676785708584E-005  0.994383586844489E+002  0.724962786646800E+002
  0.126301904738283E-005  0.994376305797208E+002  0.724955990841689E+002
  0.125937784216717E-005  0.994367492022550E+002  0.716093789195495E+002
  0.125613522921178E-005  0.994352498103452E+002  0.716107842949843E+002
  0.125196389896842E-005  0.994352468126555E+002  0.716107871091926E+002
  0.124807869042940E-005  0.994348074652387E+002  0.724929542100586E+002
  0.125172364930992E-005  0.994223194855781E+002  0.724810591109780E+002
  0.124821280416342E-005  0.994212814041092E+002  0.724800554304111E+002
  0.124407918135042E-005  0.994212600812698E+002  0.724800347895157E+002
  0.124030216459628E-005  0.994206857247585E+002  0.716246755425891E+002
  0.123748928548012E-005  0.994185710922376E+002  0.724774237715131E+002
  0.123347717551792E-005  0.994184103205434E+002  0.724772671536415E+002
  0.122942198139822E-005  0.994183407961011E+002  0.724771994076160E+002
  0.122542186720351E-005  0.994182031339290E+002  0.724770652349444E+002
  0.122139938570044E-005  0.994181234082275E+002  0.716271664587454E+002
  0.121744068021130E-005  0.994179606014244E+002  0.724768287471120E+002
  0.121452135975146E-005  0.994161066124055E+002  0.716291373731150E+002
  0.121335001151534E-005  0.994113808681099E+002  0.716337919816847E+002
  0.121119492342149E-005  0.994082807405464E+002  0.716368737857630E+002
  0.120765645721954E-005  0.994074766463256E+002  0.716376768705162E+002
  0.120452573351342E-005  0.994060125901902E+002  0.716391430994137E+002
  0.120117361036734E-005  0.994049306496604E+002  0.716402299997629E+002
  0.119753510874982E-005  0.994043425079749E+002  0.716408220427775E+002
  0.119606044551000E-005  0.994001512763279E+002  0.724590879585460E+002
  0.119240095928254E-005  0.993996243094560E+002  0.724585512252121E+002
  0.118940169772448E-005  0.993980056925716E+002  0.716472558094331E+002
  0.118560488863684E-005  0.993977447259320E+002  0.724566310071144E+002
  0.118362755538623E-005  0.993944274990006E+002  0.724532196394541E+002
  0.117986215915074E-005  0.993941445286016E+002  0.724529272946586E+002
  0.117604607924956E-005  0.993939681196784E+002  0.724527449336243E+002
  0.117303331274173E-005  0.993924426652265E+002  0.724511645339621E+002
  0.116997626181992E-005  0.993910061036739E+002  0.716544834839738E+002
  0.116757538517138E-005  0.993884588861780E+002  0.716571465292369E+002
  0.116382733038990E-005  0.993882338689930E+002  0.724467713273281E+002
  0.115997111102685E-005  0.993882160811980E+002  0.724467526563784E+002
  0.115800176838512E-005  0.993849588895496E+002  0.716608352422035E+002
  0.115448427833048E-005  0.993843876578903E+002  0.724427133890782E+002
  0.115116569193128E-005  0.993834893934010E+002  0.724417595898598E+002
  0.114771370095147E-005  0.993828402067394E+002  0.724410688117110E+002
  0.114577330351463E-005  0.993795688147287E+002  0.716665849732890E+002
  0.114231422762888E-005  0.993789603432731E+002  0.716672394415156E+002
  0.113912735881530E-005  0.993778922318273E+002  0.724357629739875E+002
  0.113560833352953E-005  0.993774246727028E+002  0.724352577993759E+002
  0.113367935597444E-005  0.993741692396713E+002  0.724317218308569E+002
  0.113004372573119E-005  0.993739378257606E+002  0.716726847491613E+002
  0.112745428785834E-005  0.993718704028943E+002  0.724292049216475E+002
  0.112443066055230E-005  0.993705856639240E+002  0.724277909652290E+002
  0.112111585436575E-005  0.993698347640867E+002  0.724269620713972E+002
  0.111855475952109E-005  0.993677532421492E+002  0.724246547062830E+002
  0.111522688233281E-005  0.993670568472091E+002  0.716802744130751E+002
  0.111166132514524E-005  0.993668058278321E+002  0.716805542166296E+002
  0.110827493766455E-005  0.993662520266286E+002  0.724229817012430E+002
  0.110624020641353E-005  0.993632717102211E+002  0.716845161975225E+002
  0.110264055343798E-005  0.993631346460688E+002  0.724194832533441E+002
  0.109971458657298E-005  0.993617933197626E+002  0.724179676712055E+002
  0.109635542234271E-005  0.993612562455202E+002  0.724173590609903E+002
  0.109403720698820E-005  0.993588340912312E+002  0.724146015917122E+002
  0.109098624422738E-005  0.993577637412491E+002  0.716907776081879E+002
  0.108771771392462E-005  0.993571090364789E+002  0.724126248680410E+002
  0.108559557580043E-005  0.993543592692451E+002  0.724094513318959E+002
  0.108371632104695E-005  0.993511688527852E+002  0.724057335508210E+002
  0.108039573389406E-005  0.993506508286497E+002  0.716990277648301E+002
  0.107880714718612E-005  0.993469381622748E+002  0.724007424090326E+002
  0.107555859065006E-005  0.993463141651975E+002  0.724000001917012E+002
  0.107218583191657E-005  0.993459400800923E+002  0.717045994958653E+002
  0.106896896829525E-005  0.993452940906967E+002  0.717053705337984E+002
  0.106599845507718E-005  0.993442039633654E+002  0.723974783820573E+002
  0.106265621998592E-005  0.993438288529564E+002  0.717071257953323E+002
  0.105979992722899E-005  0.993425562711147E+002  0.723954964227111E+002
  0.105681654642372E-005  0.993415387133451E+002  0.717098872700693E+002
  0.105366650751142E-005  0.993408534085346E+002  0.723934360090171E+002
  0.105078183365517E-005  0.993396808342402E+002  0.723920099680799E+002
  0.104738975820069E-005  0.993394919861809E+002  0.717123742310868E+002
  0.104432473555186E-005  0.993386976740637E+002  0.723908096583571E+002
  0.104118208427202E-005  0.993380697004605E+002  0.723900407538386E+002
  0.103813832983631E-005  0.993372694114349E+002  0.717150956495593E+002
  0.103541849158444E-005  0.993358605450769E+002  0.717168321676516E+002
  0.103305637192099E-005  0.993337728148218E+002  0.723847318717208E+002
  0.103010118013943E-005  0.993328466929604E+002  0.723835764939643E+002
  0.102726195937440E-005  0.993317112322191E+002  0.723821544380687E+002
  0.102537319434379E-005  0.993287363169785E+002  0.723783992549052E+002
  0.102334506116650E-005  0.993260405469513E+002  0.717291952542988E+002
  0.102000242041502E-005  0.993259284328446E+002  0.717293391369683E+002
  0.101685727789594E-005  0.993254493114921E+002  0.723741992235765E+002
  0.101379931040189E-005  0.993248173392831E+002  0.717307685524209E+002
  0.101053398425663E-005  0.993246139159355E+002  0.717310309446461E+002
  0.100742155185823E-005  0.993241278173087E+002  0.723724951445334E+002
  0.100441619480541E-005  0.993234475883529E+002  0.723716144401077E+002
  0.100126879399386E-005  0.993230689727212E+002  0.717330307829188E+002
  0.998032045397505E-006  0.993228891591846E+002  0.723708896135583E+002
  0.995441850800884E-006  0.993214309303350E+002  0.723689890538418E+002
  0.992724990900373E-006  0.993202414137307E+002  0.723674302334916E+002
  0.989602273705677E-006  0.993198869521012E+002  0.723669642314250E+002
  0.987467835083999E-006  0.993175497609127E+002  0.723638741475505E+002
  0.985052865779268E-006  0.993157914079357E+002  0.723615290272142E+002
  0.982030046875448E-006  0.993152826378595E+002  0.723608471567618E+002
  0.978964530763243E-006  0.993148800451006E+002  0.717438474499564E+002
  0.975847965795030E-006  0.993146016854707E+002  0.723599321584481E+002
  0.972653123192170E-006  0.993145046758378E+002  0.723598015848302E+002
  0.969435631467232E-006  0.993144759702706E+002  0.717443910326137E+002
  0.966365865818772E-006  0.993141635367890E+002  0.723593419757643E+002
  0.964328438790956E-006  0.993117290863377E+002  0.723560419202327E+002
  0.961215749649424E-006  0.993115396093382E+002  0.717483704017133E+002
  0.958207612055337E-006  0.993111528703411E+002  0.717488984046819E+002
  0.955400595335965E-006  0.993103647790636E+002  0.717499772180043E+002
  0.952599142031944E-006  0.993095822716303E+002  0.723531017566525E+002
  0.949585025386898E-006  0.993092649192976E+002  0.717514892816467E+002
  0.946719764493201E-006  0.993086532263386E+002  0.723518204447952E+002
  0.943795841152446E-006  0.993081841609081E+002  0.717529825312452E+002
  0.941522254563004E-006  0.993063523559716E+002  0.723486233192373E+002
  0.938440053630785E-006  0.993062547874664E+002  0.723484869828261E+002
  0.935621686569927E-006  0.993056147384135E+002  0.717565629127745E+002
  0.932608628130367E-006  0.993054103136950E+002  0.717568496346985E+002
  0.929701555024449E-006  0.993049987534231E+002  0.717574277270045E+002
  0.926662478901989E-006  0.993048916277046E+002  0.723465755837694E+002
  0.923956057502170E-006  0.993040858178010E+002  0.717587141352135E+002
  0.921135678676909E-006  0.993035445808033E+002  0.717594794571193E+002
  0.918109484920757E-006  0.993034703885630E+002  0.723445694467600E+002
  0.915093713437042E-006  0.993033951464590E+002  0.723444628558141E+002
  0.912078690103182E-006  0.993033399857294E+002  0.723443846882464E+002
  0.909063421409134E-006  0.993033072197228E+002  0.723443382460577E+002
  0.906129716086582E-006  0.993031164235129E+002  0.723440676668034E+002
  0.903360621178859E-006  0.993025821185006E+002  0.717608453696099E+002
  0.901505491302928E-006  0.993000379358675E+002  0.717644872751620E+002
  0.898967358502902E-006  0.992990211732441E+002  0.717659556986319E+002
  0.896520097951727E-006  0.992978176212706E+002  0.723364502837235E+002
  0.893799400666630E-006  0.992972407312444E+002  0.723356086128239E+002
  0.890871733082001E-006  0.992971469655143E+002  0.723354715743492E+002
  0.888037933431265E-006  0.992968633829658E+002  0.717690972545096E+002
  0.885361852172337E-006  0.992962438546891E+002  0.717700056989911E+002
  0.882623537103279E-006  0.992957836136176E+002  0.717706824715320E+002
  0.880157186616643E-006  0.992947245368720E+002  0.723319079364442E+002
  0.877273149569634E-006  0.992946331762215E+002  0.717723813223507E+002
  0.874409455300800E-006  0.992945169013009E+002  0.717725536000306E+002
  0.871933303101864E-006  0.992935329542390E+002  0.717740157295646E+002
  0.869252580139991E-006  0.992930357632429E+002  0.717747574792008E+002
  0.866686165083600E-006  0.992922937947751E+002  0.723282858575745E+002
  0.863984442567940E-006  0.992918825564036E+002  0.717764856115197E+002
  0.861399318417125E-006  0.992912201381888E+002  0.723266707766870E+002
  0.858903663156352E-006  0.992903673893378E+002  0.717787727670449E+002
  0.856216441835621E-006  0.992899789469740E+002  0.723247917568411E+002
  0.853374922670275E-006  0.992899717901277E+002  0.717793730848635E+002
  0.850758339302867E-006  0.992894579489296E+002  0.717801548124021E+002
  0.848385160891700E-006  0.992883891363223E+002  0.723223658866818E+002
  0.845573178861661E-006  0.992883735886501E+002  0.717818119143353E+002
  0.843456875420548E-006  0.992867298897945E+002  0.723198106251135E+002
  0.840684392718743E-006  0.992866592327597E+002  0.723197012707572E+002
  0.837954154020402E-006  0.992865094989012E+002  0.723194693831130E+002
  0.835522492807321E-006  0.992856661609818E+002  0.717859944090589E+002
  0.832866171885307E-006  0.992853791763708E+002  0.717864416094808E+002
  0.830099269191101E-006  0.992853789485557E+002  0.723177120047471E+002
  0.827374090299364E-006  0.992853000806458E+002  0.723175889748933E+002
  0.824905886830058E-006  0.992846197718174E+002  0.717876286174370E+002
  0.822764246548428E-006  0.992831633912639E+002  0.717899200896459E+002
  0.820966076582406E-006  0.992808836400282E+002  0.723106061375117E+002
  0.818439155405111E-006  0.992803935230953E+002  0.717943344181528E+002
  0.816029677506537E-006  0.992796346099995E+002  0.723085968167946E+002
  0.813345368694120E-006  0.992795688232375E+002  0.717956634207174E+002
  0.810703317547236E-006  0.992794205688486E+002  0.717959030635686E+002
  0.808290648634189E-006  0.992787259020440E+002  0.717970289431959E+002
  0.805641677580496E-006  0.992786355870543E+002  0.723069782832189E+002
  0.803592501042200E-006  0.992770735542796E+002  0.717997271655951E+002
  0.801254427951055E-006  0.992762455074324E+002  0.718010902456109E+002
  0.798804387486961E-006  0.992757148080458E+002  0.718019677566647E+002
  0.796251056454236E-006  0.992754623487636E+002  0.723017676891491E+002
  0.793815854257433E-006  0.992749328104054E+002  0.718032664291375E+002
  0.791493062634130E-006  0.992741380268402E+002  0.722995606514401E+002
  0.788872490085470E-006  0.992741152790297E+002  0.722995225692956E+002
  0.786331745378198E-006  0.992739115527778E+002  0.718049727203103E+002
  0.783762812951580E-006  0.992738006350279E+002  0.722989952208199E+002
  0.781248375456866E-006  0.992735716917303E+002  0.722986107991207E+002
  0.778921576670769E-006  0.992728816167978E+002  0.722974484416989E+002
  0.776367633354627E-006  0.992727944499860E+002  0.722973012266039E+002
  0.774095912046351E-006  0.992719996278704E+002  0.718081992089671E+002
  0.771780284601440E-006  0.992713358060985E+002  0.722948244917541E+002
  0.769297258674292E-006  0.992711251399584E+002  0.718096892742040E+002
  0.766896219326336E-006  0.992707214839935E+002  0.722937737954747E+002
  0.764637119186547E-006  0.992699661391382E+002  0.722924756087173E+002
  0.762140388418542E-006  0.992698517425402E+002  0.722922783872267E+002
  0.759891490929769E-006  0.992691064173393E+002  0.722909894493596E+002
  0.757413907224859E-006  0.992689823789515E+002  0.722907742664131E+002
  0.754920122692159E-006  0.992689226611713E+002  0.722906705982449E+002
  0.752742985578019E-006  0.992680432749261E+002  0.722891387626298E+002
  0.750299812427586E-006  0.992678896394770E+002  0.722888701224547E+002
  0.747928905586929E-006  0.992675639575008E+002  0.718158543304582E+002
  0.745568312208190E-006  0.992672307067216E+002  0.722877144680587E+002
  0.743179386693673E-006  0.992669937495620E+002  0.722872974980653E+002
  0.740957960070062E-006  0.992663252925695E+002  0.718180367490441E+002
  0.738504473338884E-006  0.992663031730925E+002  0.722860780629246E+002
  0.736185095645506E-006  0.992659387599557E+002  0.718187219638852E+002
  0.733897300073363E-006  0.992655081299520E+002  0.722846662411535E+002
  0.731459318791053E-006  0.992655075400958E+002  0.718194887790080E+002
  0.729061449879978E-006  0.992654191272304E+002  0.718196463113751E+002
  0.726766432943495E-006  0.992650692892683E+002  0.722838832736168E+002
  0.724412430972227E-006  0.992649022380838E+002  0.718205694399210E+002
  0.722061770292138E-006  0.992647470510540E+002  0.722833066568867E+002
  0.719824931480567E-006  0.992642967867322E+002  0.722824985320277E+002
  0.717687814066517E-006  0.992635879197017E+002  0.718229334723383E+002
  0.715375244988030E-006  0.992633872434266E+002  0.722808573960441E+002
  0.713118168921993E-006  0.992630518266311E+002  0.718239047624498E+002
  0.710811969858655E-006  0.992628746571964E+002  0.718242266672169E+002
  0.708451563367206E-006  0.992628715657490E+002  0.718242322882029E+002
  0.706256351116786E-006  0.992624228187617E+002  0.718250496931670E+002
  0.704105857157970E-006  0.992618663686092E+002  0.718260673881137E+002
  0.701835104824916E-006  0.992616712426504E+002  0.718264253420528E+002
  0.699560195500864E-006  0.992615089376224E+002  0.718267235199390E+002
  0.697245441998286E-006  0.992614820695768E+002  0.722773810510180E+002
  0.695145592755312E-006  0.992608588489298E+002  0.718279218031656E+002
  0.692842252141225E-006  0.992608412021728E+002  0.722761995494627E+002
  0.690545552966526E-006  0.992608264244474E+002  0.722761722318087E+002
  0.688322855127851E-006  0.992606187395096E+002  0.722757879588749E+002
  0.686220213103538E-006  0.992600819742612E+002  0.718293622417695E+002
  0.684017239877184E-006  0.992598573236046E+002  0.718297805165286E+002
  0.681910550760429E-006  0.992593710030291E+002  0.722734652706485E+002
  0.679665749714271E-006  0.992593101412720E+002  0.722733513515545E+002
  0.677410971139240E-006  0.992593005542430E+002  0.718308205680128E+002
  0.675341403479832E-006  0.992587645545896E+002  0.718318264612583E+002
  0.673169159161519E-006  0.992585523683453E+002  0.718322259359071E+002
  0.671068779398158E-006  0.992581468170050E+002  0.718329914778807E+002
  0.669012562698648E-006  0.992576288293631E+002  0.722701808007350E+002
  0.667201912804170E-006  0.992563934898230E+002  0.722678215544796E+002
  0.665019689861599E-006  0.992562900474800E+002  0.718365311404828E+002
  0.662940438215894E-006  0.992558974666149E+002  0.722668669600167E+002
  0.660779423272899E-006  0.992557720199591E+002  0.722666248655726E+002
  0.658755483653092E-006  0.992552517566839E+002  0.718385360686056E+002
  0.656713213790253E-006  0.992548061958099E+002  0.718394022374514E+002
  0.654531557588775E-006  0.992548058435796E+002  0.718394029235814E+002
  0.652486315795971E-006  0.992544095303984E+002  0.722639776367863E+002
  0.650347966915708E-006  0.992543191775141E+002  0.718403530527716E+002
  0.648390571064974E-006  0.992536922082480E+002  0.722625705489889E+002
  0.646256248580852E-006  0.992536309343562E+002  0.722624499187947E+002
  0.644198359060829E-006  0.992533541644050E+002  0.718422497931063E+002
  0.642325250975972E-006  0.992525223697880E+002  0.722602554108677E+002
  0.640619235909959E-006  0.992511858539551E+002  0.722575784959562E+002
  0.638567112242293E-006  0.992509472447797E+002  0.718470570621944E+002
  0.636475426293838E-006  0.992508536035465E+002  0.718472463691331E+002
  0.634565781934628E-006  0.992502077287389E+002  0.718485568779128E+002
  0.632866286399792E-006  0.992489157387478E+002  0.722529499304572E+002
  0.630822551336143E-006  0.992487292727446E+002  0.722525649936329E+002
  0.628847438532197E-006  0.992483455397524E+002  0.718523834816288E+002
  0.626789278015611E-006  0.992482465131712E+002  0.722515649431696E+002
  0.624722129603713E-006  0.992481978253535E+002  0.722514638064998E+002
  0.622724187294531E-006  0.992479487541794E+002  0.718532083501899E+002
  0.620775736931621E-006  0.992475608123575E+002  0.718540181550318E+002
  0.618736371786830E-006  0.992474864247903E+002  0.722499801563797E+002
  0.616818811018607E-006  0.992470387820067E+002  0.718551131159541E+002
  0.615032832019891E-006  0.992461825373507E+002  0.718569223947978E+002
  0.612991709302010E-006  0.992461754386210E+002  0.718569374648085E+002
  0.611124779330214E-006  0.992456203609177E+002  0.718581194738096E+002
  0.609113231817944E-006  0.992455587380293E+002  0.718582511410718E+002
  0.607113545271411E-006  0.992454798535264E+002  0.722457341483147E+002
  0.605117557305942E-006  0.992454104424800E+002  0.718585683656987E+002
  0.603190666494692E-006  0.992451336732857E+002  0.722449921611079E+002
  0.601235051287810E-006  0.992449728628370E+002  0.722446465147149E+002
  0.599563425384978E-006  0.992438856674060E+002  0.718618607519126E+002
  0.597588426964182E-006  0.992438290836928E+002  0.722421699413264E+002
  0.595626380663541E-006  0.992437508542291E+002  0.722419993746701E+002
  0.593675199979241E-006  0.992436577220104E+002  0.718623578545005E+002
  0.591706881420342E-006  0.992436441196272E+002  0.718623875597224E+002
  0.589774418490497E-006  0.992435310540065E+002  0.718626346555026E+002
  0.587908977449989E-006  0.992432114469939E+002  0.722408190890928E+002
  0.586003119886919E-006  0.992430499109261E+002  0.722404641906138E+002
  0.584083226629862E-006  0.992429575898907E+002  0.718638929109327E+002
  0.582224462585253E-006  0.992426768819128E+002  0.718645118981132E+002
  0.580312117129216E-006  0.992426012140135E+002  0.722394748668138E+002
  0.578486976439653E-006  0.992422457499014E+002  0.722386873869517E+002
  0.576855074878572E-006  0.992412401073929E+002  0.718677126573652E+002
  0.574955911736387E-006  0.992411799317847E+002  0.722363060432881E+002
  0.573163255143600E-006  0.992407698985819E+002  0.722353816714127E+002
  0.571263903689631E-006  0.992407529346971E+002  0.718688106416427E+002
  0.569420449505056E-006  0.992405617398058E+002  0.722349106133246E+002
  0.567796767838332E-006  0.992396172330909E+002  0.722327577904095E+002
  0.565977417450215E-006  0.992393803982724E+002  0.718719400334154E+002
  0.564107578049520E-006  0.992393432268422E+002  0.718720255409675E+002
  0.562373594554116E-006  0.992388448196557E+002  0.722309779664438E+002
  0.560657902005729E-006  0.992383001771900E+002  0.718744417087244E+002
  0.558986231173865E-006  0.992376167519938E+002  0.722281111611826E+002
  0.557177771465472E-006  0.992374421595007E+002  0.718764541770360E+002
  0.555333226539234E-006  0.992374185914743E+002  0.718765097810287E+002
  0.553520205257260E-006  0.992373031827692E+002  0.722273716503404E+002
  0.551754583900847E-006  0.992370374085420E+002  0.722267424060750E+002
  0.549930406748762E-006  0.992370050603501E+002  0.718774883055034E+002
  0.548130481585817E-006  0.992369062268594E+002  0.718777229848990E+002
  0.546316654211221E-006  0.992368798532421E+002  0.722263683072547E+002
  0.544558568423754E-006  0.992366707933301E+002  0.718782832966306E+002
  0.542871675360750E-006  0.992362202802772E+002  0.722247934232358E+002
  0.541093534980995E-006  0.992361263201798E+002  0.722245679015364E+002
  0.539308117579816E-006  0.992360809447168E+002  0.718796950831801E+002
  0.537748663128758E-006  0.992352169089281E+002  0.722223697119309E+002
  0.535983550144107E-006  0.992351369517998E+002  0.718819788851184E+002
  0.534220411788837E-006  0.992350712928375E+002  0.722220150940648E+002
  0.532469257789026E-006  0.992349824044386E+002  0.718823557089616E+002
  0.530819896068787E-006  0.992345315825249E+002  0.722206942366486E+002
  0.529135602762251E-006  0.992342320983304E+002  0.718841971573147E+002
  0.527400702032334E-006  0.992341447819382E+002  0.718844127684403E+002
  0.525654392778613E-006  0.992341225141527E+002  0.722196861706626E+002
  0.523910473688221E-006  0.992341131956744E+002  0.722196631365256E+002
  0.522250600989341E-006  0.992338041490465E+002  0.722188974092491E+002
  0.520523605644564E-006  0.992337731934932E+002  0.722188205166798E+002
  0.518837553563065E-006  0.992336064205739E+002  0.718857483228837E+002
  0.517184471427078E-006  0.992333332666266E+002  0.718864300746484E+002
  0.515613135961733E-006  0.992327634351554E+002  0.722162925693723E+002
  0.513903189893937E-006  0.992327515481189E+002  0.722162625781748E+002
  0.512218092473979E-006  0.992326647779318E+002  0.718881104801958E+002
  0.510537044484974E-006  0.992325837900104E+002  0.722158387358529E+002
  0.508869480248475E-006  0.992324714903847E+002  0.722155543958559E+002
  0.507191832943558E-006  0.992324204282838E+002  0.718887290253923E+002
  0.505510721062545E-006  0.992324049554768E+002  0.722153856974918E+002
  0.503842630787020E-006  0.992323599117942E+002  0.718888825786772E+002
  0.502220011541287E-006  0.992321557018691E+002  0.722147521630480E+002
  0.500551999263033E-006  0.992321537330678E+002  0.718894068204529E+002
  0.498935001487072E-006  0.992319694694099E+002  0.722142771959971E+002
  0.497282177020374E-006  0.992319502975053E+002  0.722142282210095E+002
  0.495722820475746E-006  0.992315760868210E+002  0.718908846563776E+002
  0.494089710746115E-006  0.992315201855042E+002  0.722131255769121E+002
  0.492506283890667E-006  0.992312843687219E+002  0.722125178157587E+002
  0.490873655920989E-006  0.992312696784047E+002  0.722124798787974E+002
  0.489310073287242E-006  0.992309948773056E+002  0.722117685584775E+002
  0.487743649055179E-006  0.992307521505317E+002  0.722111376165281E+002
  0.486144564626019E-006  0.992306644118861E+002  0.718932450368250E+002
  0.484551232755955E-006  0.992305745685890E+002  0.718934795479618E+002
  0.482995249975861E-006  0.992303516886376E+002  0.722100911522963E+002
  0.245157964134459E-004  0.859188671721385E+002  0.720584153136975E+002
  0.245158269862901E-004  0.859188646780058E+002  0.720582501420205E+002
  0.245158394481443E-004  0.859188636613686E+002  0.720581815341925E+002
  0.245158415326846E-004  0.859188634913120E+002  0.720581699824920E+002
  0.245158550209575E-004  0.859188623909403E+002  0.720580946998900E+002
