  0.283486954601708E+000  0.930494559339199E+002  0.750048239692706E+002
  0.283486954601708E+000  0.889196258442870E+002  0.686241905609471E+002
  0.283486954601708E+000  0.888836179739066E+002  0.686300109215472E+002
  0.283486954601708E+000  0.883919876460350E+002  0.687106879100271E+002
  0.283486954601708E+000  0.881689545463773E+002  0.742771759097371E+002
  0.283486954601708E+000  0.875846893167214E+002  0.688484607457650E+002
  0.283486954601708E+000  0.872091435677873E+002  0.689150401599290E+002
  0.283486954601708E+000  0.816488852730931E+002  0.702633808714938E+002
  0.283486954601708E+000  0.865962732343603E+002  0.690275220086732E+002
  0.283486954601708E+000  0.864715230456094E+002  0.690510472798932E+002
  0.283486954601708E+000  0.862577481119127E+002  0.690918922616966E+002
  0.283486954601708E+000  0.861616448775911E+002  0.739147594231204E+002
  0.283486954601708E+000  0.860672145990696E+002  0.738963535456825E+002
  0.283486954601708E+000  0.856304403565702E+002  0.692159384805849E+002
  0.283486954601708E+000  0.855010418680222E+002  0.737828706346587E+002
  0.283486954601708E+000  0.853104906616817E+002  0.737433787182514E+002
  0.283486954601708E+000  0.851847895737305E+002  0.693083001899347E+002
  0.283486954601708E+000  0.850632012258537E+002  0.693341793784808E+002
  0.283486954601708E+000  0.849606818702389E+002  0.693562411959118E+002
  0.283486954601708E+000  0.849311248556163E+002  0.693626438076678E+002
  0.283486954601708E+000  0.845509750823767E+002  0.735784803899863E+002
  0.283486954601708E+000  0.845417449564108E+002  0.735763954080456E+002
  0.283486954601708E+000  0.816570200239664E+002  0.727648926189536E+002
  0.283486954601708E+000  0.843440598000415E+002  0.694940163285248E+002
  0.283486954601708E+000  0.843186003774944E+002  0.735253323738736E+002
  0.283486954601708E+000  0.841861494487009E+002  0.734944009631050E+002
  0.283486954601708E+000  0.840476376966886E+002  0.734615291058369E+002
  0.283486954601708E+000  0.838804500136451E+002  0.734210978253732E+002
  0.283486954601708E+000  0.816580359288568E+002  0.702599690176410E+002
  0.283486954601708E+000  0.837852816780266E+002  0.696275441193593E+002
  0.283486954601708E+000  0.837522360313501E+002  0.696357383237725E+002
  0.283486954601708E+000  0.837311111826792E+002  0.696409953699373E+002
  0.283486954601708E+000  0.816804910224479E+002  0.702516356789251E+002
  0.283486954601708E+000  0.835622983079182E+002  0.696835482084848E+002
  0.283486954601708E+000  0.834886025242394E+002  0.733228015433929E+002
  0.283486954601708E+000  0.834350609258741E+002  0.697162871526209E+002
  0.283486954601708E+000  0.834216358393715E+002  0.697197763754943E+002
  0.283486954601708E+000  0.816861542028466E+002  0.727756972712777E+002
  0.283486954601708E+000  0.833713623758247E+002  0.732923365802930E+002
  0.283486954601708E+000  0.833680457752285E+002  0.697337727916871E+002
  0.283486954601708E+000  0.833518803647968E+002  0.732872234875267E+002
  0.283486954601708E+000  0.832716725610836E+002  0.732660157390474E+002
  0.283486954601708E+000  0.831127770343201E+002  0.698020139967236E+002
  0.283486954601708E+000  0.816965625699364E+002  0.702457050007901E+002
  0.283486954601708E+000  0.830144043117696E+002  0.698290502681106E+002
  0.283486954601708E+000  0.830086527232667E+002  0.698306444534091E+002
  0.283486954601708E+000  0.830049771326115E+002  0.698316640198792E+002
  0.283486954601708E+000  0.829334959355740E+002  0.731736234532071E+002
  0.283486954601708E+000  0.828956233198828E+002  0.698622856193905E+002
  0.283486954601708E+000  0.817023554214866E+002  0.702435741340819E+002
  0.283486954601708E+000  0.828263246709053E+002  0.731432514725641E+002
  0.283486954601708E+000  0.827844858257640E+002  0.698940001428489E+002
  0.283486954601708E+000  0.827728261122850E+002  0.698973634838045E+002
  0.283486954601708E+000  0.827514305052533E+002  0.731216864513445E+002
  0.283486954601708E+000  0.827324815236928E+002  0.731161843133334E+002
  0.283486954601708E+000  0.826843949669990E+002  0.731021361275908E+002
  0.283486954601708E+000  0.826504589699039E+002  0.699330932228496E+002
  0.283486954601708E+000  0.825635912268101E+002  0.730662837830884E+002
  0.283486954601708E+000  0.825092421862532E+002  0.699753586700726E+002
  0.283486954601708E+000  0.824207980304835E+002  0.700024318366421E+002
  0.283486954601708E+000  0.823948364804705E+002  0.730147685417833E+002
  0.283486954601708E+000  0.823933273945412E+002  0.730142998954047E+002
  0.283486954601708E+000  0.823895684643052E+002  0.730131319238972E+002
  0.283486954601708E+000  0.823860243284275E+002  0.700132101017470E+002
  0.283486954601708E+000  0.823672671392780E+002  0.730061836917046E+002
  0.283486954601708E+000  0.823649301220836E+002  0.730054536952837E+002
  0.283486954601708E+000  0.823565209772365E+002  0.700224159257013E+002
  0.283486954601708E+000  0.823250958871561E+002  0.700322843450773E+002
  0.283486954601708E+000  0.823249393712574E+002  0.700323336604057E+002
  0.283486954601708E+000  0.823174042956937E+002  0.700347097729903E+002
  0.283486954601708E+000  0.822933425708437E+002  0.729829168490437E+002
  0.283486954601708E+000  0.822541959485330E+002  0.729704455558895E+002
  0.283486954601708E+000  0.822493500910131E+002  0.729688943386402E+002
  0.283486954601708E+000  0.822303562034680E+002  0.700624417926600E+002
  0.283486954601708E+000  0.817145390570456E+002  0.702391040898738E+002
  0.283486954601708E+000  0.822090103004607E+002  0.729559163809691E+002
  0.283486954601708E+000  0.822089746277277E+002  0.700693351087171E+002
  0.283486954601708E+000  0.821978638378142E+002  0.700729302051006E+002
  0.283486954601708E+000  0.821869319434904E+002  0.729487637615772E+002
  0.283486954601708E+000  0.821517038274721E+002  0.700879632435311E+002
  0.283486954601708E+000  0.821320708692347E+002  0.700944054549739E+002
  0.283486954601708E+000  0.820741195867262E+002  0.701135941560436E+002
  0.283486954601708E+000  0.820721919156785E+002  0.729110029943492E+002
  0.283486954601708E+000  0.820203294518671E+002  0.728935963577454E+002
  0.283486954601708E+000  0.820181142746816E+002  0.728928479877942E+002
  0.283486954601708E+000  0.820052479139944E+002  0.728884932001378E+002
  0.283486954601708E+000  0.817374610873409E+002  0.702307364935003E+002
  0.283486954601708E+000  0.819488708122830E+002  0.728692468230432E+002
  0.283486954601708E+000  0.819200124874496E+002  0.701659514116913E+002
  0.283486954601708E+000  0.819195580927879E+002  0.728591311608862E+002
  0.283486954601708E+000  0.819108081627710E+002  0.728560968459479E+002
  0.283486954601708E+000  0.818855657793125E+002  0.728473045959939E+002
  0.283486954601708E+000  0.818813538361145E+002  0.701794080847697E+002
  0.283486954601708E+000  0.818728389926919E+002  0.728428496551372E+002
  0.283486954601708E+000  0.818686330611718E+002  0.728413741085321E+002
  0.283486954601708E+000  0.818526430229065E+002  0.728357493810864E+002
  0.283486954601708E+000  0.818523655703687E+002  0.701895883894759E+002
  0.283486954601708E+000  0.818314574941527E+002  0.701969799332122E+002
  0.283486954601708E+000  0.818263237904845E+002  0.728264387729711E+002
  0.283486954601708E+000  0.818135654589699E+002  0.728219015994080E+002
  0.283486954601708E+000  0.818131156161981E+002  0.702034986241913E+002
  0.283486954601708E+000  0.818130386412282E+002  0.702035260494416E+002
  0.283486954601708E+000  0.818021135922027E+002  0.702074243572913E+002
  0.283486954601708E+000  0.817841948465067E+002  0.728113964515763E+002
  0.283486954601708E+000  0.817706288033592E+002  0.702187245465071E+002
  0.283486954601708E+000  0.816071978316680E+002  0.702790435927545E+002
  0.283486954601708E+000  0.815950930396135E+002  0.727416109856111E+002
  0.283486954601708E+000  0.815775737807401E+002  0.727349440998883E+002
  0.283486954601708E+000  0.815729550449399E+002  0.702920595693469E+002
  0.283486954601708E+000  0.815722924983210E+002  0.702923127780579E+002
  0.283486954601708E+000  0.815693883072874E+002  0.702934233075421E+002
  0.283486954601708E+000  0.815664598119845E+002  0.727306958056275E+002
  0.283486954601708E+000  0.815622780219140E+002  0.702961464789532E+002
  0.283486954601708E+000  0.815559087048469E+002  0.702985910532150E+002
  0.283486954601708E+000  0.815438479237894E+002  0.703032335756163E+002
  0.283486954601708E+000  0.815421667744755E+002  0.703038821116282E+002
  0.283486954601708E+000  0.815326352264928E+002  0.727176742708944E+002
  0.283486954601708E+000  0.815257698178573E+002  0.727150140614230E+002
  0.283486954601708E+000  0.814795963772690E+002  0.726969675504187E+002
  0.283486954601708E+000  0.814745454540877E+002  0.703302632365959E+002
  0.283486954601708E+000  0.814641633676493E+002  0.726908740541312E+002
  0.283486954601708E+000  0.814636791931923E+002  0.703345575864854E+002
  0.283486954601708E+000  0.814565272836049E+002  0.703373925862741E+002
  0.283486954601708E+000  0.814528657236820E+002  0.726863932915168E+002
  0.283486954601708E+000  0.814445617657875E+002  0.726830889184368E+002
  0.283486954601708E+000  0.814350401787331E+002  0.726792884991591E+002
  0.283486954601708E+000  0.814336603358595E+002  0.726787367250762E+002
  0.283486954601708E+000  0.814296817222179E+002  0.726771442860896E+002
  0.283486954601708E+000  0.814285521979007E+002  0.726766917972824E+002
  0.283486954601708E+000  0.814175702125192E+002  0.703529567641176E+002
  0.283486954601708E+000  0.814103996907952E+002  0.726693956020185E+002
  0.283486954601708E+000  0.814014346759885E+002  0.703594647754219E+002
  0.283486954601708E+000  0.813976329628024E+002  0.726642364722809E+002
  0.283486954601708E+000  0.813898473383783E+002  0.726610788672426E+002
  0.283486954601708E+000  0.813864425691530E+002  0.703655446936425E+002
  0.283486954601708E+000  0.813815282116232E+002  0.726576952677460E+002
  0.283486954601708E+000  0.813797461217246E+002  0.703682708160101E+002
  0.283486954601708E+000  0.813730696482696E+002  0.726542446738947E+002
  0.283486954601708E+000  0.813728653809507E+002  0.726541612159204E+002
  0.283486954601708E+000  0.813721554712130E+002  0.703713688425706E+002
  0.283486954601708E+000  0.813710547763651E+002  0.726534211860745E+002
  0.283486954601708E+000  0.813666406829248E+002  0.726516150440010E+002
  0.283486954601708E+000  0.813610570004214E+002  0.726493262227205E+002
  0.283486954601708E+000  0.813483602460559E+002  0.703811355309630E+002
  0.283486954601708E+000  0.813446102610434E+002  0.726425575587276E+002
  0.283486954601708E+000  0.813316582517541E+002  0.726371984787743E+002
  0.283486954601708E+000  0.813251309370663E+002  0.703907519545685E+002
  0.283486954601708E+000  0.813143713672288E+002  0.703952342246120E+002
  0.283486954601708E+000  0.813026631962649E+002  0.726251077768223E+002
  0.283486954601708E+000  0.812974480658862E+002  0.726229191397233E+002
  0.283486954601708E+000  0.812861704065289E+002  0.726181714216417E+002
  0.283486954601708E+000  0.812840299130577E+002  0.704079719581696E+002
  0.283486954601708E+000  0.812737406849713E+002  0.704123249900774E+002
  0.283486954601708E+000  0.812591373263019E+002  0.726067070396976E+002
  0.283486954601708E+000  0.812519198895809E+002  0.726036258424550E+002
  0.283486954601708E+000  0.812515541428497E+002  0.726034694697589E+002
  0.283486954601708E+000  0.812407998350823E+002  0.725988614714801E+002
  0.283486954601708E+000  0.811912539066680E+002  0.704478654407770E+002
  0.283486954601708E+000  0.811806450337960E+002  0.704525228785163E+002
  0.283486954601708E+000  0.811793668702725E+002  0.725721545701950E+002
  0.283486954601708E+000  0.811661719040423E+002  0.704589099757468E+002
  0.283486954601708E+000  0.811590356226558E+002  0.704620735623674E+002
  0.283486954601708E+000  0.811577038268595E+002  0.704626650165313E+002
  0.283486954601708E+000  0.811559438901514E+002  0.725617928408713E+002
  0.283486954601708E+000  0.811393547115689E+002  0.725543918690460E+002
  0.283486954601708E+000  0.811240910460117E+002  0.704777044607952E+002
  0.283486954601708E+000  0.811200109463692E+002  0.704795449303634E+002
  0.283486954601708E+000  0.811115051272302E+002  0.725418476061737E+002
  0.283486954601708E+000  0.811081134127750E+002  0.725403094199168E+002
  0.283486954601708E+000  0.811040243395448E+002  0.704867880556041E+002
  0.283486954601708E+000  0.810690381446752E+002  0.705028206581935E+002
  0.283486954601708E+000  0.810554309303390E+002  0.725161145445576E+002
  0.283486954601708E+000  0.810546304376134E+002  0.705094975509759E+002
  0.283486954601708E+000  0.810545937888329E+002  0.725157253699439E+002
  0.283486954601708E+000  0.810451375336605E+002  0.725113187660084E+002
  0.283486954601708E+000  0.810221607918209E+002  0.725005297317271E+002
  0.283486954601708E+000  0.810031015139586E+002  0.705337499948541E+002
  0.283486954601708E+000  0.810010752274350E+002  0.724905239900814E+002
  0.283486954601708E+000  0.809857906615885E+002  0.705420334461844E+002
  0.283486954601708E+000  0.809804549605611E+002  0.724806390271815E+002
  0.283486954601708E+000  0.809773546531849E+002  0.705460959053577E+002
  0.283486954601708E+000  0.809735074397574E+002  0.705479542563614E+002
  0.283486954601708E+000  0.809733838174618E+002  0.705480140300203E+002
  0.283486954601708E+000  0.809724783945473E+002  0.724767880298995E+002
  0.283486954601708E+000  0.809605258456785E+002  0.705542514555599E+002
  0.283486954601708E+000  0.809554697004075E+002  0.705567153497856E+002
  0.283486954601708E+000  0.809349188418531E+002  0.724584439776615E+002
  0.283486954601708E+000  0.809346798323590E+002  0.724583261062956E+002
  0.283486954601708E+000  0.809268287529846E+002  0.705707939419819E+002
  0.283486954601708E+000  0.809261045880880E+002  0.705711526374703E+002
  0.283486954601708E+000  0.809216687918848E+002  0.724518871831102E+002
  0.283486954601708E+000  0.809195887139010E+002  0.705743862675059E+002
  0.283486954601708E+000  0.809158950384838E+002  0.724490156761790E+002
  0.283486954601708E+000  0.809114593207392E+002  0.724468036299735E+002
  0.283486954601708E+000  0.809082895759237E+002  0.724452196969866E+002
  0.283486954601708E+000  0.809037833508906E+002  0.705822766834782E+002
  0.283486954601708E+000  0.809014194734844E+002  0.724417774136998E+002
  0.283486954601708E+000  0.808991217169677E+002  0.724406232671896E+002
  0.283486954601708E+000  0.808872440988843E+002  0.724346341894976E+002
  0.283486954601708E+000  0.808736840595297E+002  0.724277488653440E+002
  0.283486954601708E+000  0.808608820924942E+002  0.724212005818472E+002
  0.283486954601708E+000  0.808485110186486E+002  0.706104124128415E+002
  0.283486954601708E+000  0.808436515519181E+002  0.724123118159961E+002
  0.283486954601708E+000  0.808380905232828E+002  0.706158157339167E+002
  0.283486954601708E+000  0.808270247261567E+002  0.724036504272006E+002
  0.283486954601708E+000  0.808031555792684E+002  0.706341729424533E+002
  0.283486954601708E+000  0.807915864818537E+002  0.706403372854520E+002
  0.283486954601708E+000  0.807909174303421E+002  0.723845448534602E+002
  0.283486954601708E+000  0.807856726532080E+002  0.723817347338322E+002
  0.283486954601708E+000  0.807842487081107E+002  0.723809702230644E+002
  0.283486954601708E+000  0.807810577184238E+002  0.723792545436099E+002
  0.283486954601708E+000  0.807771983467159E+002  0.723771749502744E+002
  0.283486954601708E+000  0.807770395105875E+002  0.723770892554417E+002
  0.283486954601708E+000  0.807680663588165E+002  0.706530057497965E+002
  0.283486954601708E+000  0.807558948481174E+002  0.706596354713806E+002
  0.283486954601708E+000  0.807529218877506E+002  0.706612626635400E+002
  0.283486954601708E+000  0.807496373660165E+002  0.706630640064342E+002
  0.283486954601708E+000  0.807473848623296E+002  0.706643015667620E+002
  0.283486954601708E+000  0.807377595055453E+002  0.723556296064158E+002
  0.283486954601708E+000  0.807356225471227E+002  0.723544464427019E+002
  0.283486954601708E+000  0.807289955234837E+002  0.723507666563195E+002
  0.283486954601708E+000  0.807130047429607E+002  0.706834197424409E+002
  0.283486954601708E+000  0.807115307167256E+002  0.706842492866131E+002
  0.283486954601708E+000  0.807067198905388E+002  0.706869624952293E+002
  0.283486954601708E+000  0.807037228749670E+002  0.706886572679288E+002
  0.283486954601708E+000  0.806760048866607E+002  0.707044998488092E+002
  0.283486954601708E+000  0.806753542010061E+002  0.707048754895470E+002
  0.283486954601708E+000  0.806654475738317E+002  0.707106163145437E+002
  0.283486954601708E+000  0.806580814356037E+002  0.723103282381543E+002
  0.283486954601708E+000  0.806574766862623E+002  0.723099745634230E+002
  0.283486954601708E+000  0.806513448271937E+002  0.723063795770837E+002
  0.283486954601708E+000  0.806499434743837E+002  0.707196842576644E+002
  0.283486954601708E+000  0.806455730399560E+002  0.707222592075644E+002
  0.283486954601708E+000  0.806308688425380E+002  0.722942551332069E+002
  0.283486954601708E+000  0.806271098848024E+002  0.722920088511823E+002
  0.283486954601708E+000  0.806124250785148E+002  0.707420692298268E+002
  0.283486954601708E+000  0.806119716257252E+002  0.707423437565527E+002
  0.283486954601708E+000  0.806116680354233E+002  0.722827123524469E+002
  0.283486954601708E+000  0.805996928783718E+002  0.722754249193406E+002
  0.283486954601708E+000  0.805987364306143E+002  0.722748398723308E+002
  0.283486954601708E+000  0.805911810854398E+002  0.707550374791226E+002
  0.283486954601708E+000  0.805873927440493E+002  0.707573734406272E+002
  0.283486954601708E+000  0.805869147900878E+002  0.707576686693740E+002
  0.283486954601708E+000  0.805869040566644E+002  0.722675646608936E+002
  0.283486954601708E+000  0.805795635186500E+002  0.707622241291485E+002
  0.283486954601708E+000  0.805699275309901E+002  0.722570023520187E+002
  0.283486954601708E+000  0.805693699122412E+002  0.707685870874016E+002
  0.283486954601708E+000  0.805626510095583E+002  0.722524289397964E+002
  0.283486954601708E+000  0.805456826883225E+002  0.722416526232834E+002
  0.283486954601708E+000  0.805451888475208E+002  0.707839033553536E+002
  0.283486954601708E+000  0.805403339204956E+002  0.722382225288022E+002
  0.283486954601708E+000  0.805375918046623E+002  0.707887822180867E+002
  0.283486954601708E+000  0.805328040832114E+002  0.722333660776590E+002
  0.283486954601708E+000  0.805313595978426E+002  0.707928092662685E+002
  0.283486954601708E+000  0.805273396141673E+002  0.722298211167845E+002
  0.283486954601708E+000  0.805259238039650E+002  0.707963401839530E+002
  0.283486954601708E+000  0.805204834580663E+002  0.707998915727176E+002
  0.283486954601708E+000  0.805197948346849E+002  0.708003423598268E+002
  0.283486954601708E+000  0.805197206873023E+002  0.708003909152517E+002
  0.283486954601708E+000  0.805166540429825E+002  0.722228379460019E+002
  0.283486954601708E+000  0.805135659311668E+002  0.708044329653793E+002
  0.283486954601708E+000  0.804990761963330E+002  0.708140412326030E+002
  0.283486954601708E+000  0.804966752852453E+002  0.722095938721727E+002
  0.283486954601708E+000  0.804892865082950E+002  0.708206083694155E+002
  0.283486954601708E+000  0.804888006031523E+002  0.722043040121598E+002
  0.283486954601708E+000  0.804806539563782E+002  0.708264514197431E+002
  0.283486954601708E+000  0.804800631516250E+002  0.708268531335340E+002
  0.283486954601708E+000  0.804788331148850E+002  0.721975497167671E+002
  0.283486954601708E+000  0.804739832510096E+002  0.721942390854675E+002
  0.283486954601708E+000  0.804716597174369E+002  0.721926472761759E+002
  0.283486954601708E+000  0.804711904598350E+002  0.708329146174251E+002
  0.283486954601708E+000  0.804650366979297E+002  0.721880893845413E+002
  0.283486954601708E+000  0.804635601718506E+002  0.721870690560704E+002
  0.283486954601708E+000  0.804547426396672E+002  0.721809434222005E+002
  0.283486954601708E+000  0.804518387217530E+002  0.708463262496388E+002
  0.283486954601708E+000  0.804511765235755E+002  0.708467899632417E+002
  0.283486954601708E+000  0.804498454319128E+002  0.708477230573333E+002
  0.283486954601708E+000  0.804484449965288E+002  0.708487061769808E+002
  0.283486954601708E+000  0.804467860624376E+002  0.708498726522940E+002
  0.283486954601708E+000  0.804431960613399E+002  0.708524040081950E+002
  0.283486954601708E+000  0.804398677047113E+002  0.721704803850457E+002
  0.283486954601708E+000  0.804278297454874E+002  0.721618894476536E+002
  0.283486954601708E+000  0.804243409205816E+002  0.721593783055772E+002
  0.283486954601708E+000  0.804203629088381E+002  0.721565031134191E+002
  0.283486954601708E+000  0.804202550105501E+002  0.708688150127668E+002
  0.283486954601708E+000  0.804190270645071E+002  0.721555347197457E+002
  0.283486954601708E+000  0.804187407836834E+002  0.708699129652296E+002
  0.283486954601708E+000  0.804165126096709E+002  0.708715320137210E+002
  0.283486954601708E+000  0.804115999287901E+002  0.721501237407824E+002
  0.283486954601708E+000  0.804054943447558E+002  0.708795990327449E+002
  0.283486954601708E+000  0.804046900430765E+002  0.708801919317958E+002
  0.283486954601708E+000  0.803929964311340E+002  0.721363643087062E+002
  0.283486954601708E+000  0.803884188079377E+002  0.708923081206394E+002
  0.283486954601708E+000  0.803879262359484E+002  0.721325613600604E+002
  0.283486954601708E+000  0.803859664077433E+002  0.721310851056608E+002
  0.283486954601708E+000  0.803830992628747E+002  0.721289190378935E+002
  0.283486954601708E+000  0.803790781284521E+002  0.708993716957279E+002
  0.283486954601708E+000  0.803767907546084E+002  0.721241260796071E+002
  0.283486954601708E+000  0.803765938419967E+002  0.721239758683388E+002
  0.283486954601708E+000  0.803753873607939E+002  0.721230547186770E+002
  0.283486954601708E+000  0.803738246564280E+002  0.721218595219760E+002
  0.283486954601708E+000  0.803732234120315E+002  0.709038409119116E+002
  0.283486954601708E+000  0.803730403423335E+002  0.721212587736896E+002
  0.283486954601708E+000  0.803712054780388E+002  0.721198510309752E+002
  0.283486954601708E+000  0.803652955887567E+002  0.721152945003419E+002
  0.283486954601708E+000  0.803630533034896E+002  0.721135566552133E+002
  0.283486954601708E+000  0.803628651678964E+002  0.709118293462170E+002
  0.283486954601708E+000  0.803548169397457E+002  0.709181103592174E+002
  0.283486954601708E+000  0.803524468484012E+002  0.721052672433666E+002
  0.283486954601708E+000  0.803480004435407E+002  0.709234824751269E+002
  0.283486954601708E+000  0.803473026742160E+002  0.721012048043373E+002
  0.283486954601708E+000  0.803465869586441E+002  0.721006373678846E+002
  0.283486954601708E+000  0.803444713219711E+002  0.720989568296662E+002
  0.283486954601708E+000  0.803437207522068E+002  0.720983594621600E+002
  0.283486954601708E+000  0.803405842882714E+002  0.720958565759789E+002
  0.283486954601708E+000  0.803394364409930E+002  0.720949379093510E+002
  0.283486954601708E+000  0.803358797893249E+002  0.709331578261790E+002
  0.283486954601708E+000  0.803274333107809E+002  0.720852430582833E+002
  0.283486954601708E+000  0.803271158934104E+002  0.720849844536207E+002
  0.283486954601708E+000  0.803265019070886E+002  0.709407560636215E+002
  0.283486954601708E+000  0.803261058353369E+002  0.720841607656684E+002
  0.283486954601708E+000  0.803216942454076E+002  0.720805491737282E+002
  0.283486954601708E+000  0.803169656008123E+002  0.709485876174805E+002
  0.283486954601708E+000  0.803109438866983E+002  0.709535893728904E+002
  0.283486954601708E+000  0.803105652955686E+002  0.709539053342873E+002
  0.283486954601708E+000  0.803023498721333E+002  0.709608062499143E+002
  0.283486954601708E+000  0.803007114692261E+002  0.720630471134512E+002
  0.283486954601708E+000  0.803006018615477E+002  0.720629542266042E+002
  0.283486954601708E+000  0.802984993926149E+002  0.709640705132440E+002
  0.283486954601708E+000  0.802972105961797E+002  0.720600725170719E+002
  0.283486954601708E+000  0.802932098297736E+002  0.720566532618130E+002
  0.283486954601708E+000  0.802910924253796E+002  0.720548348963788E+002
  0.283486954601708E+000  0.802811508437607E+002  0.709790254480149E+002
  0.283486954601708E+000  0.802793441010343E+002  0.709806070802193E+002
  0.283486954601708E+000  0.802715532808069E+002  0.709874817609598E+002
  0.283486954601708E+000  0.802708948591004E+002  0.720371730751774E+002
  0.283486954601708E+000  0.802676518244486E+002  0.709909584798782E+002
  0.283486954601708E+000  0.802662878265177E+002  0.709921794636739E+002
  0.283486954601708E+000  0.802634103432107E+002  0.709947646874226E+002
  0.283486954601708E+000  0.802614525034443E+002  0.709965310769078E+002
  0.283486954601708E+000  0.802606372135488E+002  0.720279715335596E+002
  0.283486954601708E+000  0.802596430399167E+002  0.720270709693009E+002
  0.283486954601708E+000  0.802544116566711E+002  0.720223059471343E+002
  0.283486954601708E+000  0.802529581492526E+002  0.710042658751214E+002
  0.283486954601708E+000  0.802529408958372E+002  0.710042817055231E+002
  0.283486954601708E+000  0.802523937060706E+002  0.720204559409528E+002
  0.283486954601708E+000  0.802491640609707E+002  0.720174809769028E+002
  0.283486954601708E+000  0.802457087712996E+002  0.710109613334413E+002
  0.283486954601708E+000  0.802456127569972E+002  0.720141893504702E+002
  0.283486954601708E+000  0.802440618380032E+002  0.710124949206277E+002
  0.283486954601708E+000  0.802433727907987E+002  0.710131379429794E+002
  0.283486954601708E+000  0.802417307573839E+002  0.710146736440870E+002
  0.283486954601708E+000  0.802416670347526E+002  0.720105066258100E+002
  0.283486954601708E+000  0.802359630906061E+002  0.710201057646905E+002
  0.283486954601708E+000  0.802306995781433E+002  0.720001240796166E+002
  0.283486954601708E+000  0.802292623884969E+002  0.719987471047514E+002
  0.283486954601708E+000  0.802242301455585E+002  0.719938946540166E+002
  0.283486954601708E+000  0.802222728509427E+002  0.719919940220862E+002
  0.283486954601708E+000  0.802207041700730E+002  0.710347746651195E+002
  0.283486954601708E+000  0.802201560967400E+002  0.719899300286818E+002
  0.283486954601708E+000  0.802190093766213E+002  0.719888081549738E+002
  0.283486954601708E+000  0.802170186511670E+002  0.719868542604885E+002
  0.283486954601708E+000  0.802158183062712E+002  0.719856722233623E+002
  0.283486954601708E+000  0.802076846144459E+002  0.719775834244666E+002
  0.283486954601708E+000  0.802051205322004E+002  0.710502358011885E+002
  0.283486954601708E+000  0.801950269881871E+002  0.710605320646987E+002
  0.283486954601708E+000  0.801939619834935E+002  0.719636077927680E+002
  0.283486954601708E+000  0.801903282266039E+002  0.710654060515178E+002
  0.283486954601708E+000  0.801902450976662E+002  0.719597472027783E+002
  0.283486954601708E+000  0.801894815665641E+002  0.719589500173040E+002
  0.283486954601708E+000  0.801816152903424E+002  0.719506525558312E+002
  0.283486954601708E+000  0.801813418808906E+002  0.710748786302415E+002
  0.283486954601708E+000  0.801804428721371E+002  0.710758375863725E+002
  0.283486954601708E+000  0.801792719311522E+002  0.719481501879033E+002
  0.283486954601708E+000  0.801749850279987E+002  0.719435347906252E+002
  0.283486954601708E+000  0.801730222668032E+002  0.719414050484859E+002
  0.283486954601708E+000  0.801725044162134E+002  0.710843985855096E+002
  0.283486954601708E+000  0.801674092516401E+002  0.719352552822873E+002
  0.283486954601708E+000  0.801660884375003E+002  0.710914448486687E+002
  0.283486954601708E+000  0.801637632868944E+002  0.719312122669968E+002
  0.283486954601708E+000  0.801612973250364E+002  0.710967844867220E+002
  0.283486954601708E+000  0.801544949117784E+002  0.719207542793419E+002
  0.283486954601708E+000  0.801538264300451E+002  0.711052503449162E+002
  0.283486954601708E+000  0.801521384514061E+002  0.711071876080051E+002
  0.283486954601708E+000  0.801521025784961E+002  0.719180110823827E+002
  0.283486954601708E+000  0.801505121893158E+002  0.711090628359644E+002
  0.283486954601708E+000  0.801504134515572E+002  0.719160629913161E+002
  0.283486954601708E+000  0.801492518364053E+002  0.719147178090572E+002
  0.283486954601708E+000  0.801476697761434E+002  0.711123614931581E+002
  0.283486954601708E+000  0.801454395168885E+002  0.711149688957955E+002
  0.283486954601708E+000  0.801432791657651E+002  0.711175109744837E+002
  0.283486954601708E+000  0.801411326007831E+002  0.719051868267562E+002
  0.283486954601708E+000  0.801374180543907E+002  0.719007483834570E+002
  0.283486954601708E+000  0.801348004688893E+002  0.711276500174814E+002
  0.283486954601708E+000  0.801339784908327E+002  0.718965927661735E+002
  0.283486954601708E+000  0.801335254842342E+002  0.711291978661746E+002
  0.283486954601708E+000  0.801284026209634E+002  0.711354811279967E+002
  0.283486954601708E+000  0.801282417670853E+002  0.711356801134260E+002
  0.283486954601708E+000  0.801249461898618E+002  0.718854596548200E+002
  0.283486954601708E+000  0.801235254408995E+002  0.718836780534831E+002
  0.283486954601708E+000  0.801215148653840E+002  0.711440978630817E+002
  0.283486954601708E+000  0.801209568708833E+002  0.718804351959595E+002
  0.283486954601708E+000  0.801209276868870E+002  0.711448417751040E+002
  0.283486954601708E+000  0.801199990078336E+002  0.711460214250443E+002
  0.283486954601708E+000  0.801180651775643E+002  0.711484901277183E+002
  0.283486954601708E+000  0.801179125303339E+002  0.718765542532571E+002
  0.283486954601708E+000  0.801167651789368E+002  0.718750808217224E+002
  0.283486954601708E+000  0.801156046335053E+002  0.718735843278390E+002
  0.283486954601708E+000  0.801156044169567E+002  0.711516559135260E+002
  0.283486954601708E+000  0.801090688089908E+002  0.711602020589502E+002
  0.283486954601708E+000  0.801090336299953E+002  0.718649913407152E+002
  0.283486954601708E+000  0.801088981856994E+002  0.718648120131421E+002
  0.283486954601708E+000  0.801076984840463E+002  0.711620203517614E+002
  0.283486954601708E+000  0.801075126753122E+002  0.718629723324720E+002
  0.283486954601708E+000  0.801065445324247E+002  0.718616810777998E+002
  0.283486954601708E+000  0.801049212457173E+002  0.711657347184128E+002
  0.283486954601708E+000  0.801010077158788E+002  0.718542026124274E+002
  0.283486954601708E+000  0.800998768528303E+002  0.711725850094213E+002
  0.283486954601708E+000  0.800993183541846E+002  0.711733519558327E+002
  0.283486954601708E+000  0.800987095855944E+002  0.718510500474337E+002
  0.283486954601708E+000  0.800975441051603E+002  0.718494399699228E+002
  0.283486954601708E+000  0.800960881903863E+002  0.718474177881889E+002
  0.283486954601708E+000  0.800959959171709E+002  0.711779507472814E+002
  0.283486954601708E+000  0.800957560106440E+002  0.718469546960270E+002
  0.283486954601708E+000  0.800955961746690E+002  0.718467316397812E+002
  0.283486954601708E+000  0.800906499766307E+002  0.711854860676606E+002
  0.283486954601708E+000  0.800883701849025E+002  0.718364871137057E+002
  0.283486954601708E+000  0.800882122511777E+002  0.718362595845723E+002
  0.283486954601708E+000  0.800875425721170E+002  0.711899469407074E+002
  0.283486954601708E+000  0.800859618573897E+002  0.718329999729032E+002
  0.283486954601708E+000  0.800858392789338E+002  0.711924184919257E+002
  0.283486954601708E+000  0.800847810883752E+002  0.718312763358846E+002
  0.283486954601708E+000  0.800846399376875E+002  0.711941702957922E+002
  0.283486954601708E+000  0.800831619611222E+002  0.718288975306264E+002
  0.283486954601708E+000  0.800828217748618E+002  0.718283954543725E+002
  0.283486954601708E+000  0.800803814767489E+002  0.718247701784121E+002
  0.283486954601708E+000  0.800769802059600E+002  0.718196458914233E+002
  0.283486954601708E+000  0.800755140009206E+002  0.712078295980317E+002
  0.283486954601708E+000  0.800729293884583E+002  0.712118108193420E+002
  0.283486954601708E+000  0.800708211303394E+002  0.712150977338333E+002
  0.283486954601708E+000  0.800699714311454E+002  0.712164327842759E+002
  0.283486954601708E+000  0.800693413985391E+002  0.712174265920487E+002
  0.283486954601708E+000  0.800687792222972E+002  0.718069237645606E+002
  0.283486954601708E+000  0.800680835686878E+002  0.718058192044016E+002
  0.283486954601708E+000  0.800662375916882E+002  0.712223721789525E+002
  0.283486954601708E+000  0.800660245673060E+002  0.718025252569178E+002
  0.283486954601708E+000  0.800659380431014E+002  0.718023860174889E+002
  0.283486954601708E+000  0.800627420415326E+002  0.717971951078904E+002
  0.283486954601708E+000  0.800612188239377E+002  0.717946875029664E+002
  0.283486954601708E+000  0.800610642533470E+002  0.717944317933188E+002
  0.283486954601708E+000  0.800584460580071E+002  0.712351753115548E+002
  0.283486954601708E+000  0.800584394048571E+002  0.712351864965580E+002
  0.283486954601708E+000  0.800580033468034E+002  0.712359205654194E+002
  0.283486954601708E+000  0.800541150093050E+002  0.712425544779023E+002
  0.283486954601708E+000  0.800496230714106E+002  0.712504270678563E+002
  0.283486954601708E+000  0.800485478749492E+002  0.712523467800523E+002
  0.283486954601708E+000  0.800478485923615E+002  0.712536029517040E+002
  0.283486954601708E+000  0.800466132610061E+002  0.717694028789548E+002
  0.283486954601708E+000  0.800459377364679E+002  0.717681729137526E+002
  0.283486954601708E+000  0.800458012232982E+002  0.712573163246662E+002
  0.283486954601708E+000  0.800433735354900E+002  0.712617907233937E+002
  0.283486954601708E+000  0.800428252843132E+002  0.712628122815426E+002
  0.283486954601708E+000  0.800390750267070E+002  0.712699154233221E+002
  0.283486954601708E+000  0.800389174683609E+002  0.712702184013053E+002
  0.283486954601708E+000  0.800357892140369E+002  0.717489256512599E+002
  0.283486954601708E+000  0.800356095070234E+002  0.712766692819090E+002
  0.283486954601708E+000  0.800352963460560E+002  0.712772891419273E+002
  0.283486954601708E+000  0.800352627731426E+002  0.712773556919227E+002
  0.283486954601708E+000  0.800342371933613E+002  0.712793978004740E+002
  0.283486954601708E+000  0.800331162709852E+002  0.712816504028566E+002
  0.283486954601708E+000  0.800317425005925E+002  0.712844414539183E+002
  0.283486954601708E+000  0.800292615654839E+002  0.717356695907897E+002
  0.283486954601708E+000  0.800269723064370E+002  0.717308300165911E+002
  0.283486954601708E+000  0.800255777343125E+002  0.717278285058638E+002
  0.283486954601708E+000  0.800254300357783E+002  0.712977317996147E+002
  0.283486954601708E+000  0.800250204898124E+002  0.712986225738052E+002
  0.283486954601708E+000  0.800230401610920E+002  0.717222567224786E+002
  0.283486954601708E+000  0.800222667800703E+002  0.717205289126183E+002
  0.283486954601708E+000  0.800219559938776E+002  0.713054094341375E+002
  0.283486954601708E+000  0.800213175447169E+002  0.717183883960652E+002
  0.283486954601708E+000  0.800210854372656E+002  0.713073783622332E+002
  0.283486954601708E+000  0.800207893393906E+002  0.717171875991999E+002
  0.283486954601708E+000  0.800196388625601E+002  0.713106925147976E+002
  0.283486954601708E+000  0.800155603722729E+002  0.717048961599374E+002
  0.283486954601708E+000  0.800149073655691E+002  0.713219344298559E+002
  0.283486954601708E+000  0.800147873290085E+002  0.713222282671592E+002
  0.283486954601708E+000  0.800147232665954E+002  0.713223852711840E+002
  0.283486954601708E+000  0.800131571387214E+002  0.713262646736905E+002
  0.283486954601708E+000  0.800126394972315E+002  0.716976751741871E+002
  0.283486954601708E+000  0.800121280124334E+002  0.713288584724659E+002
  0.283486954601708E+000  0.800117606222286E+002  0.716954466096833E+002
  0.283486954601708E+000  0.800092167869371E+002  0.716888374286591E+002
  0.283486954601708E+000  0.800090421165705E+002  0.713368654653028E+002
  0.283486954601708E+000  0.800088219224940E+002  0.716877891681760E+002
  0.283486954601708E+000  0.800087135852064E+002  0.713377394986461E+002
  0.283486954601708E+000  0.800079920402898E+002  0.713396746188592E+002
  0.283486954601708E+000  0.800077061052467E+002  0.716847924728128E+002
  0.283486954601708E+000  0.800075747498056E+002  0.716844362594339E+002
  0.283486954601708E+000  0.800068233892706E+002  0.716823843340306E+002
  0.283486954601708E+000  0.800064935574261E+002  0.716814757056379E+002
  0.283486954601708E+000  0.800062112993326E+002  0.713445457274710E+002
  0.283486954601708E+000  0.800057878624289E+002  0.713457249346811E+002
  0.283486954601708E+000  0.801509960184872E+002  0.716775806409909E+002
  0.283486954601708E+000  0.801503209137527E+002  0.716756606376173E+002
  0.283486954601708E+000  0.801499504172689E+002  0.716745972706285E+002
  0.283486954601708E+000  0.801495638586347E+002  0.716734803105086E+002
  0.283486954601708E+000  0.801495009032784E+002  0.716732976659297E+002
  0.283486954601708E+000  0.801457441691830E+002  0.716619949873901E+002
  0.283486954601708E+000  0.801442144698822E+002  0.716571396345229E+002
  0.283486954601708E+000  0.801406231025926E+002  0.716450426560393E+002
  0.283486954601708E+000  0.801399707819832E+002  0.716427247662220E+002
  0.283486954601708E+000  0.801384085935243E+002  0.716369983783340E+002
  0.283486954601708E+000  0.801378802104257E+002  0.716350009013607E+002
  0.283486954601708E+000  0.801372624135826E+002  0.716326232519437E+002
  0.283486954601708E+000  0.801371834498807E+002  0.716323159486106E+002
  0.283486954601708E+000  0.801362584533968E+002  0.716286555462528E+002
  0.283486954601708E+000  0.801359599440643E+002  0.716274493824150E+002
  0.283486954601708E+000  0.801348635393995E+002  0.716229060772860E+002
  0.283486954601708E+000  0.801347855380635E+002  0.716225757011378E+002
  0.283486954601708E+000  0.801340366399128E+002  0.714058882635074E+002
  0.283486954601708E+000  0.801339455506956E+002  0.714062870698336E+002
  0.283486954601708E+000  0.801326189824906E+002  0.716129654548068E+002
  0.283486954601708E+000  0.801325870444151E+002  0.716128168923776E+002
  0.283486954601708E+000  0.801317855290094E+002  0.716090136357966E+002
  0.283486954601708E+000  0.801314708365012E+002  0.714177612465159E+002
  0.283486954601708E+000  0.801313110908536E+002  0.716066899684852E+002
  0.283486954601708E+000  0.801312228365557E+002  0.716062513622017E+002
  0.283486954601708E+000  0.801310521173227E+002  0.716053970368177E+002
  0.283486954601708E+000  0.801302684908474E+002  0.716013701089061E+002
  0.283486954601708E+000  0.801298492157578E+002  0.715991385876192E+002
  0.283486954601708E+000  0.801293822625495E+002  0.714286564325179E+002
  0.283486954601708E+000  0.801288928121829E+002  0.715938191145678E+002
  0.283486954601708E+000  0.801288550119306E+002  0.714316382680207E+002
  0.283486954601708E+000  0.801281878332999E+002  0.715896632669192E+002
  0.283486954601708E+000  0.801281574731505E+002  0.715894792471393E+002
  0.283486954601708E+000  0.801278280167601E+002  0.715874532437449E+002
  0.283486954601708E+000  0.801274045859641E+002  0.715847658381140E+002
  0.283486954601708E+000  0.801273213061119E+002  0.715842254141249E+002
  0.283486954601708E+000  0.801268781455835E+002  0.715812781260838E+002
  0.283486954601708E+000  0.801267384258326E+002  0.715803223069190E+002
  0.283486954601708E+000  0.810453680641229E+002  0.714536530672143E+002
  0.283486954601708E+000  0.810453201012360E+002  0.714540336746013E+002
  0.283486954601708E+000  0.810447497981679E+002  0.714587650398964E+002
  0.283486954601708E+000  0.810442660017026E+002  0.714631320961390E+002
  0.283486954601708E+000  0.810440006841361E+002  0.714656992784601E+002
  0.283486954601708E+000  0.810438914134879E+002  0.714667983652790E+002
  0.283486954601708E+000  0.810433024138877E+002  0.714732476683068E+002
  0.283486954601708E+000  0.810432463623172E+002  0.714739173719418E+002
  0.283486954601708E+000  0.810429688832102E+002  0.714774198563687E+002
  0.283486954601708E+000  0.810429129883078E+002  0.714781684518443E+002
  0.283486954601708E+000  0.810426531637007E+002  0.714818867175385E+002
  0.283486954601708E+000  0.810425028053043E+002  0.714842602667442E+002
  0.283486954601708E+000  0.810424168443674E+002  0.714857111399378E+002
  0.283486954601708E+000  0.812378444552847E+002  0.714919219746583E+002
  0.283486954601708E+000  0.812378042770159E+002  0.714928480910236E+002
