  0.714976324570426E+002 -0.406188130010149E+002
  0.715256313241371E+002 -0.406187833437826E+002
  0.715062579483172E+002 -0.406187142966700E+002
  0.714965976467182E+002 -0.406188302008430E+002
  0.715226634367322E+002 -0.406187466685948E+002
  0.715297792376631E+002 -0.406188504213374E+002
  0.715139551711299E+002 -0.406186935574279E+002
  0.715252117280943E+002 -0.406187775855745E+002
  0.715023355175327E+002 -0.406187492945462E+002
  0.714979481724715E+002 -0.406188079819738E+002
  0.715332232129796E+002 -0.406189201295941E+002
  0.715230010129032E+002 -0.406187503642083E+002
  0.714956326182164E+002 -0.406188472752352E+002
  0.715027773417933E+002 -0.406187445281033E+002
  0.715276804604987E+002 -0.406188141760211E+002
  0.715193238653145E+002 -0.406187166907668E+002
  0.715099398565261E+002 -0.406186964519982E+002
  0.715062856043984E+002 -0.406187141084633E+002
  0.715215347973924E+002 -0.406187351998068E+002
  0.715338372805116E+002 -0.406189338943739E+002
  0.715315956548037E+002 -0.406188856021932E+002
  0.715108611702003E+002 -0.406186942599512E+002
  0.714966287230458E+002 -0.406188296675969E+002
  0.715133839812925E+002 -0.406186929147462E+002
  0.715339571518083E+002 -0.406189366285342E+002
  0.715080535725201E+002 -0.406187037785716E+002
  0.714961395269600E+002 -0.406188381819515E+002
  0.715032775951247E+002 -0.406187393839260E+002
  0.715015152038309E+002 -0.406187586991153E+002
  0.715200754372219E+002 -0.406187223947358E+002
  0.715103729893439E+002 -0.406186953081262E+002
  0.715269047326351E+002 -0.406188019745973E+002
  0.715347108791656E+002 -0.406189541733325E+002
  0.715118496619995E+002 -0.406186929199422E+002
  0.715169768438558E+002 -0.406187027763463E+002
  0.715174394845377E+002 -0.406187050518533E+002
  0.715277494054611E+002 -0.406188152916708E+002
  0.715084863550852E+002 -0.406187017604177E+002
  0.715236049653104E+002 -0.406187572807637E+002
  0.715027701717975E+002 -0.406187446037835E+002
  0.715059729661089E+002 -0.406187162838025E+002
  0.715233002532260E+002 -0.406187537422808E+002
  0.715063971989331E+002 -0.406187133573631E+002
  0.715084692503303E+002 -0.406187018363697E+002
  0.714992080260969E+002 -0.406187890175799E+002
  0.715032774713662E+002 -0.406187393851655E+002
  0.715281914831325E+002 -0.406188225663467E+002
  0.715030536686572E+002 -0.406187416534283E+002
  0.715349098236555E+002 -0.406189589058262E+002
  0.714972491990610E+002 -0.406188192373912E+002
  0.715093125917921E+002 -0.406186984650777E+002
  0.715039054361377E+002 -0.406187333073745E+002
  0.715292910365867E+002 -0.406188415687888E+002
  0.715088205577304E+002 -0.406187003393539E+002
  0.715119053750218E+002 -0.406186928755993E+002
  0.714977582048763E+002 -0.406188109891527E+002
  0.715031676040196E+002 -0.406187404919725E+002
  0.715138894422239E+002 -0.406186934656645E+002
  0.714968055153590E+002 -0.406188266536734E+002
  0.715105813820746E+002 -0.406186948294335E+002
  0.715023942561639E+002 -0.406187486488072E+002
  0.714956648333639E+002 -0.406188466891406E+002
  0.715167251997820E+002 -0.406187016349735E+002
  0.715150975210492E+002 -0.406186958919547E+002
  0.714961896422529E+002 -0.406188372979109E+002
  0.715131675834806E+002 -0.406186927626147E+002
  0.715184334460005E+002 -0.406187107166936E+002
  0.715168775071112E+002 -0.406187023176788E+002
  0.715172909933658E+002 -0.406187042964932E+002
  0.715243395580532E+002 -0.406187662204717E+002
  0.715027570476193E+002 -0.406187447424536E+002
  0.715207966232697E+002 -0.406187284373962E+002
  0.715290192261359E+002 -0.406188367507767E+002
  0.715163780653526E+002 -0.406187001718995E+002
  0.715124835522851E+002 -0.406186926118619E+002
  0.715094905052953E+002 -0.406186978512495E+002
  0.715253095157493E+002 -0.406187789106685E+002
  0.715243234943346E+002 -0.406187660187959E+002
  0.714999476009269E+002 -0.406187786774627E+002
  0.715054401036871E+002 -0.406187202329489E+002
  0.715190292184494E+002 -0.406187146198077E+002
  0.715064817442840E+002 -0.406187127972090E+002
  0.715295642829860E+002 -0.406188464920827E+002
  0.715002117605960E+002 -0.406187751263209E+002
  0.715047734629975E+002 -0.406187256021564E+002
  0.715068297782624E+002 -0.406187105720100E+002
  0.715350259382557E+002 -0.406189616875700E+002
  0.715126072894021E+002 -0.406186926019719E+002
  0.715183875334662E+002 -0.406187104316958E+002
  0.715317685815920E+002 -0.406188891358750E+002
  0.715236325619975E+002 -0.406187576061469E+002
  0.715184715533880E+002 -0.406187109549579E+002
  0.715077346720108E+002 -0.406187053941554E+002
  0.715182923184545E+002 -0.406187098478598E+002
  0.715077986761281E+002 -0.406187050611593E+002
  0.714978786008025E+002 -0.406188090788007E+002
  0.715311372584248E+002 -0.406188763901834E+002
  0.715259303353816E+002 -0.406187875623501E+002
  0.715180847642047E+002 -0.406187086088688E+002
  0.715074105594278E+002 -0.406187071478509E+002
  0.715046398165903E+002 -0.406187267358893E+002
  0.715142415723775E+002 -0.406186940113254E+002
  0.715345333482547E+002 -0.406189499860493E+002
  0.715255536043326E+002 -0.406187822629750E+002
  0.715253618601011E+002 -0.406187796241849E+002
  0.715184784956642E+002 -0.406187109985317E+002
  0.715002964030737E+002 -0.406187740042827E+002
  0.715238630703466E+002 -0.406187603558824E+002
  0.715273894626235E+002 -0.406188095233099E+002
  0.715144102676323E+002 -0.406186943198288E+002
  0.715179116249254E+002 -0.406187076106465E+002
  0.715159711745055E+002 -0.406186986214164E+002
  0.714989984194945E+002 -0.406187920547637E+002
  0.715183220060479E+002 -0.406187100288544E+002
  0.715255205882052E+002 -0.406187818057970E+002
  0.715135421169771E+002 -0.406186930576639E+002
  0.715109742844993E+002 -0.406186940535390E+002
  0.714999587506142E+002 -0.406187785260635E+002
  0.715003956626200E+002 -0.406187726982618E+002
  0.715067732659767E+002 -0.406187109244981E+002
  0.715177492327617E+002 -0.406187067035913E+002
  0.715351659519374E+002 -0.406189650610830E+002
  0.715039339105657E+002 -0.406187330418020E+002
  0.715310298703660E+002 -0.406188742646616E+002
  0.715318311193086E+002 -0.406188904216982E+002
  0.715121298040042E+002 -0.406186927306717E+002
  0.715183245907022E+002 -0.406187100446568E+002
  0.715001708698750E+002 -0.406187756711281E+002
  0.715277081596127E+002 -0.406188146236287E+002
  0.715203966032144E+002 -0.406187250168543E+002
  0.715048890636345E+002 -0.406187246369510E+002
  0.715089416268491E+002 -0.406186998540995E+002
  0.715141023811898E+002 -0.406186937797482E+002
  0.715022855412069E+002 -0.406187498468696E+002
  0.715070361162123E+002 -0.406187093140743E+002
  0.715056886815045E+002 -0.406187183528133E+002
  0.715178664553601E+002 -0.406187073555100E+002
  0.714955677312845E+002 -0.406188484591090E+002
  0.715302522779098E+002 -0.406188592426965E+002
  0.715256817257104E+002 -0.406187840481514E+002
  0.715056943635181E+002 -0.406187183106113E+002
  0.715200786920591E+002 -0.406187224207549E+002
  0.715038349320484E+002 -0.406187339686857E+002
  0.715129632356322E+002 -0.406186926650390E+002
  0.715067742134487E+002 -0.406187109185601E+002
  0.715111344675259E+002 -0.406186937847000E+002
  0.715326866922593E+002 -0.406189084339634E+002
  0.715110038543383E+002 -0.406186940018411E+002
  0.715249760057486E+002 -0.406187744335027E+002
  0.714955192588302E+002 -0.406188493464429E+002
  0.715096376143656E+002 -0.406186973693293E+002
  0.715311441046943E+002 -0.406188765261102E+002
  0.715190920496892E+002 -0.406187150536173E+002
  0.715124055503465E+002 -0.406186926265310E+002
  0.715332261694533E+002 -0.406189201948973E+002
  0.715170231540287E+002 -0.406187029937896E+002
  0.714949430621958E+002 -0.406188600871880E+002
  0.715288050964846E+002 -0.406188330109662E+002
  0.715135089619244E+002 -0.406186930254785E+002
  0.715254016506264E+002 -0.406187801685425E+002
  0.715022794871958E+002 -0.406187499139586E+002
  0.715084010763142E+002 -0.406187021422060E+002
  0.715294941169022E+002 -0.406188452202079E+002
  0.715228583336876E+002 -0.406187487873234E+002
  0.715245658057017E+002 -0.406187690903372E+002
  0.715031781105842E+002 -0.406187403855695E+002
  0.715075184429147E+002 -0.406187065516157E+002
  0.715089493378097E+002 -0.406186998237256E+002
  0.715058828979001E+002 -0.406187169299388E+002
  0.715290680188188E+002 -0.406188376098253E+002
  0.715229801937696E+002 -0.406187501327562E+002
  0.714979530336809E+002 -0.406188079055287E+002
  0.715015779912817E+002 -0.406187579537885E+002
  0.715137666589246E+002 -0.406186933066543E+002
  0.715175457278428E+002 -0.406187056068088E+002
  0.715270957105761E+002 -0.406188049186321E+002
  0.715031199917325E+002 -0.406187409756391E+002
  0.715147944610323E+002 -0.406186951362818E+002
  0.715315704911402E+002 -0.406188850906567E+002
  0.714998464332985E+002 -0.406187800572858E+002
  0.715039532182514E+002 -0.406187328622194E+002
  0.715289558107171E+002 -0.406188356380929E+002
  0.715135879740651E+002 -0.406186931041221E+002
  0.715135549966345E+002 -0.406186930704847E+002
  0.715186006015426E+002 -0.406187117733862E+002
  0.715292181971170E+002 -0.406188402698949E+002
  0.715086112069543E+002 -0.406187012155249E+002
  0.715074603390245E+002 -0.406187068711858E+002
  0.715193872229125E+002 -0.406187171482405E+002
  0.715333257823275E+002 -0.406189224006416E+002
  0.715126639244407E+002 -0.406186926029206E+002
  0.715013404068213E+002 -0.406187607963261E+002
  0.715076980287756E+002 -0.406187055867771E+002
  0.715195775638957E+002 -0.406187185484813E+002
  0.715109888163948E+002 -0.406186940280153E+002
  0.715274711949755E+002 -0.406188108209458E+002
  0.715193697718992E+002 -0.406187170218060E+002
  0.715061750746641E+002 -0.406187148655562E+002
  0.714975874217674E+002 -0.406188137256649E+002
  0.715296296914020E+002 -0.406188476824701E+002
  0.714977041025346E+002 -0.406188118526681E+002
  0.715034740357934E+002 -0.406187374372545E+002
  0.715050142801480E+002 -0.406187236076207E+002
  0.715206410073376E+002 -0.406187270863502E+002
  0.714949417642993E+002 -0.406188601117835E+002
  0.715261228384010E+002 -0.406187903289730E+002
  0.715225589660182E+002 -0.406187455496551E+002
  0.715018266669520E+002 -0.406187550433655E+002
  0.715054461346831E+002 -0.406187201865490E+002
  0.715012617394551E+002 -0.406187617508629E+002
  0.715068531483594E+002 -0.406187104272427E+002
  0.715348796898855E+002 -0.406189581862772E+002
  0.715144070076453E+002 -0.406186943135780E+002
  0.715007523651976E+002 -0.406187680920756E+002
  0.715147524641026E+002 -0.406186950393308E+002
  0.715013376946003E+002 -0.406187608291253E+002
  0.714948608170319E+002 -0.406188616493269E+002
  0.715072703166159E+002 -0.406187079415767E+002
  0.715297857971789E+002 -0.406188505420206E+002
  0.715316898241077E+002 -0.406188875225257E+002
  0.715312484092781E+002 -0.406188786032017E+002
  0.715176182353002E+002 -0.406187059924941E+002
  0.715246928440070E+002 -0.406187707258260E+002
  0.714996309734397E+002 -0.406187830325044E+002
  0.715323864000021E+002 -0.406189020225740E+002
  0.715088324059287E+002 -0.406187002911718E+002
  0.715321988369270E+002 -0.406188980670546E+002
  0.714981005455595E+002 -0.406188055978739E+002
  0.715276553555479E+002 -0.406188137710447E+002
  0.715240079007348E+002 -0.406187621127022E+002
  0.715149770802935E+002 -0.406186955798494E+002
  0.715149079189923E+002 -0.406186954076562E+002
  0.715331493679563E+002 -0.406189185015312E+002
  0.715302081750286E+002 -0.406188584101165E+002
  0.714974382276412E+002 -0.406188161418378E+002
  0.715029859015133E+002 -0.406187423508458E+002
  0.715133482635524E+002 -0.406186928861769E+002
  0.714992535827802E+002 -0.406187883636977E+002
  0.715086636556703E+002 -0.406187009916066E+002
  0.715187634501748E+002 -0.406187128316571E+002
  0.715346057957416E+002 -0.406189516907311E+002
  0.715297501548300E+002 -0.406188498868216E+002
  0.715008204988105E+002 -0.406187672277647E+002
  0.715288800683290E+002 -0.406188343147701E+002
  0.715092737803330E+002 -0.406186986034916E+002
  0.715319695436261E+002 -0.406188932827182E+002
  0.715308072582368E+002 -0.406188698978961E+002
  0.715234279513547E+002 -0.406187552130652E+002
  0.715147790189725E+002 -0.406186951004136E+002
  0.715135686571078E+002 -0.406186930842771E+002
  0.715233480945981E+002 -0.406187542912540E+002
  0.714949972164919E+002 -0.406188590625575E+002
  0.715329703163831E+002 -0.406189145782480E+002
  0.714979067610257E+002 -0.406188086342178E+002
  0.715244356060014E+002 -0.406187674321006E+002
  0.715004695259403E+002 -0.406187717332492E+002
  0.715342238430916E+002 -0.406189427667887E+002
  0.715317210013698E+002 -0.406188881603977E+002
  0.715000660617630E+002 -0.406187770757231E+002
  0.715122302553825E+002 -0.406186926832962E+002
  0.714976310647448E+002 -0.406188130233854E+002
  0.714975546764800E+002 -0.406188142539253E+002
  0.715184211653295E+002 -0.406187106402411E+002
  0.714994387567222E+002 -0.406187857287677E+002
  0.715128114306103E+002 -0.406186926215315E+002
  0.715303408720657E+002 -0.406188609214898E+002
  0.715279269219314E+002 -0.406188181876472E+002
  0.715275922335188E+002 -0.406188127557873E+002
  0.715305288792472E+002 -0.406188645119596E+002
  0.715290748456988E+002 -0.406188377302236E+002
  0.715116764214221E+002 -0.406186930790873E+002
  0.715351470979057E+002 -0.406189646055864E+002
  0.715147690333014E+002 -0.406186950773554E+002
  0.715351805891622E+002 -0.406189654149680E+002
  0.715264735474966E+002 -0.406187954714213E+002
  0.715283910480416E+002 -0.406188259189514E+002
  0.715340462008439E+002 -0.406189386696372E+002
  0.715131483634507E+002 -0.406186927515300E+002
  0.714971342606085E+002 -0.406188211383627E+002
  0.715191135926530E+002 -0.406187152033320E+002
  0.715282522300249E+002 -0.406188235823484E+002
