  0.735121581522511E+002 -0.424506245362775E+002
  0.735122357488941E+002 -0.424506246376547E+002
  0.735128238225672E+002 -0.424506255395667E+002
  0.735126988555847E+002 -0.424506253281550E+002
  0.735123838482556E+002 -0.424506248425500E+002
  0.735125518953839E+002 -0.424506250931766E+002
  0.735128870061570E+002 -0.424506256505145E+002
  0.735127493141735E+002 -0.424506254122346E+002
  0.735120858797137E+002 -0.424506244455531E+002
  0.735122890740537E+002 -0.424506247097051E+002
  0.735123297347243E+002 -0.424506247659481E+002
  0.735121865174329E+002 -0.424506245728590E+002
  0.735127042558851E+002 -0.424506253370705E+002
  0.735125415573661E+002 -0.424506250772020E+002
  0.735122202004425E+002 -0.424506246170120E+002
  0.735126238086280E+002 -0.424506252063185E+002
  0.735120594274317E+002 -0.424506244132386E+002
  0.735121394575811E+002 -0.424506245124680E+002
  0.735125585725498E+002 -0.424506251035332E+002
  0.735128111158186E+002 -0.424506255175833E+002
  0.735123389436334E+002 -0.424506247788429E+002
  0.735123775069907E+002 -0.424506248334701E+002
  0.735123720827985E+002 -0.424506248257251E+002
  0.735128431839230E+002 -0.424506255732748E+002
