  0.337262453827660E-031  0.227160990023754E+003  0.600287531972042E+002
  0.641062591803978E-031  0.225869803089001E+003  0.600813152643358E+002
  0.108273828679667E-030  0.224814904583316E+003  0.601244384901824E+002
  0.167075472333580E-030  0.223940684660253E+003  0.601602998774142E+002
  0.210511772450527E-030  0.223471837205626E+003  0.601795792233508E+002
  0.216211135567023E-030  0.223411753961341E+003  0.601820522610775E+002
  0.216057501078233E-030  0.223406520038729E+003  0.601822677158831E+002
  0.609785301879395E-030  0.221324739758286E+003  0.602682917298393E+002
  0.331264535104658E-029  0.217933293342477E+003  0.604098614815558E+002
  0.730995458925841E-029  0.216343657778908E+003  0.604768430184893E+002
  0.802653024157139E-029  0.216149971651636E+003  0.604850320622867E+002
  0.138600745277583E-028  0.215050795999882E+003  0.605316208450173E+002
  0.274233276451950E-028  0.213679377111371E+003  0.605900273495515E+002
  0.285034210192618E-028  0.213595461349703E+003  0.605936113288431E+002
  0.294699990813186E-028  0.213522108470034E+003  0.605967451392223E+002
  0.457229047845025E-028  0.212636999678746E+003  0.606346302736515E+002
  0.764857162545106E-028  0.211601334825273E+003  0.606791278337038E+002
  0.795541524615755E-028  0.211516011355005E+003  0.606828019264728E+002
  0.555016851920675E-027  0.207624234726232E+003  0.608517306970358E+002
  0.597237525098772E-027  0.207470946302755E+003  0.608584392525783E+002
  0.815460223817914E-027  0.206841415228747E+003  0.608860346300895E+002
  0.375701233620263E-026  0.203779506281702E+003  0.610212878487267E+002
  0.121687752533454E-025  0.201422352270943E+003  0.611266098673026E+002
  0.163020111549145E-025  0.200830866253677E+003  0.611532066192872E+002
  0.177324011818753E-025  0.200656000558637E+003  0.611610827154627E+002
  0.312265150204837E-025  0.199517596912572E+003  0.612125045884912E+002
  0.332611249306406E-025  0.199384697889956E+003  0.612185244022495E+002
  0.405630832360110E-025  0.198981104154691E+003  0.612368272601774E+002
  0.416623598449219E-025  0.198920969161488E+003  0.612395571558663E+002
  0.590256517871440E-025  0.198217565489500E+003  0.612715429947780E+002
  0.100759061584706E-024  0.197141389884117E+003  0.613206741469510E+002
  0.193607860709657E-024  0.195828529026357E+003  0.613809334070229E+002
  0.802175634712668E-024  0.192978887840303E+003  0.615129790851480E+002
  0.145435180926765E-023  0.191782256242836E+003  0.615689509340697E+002
  0.142090346967342E-022  0.187216965264477E+003  0.617854479725189E+002
  0.167684675546865E-022  0.186879065318370E+003  0.618016638370329E+002
  0.312786051998811E-022  0.185625541473408E+003  0.618620586489034E+002
  0.117703675848213E-021  0.182968414052126E+003  0.619913457241692E+002
  0.173165210999756E-021  0.182189606729460E+003  0.620295739471637E+002
  0.251780043820880E-021  0.181434331651860E+003  0.620667948466732E+002
  0.133136102069576E-020  0.178096873756822E+003  0.622330562244476E+002
  0.152466462838883E-020  0.177819072722162E+003  0.622470298738825E+002
  0.268461740305252E-020  0.176680889634904E+003  0.623045029575240E+002
  0.349558615682067E-020  0.176146308352737E+003  0.623316210615833E+002
  0.487195165920374E-020  0.175475665705350E+003  0.623657549481375E+002
  0.616982642406051E-020  0.174996657930991E+003  0.623902133318182E+002
  0.674116549509778E-020  0.174812878097170E+003  0.623996146489015E+002
  0.715604556846450E-020  0.174686773114189E+003  0.624060712050079E+002
  0.142003032086937E-019  0.173309505966784E+003  0.624768874209339E+002
  0.281531856367288E-019  0.171934055991458E+003  0.625481685023823E+002
  0.108389627211291E-018  0.169231256651633E+003  0.626899154500020E+002
  0.257611843525573E-018  0.167493157921251E+003  0.627822849379258E+002
  0.324255888118895E-018  0.167026344315798E+003  0.628072602355764E+002
  0.900841709102584E-018  0.164976095582859E+003  0.629178112277782E+002
  0.207446338508513E-017  0.163301183540636E+003  0.630091903671343E+002
  0.221861939052147E-017  0.163160162769200E+003  0.630169289788466E+002
  0.357591212625975E-017  0.162198836833913E+003  0.799553685753848E+002
  0.378288225775421E-017  0.162079649379108E+003  0.630764584605996E+002
  0.444355364689542E-017  0.161751057386693E+003  0.630946452861823E+002
  0.460885211166991E-017  0.161671353008258E+003  0.799261772933648E+002
  0.753147815990655E-017  0.160682472430157E+003  0.798711773236551E+002
  0.137380556510982E-016  0.159473659967275E+003  0.632217904599239E+002
  0.160683987234060E-016  0.159153634858554E+003  0.797854261809971E+002
  0.165773855722023E-016  0.159084609436967E+003  0.632437063362237E+002
  0.172625406474544E-016  0.158996955013261E+003  0.632486520811062E+002
  0.248426132033911E-016  0.158262256273963E+003  0.632902231140367E+002
  0.304837344884533E-016  0.157846335107891E+003  0.633138503785777E+002
  0.468365220456886E-016  0.156980739451161E+003  0.796619980001969E+002
  0.541515967294036E-016  0.156683835518988E+003  0.633802526312370E+002
  0.719885534550820E-016  0.156107740605962E+003  0.634133610493515E+002
  0.809431745544976E-016  0.155866604559426E+003  0.795979804717575E+002
  0.816838831158612E-016  0.155841730272120E+003  0.795965454244084E+002
  0.167978255713335E-015  0.154393119037082E+003  0.795125281277254E+002
  0.175330392086754E-015  0.154300788240877E+003  0.635180968151711E+002
  0.188212393354276E-015  0.154152334804159E+003  0.635267626332055E+002
  0.669857063932823E-015  0.151606692673600E+003  0.636768529610319E+002
  0.727834232711871E-015  0.151434019157939E+003  0.793381019657939E+002
  0.870463464984012E-015  0.151069458641299E+003  0.637088970076833E+002
  0.100420130713249E-014  0.150776959066937E+003  0.792988409768301E+002
  0.199216065852978E-014  0.149400248883752E+003  0.792159302591282E+002
  0.207339811257136E-014  0.149313655195932E+003  0.792106854082366E+002
  0.274915001942716E-014  0.148742793778832E+003  0.791760193480254E+002
  0.347580486153643E-014  0.148267069624704E+003  0.638782296257630E+002
  0.347571261290102E-014  0.148260467125669E+003  0.638786330127537E+002
  0.590619340726901E-014  0.147193407537639E+003  0.790811312508781E+002
  0.590951595865167E-014  0.147185627166257E+003  0.790806517603274E+002
  0.782912119060821E-014  0.146616398902999E+003  0.790454884265573E+002
  0.813991100392776E-014  0.146531885364282E+003  0.790402537089374E+002
  0.151311407320716E-013  0.145285278436977E+003  0.789626123771773E+002
  0.160150325439351E-013  0.145165077067164E+003  0.640701567964332E+002
  0.180664450022891E-013  0.144917364416366E+003  0.789395427871623E+002
  0.193467912419861E-013  0.144773768380219E+003  0.789305193109271E+002
  0.216876301473249E-013  0.144538681839471E+003  0.789157228920256E+002
  0.269386995997459E-013  0.144098382577568E+003  0.641373095028455E+002
  0.299882079664375E-013  0.143877246323327E+003  0.788739323808457E+002
  0.345539815785214E-013  0.143587153647090E+003  0.788555288496840E+002
  0.443514907579211E-013  0.143081250992822E+003  0.788233234505794E+002
  0.508091920530093E-013  0.142802733487699E+003  0.642197074354743E+002
  0.539097311455210E-013  0.142677610471091E+003  0.787975258714551E+002
  0.654128073537244E-013  0.142284140754836E+003  0.787722900949641E+002
  0.697525297413326E-013  0.142149013937952E+003  0.787636032713515E+002
  0.102174190093572E-012  0.141378907529721E+003  0.787138958284007E+002
  0.114691233295924E-012  0.141141122975818E+003  0.643267616976240E+002
  0.143701274609426E-012  0.140683481248911E+003  0.786687120343467E+002
  0.156540470806473E-012  0.140505669842781E+003  0.786571132565563E+002
  0.180652040828477E-012  0.140212497905157E+003  0.786379481921641E+002
  0.273930460031539E-012  0.139373239276971E+003  0.785827974485373E+002
  0.375161704322961E-012  0.138737617965021E+003  0.644844995034355E+002
  0.512520043161741E-012  0.138106997036230E+003  0.784987641255760E+002
  0.558141406219794E-012  0.137929796400874E+003  0.645383163989938E+002
  0.760765661985770E-012  0.137303714761323E+003  0.784449267716055E+002
  0.109826815524411E-011  0.136562730305814E+003  0.783948913116653E+002
  0.110916294933774E-011  0.136536332532932E+003  0.646321378890051E+002
  0.143404462292802E-011  0.136015890496061E+003  0.646675089161719E+002
  0.196126616762627E-011  0.135383052097741E+003  0.783144733689269E+002
  0.199039890253609E-011  0.135346906910313E+003  0.783119943559885E+002
  0.248969284397033E-011  0.134892602780431E+003  0.647444814223044E+002
  0.464392324190787E-011  0.133639146823799E+003  0.781938195489707E+002
  0.468508260214889E-011  0.133614843220665E+003  0.781921226819693E+002
  0.472977651509555E-011  0.133589198827953E+003  0.781903317340953E+002
  0.540258126324029E-011  0.133316545451614E+003  0.781712604362355E+002
  0.647896880366011E-011  0.132946520848642E+003  0.781452906003942E+002
  0.695165856880291E-011  0.132799027445185E+003  0.648903294378740E+002
  0.827959736004267E-011  0.132442743734797E+003  0.649154708313003E+002
  0.103518681386425E-010  0.131989342833191E+003  0.780776353744247E+002
  0.126893282380643E-010  0.131575498564823E+003  0.649770727745670E+002
  0.202972239273651E-010  0.130629397423942E+003  0.779802948171666E+002
  0.249431197109796E-010  0.130210514050295E+003  0.650752239789748E+002
  0.266298306997048E-010  0.130072990427665E+003  0.650851959271691E+002
  0.325109932448254E-010  0.129667242360430E+003  0.651147076198478E+002
  0.545858638786570E-010  0.128624193460084E+003  0.778340348926336E+002
  0.640795813675154E-010  0.128296836232170E+003  0.778098348483138E+002
  0.721967119008418E-010  0.128051643184886E+003  0.652335922222273E+002
  0.937251655799381E-010  0.127523043152789E+003  0.652729812754648E+002
  0.122009268436598E-009  0.126988927005880E+003  0.653130355504152E+002
  0.122261975445863E-009  0.126978133286544E+003  0.653138476577221E+002
  0.125665598296033E-009  0.126916561076547E+003  0.777067576439094E+002
  0.139749433321858E-009  0.126697452176433E+003  0.653350032729170E+002
  0.165810880995664E-009  0.126348802974851E+003  0.653613831280621E+002
  0.168271302046301E-009  0.126312687990236E+003  0.776611177951147E+002
  0.175358946765603E-009  0.126223517554817E+003  0.776543496854002E+002
  0.193676385100714E-009  0.126018154673526E+003  0.653865059287409E+002
  0.212105854358704E-009  0.125829705463537E+003  0.776243693796691E+002
  0.212814520820655E-009  0.125816378825334E+003  0.776233522703398E+002
  0.298241700479026E-009  0.125134756762917E+003  0.654541378387197E+002
  0.393757813379552E-009  0.124572437582227E+003  0.775276555524450E+002
  0.448497583139348E-009  0.124305447483494E+003  0.775069167957538E+002
  0.516881226031799E-009  0.124014972266285E+003  0.655409679595342E+002
  0.515427671034040E-009  0.124013948938083E+003  0.774841920738632E+002
  0.573951786215448E-009  0.123792196535076E+003  0.774668465553399E+002
  0.737883853864302E-009  0.123283058882939E+003  0.655984107405442E+002
  0.923429114634380E-009  0.122827788089220E+003  0.773908150139856E+002
  0.933372367124977E-009  0.122799712130742E+003  0.656366531228328E+002
  0.132172432136104E-008  0.122097280073300E+003  0.773325624979856E+002
  0.154993503982731E-008  0.121772072828960E+003  0.773064412665072E+002
  0.164407076005587E-008  0.121647492615094E+003  0.772964035072298E+002
  0.173109736192799E-008  0.121537676667775E+003  0.772875408759806E+002
  0.176422754795801E-008  0.121493106239519E+003  0.772839399630599E+002
  0.197975341371911E-008  0.121255931951896E+003  0.772647403767435E+002
  0.226599654237913E-008  0.120979191695091E+003  0.772422565403882E+002
  0.232731836192625E-008  0.120919132014106E+003  0.657878746478195E+002
  0.273249624370539E-008  0.120591478675402E+003  0.658146324848465E+002
  0.361401202246983E-008  0.120025617190400E+003  0.771640980324925E+002
  0.371784805351729E-008  0.119962308606493E+003  0.658663692345267E+002
  0.387419308475216E-008  0.119873268257778E+003  0.658737293779063E+002
  0.386192113644024E-008  0.119872957960640E+003  0.658737550441030E+002
  0.404472179801541E-008  0.119773806364488E+003  0.658819623499528E+002
  0.404039907202990E-008  0.119769289392478E+003  0.658823365287192E+002
  0.443783583223555E-008  0.119574987082010E+003  0.658984558319630E+002
  0.475861230174164E-008  0.119428752981724E+003  0.659106179901957E+002
  0.495439089072789E-008  0.119341461122488E+003  0.771073493846205E+002
  0.503982877423034E-008  0.119300609790059E+003  0.771039426695289E+002
  0.515485506366386E-008  0.119248820423366E+003  0.770996208129454E+002
  0.674288869492342E-008  0.118705066000252E+003  0.659711992892340E+002
  0.761426901190790E-008  0.118455339288669E+003  0.770329812560086E+002
  0.771970882515897E-008  0.118421178392841E+003  0.659951457386133E+002
  0.854568531020636E-008  0.118211223078424E+003  0.660129229319616E+002
  0.962048516158008E-008  0.117967631133220E+003  0.660336204641706E+002
  0.115195994009182E-007  0.117600665184165E+003  0.769602906542034E+002
  0.127185027788038E-007  0.117395993675024E+003  0.769427387933349E+002
  0.146889896887462E-007  0.117101257359913E+003  0.769173631716606E+002
  0.155173381375542E-007  0.116984882227904E+003  0.769073108676490E+002
  0.157692343710225E-007  0.116946020924132E+003  0.661212900476684E+002
  0.218964438725164E-007  0.116282838557339E+003  0.661789724057025E+002
  0.221143899700897E-007  0.116256374410930E+003  0.661812871565648E+002
  0.231640430623899E-007  0.116156973466974E+003  0.768352494684267E+002
  0.299507115788256E-007  0.115636414137214E+003  0.662358039977159E+002
  0.301550282826217E-007  0.115616161353750E+003  0.767876455109997E+002
  0.324724042884411E-007  0.115461427883526E+003  0.767739461461376E+002
  0.440784558762202E-007  0.114843611294601E+003  0.663063516466981E+002
  0.539562731820807E-007  0.114432550057520E+003  0.766819309842542E+002
  0.670748254635830E-007  0.113990624814230E+003  0.766419017437610E+002
  0.776278563435315E-007  0.113691734149899E+003  0.766146504303545E+002
  0.855875143115247E-007  0.113489852418935E+003  0.765961612339856E+002
  0.916749352917550E-007  0.113345777645848E+003  0.765829250198351E+002
  0.933516283562225E-007  0.113302873455100E+003  0.765789767103711E+002
  0.100384670816007E-006  0.113150945472733E+003  0.765649705478077E+002
  0.118109298912285E-006  0.112819088006081E+003  0.765342409199416E+002
  0.151875455340778E-006  0.112309531716895E+003  0.764866870462611E+002
  0.173996538138862E-006  0.112030926954621E+003  0.665647467058079E+002
  0.203337850237546E-006  0.111712604415891E+003  0.665948454383200E+002
  0.204381572025561E-006  0.111695709205107E+003  0.764287918602634E+002
  0.213856781666486E-006  0.111598417927734E+003  0.666056872415791E+002
  0.214895761299655E-006  0.111582069281617E+003  0.764179984841902E+002
  0.294176633161014E-006  0.110947359100222E+003  0.763572723127520E+002
  0.295182581826112E-006  0.110933876107372E+003  0.666692658987429E+002
  0.294909022069666E-006  0.110929074881828E+003  0.666697282830105E+002
  0.368976417261627E-006  0.110474287655388E+003  0.763115112066355E+002
  0.416664177787304E-006  0.110224536402879E+003  0.667380645634258E+002
  0.460424861632105E-006  0.110018142608375E+003  0.667582696180269E+002
  0.519583028567337E-006  0.109769733135573E+003  0.667827022784099E+002
  0.554584023004479E-006  0.109632694149673E+003  0.762290048505463E+002
  0.566787297317041E-006  0.109582507026059E+003  0.668012008991616E+002
  0.566863783706914E-006  0.109575581569573E+003  0.762233534088847E+002
  0.667292454137117E-006  0.109242707234779E+003  0.668349612222187E+002
  0.668941748482408E-006  0.109231114510552E+003  0.761891226615124E+002
  0.819154549827666E-006  0.108819307354839E+003  0.668773715747430E+002
  0.842243295180431E-006  0.108757059474511E+003  0.668836394697807E+002
  0.974871784488385E-006  0.108457929819102E+003  0.669138787469762E+002
  0.111695108292342E-005  0.108179170147749E+003  0.669422389021887E+002
  0.112692976488309E-005  0.108154726193906E+003  0.760805058094914E+002
  0.114740314116149E-005  0.108112061937473E+003  0.669490926075117E+002
  0.116589393943254E-005  0.108073432613409E+003  0.760721975016468E+002
  0.120992147647338E-005  0.107992642354682E+003  0.669613143536657E+002
  0.124417825745033E-005  0.107930147142906E+003  0.669677233948644E+002
  0.130013922431087E-005  0.107835499409650E+003  0.760477929581271E+002
  0.136644647423473E-005  0.107729359426883E+003  0.669883761234602E+002
  0.142933033099929E-005  0.107632718888824E+003  0.760268898523540E+002
  0.142490375825879E-005  0.107632266831056E+003  0.760268431450183E+002
  0.157160883366645E-005  0.107429620138628E+003  0.670193834906952E+002
  0.158108585598937E-005  0.107410940494204E+003  0.670213229447556E+002
  0.169415871855387E-005  0.107266136064486E+003  0.670363860804922E+002
  0.171496358386890E-005  0.107235069364073E+003  0.670396243717619E+002
  0.207564975564711E-005  0.106846648997046E+003  0.670803117473596E+002
  0.220022243539570E-005  0.106723424972193E+003  0.670932978414524E+002
  0.224841905694095E-005  0.106673431660733E+003  0.670985773337977E+002
  0.242752628359151E-005  0.106513485239211E+003  0.759097290676520E+002
  0.313735804867397E-005  0.105993813036172E+003  0.758542554012194E+002
  0.322113444872655E-005  0.105934452354399E+003  0.671773663319874E+002
  0.332045284389933E-005  0.105867061650985E+003  0.671846228040319E+002
  0.356873675708118E-005  0.105716185048354E+003  0.672009131180602E+002
  0.372987031616499E-005  0.105621205904864E+003  0.758140401968971E+002
  0.374750773363605E-005  0.105605115225870E+003  0.672129448916497E+002
  0.390129098347768E-005  0.105518026635498E+003  0.672224024701086E+002
  0.395258168964489E-005  0.105485248179383E+003  0.757992724375958E+002
  0.396958058356505E-005  0.105470009629335E+003  0.757976140508512E+002
  0.425425315901466E-005  0.105324836482823E+003  0.672434571715509E+002
  0.460078676793416E-005  0.105161564703531E+003  0.672613325401623E+002
  0.475764577775133E-005  0.105087857851321E+003  0.757558131556166E+002
  0.557890435947768E-005  0.104762723382384E+003  0.757199220134419E+002
  0.590507033561492E-005  0.104642429892180E+003  0.757065651407055E+002
  0.677539156650125E-005  0.104360802711766E+003  0.756751268396205E+002
  0.721327413818056E-005  0.104228895535511E+003  0.673649199834547E+002
  0.747319765455618E-005  0.104151439925662E+003  0.756516007368213E+002
  0.826494660267994E-005  0.103943383751796E+003  0.673971517320833E+002
  0.102247286535475E-004  0.103511156384751E+003  0.674464325021937E+002
  0.102334985780917E-004  0.103502786105636E+003  0.674473927432137E+002
  0.102071589250251E-004  0.103501284893434E+003  0.755776749748194E+002
  0.103362839263291E-004  0.103469487139616E+003  0.674512150590645E+002
  0.105300107393322E-004  0.103425693700012E+003  0.755689924655226E+002
  0.112875130074212E-004  0.103280102669644E+003  0.755522170928632E+002
  0.112657442387574E-004  0.103277307955352E+003  0.755518943971921E+002
  0.118052117298854E-004  0.103177103439531E+003  0.674849329039666E+002
  0.118564610241590E-004  0.103161784165118E+003  0.674867073164317E+002
  0.124306661697950E-004  0.103060541495545E+003  0.755267861119676E+002
  0.124742891021893E-004  0.103046879602515E+003  0.675000415840254E+002
  0.169931874658901E-004  0.102421938277887E+003  0.754518859163233E+002
  0.173159692079819E-004  0.102377649447905E+003  0.754466385100526E+002
  0.187991864655220E-004  0.102206624978816E+003  0.754263092368136E+002
  0.201245102325790E-004  0.102063719616730E+003  0.754092410786454E+002
  0.219311572903733E-004  0.101885124343911E+003  0.753878045503015E+002
  0.222543021825776E-004  0.101849214736955E+003  0.753834800385411E+002
  0.224918813904225E-004  0.101821321015644E+003  0.676451224369075E+002
  0.228013039691199E-004  0.101787338817561E+003  0.753760171065960E+002
  0.232511157785636E-004  0.101741612446566E+003  0.676547472462199E+002
  0.235349512314899E-004  0.101710689903734E+003  0.753667523474666E+002
  0.235739103142285E-004  0.101700726318189E+003  0.753655463860626E+002
  0.249646908253344E-004  0.101579427029623E+003  0.676744056501765E+002
  0.252309652428459E-004  0.101551552329213E+003  0.753474454860729E+002
  0.257641248867560E-004  0.101503074756338E+003  0.753415447532797E+002
  0.269281198124457E-004  0.101408043034567E+003  0.753299509426021E+002
  0.278955411977818E-004  0.101330795903272E+003  0.753205008323857E+002
  0.314541023348260E-004  0.101084015218721E+003  0.752901522540597E+002
  0.327116841398498E-004  0.100998953813159E+003  0.752796349168179E+002
  0.353266968599960E-004  0.100838484961257E+003  0.752597135234801E+002
  0.386361188673912E-004  0.100652732185425E+003  0.677887197818601E+002
  0.401750847119158E-004  0.100567957686669E+003  0.677993529850105E+002
  0.412284731044126E-004  0.100509537922019E+003  0.752185416719038E+002
  0.434691764999061E-004  0.100397036365247E+003  0.678208846427431E+002
  0.442040960741130E-004  0.100356850074202E+003  0.751992746282520E+002
  0.452400655149826E-004  0.100303863207493E+003  0.678326751028426E+002
  0.454010726780630E-004  0.100290102362054E+003  0.678344196519081E+002
  0.463318204221952E-004  0.100242860263603E+003  0.678404151369916E+002
  0.470043735242761E-004  0.100207381363582E+003  0.751803157606362E+002
  0.469743438875087E-004  0.100202003929710E+003  0.751796318510427E+002
  0.484945062955269E-004  0.100131650466848E+003  0.678545675421964E+002
  0.580079848530347E-004  0.997667345833027E+002  0.751238441619133E+002
  0.674156491554208E-004  0.994594859964532E+002  0.750839400167730E+002
  0.693568359764601E-004  0.993960553367893E+002  0.750756462567171E+002
  0.771397977442678E-004  0.991766905229561E+002  0.679784263929446E+002
  0.788095997235531E-004  0.991272039777689E+002  0.679849633413699E+002
  0.815997623327741E-004  0.990509653255228E+002  0.679950578958243E+002
  0.883496520043541E-004  0.988853579242364E+002  0.680170859622600E+002
  0.891612761381380E-004  0.988604132212767E+002  0.750048239692706E+002
  0.922748608342545E-004  0.987851078022175E+002  0.749947516424130E+002
  0.938817971606560E-004  0.987439226755998E+002  0.749892306636755E+002
  0.942178773846172E-004  0.987301202338922E+002  0.680378615154279E+002
  0.940727414973065E-004  0.987265478857216E+002  0.680383410672635E+002
  0.940917809247968E-004  0.987194875655287E+002  0.680392890390242E+002
  0.100972738252517E-003  0.985716722585648E+002  0.680591955884901E+002
  0.100700320697646E-003  0.985704198338029E+002  0.680593647450170E+002
  0.102565898626890E-003  0.985270512115614E+002  0.680652273709677E+002
  0.102281423381727E-003  0.985259505085450E+002  0.680653762951489E+002
  0.115432076929849E-003  0.982773865051603E+002  0.749260667689088E+002
  0.118370713131274E-003  0.982204528087831E+002  0.681069615956871E+002
  0.118502231601764E-003  0.982115763167219E+002  0.681081774855825E+002
  0.119349388028422E-003  0.981906738710283E+002  0.749141975704575E+002
  0.126178602005069E-003  0.980727319822896E+002  0.748979869288697E+002
  0.126009483890404E-003  0.980687588149457E+002  0.681278004804054E+002
  0.126333646465281E-003  0.980569647908845E+002  0.681294260561990E+002
  0.134432760180911E-003  0.979260337012905E+002  0.681475250964841E+002
  0.156210022139718E-003  0.976191036254236E+002  0.681903395271338E+002
  0.170815002132381E-003  0.974336886163931E+002  0.748087669993744E+002
  0.179282947112750E-003  0.973302647242785E+002  0.682311405296903E+002
  0.198667907566986E-003  0.971182704309737E+002  0.747638275973179E+002
  0.201070468236821E-003  0.970875732301084E+002  0.747594207811709E+002
  0.211672219396593E-003  0.969781506331432E+002  0.747436634399021E+002
  0.212743309097074E-003  0.969614003047453E+002  0.747412445307741E+002
  0.218442696756858E-003  0.969018699138039E+002  0.747326330628774E+002
  0.218092122947619E-003  0.968984266673778E+002  0.747321342696621E+002
  0.217467350096714E-003  0.968975087493771E+002  0.682932386757483E+002
  0.219627396270930E-003  0.968710857043445E+002  0.747281708753397E+002
  0.233021696117353E-003  0.967460319073032E+002  0.683152597306896E+002
  0.248946022194740E-003  0.966071672690851E+002  0.746896585859627E+002
  0.255343507430309E-003  0.965497644249379E+002  0.683440198608029E+002
  0.259950817002501E-003  0.965073434024824E+002  0.683502704174533E+002
  0.265822518378848E-003  0.964560149938922E+002  0.683578499972472E+002
  0.281849421994164E-003  0.963322712100676E+002  0.746490416190351E+002
  0.287360603990314E-003  0.962868857834774E+002  0.746422850464368E+002
  0.304080852027943E-003  0.961671187239077E+002  0.746243847707885E+002
  0.303331103474839E-003  0.961654004777809E+002  0.746241272139921E+002
  0.310525621005360E-003  0.961118619902944E+002  0.746160913442935E+002
  0.313289368215789E-003  0.960874847115859E+002  0.684128144317181E+002
  0.314606823637665E-003  0.960724362959457E+002  0.684150795530058E+002
  0.321151823537080E-003  0.960246001126369E+002  0.746029489716634E+002
  0.326497131585474E-003  0.959849301694524E+002  0.684282841325394E+002
  0.366352415275536E-003  0.957479254091504E+002  0.745609048227999E+002
  0.375780572269159E-003  0.956904505584559E+002  0.745520978519055E+002
  0.394105552388496E-003  0.955885682098010E+002  0.684888167530945E+002
  0.418957549328052E-003  0.954596109743073E+002  0.685087741632157E+002
  0.443811612799735E-003  0.953376942414006E+002  0.744974752675420E+002
  0.445157549195413E-003  0.953249824897228E+002  0.744954882434653E+002
  0.448112634851784E-003  0.953050941990348E+002  0.744923767679749E+002
  0.454895267814332E-003  0.952683934309842E+002  0.685386134871209E+002
  0.460144349904242E-003  0.952387917856607E+002  0.685432595997864E+002
  0.467079957399151E-003  0.952022157782670E+002  0.744762295311674E+002
  0.476976345815750E-003  0.951536273137352E+002  0.744685726834744E+002
  0.491594066173820E-003  0.950865989195311E+002  0.685672626647426E+002
  0.495668964936934E-003  0.950634333646989E+002  0.685709333898052E+002
  0.507912991023454E-003  0.950079740627352E+002  0.744455000382909E+002
  0.511919269265394E-003  0.949856049225595E+002  0.744419404887344E+002
  0.579606856888098E-003  0.947305831316438E+002  0.686241905609471E+002
  0.586605063384864E-003  0.946999240564578E+002  0.686291455921232E+002
  0.586221905228598E-003  0.946945752612634E+002  0.686300109215472E+002
  0.588967277197753E-003  0.946785752214644E+002  0.686326009640905E+002
  0.590369214137305E-003  0.946671646367143E+002  0.743907904595000E+002
  0.665409567157859E-003  0.944211998291574E+002  0.743506509675079E+002
  0.666916056112601E-003  0.944100213618626E+002  0.743488132354501E+002
  0.682668488744722E-003  0.943566754187642E+002  0.686852132126440E+002
  0.690653748766099E-003  0.943267613496489E+002  0.743350877023718E+002
  0.697021884431089E-003  0.943017493748810E+002  0.686942885757819E+002
  0.722384094700581E-003  0.942236134421874E+002  0.743179904925304E+002
  0.727463225671521E-003  0.942029449333918E+002  0.687106879100271E+002
  0.725148558531436E-003  0.942026631665661E+002  0.743145051472613E+002
  0.729664398683210E-003  0.941835912695389E+002  0.743113285200568E+002
  0.757816038270453E-003  0.941012237653357E+002  0.742975677208958E+002
  0.768434021820081E-003  0.940667400981789E+002  0.687334535184095E+002
  0.766489176505802E-003  0.940651527751081E+002  0.742915200346813E+002
  0.788953545073473E-003  0.940007234682482E+002  0.742806848963178E+002
  0.794557589088704E-003  0.939799118337341E+002  0.742771759097371E+002
  0.832675827719868E-003  0.938795383815900E+002  0.742601893196000E+002
  0.849925254770532E-003  0.938318747893420E+002  0.742520861407178E+002
  0.855465658950790E-003  0.938122241272015E+002  0.687765015716417E+002
  0.890742023889007E-003  0.937247507489403E+002  0.687914537931535E+002
  0.933993449016056E-003  0.936232660202877E+002  0.742163353072346E+002
  0.932018106062705E-003  0.936208448055024E+002  0.688093223714945E+002
  0.944596264955386E-003  0.935873785018180E+002  0.688151027314469E+002
  0.964778494212912E-003  0.935384410577073E+002  0.688235776638372E+002
  0.101353111972714E-002  0.934331912068970E+002  0.741833441293063E+002
  0.102930611757185E-002  0.933956466040782E+002  0.688484607457650E+002
  0.109109916712701E-002  0.932723896331264E+002  0.688701276740300E+002
  0.110611384622568E-002  0.932383995838171E+002  0.688761339923341E+002
  0.110988661940337E-002  0.932249339385953E+002  0.688785172690332E+002
  0.111625929369906E-002  0.932068277312687E+002  0.688817252793218E+002
  0.111413243276693E-002  0.932039864793945E+002  0.688822290400174E+002
  0.121736786081518E-002  0.930201008551441E+002  0.689150401599290E+002
  0.121548054067033E-002  0.930165483380551E+002  0.741095618363508E+002
  0.126101602516985E-002  0.929363362381099E+002  0.740951152997453E+002
  0.127119643728051E-002  0.929135991211469E+002  0.689342344362560E+002
  0.136464891445198E-002  0.927650662281004E+002  0.689612448953317E+002
  0.150074112426978E-002  0.925682868900916E+002  0.740277644099245E+002
  0.154465412319250E-002  0.925039494141710E+002  0.740158049579528E+002
  0.155032689831922E-002  0.924899622459211E+002  0.740131973665022E+002
  0.157734240746804E-002  0.924487554668792E+002  0.690197405221443E+002
  0.159681936589115E-002  0.924175551983434E+002  0.739996549998301E+002
  0.159975149676261E-002  0.924072305217171E+002  0.690275220086732E+002
  0.164200799781237E-002  0.923484317832649E+002  0.690385823479668E+002
  0.164292109780976E-002  0.923406643373505E+002  0.690400471433116E+002
  0.165529073214567E-002  0.923190070617382E+002  0.739811040697991E+002
  0.165328491718304E-002  0.923147764709392E+002  0.690449353898863E+002
  0.167404212416383E-002  0.922831669550533E+002  0.690509171820622E+002
  0.166905342854856E-002  0.922824803329662E+002  0.690510472798932E+002
  0.166733522087728E-002  0.922778847140189E+002  0.739733217489318E+002
  0.183559967666056E-002  0.920789400307753E+002  0.690899210833843E+002
  0.183888747030197E-002  0.920687053992695E+002  0.690918922616966E+002
  0.189528055323650E-002  0.920016375716283E+002  0.739203905768703E+002
  0.190063472771639E-002  0.919893399497909E+002  0.691072327875643E+002
  0.191024021264297E-002  0.919726021649479E+002  0.739147594231204E+002
  0.198285712133909E-002  0.918913269942846E+002  0.691263137769293E+002
  0.198931142049855E-002  0.918781718864264E+002  0.738963535456825E+002
  0.198393165578392E-002  0.918769323030969E+002  0.738961109871582E+002
  0.200681629586249E-002  0.918473387762369E+002  0.691349271077145E+002
  0.211676786901627E-002  0.917340015934314E+002  0.738679751811324E+002
  0.212225465983613E-002  0.917221685990223E+002  0.738656307856840E+002
  0.215521151651154E-002  0.916846933630098E+002  0.738581905953575E+002
  0.223578025389162E-002  0.916046349752727E+002  0.738422165054780E+002
  0.231965734683833E-002  0.915243209842607E+002  0.691991593713721E+002
  0.231854809716257E-002  0.915186220237941E+002  0.692003086302060E+002
  0.240181708449385E-002  0.914413976439270E+002  0.692159384805849E+002
  0.246126076062031E-002  0.913858457566364E+002  0.737979919370320E+002
  0.250550920077050E-002  0.913435536471226E+002  0.737893442226946E+002
  0.253689639814458E-002  0.913119991553790E+002  0.737828706346587E+002
  0.255616709399237E-002  0.912902086468023E+002  0.692468505733077E+002
  0.258628965370294E-002  0.912601223169076E+002  0.737721874887998E+002
  0.261360509062887E-002  0.912324542435640E+002  0.737664690177435E+002
  0.268960820541338E-002  0.911684686525548E+002  0.692720514672751E+002
  0.271514085164539E-002  0.911429164790923E+002  0.737478629685786E+002
  0.272583804427079E-002  0.911283967210722E+002  0.737448311326076E+002
  0.272064785035042E-002  0.911255529164735E+002  0.692810031193576E+002
  0.271718040230145E-002  0.911214479490385E+002  0.737433787182514E+002
  0.277213907319749E-002  0.910747433189989E+002  0.692916479702733E+002
  0.279114257170977E-002  0.910544241685411E+002  0.692959192370609E+002
  0.283400348955031E-002  0.910172899150108E+002  0.737214934331770E+002
  0.284598772182380E-002  0.910021947090508E+002  0.693069362907120E+002
  0.283870151236375E-002  0.910006660324831E+002  0.737179803895023E+002
  0.283623800880241E-002  0.909957468610873E+002  0.693083001899347E+002
  0.291756928250743E-002  0.909325466752090E+002  0.737035262267460E+002
  0.298325513353324E-002  0.908813626971489E+002  0.736926025030237E+002
  0.298407355825706E-002  0.908741585132105E+002  0.693341793784808E+002
  0.313058917180821E-002  0.907716391575957E+002  0.693562411959118E+002
  0.315062446720061E-002  0.907522246652048E+002  0.693604445977352E+002
  0.315612228091082E-002  0.907420821429731E+002  0.693626438076678E+002
  0.317869660391822E-002  0.907211723787463E+002  0.693671848003365E+002
  0.325232136279022E-002  0.906687212644413E+002  0.736466217846102E+002
  0.338779878553390E-002  0.905804429285790E+002  0.693980008010547E+002
  0.347186001598170E-002  0.905247671617539E+002  0.694103170100373E+002
  0.361076816387521E-002  0.904396514626125E+002  0.694292864533968E+002
  0.374137164366238E-002  0.903619323697335E+002  0.735784803899863E+002
  0.374619091114238E-002  0.903527022437676E+002  0.735763954080456E+002
  0.374709843879865E-002  0.903455622153682E+002  0.735747811096349E+002
  0.377707773165481E-002  0.903229689692787E+002  0.694555753353328E+002
  0.397535128789047E-002  0.902139883996300E+002  0.735448038825741E+002
  0.404720205501593E-002  0.901715074729562E+002  0.694902096440432E+002
  0.406715278996971E-002  0.901550170873983E+002  0.694940163285248E+002
  0.410557216488909E-002  0.901295576648512E+002  0.735253323738736E+002
  0.410941733976597E-002  0.901210298119598E+002  0.695018847748143E+002
  0.411856879685903E-002  0.901099252885143E+002  0.735207776793560E+002
  0.416289198851118E-002  0.900818611109715E+002  0.695109911442350E+002
  0.421245269375644E-002  0.900515354440665E+002  0.735071698177094E+002
  0.421299187486614E-002  0.900446238863569E+002  0.735055529162818E+002
  0.427763150979222E-002  0.900075154732754E+002  0.695283907773014E+002
  0.426672330513197E-002  0.900059665211844E+002  0.734964850492465E+002
  0.425851394775344E-002  0.900031627328835E+002  0.695294142102007E+002
  0.425723747205160E-002  0.899971067360577E+002  0.734944009631050E+002
  0.429137768697930E-002  0.899744764531641E+002  0.695361722924886E+002
  0.453226024326287E-002  0.898585949840454E+002  0.734615291058369E+002
  0.454036264186543E-002  0.898483671620247E+002  0.734590798114408E+002
  0.455872095020688E-002  0.898336411720817E+002  0.734555479009961E+002
  0.458983286743340E-002  0.898133825513350E+002  0.734506785153310E+002
  0.474813104001235E-002  0.897389120426045E+002  0.734326725663872E+002
  0.484610677635319E-002  0.896914073010019E+002  0.734210978253732E+002
  0.485952794504283E-002  0.896792204278596E+002  0.734181171074617E+002
  0.493638363727367E-002  0.896411814409988E+002  0.696164567305970E+002
  0.501289570630897E-002  0.896037644057419E+002  0.696256830387441E+002
  0.501507643967138E-002  0.895962389653834E+002  0.696275441193593E+002
  0.503025425154217E-002  0.895835396524879E+002  0.733945510624828E+002
  0.506300821091171E-002  0.895639035025540E+002  0.696355618460408E+002
  0.504797976425781E-002  0.895631933187069E+002  0.696357383237725E+002
  0.508463247613269E-002  0.895420684700360E+002  0.696409953699373E+002
  0.522414475833276E-002  0.894812761877921E+002  0.733690330025089E+002
  0.533110130352935E-002  0.894340871305111E+002  0.696681011975890E+002
  0.533757676314402E-002  0.894250037104867E+002  0.696703995329664E+002
  0.533668159279863E-002  0.894186835804348E+002  0.696720003790702E+002
  0.544114892341463E-002  0.893732555952750E+002  0.696835482084848E+002
  0.555736768326640E-002  0.893243313747532E+002  0.733291730781348E+002
  0.560793494559932E-002  0.892995598115962E+002  0.733228015433929E+002
  0.561388460680137E-002  0.892907834837971E+002  0.733205387825653E+002
  0.563106497147270E-002  0.892780165812195E+002  0.697079978772295E+002
  0.570287240313155E-002  0.892460182132309E+002  0.697162871526209E+002
  0.569006379731249E-002  0.892438596691003E+002  0.697168477077394E+002
  0.570319726548090E-002  0.892325931267283E+002  0.697197763754943E+002
  0.569471490979397E-002  0.892289143574264E+002  0.733045062761779E+002
  0.580957891851192E-002  0.891823196631815E+002  0.732923365802930E+002
  0.579988797751121E-002  0.891790030625853E+002  0.697337727916871E+002
  0.582753162207641E-002  0.891628376521536E+002  0.732872234875267E+002
  0.597318788016559E-002  0.891068075721749E+002  0.697528044805658E+002
  0.596904142089304E-002  0.891015408313208E+002  0.732710390367899E+002
  0.600573021824646E-002  0.890826298484404E+002  0.732660157390474E+002
  0.599803700495552E-002  0.890785378682320E+002  0.732649268970335E+002
  0.601153902052124E-002  0.890673852029786E+002  0.732619558244915E+002
  0.602370129004549E-002  0.890566874023305E+002  0.697661387828720E+002
  0.604900680372446E-002  0.890416474396045E+002  0.732550799428802E+002
  0.603379269767285E-002  0.890400284783221E+002  0.697705934338348E+002
  0.606055825318011E-002  0.890245206333687E+002  0.697747505447616E+002
  0.609455748757839E-002  0.890066765712991E+002  0.732456937097126E+002
  0.613265975867871E-002  0.889875562107256E+002  0.697846997444964E+002
  0.626668284009627E-002  0.889376634024012E+002  0.697982202565697E+002
  0.628951469231175E-002  0.889237343216769E+002  0.698020139967236E+002
  0.644291536248333E-002  0.888688842986561E+002  0.698170355317571E+002
  0.648453938294972E-002  0.888493494115604E+002  0.732028222558019E+002
  0.649238204803776E-002  0.888402764117784E+002  0.732003166619671E+002
  0.651924853028583E-002  0.888253615991264E+002  0.698290502681106E+002
  0.651630252290407E-002  0.888196100106235E+002  0.698306444534091E+002
  0.650660049603669E-002  0.888159344199683E+002  0.698316640198792E+002
  0.668368784906978E-002  0.887555732681277E+002  0.698484968660871E+002
  0.669862405868944E-002  0.887444532229308E+002  0.731736234532071E+002
  0.670910513339661E-002  0.887346707666900E+002  0.698543657528650E+002
  0.671070062174872E-002  0.887275396242234E+002  0.731688672089094E+002
  0.675886568906432E-002  0.887065806072396E+002  0.698622856193905E+002
  0.684833683333614E-002  0.886736235345719E+002  0.731536135458788E+002
  0.695074482433122E-002  0.886372819582621E+002  0.731432514725641E+002
  0.707410161518662E-002  0.885954431131208E+002  0.698940001428489E+002
  0.709182365050544E-002  0.885837833996418E+002  0.698973634838045E+002
  0.714428356368112E-002  0.885623877926101E+002  0.731216864513445E+002
  0.718833257573258E-002  0.885434388110496E+002  0.731161843133334E+002
  0.722833576445256E-002  0.885256840530392E+002  0.699142282114639E+002
  0.721343994594035E-002  0.885231542324816E+002  0.731102733644573E+002
  0.729011371094035E-002  0.884953522543558E+002  0.731021361275908E+002
  0.739023365777438E-002  0.884614162572607E+002  0.699330932228496E+002
  0.769265081911409E-002  0.883745485141669E+002  0.730662837830884E+002
  0.769224577366522E-002  0.883679982438734E+002  0.699609238549796E+002
  0.785212640012183E-002  0.883201994736100E+002  0.699753586700726E+002
  0.817988966307312E-002  0.882317553178403E+002  0.700024318366421E+002
  0.822117931724581E-002  0.882150297254013E+002  0.730176335871680E+002
  0.823179303523209E-002  0.882057937678273E+002  0.730147685417833E+002
  0.821063782790724E-002  0.882042846818980E+002  0.730142998954047E+002
  0.819875476342987E-002  0.882005257516620E+002  0.730131319238972E+002
  0.818600969547322E-002  0.881969816157843E+002  0.700132101017470E+002
  0.823569179638764E-002  0.881782244266348E+002  0.730061836917046E+002
  0.821792780512009E-002  0.881758874094404E+002  0.730054536952837E+002
  0.822513629869415E-002  0.881674782645933E+002  0.700224159257013E+002
  0.829279609290808E-002  0.881444380253548E+002  0.700296448274617E+002
  0.829996943809715E-002  0.881360531745129E+002  0.700322843450773E+002
  0.827304219478538E-002  0.881358966586142E+002  0.700323336604057E+002
  0.827668104600234E-002  0.881283615830505E+002  0.700347097729903E+002
  0.834902796339498E-002  0.881042998582005E+002  0.729829168490437E+002
  0.848576998838589E-002  0.880651532358898E+002  0.729704455558895E+002
  0.847809501616145E-002  0.880603073783699E+002  0.729688943386402E+002
  0.853055935110884E-002  0.880413134908248E+002  0.700624417926600E+002
  0.856493836908804E-002  0.880266139063323E+002  0.700671773357411E+002
  0.856489870636076E-002  0.880199675878175E+002  0.729559163809691E+002
  0.853659615388284E-002  0.880199319150845E+002  0.700693351087171E+002
  0.852492378468156E-002  0.880160128721044E+002  0.700706021625626E+002
  0.852720948137777E-002  0.880088211251710E+002  0.700729302051006E+002
  0.854546150049930E-002  0.879978892308472E+002  0.729487637615772E+002
  0.866842047409111E-002  0.879626611148289E+002  0.700879632435311E+002
  0.872485003785200E-002  0.879430281565915E+002  0.700944054549739E+002
  0.895151804135865E-002  0.878850768740830E+002  0.701135941560436E+002
  0.893038205148943E-002  0.878831492030353E+002  0.729110029943492E+002
  0.913453804447986E-002  0.878312867392239E+002  0.728935963577454E+002
  0.911428002617518E-002  0.878290715620384E+002  0.728928479877942E+002
  0.914262741458423E-002  0.878162052013512E+002  0.728884932001378E+002
  0.912540403094429E-002  0.878133208843793E+002  0.701377248887547E+002
  0.919439854092719E-002  0.877916007671363E+002  0.728801268927036E+002
  0.917323608750746E-002  0.877895538288827E+002  0.701458114018158E+002
  0.927966268876276E-002  0.877598280996398E+002  0.728692468230432E+002
  0.938325361615844E-002  0.877309697748064E+002  0.701659514116913E+002
  0.935420502511128E-002  0.877305153801447E+002  0.728591311608862E+002
  0.936400564455663E-002  0.877217654501278E+002  0.728560968459479E+002
  0.945143473752622E-002  0.876965230666693E+002  0.728473045959939E+002
  0.943989385164143E-002  0.876923111234713E+002  0.701794080847697E+002
  0.944867355575570E-002  0.876837962800487E+002  0.728428496551372E+002
  0.943710767500526E-002  0.876795903485286E+002  0.728413741085321E+002
  0.948125576247768E-002  0.876636003102633E+002  0.728357493810864E+002
  0.945106759430377E-002  0.876633228577255E+002  0.701895883894759E+002
  0.951865879578080E-002  0.876424147815095E+002  0.701969799332122E+002
  0.951141843921438E-002  0.876372810778413E+002  0.728264387729711E+002
  0.954048567495026E-002  0.876245227463267E+002  0.728219015994080E+002
  0.951092867995322E-002  0.876240729035549E+002  0.702034986241913E+002
  0.947969575287940E-002  0.876239959285850E+002  0.702035260494416E+002
  0.949995400099118E-002  0.876130708795595E+002  0.702074243572913E+002
  0.955360470551762E-002  0.875951521338635E+002  0.728113964515763E+002
  0.958667171544291E-002  0.875815860907160E+002  0.702187245465071E+002
  0.971459932199974E-002  0.875484183746977E+002  0.702307364935003E+002
  0.979393252468079E-002  0.875254963444024E+002  0.702391040898738E+002
  0.982104067191798E-002  0.875133127088434E+002  0.702435741340819E+002
  0.981680513900526E-002  0.875075198572932E+002  0.702457050007901E+002
  0.983524262046493E-002  0.874971114902034E+002  0.727756972712777E+002
  0.983036358471485E-002  0.874914483098047E+002  0.702516356789251E+002
  0.990832861225142E-002  0.874689932162136E+002  0.702599690176410E+002
  0.988042809016589E-002  0.874679773113232E+002  0.727648926189536E+002
  0.988773821287007E-002  0.874598425604499E+002  0.702633808714938E+002
  0.100624568621994E-001  0.874181551190248E+002  0.702790435927545E+002
  0.100899104750374E-001  0.874060503269703E+002  0.727416109856111E+002
  0.101448663684032E-001  0.873885310680969E+002  0.727349440998883E+002
  0.101345398706128E-001  0.873839123322967E+002  0.702920595693469E+002
  0.101042170059757E-001  0.873832497856778E+002  0.702923127780579E+002
  0.100852823443170E-001  0.873803455946442E+002  0.702934233075421E+002
  0.100665054937991E-001  0.873774170993413E+002  0.727306958056275E+002
  0.100363714527098E-001  0.873767574895317E+002  0.702947967564477E+002
  0.100206597808855E-001  0.873732353092708E+002  0.702961464789532E+002
  0.100164075741744E-001  0.873674285971757E+002  0.727268650369691E+002
  0.998593914704418E-002  0.873668659922037E+002  0.702985910532150E+002
  0.100129636523085E-001  0.873548052111462E+002  0.703032335756163E+002
  0.998809020019501E-002  0.873531240618323E+002  0.703038821116282E+002
  0.100024632447079E-001  0.873435925138496E+002  0.727176742708944E+002
  0.100035127004387E-001  0.873367271052141E+002  0.727150140614230E+002
  0.102031370972578E-001  0.872905536646258E+002  0.726969675504187E+002
  0.101949541127148E-001  0.872855027414445E+002  0.703302632365959E+002
  0.102139676008096E-001  0.872751206550061E+002  0.726908740541312E+002
  0.101824989082157E-001  0.872746364805491E+002  0.703345575864854E+002
  0.101850261585872E-001  0.872674845709617E+002  0.703373925862741E+002
  0.101697904780706E-001  0.872638230110388E+002  0.726863932915168E+002
  0.101781757610899E-001  0.872555190531443E+002  0.726830889184368E+002
  0.101927715773422E-001  0.872459974660899E+002  0.726792884991591E+002
  0.101659198159620E-001  0.872446176232163E+002  0.726787367250762E+002
  0.101523220045966E-001  0.872406390095747E+002  0.726771442860896E+002
  0.101243095726898E-001  0.872395094852575E+002  0.726766917972824E+002
  0.101462342106284E-001  0.872285274998760E+002  0.703529567641176E+002
  0.101488469056883E-001  0.872213569781520E+002  0.726693956020185E+002
  0.101605727235930E-001  0.872123919633453E+002  0.703594647754219E+002
  0.101460846012504E-001  0.872085902501592E+002  0.726642364722809E+002
  0.101394804920164E-001  0.872032368983193E+002  0.703631737092073E+002
  0.101180920099823E-001  0.872008046257351E+002  0.726610788672426E+002
  0.101016593662542E-001  0.871973998565098E+002  0.703655446936425E+002
  0.100928685744172E-001  0.871924854989800E+002  0.726576952677460E+002
  0.100683047659609E-001  0.871907034090814E+002  0.703682708160101E+002
  0.100684099464137E-001  0.871840269356264E+002  0.726542446738947E+002
  0.100359850390176E-001  0.871838226683075E+002  0.726541612159204E+002
  0.100061940130341E-001  0.871831127585698E+002  0.703713688425706E+002
  0.997844094195354E-002  0.871820120637219E+002  0.726534211860745E+002
  0.995983694379172E-002  0.871790888025799E+002  0.726522253772618E+002
  0.993415010117770E-002  0.871775979702816E+002  0.726516150440010E+002
  0.992882733143844E-002  0.871720142877782E+002  0.726493262227205E+002
  0.992154789798124E-002  0.871668255682843E+002  0.726471951627585E+002
  0.992577763433190E-002  0.871593175334127E+002  0.703811355309630E+002
  0.991136795824713E-002  0.871555675484002E+002  0.726425575587276E+002
  0.994262023971456E-002  0.871426155391109E+002  0.726371984787743E+002
  0.994083944226140E-002  0.871363182059281E+002  0.726345836182488E+002
  0.990895277002818E-002  0.871360882244231E+002  0.703907519545685E+002
  0.990362653408001E-002  0.871305079683528E+002  0.726321655988550E+002
  0.989631903573038E-002  0.871253286545856E+002  0.703952342246120E+002
  0.992135166747832E-002  0.871136204836217E+002  0.726251077768223E+002
  0.991420863553626E-002  0.871084053532430E+002  0.726229191397233E+002
  0.993714725998212E-002  0.870971276938857E+002  0.726181714216417E+002
  0.991473902249760E-002  0.870949872004145E+002  0.704079719581696E+002
  0.993276873126087E-002  0.870846979723281E+002  0.704123249900774E+002
  0.997231898618425E-002  0.870700946136587E+002  0.726067070396976E+002
  0.997512088603163E-002  0.870628771769377E+002  0.726036258424550E+002
  0.994379923930334E-002  0.870625114302065E+002  0.726034694697589E+002
  0.996419859712248E-002  0.870517571224391E+002  0.725988614714801E+002
  0.101276519679966E-001  0.870125595966636E+002  0.704433418981257E+002
  0.101463690526905E-001  0.870022111940248E+002  0.704478654407770E+002
  0.101664446706387E-001  0.869916023211528E+002  0.704525228785163E+002
  0.101391467806339E-001  0.869903241576293E+002  0.725721545701950E+002
  0.101723529354990E-001  0.869771291913991E+002  0.704589099757468E+002
  0.101747981604799E-001  0.869699929100126E+002  0.704620735623674E+002
  0.101477499603431E-001  0.869686611142163E+002  0.704626650165313E+002
  0.101229404544042E-001  0.869669011775082E+002  0.725617928408713E+002
  0.101733441358048E-001  0.869503119989257E+002  0.725543918690460E+002
  0.102172250080573E-001  0.869350483333685E+002  0.704777044607952E+002
  0.102040763438016E-001  0.869309682337260E+002  0.704795449303634E+002
  0.102135207014763E-001  0.869224624145870E+002  0.725418476061737E+002
  0.101968665143289E-001  0.869190707001318E+002  0.725403094199168E+002
  0.101837897421157E-001  0.869149816269016E+002  0.704867880556041E+002
  0.103290728140852E-001  0.868799954320320E+002  0.705028206581935E+002
  0.103650372484350E-001  0.868663882176958E+002  0.725161145445576E+002
  0.103347375221560E-001  0.868655877249702E+002  0.705094975509759E+002
  0.103005915963335E-001  0.868655510761897E+002  0.725157253699439E+002
  0.103150260051143E-001  0.868560948210173E+002  0.725113187660084E+002
  0.103995470097515E-001  0.868331180791777E+002  0.725005297317271E+002
  0.104642438409092E-001  0.868140588013154E+002  0.705337499948541E+002
  0.104400508220143E-001  0.868120325147918E+002  0.724905239900814E+002
  0.104851916563151E-001  0.867967479489453E+002  0.705420334461844E+002
  0.104782743461028E-001  0.867914122479179E+002  0.724806390271815E+002
  0.104596643299894E-001  0.867883119405417E+002  0.705460959053577E+002
  0.104449873501855E-001  0.867844647271142E+002  0.705479542563614E+002
  0.104109298871717E-001  0.867843411048186E+002  0.705480140300203E+002
  0.103810406326460E-001  0.867834356819041E+002  0.724767880298995E+002
  0.104085710971214E-001  0.867714831330353E+002  0.705542514555599E+002
  0.104002505086143E-001  0.867664269877643E+002  0.705567153497856E+002
  0.104727592873285E-001  0.867458761292099E+002  0.724584439776615E+002
  0.104392135281366E-001  0.867456371197158E+002  0.724583261062956E+002
  0.104454554291514E-001  0.867377860403414E+002  0.705707939419819E+002
  0.104145231528522E-001  0.867370618754448E+002  0.705711526374703E+002
  0.104029705692600E-001  0.867326260792416E+002  0.724518871831102E+002
  0.103791983647004E-001  0.867305460012578E+002  0.705743862675059E+002
  0.103638386424534E-001  0.867268523258406E+002  0.724490156761790E+002
  0.103523418758717E-001  0.867224166080960E+002  0.724468036299735E+002
  0.103343143109804E-001  0.867192468632805E+002  0.724452196969866E+002
  0.103232142207029E-001  0.867147406382474E+002  0.705822766834782E+002
  0.103010858876712E-001  0.867123767608412E+002  0.724417774136998E+002
  0.102786651649833E-001  0.867100790043245E+002  0.724406232671896E+002
  0.103055380220022E-001  0.866982013862411E+002  0.724346341894976E+002
  0.103411765861053E-001  0.866846413468865E+002  0.724277488653440E+002
  0.103730059057743E-001  0.866718393798510E+002  0.724212005818472E+002
  0.104026917275989E-001  0.866594683060054E+002  0.706104124128415E+002
  0.103933537139702E-001  0.866546088392749E+002  0.724123118159961E+002
  0.103876672394380E-001  0.866490478106396E+002  0.706158157339167E+002
  0.104105984460625E-001  0.866379820135135E+002  0.724036504272006E+002
  0.105005869115565E-001  0.866141128666252E+002  0.706341729424533E+002
  0.105264160338788E-001  0.866025437692105E+002  0.706403372854520E+002
  0.104949547975581E-001  0.866018747176989E+002  0.723845448534602E+002
  0.104875542509178E-001  0.865966299405648E+002  0.723817347338322E+002
  0.104601565718014E-001  0.865952059954675E+002  0.723809702230644E+002
  0.104420521778710E-001  0.865920150057806E+002  0.723792545436099E+002
  0.104274633012219E-001  0.865881556340727E+002  0.723771749502744E+002
  0.103936459764684E-001  0.865879967979443E+002  0.723770892554417E+002
  0.104056969666717E-001  0.865790236461733E+002  0.706530057497965E+002
  0.104344351285891E-001  0.865668521354742E+002  0.706596354713806E+002
  0.104152397775076E-001  0.865638791751074E+002  0.706612626635400E+002
  0.103976993730555E-001  0.865605946533733E+002  0.706630640064342E+002
  0.103748336193327E-001  0.865583421496864E+002  0.706643015667620E+002
  0.103902505317469E-001  0.865487167929021E+002  0.723556296064158E+002
  0.103668022241430E-001  0.865465798344795E+002  0.723544464427019E+002
  0.103666542051657E-001  0.865399528108405E+002  0.723507666563195E+002
  0.104151547044987E-001  0.865239620303175E+002  0.706834197424409E+002
  0.103882062852433E-001  0.865224880040824E+002  0.706842492866131E+002
  0.103786288603795E-001  0.865176771778956E+002  0.706869624952293E+002
  0.103596607725198E-001  0.865146801623238E+002  0.706886572679288E+002
  0.104693369716831E-001  0.864869621740175E+002  0.707044998488092E+002
  0.104379504812415E-001  0.864863114883629E+002  0.707048754895470E+002
  0.104549314126962E-001  0.864764048611885E+002  0.707106163145437E+002
  0.104586464904016E-001  0.864690387229605E+002  0.723103282381543E+002
  0.104270525565029E-001  0.864684339736191E+002  0.723099745634230E+002
  0.104243224801636E-001  0.864623021145505E+002  0.723063795770837E+002
  0.103969725413205E-001  0.864609007617405E+002  0.707196842576644E+002
  0.103851000263715E-001  0.864565303273128E+002  0.707222592075644E+002
  0.104269770804669E-001  0.864418261298948E+002  0.722942551332069E+002
  0.104118865030842E-001  0.864380671721592E+002  0.722920088511823E+002
  0.104537702157220E-001  0.864233823658716E+002  0.707420692298268E+002
  0.104214026213247E-001  0.864229289130820E+002  0.707423437565527E+002
  0.103883568037660E-001  0.864226253227801E+002  0.722827123524469E+002
  0.104160244137151E-001  0.864106501657286E+002  0.722754249193406E+002
  0.103863855115251E-001  0.864096937179711E+002  0.722748398723308E+002
  0.103910592157785E-001  0.864021383727966E+002  0.707550374791226E+002
  0.103761730648139E-001  0.863983500314061E+002  0.707573734406272E+002
  0.103441724527972E-001  0.863978720774446E+002  0.707576686693740E+002
  0.103098617612667E-001  0.863978613440212E+002  0.722675646608936E+002
  0.103133932762321E-001  0.863905208060068E+002  0.707622241291485E+002
  0.103287737906400E-001  0.863808848183469E+002  0.722570023520187E+002
  0.102973295193571E-001  0.863803271995980E+002  0.707685870874016E+002
  0.102976555508300E-001  0.863736082969151E+002  0.722524289397964E+002
  0.102658698149175E-001  0.863731356567972E+002  0.722521308995494E+002
  0.103165028689383E-001  0.863566399756793E+002  0.722416526232834E+002
  0.102847679785564E-001  0.863561461348776E+002  0.707839033553536E+002
  0.102755124956795E-001  0.863512912078524E+002  0.722382225288022E+002
  0.102554257283748E-001  0.863485490920191E+002  0.707887822180867E+002
  0.102458523562361E-001  0.863437613705682E+002  0.722333660776590E+002
  0.102191910509150E-001  0.863423168851994E+002  0.707928092662685E+002
  0.102057330881677E-001  0.863382969015241E+002  0.722298211167845E+002
  0.101790302356973E-001  0.863368810913218E+002  0.707963401839530E+002
  0.101728471610851E-001  0.863314407454231E+002  0.707998915727176E+002
  0.101425419212869E-001  0.863307521220417E+002  0.708003423598268E+002
  0.101092205478991E-001  0.863306779746591E+002  0.708003909152517E+002
  0.100910961424962E-001  0.863276113303393E+002  0.722228379460019E+002
  0.100731123532625E-001  0.863245232185236E+002  0.708044329653793E+002
  0.101126468926198E-001  0.863100334836898E+002  0.708140412326030E+002
  0.100911567759436E-001  0.863076325726021E+002  0.722095938721727E+002
  0.100948568558748E-001  0.863002437956518E+002  0.708206083694155E+002
  0.100637638457731E-001  0.862997578905091E+002  0.722043040121598E+002
  0.100712695143019E-001  0.862916112437350E+002  0.708264514197431E+002
  0.100407757781241E-001  0.862910204389818E+002  0.708268531335340E+002
  0.100092226525184E-001  0.862906597523872E+002  0.721981414658241E+002
  0.998030666892652E-002  0.862897904022418E+002  0.721975497167671E+002
  0.997129993417471E-002  0.862849405383664E+002  0.721942390854675E+002
  0.994972524020323E-002  0.862826170047937E+002  0.721926472761759E+002
  0.991899668391752E-002  0.862821477471918E+002  0.708329146174251E+002
  0.991650822919047E-002  0.862759939852865E+002  0.721880893845413E+002
  0.989086238249622E-002  0.862745174592074E+002  0.721870690560704E+002
  0.990155994820597E-002  0.862656999270240E+002  0.721809434222005E+002
  0.988300370339616E-002  0.862627960091098E+002  0.708463262496388E+002
  0.985343172627580E-002  0.862621338109323E+002  0.708467899632417E+002
  0.982723437155937E-002  0.862608027192696E+002  0.708477230573333E+002
  0.980144649634140E-002  0.862594022838856E+002  0.708487061769808E+002
  0.977698987965019E-002  0.862577433497944E+002  0.708498726522940E+002
  0.976201529117061E-002  0.862541533486967E+002  0.708524040081950E+002
  0.974578858876065E-002  0.862508249920681E+002  0.721704803850457E+002
  0.977205167649029E-002  0.862387870328442E+002  0.721618894476536E+002
  0.975659107158914E-002  0.862352982079384E+002  0.721593783055772E+002
  0.974353784109135E-002  0.862313201961949E+002  0.721565031134191E+002
  0.971169120677485E-002  0.862312122979069E+002  0.708688150127668E+002
  0.968537118340570E-002  0.862299843518639E+002  0.721555347197457E+002
  0.965457573154809E-002  0.862296980710402E+002  0.708699129652296E+002
  0.963322700604098E-002  0.862274698970277E+002  0.708715320137210E+002
  0.962483579050834E-002  0.862225572161469E+002  0.721501237407824E+002
  0.962218934308929E-002  0.862164516321126E+002  0.708795990327449E+002
  0.959407942803256E-002  0.862156473304333E+002  0.708801919317958E+002
  0.958122070752652E-002  0.862116741014691E+002  0.721421109310683E+002
  0.958632312095679E-002  0.862039537184908E+002  0.721363643087062E+002
  0.957636830970508E-002  0.861993760952945E+002  0.708923081206394E+002
  0.954690411185304E-002  0.861988835233052E+002  0.721325613600604E+002
  0.952451545808507E-002  0.861969236951001E+002  0.721310851056608E+002
  0.950387627806752E-002  0.861946067239570E+002  0.721293352724575E+002
  0.947490800252700E-002  0.861940565502315E+002  0.721289190378935E+002
  0.946243565314257E-002  0.861900354158089E+002  0.708993716957279E+002
  0.944179127036621E-002  0.861877480419652E+002  0.721241260796071E+002
  0.941134975417223E-002  0.861875511293535E+002  0.721239758683388E+002
  0.938574296530935E-002  0.861863446481507E+002  0.721230547186770E+002
  0.936187315800104E-002  0.861847819437848E+002  0.721218595219760E+002
  0.933357604780618E-002  0.861841806993883E+002  0.709038409119116E+002
  0.930341903759095E-002  0.861839976296903E+002  0.721212587736896E+002
  0.928102147151466E-002  0.861821627653956E+002  0.721198510309752E+002
  0.925717359586724E-002  0.861806528617371E+002  0.721186901517793E+002
  0.924673926566810E-002  0.861762528761135E+002  0.721152945003419E+002
  0.922635746795393E-002  0.861740105908464E+002  0.721135566552133E+002
  0.919657017796693E-002  0.861738224552532E+002  0.709118293462170E+002
  0.920297620041514E-002  0.861657742271025E+002  0.709181103592174E+002
  0.918327768648751E-002  0.861634041357580E+002  0.721052672433666E+002
  0.917313955151447E-002  0.861589577308975E+002  0.709234824751269E+002
  0.914585429656576E-002  0.861582599615728E+002  0.721012048043373E+002
  0.911873202401052E-002  0.861575442460009E+002  0.721006373678846E+002
  0.909805623547026E-002  0.861554286093279E+002  0.720989568296662E+002
  0.907123379321425E-002  0.861546780395636E+002  0.720983594621600E+002
  0.905528646433026E-002  0.861515415756282E+002  0.720958565759789E+002
  0.903038371986430E-002  0.861503937283498E+002  0.720949379093510E+002
  0.901640229770262E-002  0.861468370766817E+002  0.709331578261790E+002
  0.898939638013330E-002  0.861461808833168E+002  0.720915537129312E+002
  0.899449798368154E-002  0.861383905981377E+002  0.720852430582833E+002
  0.896603880589636E-002  0.861380731807672E+002  0.720849844536207E+002
  0.893899509073198E-002  0.861374591944454E+002  0.709407560636215E+002
  0.891106196785860E-002  0.861370631226937E+002  0.720841607656684E+002
  0.890106940659576E-002  0.861326515327644E+002  0.720805491737282E+002
  0.889249764285384E-002  0.861279228881691E+002  0.709485876174805E+002
  0.888967976314412E-002  0.861219011740551E+002  0.709535893728904E+002
  0.886182328841580E-002  0.861215225829254E+002  0.709539053342873E+002
  0.886873751196108E-002  0.861133071594901E+002  0.709608062499143E+002
  0.884651738003373E-002  0.861116687565829E+002  0.720630471134512E+002
  0.881761018249311E-002  0.861115591489045E+002  0.720629542266042E+002
  0.879755923463079E-002  0.861094566799717E+002  0.709640705132440E+002
  0.877310980621602E-002  0.861083670675109E+002  0.709649977697937E+002
  0.874483413405168E-002  0.861081678835365E+002  0.720600725170719E+002
  0.872121002668180E-002  0.861069226003958E+002  0.709662294322332E+002
  0.869746595990968E-002  0.861057195773387E+002  0.720579826173828E+002
  0.867530214194502E-002  0.861041671171304E+002  0.720566532618130E+002
  0.865563943550484E-002  0.861020497127364E+002  0.720548348963788E+002
  0.865351538230771E-002  0.860958849833708E+002  0.720495057398428E+002
  0.864106878382843E-002  0.860921081311175E+002  0.709790254480149E+002
  0.862014458957954E-002  0.860903013883911E+002  0.709806070802193E+002
  0.862503894516828E-002  0.860825105681637E+002  0.709874817609598E+002
  0.859921481964128E-002  0.860818521464572E+002  0.720371730751774E+002
  0.858455472419650E-002  0.860786091118054E+002  0.709909584798782E+002
  0.856187180583992E-002  0.860772451138745E+002  0.709921794636739E+002
  0.854571328219096E-002  0.860743676305675E+002  0.709947646874226E+002
  0.852338710981243E-002  0.860729440039351E+002  0.709960485034054E+002
  0.849733960122682E-002  0.860724097908011E+002  0.709965310769078E+002
  0.847256233046560E-002  0.860715945009056E+002  0.720279715335596E+002
  0.844861293332606E-002  0.860706003272735E+002  0.720270709693009E+002
  0.843063225898638E-002  0.860682057625390E+002  0.710003445884274E+002
  0.841455032945629E-002  0.860653689440279E+002  0.720223059471343E+002
  0.839269221709514E-002  0.860639154366094E+002  0.710042658751214E+002
  0.836488167977731E-002  0.860638981831940E+002  0.710042817055231E+002
  0.833937267279671E-002  0.860633509934274E+002  0.720204559409528E+002
  0.832509982603324E-002  0.860601213483275E+002  0.720174809769028E+002
  0.831178910941166E-002  0.860566660586564E+002  0.710109613334413E+002
  0.828457290130196E-002  0.860565700443540E+002  0.720141893504702E+002
  0.826345489394630E-002  0.860550191253600E+002  0.710124949206277E+002
  0.823883954120063E-002  0.860543300781555E+002  0.710131379429794E+002
  0.821280898406361E-002  0.860540034877537E+002  0.710134430081437E+002
  0.818774308675288E-002  0.860534613400234E+002  0.720112901260356E+002
  0.816369714658122E-002  0.860526880447407E+002  0.710146736440870E+002
  0.813683447527243E-002  0.860526243221094E+002  0.720105066258100E+002
  0.813296374376307E-002  0.860469203779629E+002  0.710201057646905E+002
  0.812229891261731E-002  0.860428891374518E+002  0.710239383287681E+002
  0.810030388226761E-002  0.860416568655001E+002  0.720001240796166E+002
  0.807919615676014E-002  0.860402196758537E+002  0.719987471047514E+002
  0.806354611698596E-002  0.860374420104395E+002  0.719960747021748E+002
  0.804582178139046E-002  0.860351874329153E+002  0.719938946540166E+002
  0.802694318015166E-002  0.860332301382995E+002  0.719919940220862E+002
  0.800655299596266E-002  0.860316614574298E+002  0.710347746651195E+002
  0.798214025154165E-002  0.860311133840968E+002  0.719899300286818E+002
  0.796018425671011E-002  0.860299666639781E+002  0.719888081549738E+002
  0.794163934085690E-002  0.860279759385238E+002  0.719868542604885E+002
  0.792000710091401E-002  0.860267755936280E+002  0.719856722233623E+002
  0.789816062788678E-002  0.860256444173539E+002  0.710406843712641E+002
  0.789953082234913E-002  0.860186419018027E+002  0.719775834244666E+002
  0.788338688415935E-002  0.860160778195572E+002  0.710502358011885E+002
  0.788206883170138E-002  0.860097566546871E+002  0.719685832513037E+002
  0.786243917498885E-002  0.860080881257008E+002  0.719668732538778E+002
  0.784456567129967E-002  0.860059842755439E+002  0.710605320646987E+002
  0.782266847175208E-002  0.860049192708503E+002  0.719636077927680E+002
  0.780141232313937E-002  0.860037055882091E+002  0.710628891315278E+002
  0.778490834088061E-002  0.860012855139607E+002  0.710654060515178E+002
  0.775936736530138E-002  0.860012023850230E+002  0.719597472027783E+002
  0.773654171758358E-002  0.860004388539209E+002  0.719589500173040E+002
  0.772465343174100E-002  0.859968589190710E+002  0.710700468221561E+002
  0.771550807532790E-002  0.859925725776992E+002  0.719506525558312E+002
  0.769092647226828E-002  0.859922991682474E+002  0.710748786302415E+002
  0.766882161576777E-002  0.859914001594939E+002  0.710758375863725E+002
  0.764782006558306E-002  0.859902292185090E+002  0.719481501879033E+002
  0.762900010288514E-002  0.859885013581007E+002  0.719462958352383E+002
  0.761338985305979E-002  0.859859423153555E+002  0.719435347906252E+002
  0.759182745266769E-002  0.859849591078598E+002  0.719424692562418E+002
  0.757031229041853E-002  0.859839795541600E+002  0.719414050484859E+002
  0.754711563742335E-002  0.859834617035702E+002  0.710843985855096E+002
  0.752922670181417E-002  0.859815523525702E+002  0.719387566341985E+002
  0.750773270557721E-002  0.859806144205592E+002  0.710875111613274E+002
  0.749120501298470E-002  0.859783665389969E+002  0.719352552822873E+002
  0.747124972594132E-002  0.859770457248571E+002  0.710914448486687E+002
  0.744893340778562E-002  0.859763730028170E+002  0.719330494646842E+002
  0.743032262401262E-002  0.859747205742512E+002  0.719312122669968E+002
  0.741477380767834E-002  0.859722546123932E+002  0.710967844867220E+002
  0.739511466753576E-002  0.859709087687997E+002  0.719269431680359E+002
  0.738933505200013E-002  0.859658168899193E+002  0.719211708383708E+002
  0.736612882330769E-002  0.859654521991352E+002  0.719207542793419E+002
  0.734411092634161E-002  0.859647837174019E+002  0.711052503449162E+002
  0.732589225308803E-002  0.859630957387629E+002  0.711071876080051E+002
  0.730168470578387E-002  0.859630598658529E+002  0.719180110823827E+002
  0.728321588883034E-002  0.859614694766726E+002  0.711090628359644E+002
  0.725937753678964E-002  0.859613707389140E+002  0.719160629913161E+002
  0.723554181331456E-002  0.859612928414005E+002  0.711092670373628E+002
  0.721541214405340E-002  0.859602091237621E+002  0.719147178090572E+002
  0.719713157193410E-002  0.859586270635002E+002  0.711123614931581E+002
  0.717776988076024E-002  0.859573591245299E+002  0.719113982082684E+002
  0.715663541350178E-002  0.859566010984150E+002  0.711147293439962E+002
  0.713358785410380E-002  0.859563968042453E+002  0.711149688957955E+002
  0.711302935225031E-002  0.859555134058561E+002  0.711160064189469E+002
  0.708954803597727E-002  0.859554710866377E+002  0.711160561896479E+002
  0.706752992763371E-002  0.859550365998597E+002  0.719086724198211E+002
  0.704686846228592E-002  0.859542364531219E+002  0.711175109744837E+002
  0.702684983219163E-002  0.859532705259981E+002  0.719065870770155E+002
  0.700764033811904E-002  0.859520898881399E+002  0.719051868267562E+002
  0.698856421400137E-002  0.859508861105082E+002  0.719037539712913E+002
  0.696677926453819E-002  0.859504747240806E+002  0.711219768681138E+002
  0.694540108966133E-002  0.859499657553277E+002  0.719026549226237E+002
  0.692783353786582E-002  0.859483753417475E+002  0.719007483834570E+002
  0.691148522915486E-002  0.859464449410571E+002  0.718984216202668E+002
  0.689089073522311E-002  0.859457577562461E+002  0.711276500174814E+002
  0.687046980923032E-002  0.859450379092075E+002  0.718967168066723E+002
  0.684781036554760E-002  0.859449894150422E+002  0.718966579143749E+002
  0.682524320482537E-002  0.859449357781895E+002  0.718965927661735E+002
  0.680410895683340E-002  0.859444827715910E+002  0.711291978661746E+002
  0.678669295964648E-002  0.859429530130686E+002  0.711310633002693E+002
  0.676571192609865E-002  0.859424900017998E+002  0.718936102506491E+002
  0.674458590468018E-002  0.859420892174455E+002  0.718931192826063E+002
  0.672273091062852E-002  0.859419249119623E+002  0.711323221393075E+002
  0.670899503963978E-002  0.859393599083202E+002  0.711354811279967E+002
  0.668724383249927E-002  0.859391990544421E+002  0.711356801134260E+002
  0.667523523474942E-002  0.859361381967396E+002  0.711394867901741E+002
  0.665383922066093E-002  0.859359034772186E+002  0.718854596548200E+002
  0.663644613041117E-002  0.859344827282563E+002  0.718836780534831E+002
  0.661612109009290E-002  0.859339618255008E+002  0.718830227010910E+002
  0.659493055371525E-002  0.859337222537067E+002  0.711425190574561E+002
  0.657713023932738E-002  0.859324721527408E+002  0.711440978630817E+002
  0.655607521974594E-002  0.859322293368073E+002  0.711444053107835E+002
  0.653508319227366E-002  0.859319878705770E+002  0.711447113043080E+002
  0.651361201478988E-002  0.859319141582401E+002  0.718804351959595E+002
  0.649206683930024E-002  0.859318849742438E+002  0.711448417751040E+002
  0.647350371681058E-002  0.859309562951904E+002  0.711460214250443E+002
  0.645320545193506E-002  0.859305817510502E+002  0.711464982634470E+002
  0.643354082561256E-002  0.859300300053511E+002  0.718780381279891E+002
  0.641519168418696E-002  0.859290867874974E+002  0.718768322162355E+002
  0.639408439368722E-002  0.859290224649211E+002  0.711484901277183E+002
  0.637332800526412E-002  0.859288698176907E+002  0.718765542532571E+002
  0.635242958878008E-002  0.859287830991598E+002  0.711487968639888E+002
  0.633468366777766E-002  0.859277224662936E+002  0.718750808217224E+002
  0.631397404091982E-002  0.859276160855065E+002  0.718749439037151E+002
  0.629631518495113E-002  0.859265619208621E+002  0.718735843278390E+002
  0.627539787376785E-002  0.859265617043135E+002  0.711516559135260E+002
  0.626196124893292E-002  0.859241930333083E+002  0.711547296756224E+002
  0.624719105028670E-002  0.859222604607759E+002  0.718679827427693E+002
  0.623083649324626E-002  0.859208475573993E+002  0.711591165408279E+002
  0.621165847150337E-002  0.859203573120553E+002  0.711597639728037E+002
  0.619204709911981E-002  0.859200260963476E+002  0.711602020589502E+002
  0.617158406818214E-002  0.859199909173521E+002  0.718649913407152E+002
  0.615149704511391E-002  0.859198554730562E+002  0.718648120131421E+002
  0.613473900263219E-002  0.859186557714031E+002  0.711620203517614E+002
  0.611492588686280E-002  0.859184699626690E+002  0.718629723324720E+002
  0.609756145955620E-002  0.859175018197815E+002  0.718616810777998E+002
  0.607749947447663E-002  0.859174374191708E+002  0.718615950143979E+002
  0.605986743684644E-002  0.859165926709929E+002  0.711647758194996E+002
  0.604056990559519E-002  0.859163162148227E+002  0.711651467133200E+002
  0.602181924304054E-002  0.859158785330741E+002  0.711657347184128E+002
  0.600512996107752E-002  0.859147735850206E+002  0.711672236182499E+002
  0.599359020031869E-002  0.859119650032356E+002  0.718542026124274E+002
  0.597571899908398E-002  0.859112817692290E+002  0.718532684026326E+002
  0.595719927054918E-002  0.859108341401871E+002  0.711725850094213E+002
  0.593906615950640E-002  0.859102756415414E+002  0.711733519558327E+002
  0.592113706956230E-002  0.859096668729512E+002  0.718510500474337E+002
  0.590490554135569E-002  0.859085013925171E+002  0.718494399699228E+002
  0.588801731304017E-002  0.859075740749750E+002  0.711770865731157E+002
  0.586862252018801E-002  0.859075172545446E+002  0.711771655675161E+002
  0.585050533899343E-002  0.859070454777431E+002  0.718474177881889E+002
  0.583133747610271E-002  0.859069532045277E+002  0.711779507472814E+002
  0.581266146779192E-002  0.859067132980008E+002  0.718469546960270E+002
  0.579381331152295E-002  0.859065534620258E+002  0.718467316397812E+002
  0.577644060329994E-002  0.859059038766636E+002  0.718458235859470E+002
  0.575729681213349E-002  0.859058875351073E+002  0.711794392513402E+002
  0.574714500714272E-002  0.859027616551144E+002  0.718413956756007E+002
  0.573135866239715E-002  0.859016072639875E+002  0.711854860676606E+002
  0.571459854978159E-002  0.859008088172104E+002  0.711866264604745E+002
  0.569983331912819E-002  0.858993274722593E+002  0.718364871137057E+002
  0.568127499768707E-002  0.858991943984496E+002  0.711889445516353E+002
  0.566247071375391E-002  0.858991695385345E+002  0.718362595845723E+002
  0.564554855507133E-002  0.858984998594738E+002  0.711899469407074E+002
  0.562951904748513E-002  0.858975309922912E+002  0.711913504766935E+002
  0.561253307107667E-002  0.858969191447465E+002  0.718329999729032E+002
  0.559422963731277E-002  0.858967965662906E+002  0.711924184919257E+002
  0.557739440792202E-002  0.858961688445676E+002  0.711933341675610E+002
  0.556006144620433E-002  0.858957383757320E+002  0.718312763358846E+002
  0.554198059465119E-002  0.858955972250443E+002  0.711941702957922E+002
  0.552765206012703E-002  0.858941192484790E+002  0.718288975306264E+002
  0.551022493927100E-002  0.858937790622186E+002  0.718283954543725E+002
  0.549656679634139E-002  0.858920870173732E+002  0.718258862337966E+002
  0.548035574063259E-002  0.858913387641057E+002  0.718247701784121E+002
  0.546516998753174E-002  0.858902327621577E+002  0.718231131767922E+002
  0.545266633170250E-002  0.858881581853617E+002  0.718199809734665E+002
  0.543515087535707E-002  0.858879374933168E+002  0.718196458914233E+002
  0.541746085721142E-002  0.858878020151121E+002  0.718194400103276E+002
  0.540032331959514E-002  0.858874832416786E+002  0.718189550366012E+002
  0.538342391893182E-002  0.858870961372369E+002  0.712068748900047E+002
  0.536721537718783E-002  0.858864712882774E+002  0.712078295980317E+002
  0.535444533789211E-002  0.858845799123226E+002  0.718145021254159E+002
  0.533850658612105E-002  0.858838866758151E+002  0.712118108193420E+002
  0.532085620332321E-002  0.858838545305491E+002  0.712118606662678E+002
  0.530482797769229E-002  0.858832327219364E+002  0.712128265213770E+002
  0.528793599915520E-002  0.858829558330512E+002  0.718119823459919E+002
  0.527198995864476E-002  0.858823404666683E+002  0.718110220389158E+002
  0.525540041933537E-002  0.858819882731518E+002  0.718104710319038E+002
  0.523794918380724E-002  0.858819850022012E+002  0.718104659097217E+002
  0.522102123704356E-002  0.858818034671136E+002  0.712150584669930E+002
  0.520374082646828E-002  0.858817784176962E+002  0.712150977338333E+002
  0.518658180719227E-002  0.858817286130887E+002  0.718100641398621E+002
  0.517017623750886E-002  0.858814092177729E+002  0.712156770846629E+002
  0.515423772726336E-002  0.858809287185022E+002  0.712164327842759E+002
  0.513873254346754E-002  0.858802986858959E+002  0.712174265920487E+002
  0.512246965074795E-002  0.858799826772456E+002  0.718073136382198E+002
  0.510607991617258E-002  0.858797365096540E+002  0.718069237645606E+002
  0.509088663443107E-002  0.858790408560446E+002  0.718058192044016E+002
  0.507609530904648E-002  0.858782046373580E+002  0.718044859222879E+002
  0.506178615032795E-002  0.858771948790450E+002  0.712223721789525E+002
  0.504550696442723E-002  0.858769818546628E+002  0.718025252569178E+002
  0.502896204158233E-002  0.858768953304582E+002  0.718023860174889E+002
  0.501465131187504E-002  0.858759391888666E+002  0.712243970975436E+002
  0.499902181215177E-002  0.858755268771489E+002  0.718001748628537E+002
  0.498266005932563E-002  0.858754280146354E+002  0.718000144613347E+002
  0.496713048774386E-002  0.858750156147939E+002  0.717993443868496E+002
  0.495234653875831E-002  0.858743216230643E+002  0.712270267335025E+002
  0.493671362196321E-002  0.858739893656470E+002  0.717976700823433E+002
  0.492102616752391E-002  0.858736993288894E+002  0.717971951078904E+002
  0.490506848562877E-002  0.858735397968238E+002  0.712283064472749E+002
  0.489081786381779E-002  0.858727032436690E+002  0.717955578121225E+002
  0.487585424045708E-002  0.858721761112945E+002  0.717946875029664E+002
  0.485980214387977E-002  0.858721157150350E+002  0.712306523458901E+002
  0.484388470123832E-002  0.858720215407038E+002  0.717944317933188E+002
  0.483132222467584E-002  0.858705596411160E+002  0.712332381961442E+002
  0.481805606408065E-002  0.858694033453639E+002  0.712351753115548E+002
  0.480206520770649E-002  0.858693966922139E+002  0.712351864965580E+002
  0.478715512769681E-002  0.858689606341602E+002  0.712359205654194E+002
  0.477383483020713E-002  0.858678778267386E+002  0.717874880984110E+002
  0.475845645710600E-002  0.858676754217572E+002  0.717871444258601E+002
  0.474291606502415E-002  0.858675622251710E+002  0.717869520365476E+002
  0.473087348397726E-002  0.858659912365193E+002  0.717842679114677E+002
  0.471644684653835E-002  0.858654439063554E+002  0.712419134466055E+002
  0.470165109632000E-002  0.858650722966618E+002  0.712425544779023E+002
  0.468956536779423E-002  0.858635643926029E+002  0.712451713969329E+002
  0.467542883195367E-002  0.858629468499332E+002  0.717789894187191E+002
  0.466541291035472E-002  0.858605803587674E+002  0.712504270678563E+002
  0.465241365685850E-002  0.858595051623060E+002  0.712523467800523E+002
  0.463733002521760E-002  0.858593443339297E+002  0.717726048113455E+002
  0.462316812781199E-002  0.858588058797183E+002  0.712536029517040E+002
  0.460800149845910E-002  0.858587222264344E+002  0.717714863292109E+002
  0.459533793660836E-002  0.858575705483629E+002  0.717694028789548E+002
  0.458041579172183E-002  0.858574200067753E+002  0.712561106713542E+002
  0.456541917233297E-002  0.858573233172273E+002  0.717689534161581E+002
  0.455066038203383E-002  0.858571436801734E+002  0.717686263434877E+002
  0.453610583970453E-002  0.858568950238247E+002  0.717681729137526E+002
  0.452134432162616E-002  0.858567585106550E+002  0.712573163246662E+002
  0.450758269005339E-002  0.858561996204579E+002  0.717669005395562E+002
  0.449342042395296E-002  0.858558376844844E+002  0.712590041792353E+002
  0.447990081913572E-002  0.858552086867341E+002  0.717650763562597E+002
  0.446602505144956E-002  0.858547573961950E+002  0.712609987567746E+002
  0.445213723920485E-002  0.858543308228468E+002  0.712617907233937E+002
  0.443762444226781E-002  0.858542053658976E+002  0.717632158412695E+002
  0.442381658713957E-002  0.858537825716700E+002  0.712628122815426E+002
  0.440953871463982E-002  0.858535924327337E+002  0.712631675450472E+002
  0.439518026417350E-002  0.858534599287438E+002  0.712634154204682E+002
  0.438343420837929E-002  0.858521564746101E+002  0.717593728952087E+002
  0.437045089164800E-002  0.858514334951399E+002  0.717580024939120E+002
  0.435898391462607E-002  0.858500323140638E+002  0.712699154233221E+002
  0.434484451026674E-002  0.858498747557177E+002  0.712702184013053E+002
  0.433690557008535E-002  0.858468769368457E+002  0.712760569973995E+002
  0.432277915856602E-002  0.858467465013937E+002  0.717489256512599E+002
  0.430867045940827E-002  0.858466292026547E+002  0.712765459476165E+002
  0.429448994337253E-002  0.858465667943802E+002  0.712766692819090E+002
  0.428089278671037E-002  0.858462536334128E+002  0.712772891419273E+002
  0.426674217442020E-002  0.858462200604994E+002  0.712773556919227E+002
  0.425300002867642E-002  0.858460163927470E+002  0.712777598170511E+002
  0.424023107030757E-002  0.858453745276440E+002  0.717462019579812E+002
  0.422652439313084E-002  0.858451944807181E+002  0.712793978004740E+002
  0.421484437868638E-002  0.858440735583420E+002  0.712816504028566E+002
  0.420203306084679E-002  0.858435063774830E+002  0.712827986200916E+002
  0.418959515182875E-002  0.858427795242674E+002  0.712842785232608E+002
  0.417584271090142E-002  0.858426997879493E+002  0.712844414539183E+002
  0.416306227907570E-002  0.858421747209898E+002  0.712855172782711E+002
  0.414977852160587E-002  0.858419110682310E+002  0.717391805511797E+002
  0.413821125239763E-002  0.858408381574428E+002  0.712882790802362E+002
  0.412533873696898E-002  0.858404135679853E+002  0.717360763888191E+002
  0.411182740400657E-002  0.858403191496602E+002  0.717358792230350E+002
  0.409837236955063E-002  0.858402188528407E+002  0.717356695907897E+002
  0.408602896029529E-002  0.858395959282481E+002  0.717343631667666E+002
  0.407271358921125E-002  0.858394685025303E+002  0.717340949746868E+002
  0.405947694316246E-002  0.858393236688336E+002  0.712914502122935E+002
  0.404698228786174E-002  0.858388333772602E+002  0.717327533577842E+002
  0.403533037697532E-002  0.858379444232582E+002  0.717308617119472E+002
  0.402195378536243E-002  0.858379295937938E+002  0.717308300165911E+002
  0.400882572401792E-002  0.858378128921934E+002  0.717305804267144E+002
  0.399653591761829E-002  0.858372981044443E+002  0.712957639405048E+002
  0.398360878545942E-002  0.858371221779231E+002  0.717290973033381E+002
  0.397063487120079E-002  0.858369908765121E+002  0.712964257436127E+002
  0.395831810018694E-002  0.858365488687695E+002  0.717278585144487E+002
  0.394519485637419E-002  0.858365350216693E+002  0.717278285058638E+002
  0.393211901649946E-002  0.858365191931026E+002  0.717277941980402E+002
  0.391931390955192E-002  0.858363873231351E+002  0.712977317996147E+002
  0.390709291826933E-002  0.858359777771692E+002  0.712986225738052E+002
  0.389477410058643E-002  0.858356380328680E+002  0.717258756106020E+002
  0.388239001721227E-002  0.858353519177749E+002  0.717252489169549E+002
  0.387083034081866E-002  0.858346601484580E+002  0.717237260098291E+002
  0.385924898968910E-002  0.858339974484488E+002  0.717222567224786E+002
  0.384661710819663E-002  0.858338988951552E+002  0.717220373372030E+002
  0.383414431580830E-002  0.858337389227169E+002  0.717216807392552E+002
  0.382176127438748E-002  0.858335531465664E+002  0.713039741046969E+002
  0.380969118645794E-002  0.858332240674271E+002  0.717205289126183E+002
  0.379742830618721E-002  0.858330165999103E+002  0.717200629615415E+002
  0.378500779124910E-002  0.858329132812344E+002  0.713054094341375E+002
  0.377363746011410E-002  0.858322748320737E+002  0.717183883960652E+002
  0.376120735959059E-002  0.858322179872820E+002  0.713069804570339E+002
  0.374904017305836E-002  0.858320427246224E+002  0.713073783622332E+002
  0.373713812846642E-002  0.858317466267474E+002  0.717171875991999E+002
  0.372602528159568E-002  0.858310471563098E+002  0.713096534376997E+002
  0.371426701544535E-002  0.858307129815046E+002  0.713104228331443E+002
  0.370214351525494E-002  0.858305961499169E+002  0.713106925147976E+002
  0.369008363674983E-002  0.858304662832717E+002  0.713109927085133E+002
  0.368030759234554E-002  0.858291162831206E+002  0.717110997654128E+002
  0.366834795689777E-002  0.858289705445935E+002  0.717107569899686E+002
  0.365674951380008E-002  0.858286485062276E+002  0.713152425133419E+002
  0.364473241349416E-002  0.858285763080330E+002  0.713154131974220E+002
  0.363559987682269E-002  0.858269383787446E+002  0.713193259249230E+002
  0.362391555306499E-002  0.858267208777728E+002  0.717053884915986E+002
  0.361223707013190E-002  0.858265209342667E+002  0.713203358582385E+002
  0.360024217726170E-002  0.858265176596297E+002  0.717048961599374E+002
  0.358945301693228E-002  0.858258646529259E+002  0.713219344298559E+002
  0.357769912210072E-002  0.858257689476481E+002  0.713221686700181E+002
  0.356585645917287E-002  0.858257446163653E+002  0.713222282671592E+002
  0.355412360101696E-002  0.858256805539522E+002  0.713223852711840E+002
  0.354325029538683E-002  0.858251530511632E+002  0.717015569275711E+002
  0.353196580234812E-002  0.858248772069188E+002  0.713243652284997E+002
  0.352028891995287E-002  0.858248446961069E+002  0.717007941671570E+002
  0.350898401946964E-002  0.858246221625978E+002  0.713249981893638E+002
  0.349781647652029E-002  0.858243418473637E+002  0.713256963391680E+002
  0.348659226388150E-002  0.858241144260782E+002  0.713262646736905E+002
  0.347525166658597E-002  0.858239747100459E+002  0.716986252710122E+002
  0.346385271957641E-002  0.858238899820216E+002  0.716984126890274E+002
  0.345237732927250E-002  0.858238711971731E+002  0.713268744365199E+002
  0.344137978371805E-002  0.858235967845883E+002  0.716976751741871E+002
  0.343059172227611E-002  0.858232206660072E+002  0.716967247518839E+002
  0.341920226096402E-002  0.858232160723106E+002  0.716967131136410E+002
  0.340806561839413E-002  0.858230852997902E+002  0.713288584724659E+002
  0.339694968905429E-002  0.858229636882879E+002  0.713291674036490E+002
  0.338608022955031E-002  0.858227179095854E+002  0.716954466096833E+002
  0.337528908830676E-002  0.858224463323431E+002  0.716947524560554E+002
  0.336465119375150E-002  0.858221041038752E+002  0.713313660299572E+002
  0.335379829985949E-002  0.858219100760718E+002  0.713318660095956E+002
  0.334301312955739E-002  0.858216964748732E+002  0.713324180310295E+002
  0.333203739022610E-002  0.858216180729072E+002  0.716926188872344E+002
  0.332233873873625E-002  0.858207924357064E+002  0.716904666007120E+002
  0.331218395048010E-002  0.858202592529635E+002  0.713361772227094E+002
  0.330132061514478E-002  0.858201740742939E+002  0.716888374286591E+002
  0.329062690573755E-002  0.858200074527989E+002  0.716883958551330E+002
  0.327970778938301E-002  0.858199994039273E+002  0.713368654653028E+002
  0.326888055156563E-002  0.858199573087372E+002  0.716882627480583E+002
  0.325831062111623E-002  0.858197792098508E+002  0.716877891681760E+002
  0.324766158554545E-002  0.858196708725632E+002  0.713377394986461E+002
  0.323693215480230E-002  0.858196337119515E+002  0.713378386368528E+002
  0.322647165259912E-002  0.858194518175502E+002  0.716869152477725E+002
  0.321595188667956E-002  0.858193278012741E+002  0.713386569015033E+002
  0.320587427317680E-002  0.858189493276466E+002  0.713396746188592E+002
  0.319535249945507E-002  0.858188686016705E+002  0.716853474942659E+002
  0.318497077311419E-002  0.858187216167770E+002  0.713402898303080E+002
  0.317448188931166E-002  0.858186633926035E+002  0.716847924728128E+002
  0.316402184900859E-002  0.858186087707705E+002  0.713405955241726E+002
  0.315363114094050E-002  0.858185320371624E+002  0.716844362594339E+002
  0.314333205838556E-002  0.858184187164203E+002  0.716841283586166E+002
  0.313305053772527E-002  0.858183156557473E+002  0.716838478544239E+002
  0.312275093362960E-002  0.858182457151153E+002  0.716836572322892E+002
  0.311310011734723E-002  0.858177806766274E+002  0.716823843340306E+002
  0.310300629245743E-002  0.858176203737723E+002  0.713432966245207E+002
  0.309295946348748E-002  0.858174508447829E+002  0.716814757056379E+002
  0.308306050658218E-002  0.858172064908760E+002  0.716807993882720E+002
  0.307287601752781E-002  0.858171685866894E+002  0.713445457274710E+002
  0.306331561889320E-002  0.858167451497857E+002  0.713457249346811E+002
  0.305325324133331E-002  0.858166699821600E+002  0.713459351369490E+002
  0.304364389813014E-002  0.858163188226924E+002  0.713469206684116E+002
  0.303356439633879E-002  0.858162975459868E+002  0.716782593915139E+002
  0.303460598908930E-001  0.812661103637112E+002  0.713489253477850E+002
  0.303523581993295E-001  0.812656953078559E+002  0.713501122799710E+002
  0.303588673470033E-001  0.812652664482741E+002  0.713513478625241E+002
  0.303631696326835E-001  0.812649830397522E+002  0.713521696091121E+002
  0.292396617812297E-001  0.812649109454989E+002  0.713523793196514E+002
  0.292429767295644E-001  0.812646842150762E+002  0.713530406380406E+002
  0.292440296123298E-001  0.812646122070983E+002  0.713532512422500E+002
  0.292521119992799E-001  0.812640595287999E+002  0.713548770403075E+002
  0.292608468990774E-001  0.812634624029647E+002  0.713566526337259E+002
  0.292673278852744E-001  0.812630194719321E+002  0.713579828886527E+002
  0.292676699032857E-001  0.812629961000675E+002  0.713580533993717E+002
  0.292682732463098E-001  0.812629548711752E+002  0.713581778615463E+002
  0.292716922562614E-001  0.812627212523183E+002  0.713588850155066E+002
  0.292737357049837E-001  0.812625816377459E+002  0.713593091797575E+002
  0.292814643014680E-001  0.812620536848721E+002  0.713609238800242E+002
  0.292819833771182E-001  0.812620182309724E+002  0.713610329291408E+002
  0.292934428071000E-001  0.812612356891541E+002  0.713634601700073E+002
  0.292957509071853E-001  0.812610781106015E+002  0.713639537310078E+002
  0.293049796674353E-001  0.812604481689447E+002  0.713659433976446E+002
  0.293069305443861E-001  0.812603150303424E+002  0.713663673799943E+002
  0.293089574945030E-001  0.812601767094751E+002  0.713668091711087E+002
  0.293122007174254E-001  0.812599554089738E+002  0.713675187933055E+002
  0.293174783055383E-001  0.812595953464105E+002  0.713686808463751E+002
  0.293214961261401E-001  0.812593212747272E+002  0.713695717028574E+002
  0.293386893705678E-001  0.812581488785082E+002  0.713734468742625E+002
  0.293530768220632E-001  0.812571683353952E+002  0.713767727677523E+002
  0.293552234298761E-001  0.812570220795639E+002  0.713772758555711E+002
  0.293574311504576E-001  0.812568716710635E+002  0.713777951855813E+002
  0.293625026769166E-001  0.812565261988437E+002  0.713789956729614E+002
  0.293648806446083E-001  0.812563642323089E+002  0.713795622225196E+002
