  0.720547566496830E+002 -0.429594136757809E+002
  0.720551945814169E+002 -0.429594152078360E+002
  0.720552027104592E+002 -0.429594152384627E+002
  0.720553913510698E+002 -0.429594159715782E+002
  0.720550622692982E+002 -0.429594147205549E+002
  0.720555656670194E+002 -0.429594166872036E+002
  0.720555963399603E+002 -0.429594168169206E+002
  0.720556270967276E+002 -0.429594169481323E+002
  0.720554151599666E+002 -0.429594160671592E+002
  0.720556282829533E+002 -0.429594169532157E+002
  0.720550209801394E+002 -0.429594145728200E+002
  0.720546610039859E+002 -0.429594133719721E+002
  0.720549331633909E+002 -0.429594142654486E+002
  0.720546502862376E+002 -0.429594133386162E+002
  0.720551859922081E+002 -0.429594151755623E+002
  0.720548457150682E+002 -0.429594139686157E+002
