  0.200688367566273E+000  0.927036643672583E+002  0.750048239692706E+002
  0.200688367566273E+000  0.885738342776253E+002  0.686241905609471E+002
  0.200688367566273E+000  0.885378264072449E+002  0.686300109215472E+002
  0.200688367566273E+000  0.880461960793733E+002  0.687106879100271E+002
  0.200688367566273E+000  0.878231629797156E+002  0.742771759097371E+002
  0.200688367566273E+000  0.872388977500597E+002  0.688484607457650E+002
  0.200688367566273E+000  0.868633520011256E+002  0.689150401599290E+002
  0.200688367566273E+000  0.813030937064315E+002  0.702633808714938E+002
  0.200688367566273E+000  0.862504816676987E+002  0.690275220086732E+002
  0.200688367566273E+000  0.861257314789478E+002  0.690510472798932E+002
  0.200688367566273E+000  0.859119565452511E+002  0.690918922616966E+002
  0.200688367566273E+000  0.858158533109294E+002  0.739147594231204E+002
  0.200688367566273E+000  0.857214230324079E+002  0.738963535456825E+002
  0.200688367566273E+000  0.852846487899086E+002  0.692159384805849E+002
  0.200688367566273E+000  0.851552503013606E+002  0.737828706346587E+002
  0.200688367566273E+000  0.849646990950201E+002  0.737433787182514E+002
  0.200688367566273E+000  0.848389980070688E+002  0.693083001899347E+002
  0.200688367566273E+000  0.847174096591920E+002  0.693341793784808E+002
  0.200688367566273E+000  0.846148903035773E+002  0.693562411959118E+002
  0.200688367566273E+000  0.845853332889547E+002  0.693626438076678E+002
  0.200688367566273E+000  0.842051835157150E+002  0.735784803899863E+002
  0.200688367566273E+000  0.841959533897491E+002  0.735763954080456E+002
  0.200688367566273E+000  0.813112284573047E+002  0.727648926189536E+002
  0.200688367566273E+000  0.839982682333799E+002  0.694940163285248E+002
  0.200688367566273E+000  0.839728088108328E+002  0.735253323738736E+002
  0.200688367566273E+000  0.838403578820393E+002  0.734944009631050E+002
  0.200688367566273E+000  0.837018461300270E+002  0.734615291058369E+002
  0.200688367566273E+000  0.835346584469835E+002  0.734210978253732E+002
  0.200688367566273E+000  0.813122443621951E+002  0.702599690176410E+002
  0.200688367566273E+000  0.834394901113650E+002  0.696275441193593E+002
  0.200688367566273E+000  0.834064444646884E+002  0.696357383237725E+002
  0.200688367566273E+000  0.833853196160176E+002  0.696409953699373E+002
  0.200688367566273E+000  0.813346994557862E+002  0.702516356789251E+002
  0.200688367566273E+000  0.832165067412565E+002  0.696835482084848E+002
  0.200688367566273E+000  0.831428109575778E+002  0.733228015433929E+002
  0.200688367566273E+000  0.830892693592125E+002  0.697162871526209E+002
  0.200688367566273E+000  0.830758442727098E+002  0.697197763754943E+002
  0.200688367566273E+000  0.813403626361850E+002  0.727756972712777E+002
  0.200688367566273E+000  0.830255708091630E+002  0.732923365802930E+002
  0.200688367566273E+000  0.830222542085668E+002  0.697337727916871E+002
  0.200688367566273E+000  0.830060887981352E+002  0.732872234875267E+002
  0.200688367566273E+000  0.829258809944220E+002  0.732660157390474E+002
  0.200688367566273E+000  0.827669854676585E+002  0.698020139967236E+002
  0.200688367566273E+000  0.813507710032748E+002  0.702457050007901E+002
  0.200688367566273E+000  0.826686127451079E+002  0.698290502681106E+002
  0.200688367566273E+000  0.826628611566050E+002  0.698306444534091E+002
  0.200688367566273E+000  0.826591855659499E+002  0.698316640198792E+002
  0.200688367566273E+000  0.825877043689123E+002  0.731736234532071E+002
  0.200688367566273E+000  0.825498317532212E+002  0.698622856193905E+002
  0.200688367566273E+000  0.813565638548250E+002  0.702435741340819E+002
  0.200688367566273E+000  0.824805331042436E+002  0.731432514725641E+002
  0.200688367566273E+000  0.824386942591023E+002  0.698940001428489E+002
  0.200688367566273E+000  0.824270345456233E+002  0.698973634838045E+002
  0.200688367566273E+000  0.824056389385916E+002  0.731216864513445E+002
  0.200688367566273E+000  0.823866899570311E+002  0.731161843133334E+002
  0.200688367566273E+000  0.823386034003373E+002  0.731021361275908E+002
  0.200688367566273E+000  0.823046674032422E+002  0.699330932228496E+002
  0.200688367566273E+000  0.822177996601484E+002  0.730662837830884E+002
  0.200688367566273E+000  0.821634506195916E+002  0.699753586700726E+002
  0.200688367566273E+000  0.820750064638219E+002  0.700024318366421E+002
  0.200688367566273E+000  0.820490449138088E+002  0.730147685417833E+002
  0.200688367566273E+000  0.820475358278796E+002  0.730142998954047E+002
  0.200688367566273E+000  0.820437768976435E+002  0.730131319238972E+002
  0.200688367566273E+000  0.820402327617659E+002  0.700132101017470E+002
  0.200688367566273E+000  0.820214755726163E+002  0.730061836917046E+002
  0.200688367566273E+000  0.820191385554219E+002  0.730054536952837E+002
  0.200688367566273E+000  0.820107294105748E+002  0.700224159257013E+002
  0.200688367566273E+000  0.819793043204944E+002  0.700322843450773E+002
  0.200688367566273E+000  0.819791478045957E+002  0.700323336604057E+002
  0.200688367566273E+000  0.819716127290321E+002  0.700347097729903E+002
  0.200688367566273E+000  0.819475510041821E+002  0.729829168490437E+002
  0.200688367566273E+000  0.819084043818713E+002  0.729704455558895E+002
  0.200688367566273E+000  0.819035585243514E+002  0.729688943386402E+002
  0.200688367566273E+000  0.818845646368063E+002  0.700624417926600E+002
  0.200688367566273E+000  0.813687474903840E+002  0.702391040898738E+002
  0.200688367566273E+000  0.818632187337991E+002  0.729559163809691E+002
  0.200688367566273E+000  0.818631830610661E+002  0.700693351087171E+002
  0.200688367566273E+000  0.818520722711526E+002  0.700729302051006E+002
  0.200688367566273E+000  0.818411403768288E+002  0.729487637615772E+002
  0.200688367566273E+000  0.818059122608105E+002  0.700879632435311E+002
  0.200688367566273E+000  0.817862793025730E+002  0.700944054549739E+002
  0.200688367566273E+000  0.817283280200645E+002  0.701135941560436E+002
  0.200688367566273E+000  0.817264003490168E+002  0.729110029943492E+002
  0.200688367566273E+000  0.816745378852055E+002  0.728935963577454E+002
  0.200688367566273E+000  0.816723227080200E+002  0.728928479877942E+002
  0.200688367566273E+000  0.816594563473327E+002  0.728884932001378E+002
  0.200688367566273E+000  0.813916695206792E+002  0.702307364935003E+002
  0.200688367566273E+000  0.816030792456213E+002  0.728692468230432E+002
  0.200688367566273E+000  0.815742209207880E+002  0.701659514116913E+002
  0.200688367566273E+000  0.815737665261263E+002  0.728591311608862E+002
  0.200688367566273E+000  0.815650165961093E+002  0.728560968459479E+002
  0.200688367566273E+000  0.815397742126508E+002  0.728473045959939E+002
  0.200688367566273E+000  0.815355622694529E+002  0.701794080847697E+002
  0.200688367566273E+000  0.815270474260302E+002  0.728428496551372E+002
  0.200688367566273E+000  0.815228414945102E+002  0.728413741085321E+002
  0.200688367566273E+000  0.815068514562448E+002  0.728357493810864E+002
  0.200688367566273E+000  0.815065740037071E+002  0.701895883894759E+002
  0.200688367566273E+000  0.814856659274910E+002  0.701969799332122E+002
  0.200688367566273E+000  0.814805322238228E+002  0.728264387729711E+002
  0.200688367566273E+000  0.814677738923082E+002  0.728219015994080E+002
  0.200688367566273E+000  0.814673240495365E+002  0.702034986241913E+002
  0.200688367566273E+000  0.814672470745665E+002  0.702035260494416E+002
  0.200688367566273E+000  0.814563220255411E+002  0.702074243572913E+002
  0.200688367566273E+000  0.814384032798451E+002  0.728113964515763E+002
  0.200688367566273E+000  0.814248372366976E+002  0.702187245465071E+002
  0.200688367566273E+000  0.812614062650064E+002  0.702790435927545E+002
  0.200688367566273E+000  0.812493014729519E+002  0.727416109856111E+002
  0.200688367566273E+000  0.812317822140784E+002  0.727349440998883E+002
  0.200688367566273E+000  0.812271634782782E+002  0.702920595693469E+002
  0.200688367566273E+000  0.812265009316594E+002  0.702923127780579E+002
  0.200688367566273E+000  0.812235967406257E+002  0.702934233075421E+002
  0.200688367566273E+000  0.812206682453229E+002  0.727306958056275E+002
  0.200688367566273E+000  0.812164864552524E+002  0.702961464789532E+002
  0.200688367566273E+000  0.812101171381852E+002  0.702985910532150E+002
  0.200688367566273E+000  0.811980563571277E+002  0.703032335756163E+002
  0.200688367566273E+000  0.811963752078138E+002  0.703038821116282E+002
  0.200688367566273E+000  0.811868436598311E+002  0.727176742708944E+002
  0.200688367566273E+000  0.811799782511956E+002  0.727150140614230E+002
  0.200688367566273E+000  0.811338048106074E+002  0.726969675504187E+002
  0.200688367566273E+000  0.811287538874260E+002  0.703302632365959E+002
  0.200688367566273E+000  0.811183718009877E+002  0.726908740541312E+002
  0.200688367566273E+000  0.811178876265307E+002  0.703345575864854E+002
  0.200688367566273E+000  0.811107357169433E+002  0.703373925862741E+002
  0.200688367566273E+000  0.811070741570203E+002  0.726863932915168E+002
  0.200688367566273E+000  0.810987701991258E+002  0.726830889184368E+002
  0.200688367566273E+000  0.810892486120715E+002  0.726792884991591E+002
  0.200688367566273E+000  0.810878687691979E+002  0.726787367250762E+002
  0.200688367566273E+000  0.810838901555563E+002  0.726771442860896E+002
  0.200688367566273E+000  0.810827606312390E+002  0.726766917972824E+002
  0.200688367566273E+000  0.810717786458575E+002  0.703529567641176E+002
  0.200688367566273E+000  0.810646081241335E+002  0.726693956020185E+002
  0.200688367566273E+000  0.810556431093269E+002  0.703594647754219E+002
  0.200688367566273E+000  0.810518413961407E+002  0.726642364722809E+002
  0.200688367566273E+000  0.810440557717166E+002  0.726610788672426E+002
  0.200688367566273E+000  0.810406510024914E+002  0.703655446936425E+002
  0.200688367566273E+000  0.810357366449616E+002  0.726576952677460E+002
  0.200688367566273E+000  0.810339545550629E+002  0.703682708160101E+002
  0.200688367566273E+000  0.810272780816079E+002  0.726542446738947E+002
  0.200688367566273E+000  0.810270738142891E+002  0.726541612159204E+002
  0.200688367566273E+000  0.810263639045513E+002  0.703713688425706E+002
  0.200688367566273E+000  0.810252632097035E+002  0.726534211860745E+002
  0.200688367566273E+000  0.810208491162631E+002  0.726516150440010E+002
  0.200688367566273E+000  0.810152654337597E+002  0.726493262227205E+002
  0.200688367566273E+000  0.810025686793942E+002  0.703811355309630E+002
  0.200688367566273E+000  0.809988186943818E+002  0.726425575587276E+002
  0.200688367566273E+000  0.809858666850924E+002  0.726371984787743E+002
  0.200688367566273E+000  0.809793393704047E+002  0.703907519545685E+002
  0.200688367566273E+000  0.809685798005671E+002  0.703952342246120E+002
  0.200688367566273E+000  0.809568716296033E+002  0.726251077768223E+002
  0.200688367566273E+000  0.809516564992246E+002  0.726229191397233E+002
  0.200688367566273E+000  0.809403788398672E+002  0.726181714216417E+002
  0.200688367566273E+000  0.809382383463961E+002  0.704079719581696E+002
  0.200688367566273E+000  0.809279491183096E+002  0.704123249900774E+002
  0.200688367566273E+000  0.809133457596403E+002  0.726067070396976E+002
  0.200688367566273E+000  0.809061283229192E+002  0.726036258424550E+002
  0.200688367566273E+000  0.809057625761880E+002  0.726034694697589E+002
  0.200688367566273E+000  0.808950082684207E+002  0.725988614714801E+002
  0.200688367566273E+000  0.808454623400064E+002  0.704478654407770E+002
  0.200688367566273E+000  0.808348534671343E+002  0.704525228785163E+002
  0.200688367566273E+000  0.808335753036108E+002  0.725721545701950E+002
  0.200688367566273E+000  0.808203803373806E+002  0.704589099757468E+002
  0.200688367566273E+000  0.808132440559942E+002  0.704620735623674E+002
  0.200688367566273E+000  0.808119122601979E+002  0.704626650165313E+002
  0.200688367566273E+000  0.808101523234897E+002  0.725617928408713E+002
  0.200688367566273E+000  0.807935631449072E+002  0.725543918690460E+002
  0.200688367566273E+000  0.807782994793500E+002  0.704777044607952E+002
  0.200688367566273E+000  0.807742193797075E+002  0.704795449303634E+002
  0.200688367566273E+000  0.807657135605685E+002  0.725418476061737E+002
  0.200688367566273E+000  0.807623218461134E+002  0.725403094199168E+002
  0.200688367566273E+000  0.807582327728831E+002  0.704867880556041E+002
  0.200688367566273E+000  0.807232465780136E+002  0.705028206581935E+002
  0.200688367566273E+000  0.807096393636774E+002  0.725161145445576E+002
  0.200688367566273E+000  0.807088388709517E+002  0.705094975509759E+002
  0.200688367566273E+000  0.807088022221712E+002  0.725157253699439E+002
  0.200688367566273E+000  0.806993459669989E+002  0.725113187660084E+002
  0.200688367566273E+000  0.806763692251592E+002  0.725005297317271E+002
  0.200688367566273E+000  0.806573099472969E+002  0.705337499948541E+002
  0.200688367566273E+000  0.806552836607733E+002  0.724905239900814E+002
  0.200688367566273E+000  0.806399990949269E+002  0.705420334461844E+002
  0.200688367566273E+000  0.806346633938994E+002  0.724806390271815E+002
  0.200688367566273E+000  0.806315630865233E+002  0.705460959053577E+002
  0.200688367566273E+000  0.806277158730957E+002  0.705479542563614E+002
  0.200688367566273E+000  0.806275922508002E+002  0.705480140300203E+002
  0.200688367566273E+000  0.806266868278856E+002  0.724767880298995E+002
  0.200688367566273E+000  0.806147342790169E+002  0.705542514555599E+002
  0.200688367566273E+000  0.806096781337459E+002  0.705567153497856E+002
  0.200688367566273E+000  0.805891272751915E+002  0.724584439776615E+002
  0.200688367566273E+000  0.805888882656974E+002  0.724583261062956E+002
  0.200688367566273E+000  0.805810371863230E+002  0.705707939419819E+002
  0.200688367566273E+000  0.805803130214263E+002  0.705711526374703E+002
  0.200688367566273E+000  0.805758772252231E+002  0.724518871831102E+002
  0.200688367566273E+000  0.805737971472394E+002  0.705743862675059E+002
  0.200688367566273E+000  0.805701034718222E+002  0.724490156761790E+002
  0.200688367566273E+000  0.805656677540776E+002  0.724468036299735E+002
  0.200688367566273E+000  0.805624980092620E+002  0.724452196969866E+002
  0.200688367566273E+000  0.805579917842290E+002  0.705822766834782E+002
  0.200688367566273E+000  0.805556279068227E+002  0.724417774136998E+002
  0.200688367566273E+000  0.805533301503061E+002  0.724406232671896E+002
  0.200688367566273E+000  0.805414525322227E+002  0.724346341894976E+002
  0.200688367566273E+000  0.805278924928681E+002  0.724277488653440E+002
  0.200688367566273E+000  0.805150905258325E+002  0.724212005818472E+002
  0.200688367566273E+000  0.805027194519870E+002  0.706104124128415E+002
  0.200688367566273E+000  0.804978599852565E+002  0.724123118159961E+002
  0.200688367566273E+000  0.804922989566212E+002  0.706158157339167E+002
  0.200688367566273E+000  0.804812331594950E+002  0.724036504272006E+002
  0.200688367566273E+000  0.804573640126068E+002  0.706341729424533E+002
  0.200688367566273E+000  0.804457949151920E+002  0.706403372854520E+002
  0.200688367566273E+000  0.804451258636804E+002  0.723845448534602E+002
  0.200688367566273E+000  0.804398810865463E+002  0.723817347338322E+002
  0.200688367566273E+000  0.804384571414490E+002  0.723809702230644E+002
  0.200688367566273E+000  0.804352661517622E+002  0.723792545436099E+002
  0.200688367566273E+000  0.804314067800542E+002  0.723771749502744E+002
  0.200688367566273E+000  0.804312479439259E+002  0.723770892554417E+002
  0.200688367566273E+000  0.804222747921548E+002  0.706530057497965E+002
  0.200688367566273E+000  0.804101032814557E+002  0.706596354713806E+002
  0.200688367566273E+000  0.804071303210889E+002  0.706612626635400E+002
  0.200688367566273E+000  0.804038457993548E+002  0.706630640064342E+002
  0.200688367566273E+000  0.804015932956680E+002  0.706643015667620E+002
  0.200688367566273E+000  0.803919679388837E+002  0.723556296064158E+002
  0.200688367566273E+000  0.803898309804610E+002  0.723544464427019E+002
  0.200688367566273E+000  0.803832039568220E+002  0.723507666563195E+002
  0.200688367566273E+000  0.803672131762990E+002  0.706834197424409E+002
  0.200688367566273E+000  0.803657391500639E+002  0.706842492866131E+002
  0.200688367566273E+000  0.803609283238771E+002  0.706869624952293E+002
  0.200688367566273E+000  0.803579313083053E+002  0.706886572679288E+002
  0.200688367566273E+000  0.803302133199990E+002  0.707044998488092E+002
  0.200688367566273E+000  0.803295626343445E+002  0.707048754895470E+002
  0.200688367566273E+000  0.803196560071700E+002  0.707106163145437E+002
  0.200688367566273E+000  0.803122898689421E+002  0.723103282381543E+002
  0.200688367566273E+000  0.803116851196006E+002  0.723099745634230E+002
  0.200688367566273E+000  0.803055532605320E+002  0.723063795770837E+002
  0.200688367566273E+000  0.803041519077221E+002  0.707196842576644E+002
  0.200688367566273E+000  0.802997814732943E+002  0.707222592075644E+002
  0.200688367566273E+000  0.802850772758764E+002  0.722942551332069E+002
  0.200688367566273E+000  0.802813183181407E+002  0.722920088511823E+002
  0.200688367566273E+000  0.802666335118531E+002  0.707420692298268E+002
  0.200688367566273E+000  0.802661800590636E+002  0.707423437565527E+002
  0.200688367566273E+000  0.802658764687617E+002  0.722827123524469E+002
  0.200688367566273E+000  0.802539013117101E+002  0.722754249193406E+002
  0.200688367566273E+000  0.802529448639526E+002  0.722748398723308E+002
  0.200688367566273E+000  0.802453895187782E+002  0.707550374791226E+002
  0.200688367566273E+000  0.802416011773877E+002  0.707573734406272E+002
  0.200688367566273E+000  0.802411232234262E+002  0.707576686693740E+002
  0.200688367566273E+000  0.802411124900028E+002  0.722675646608936E+002
  0.200688367566273E+000  0.802337719519883E+002  0.707622241291485E+002
  0.200688367566273E+000  0.802241359643284E+002  0.722570023520187E+002
  0.200688367566273E+000  0.802235783455796E+002  0.707685870874016E+002
  0.200688367566273E+000  0.802168594428967E+002  0.722524289397964E+002
  0.200688367566273E+000  0.801998911216609E+002  0.722416526232834E+002
  0.200688367566273E+000  0.801993972808592E+002  0.707839033553536E+002
  0.200688367566273E+000  0.801945423538339E+002  0.722382225288022E+002
  0.200688367566273E+000  0.801918002380007E+002  0.707887822180867E+002
  0.200688367566273E+000  0.801870125165498E+002  0.722333660776590E+002
  0.200688367566273E+000  0.801855680311809E+002  0.707928092662685E+002
  0.200688367566273E+000  0.801815480475056E+002  0.722298211167845E+002
  0.200688367566273E+000  0.801801322373034E+002  0.707963401839530E+002
  0.200688367566273E+000  0.801746918914046E+002  0.707998915727176E+002
  0.200688367566273E+000  0.801740032680232E+002  0.708003423598268E+002
  0.200688367566273E+000  0.801739291206406E+002  0.708003909152517E+002
  0.200688367566273E+000  0.801708624763208E+002  0.722228379460019E+002
  0.200688367566273E+000  0.801677743645051E+002  0.708044329653793E+002
  0.200688367566273E+000  0.801532846296713E+002  0.708140412326030E+002
  0.200688367566273E+000  0.801508837185836E+002  0.722095938721727E+002
  0.200688367566273E+000  0.801434949416334E+002  0.708206083694155E+002
  0.200688367566273E+000  0.801430090364906E+002  0.722043040121598E+002
  0.200688367566273E+000  0.801348623897166E+002  0.708264514197431E+002
  0.200688367566273E+000  0.801342715849633E+002  0.708268531335340E+002
  0.200688367566273E+000  0.801330415482233E+002  0.721975497167671E+002
  0.200688367566273E+000  0.801281916843480E+002  0.721942390854675E+002
  0.200688367566273E+000  0.801258681507752E+002  0.721926472761759E+002
  0.200688367566273E+000  0.801253988931733E+002  0.708329146174251E+002
  0.200688367566273E+000  0.801192451312681E+002  0.721880893845413E+002
  0.200688367566273E+000  0.801177686051890E+002  0.721870690560704E+002
  0.200688367566273E+000  0.801089510730055E+002  0.721809434222005E+002
  0.200688367566273E+000  0.801060471550914E+002  0.708463262496388E+002
  0.200688367566273E+000  0.801053849569138E+002  0.708467899632417E+002
  0.200688367566273E+000  0.801040538652512E+002  0.708477230573333E+002
  0.200688367566273E+000  0.801026534298671E+002  0.708487061769808E+002
  0.200688367566273E+000  0.801009944957759E+002  0.708498726522940E+002
  0.200688367566273E+000  0.800974044946783E+002  0.708524040081950E+002
  0.200688367566273E+000  0.800940761380496E+002  0.721704803850457E+002
  0.200688367566273E+000  0.800820381788257E+002  0.721618894476536E+002
  0.200688367566273E+000  0.800785493539199E+002  0.721593783055772E+002
  0.200688367566273E+000  0.800745713421765E+002  0.721565031134191E+002
  0.200688367566273E+000  0.800744634438884E+002  0.708688150127668E+002
  0.200688367566273E+000  0.800732354978454E+002  0.721555347197457E+002
  0.200688367566273E+000  0.800729492170217E+002  0.708699129652296E+002
  0.200688367566273E+000  0.800707210430092E+002  0.708715320137210E+002
  0.200688367566273E+000  0.800658083621284E+002  0.721501237407824E+002
  0.200688367566273E+000  0.800597027780941E+002  0.708795990327449E+002
  0.200688367566273E+000  0.800588984764149E+002  0.708801919317958E+002
  0.200688367566273E+000  0.800472048644723E+002  0.721363643087062E+002
  0.200688367566273E+000  0.800426272412761E+002  0.708923081206394E+002
  0.200688367566273E+000  0.800421346692868E+002  0.721325613600604E+002
  0.200688367566273E+000  0.800401748410816E+002  0.721310851056608E+002
  0.200688367566273E+000  0.800373076962130E+002  0.721289190378935E+002
  0.200688367566273E+000  0.800332865617904E+002  0.708993716957279E+002
  0.200688367566273E+000  0.800309991879468E+002  0.721241260796071E+002
  0.200688367566273E+000  0.800308022753351E+002  0.721239758683388E+002
  0.200688367566273E+000  0.800295957941323E+002  0.721230547186770E+002
  0.200688367566273E+000  0.800280330897664E+002  0.721218595219760E+002
  0.200688367566273E+000  0.800274318453699E+002  0.709038409119116E+002
  0.200688367566273E+000  0.800272487756718E+002  0.721212587736896E+002
  0.200688367566273E+000  0.800254139113771E+002  0.721198510309752E+002
  0.200688367566273E+000  0.800195040220950E+002  0.721152945003419E+002
  0.200688367566273E+000  0.800172617368279E+002  0.721135566552133E+002
  0.200688367566273E+000  0.800170736012348E+002  0.709118293462170E+002
  0.200688367566273E+000  0.800090253730840E+002  0.709181103592174E+002
  0.200688367566273E+000  0.800066552817396E+002  0.721052672433666E+002
  0.200688367566273E+000  0.800022088768791E+002  0.709234824751269E+002
  0.200688367566273E+000  0.800015111075543E+002  0.721012048043373E+002
  0.200688367566273E+000  0.800007953919825E+002  0.721006373678846E+002
  0.200688367566273E+000  0.799986797553094E+002  0.720989568296662E+002
  0.200688367566273E+000  0.799979291855452E+002  0.720983594621600E+002
  0.200688367566273E+000  0.799947927216098E+002  0.720958565759789E+002
  0.200688367566273E+000  0.799936448743313E+002  0.720949379093510E+002
  0.200688367566273E+000  0.799900882226633E+002  0.709331578261790E+002
  0.200688367566273E+000  0.799816417441193E+002  0.720852430582833E+002
  0.200688367566273E+000  0.799813243267487E+002  0.720849844536207E+002
  0.200688367566273E+000  0.799807103404270E+002  0.709407560636215E+002
  0.200688367566273E+000  0.799803142686752E+002  0.720841607656684E+002
  0.200688367566273E+000  0.799759026787460E+002  0.720805491737282E+002
  0.200688367566273E+000  0.799711740341506E+002  0.709485876174805E+002
  0.200688367566273E+000  0.799651523200367E+002  0.709535893728904E+002
  0.200688367566273E+000  0.799647737289070E+002  0.709539053342873E+002
  0.200688367566273E+000  0.799565583054716E+002  0.709608062499143E+002
  0.200688367566273E+000  0.799549199025644E+002  0.720630471134512E+002
  0.200688367566273E+000  0.799548102948861E+002  0.720629542266042E+002
  0.200688367566273E+000  0.799527078259533E+002  0.709640705132440E+002
  0.200688367566273E+000  0.799514190295180E+002  0.720600725170719E+002
  0.200688367566273E+000  0.799474182631120E+002  0.720566532618130E+002
  0.200688367566273E+000  0.799453008587179E+002  0.720548348963788E+002
  0.200688367566273E+000  0.799353592770990E+002  0.709790254480149E+002
  0.200688367566273E+000  0.799335525343726E+002  0.709806070802193E+002
  0.200688367566273E+000  0.799257617141452E+002  0.709874817609598E+002
  0.200688367566273E+000  0.799251032924387E+002  0.720371730751774E+002
  0.200688367566273E+000  0.799218602577869E+002  0.709909584798782E+002
  0.200688367566273E+000  0.799204962598561E+002  0.709921794636739E+002
  0.200688367566273E+000  0.799176187765490E+002  0.709947646874226E+002
  0.200688367566273E+000  0.799156609367826E+002  0.709965310769078E+002
  0.200688367566273E+000  0.799148456468872E+002  0.720279715335596E+002
  0.200688367566273E+000  0.799138514732550E+002  0.720270709693009E+002
  0.200688367566273E+000  0.799086200900094E+002  0.720223059471343E+002
  0.200688367566273E+000  0.799071665825909E+002  0.710042658751214E+002
  0.200688367566273E+000  0.799071493291756E+002  0.710042817055231E+002
  0.200688367566273E+000  0.799066021394090E+002  0.720204559409528E+002
  0.200688367566273E+000  0.799033724943091E+002  0.720174809769028E+002
  0.200688367566273E+000  0.798999172046379E+002  0.710109613334413E+002
  0.200688367566273E+000  0.798998211903356E+002  0.720141893504702E+002
  0.200688367566273E+000  0.798982702713416E+002  0.710124949206277E+002
  0.200688367566273E+000  0.798975812241371E+002  0.710131379429794E+002
  0.200688367566273E+000  0.798959391907223E+002  0.710146736440870E+002
  0.200688367566273E+000  0.798958754680910E+002  0.720105066258100E+002
  0.200688367566273E+000  0.798901715239444E+002  0.710201057646905E+002
  0.200688367566273E+000  0.798849080114816E+002  0.720001240796166E+002
  0.200688367566273E+000  0.798834708218353E+002  0.719987471047514E+002
  0.200688367566273E+000  0.798784385788968E+002  0.719938946540166E+002
  0.200688367566273E+000  0.798764812842811E+002  0.719919940220862E+002
  0.200688367566273E+000  0.798749126034113E+002  0.710347746651195E+002
  0.200688367566273E+000  0.798743645300784E+002  0.719899300286818E+002
  0.200688367566273E+000  0.798732178099596E+002  0.719888081549738E+002
  0.200688367566273E+000  0.798712270845054E+002  0.719868542604885E+002
  0.200688367566273E+000  0.798700267396095E+002  0.719856722233623E+002
  0.200688367566273E+000  0.798618930477842E+002  0.719775834244666E+002
  0.200688367566273E+000  0.798593289655387E+002  0.710502358011885E+002
  0.200688367566273E+000  0.798492354215255E+002  0.710605320646987E+002
  0.200688367566273E+000  0.798481704168318E+002  0.719636077927680E+002
  0.200688367566273E+000  0.798445366599423E+002  0.710654060515178E+002
  0.200688367566273E+000  0.798444535310045E+002  0.719597472027783E+002
  0.200688367566273E+000  0.798436899999024E+002  0.719589500173040E+002
  0.200688367566273E+000  0.798358237236808E+002  0.719506525558312E+002
  0.200688367566273E+000  0.798355503142289E+002  0.710748786302415E+002
  0.200688367566273E+000  0.798346513054755E+002  0.710758375863725E+002
  0.200688367566273E+000  0.798334803644906E+002  0.719481501879033E+002
  0.200688367566273E+000  0.798291934613371E+002  0.719435347906252E+002
  0.200688367566273E+000  0.798272307001415E+002  0.719414050484859E+002
  0.200688367566273E+000  0.798267128495518E+002  0.710843985855096E+002
  0.200688367566273E+000  0.798216176849784E+002  0.719352552822873E+002
  0.200688367566273E+000  0.798202968708387E+002  0.710914448486687E+002
  0.200688367566273E+000  0.798179717202327E+002  0.719312122669968E+002
  0.200688367566273E+000  0.798155057583747E+002  0.710967844867220E+002
  0.200688367566273E+000  0.798087033451167E+002  0.719207542793419E+002
  0.200688367566273E+000  0.798080348633834E+002  0.711052503449162E+002
  0.200688367566273E+000  0.798063468847444E+002  0.711071876080051E+002
  0.200688367566273E+000  0.798063110118345E+002  0.719180110823827E+002
  0.200688367566273E+000  0.798047206226541E+002  0.711090628359644E+002
  0.200688367566273E+000  0.798046218848955E+002  0.719160629913161E+002
  0.200688367566273E+000  0.798034602697437E+002  0.719147178090572E+002
  0.200688367566273E+000  0.798018782094817E+002  0.711123614931581E+002
  0.200688367566273E+000  0.797996479502268E+002  0.711149688957955E+002
  0.200688367566273E+000  0.797974875991034E+002  0.711175109744837E+002
  0.200688367566273E+000  0.797953410341214E+002  0.719051868267562E+002
  0.200688367566273E+000  0.797916264877290E+002  0.719007483834570E+002
  0.200688367566273E+000  0.797890089022276E+002  0.711276500174814E+002
  0.200688367566273E+000  0.797881869241710E+002  0.718965927661735E+002
  0.200688367566273E+000  0.797877339175726E+002  0.711291978661746E+002
  0.200688367566273E+000  0.797826110543018E+002  0.711354811279967E+002
  0.200688367566273E+000  0.797824502004236E+002  0.711356801134260E+002
  0.200688367566273E+000  0.797791546232002E+002  0.718854596548200E+002
  0.200688367566273E+000  0.797777338742378E+002  0.718836780534831E+002
  0.200688367566273E+000  0.797757232987223E+002  0.711440978630817E+002
  0.200688367566273E+000  0.797751653042217E+002  0.718804351959595E+002
  0.200688367566273E+000  0.797751361202253E+002  0.711448417751040E+002
  0.200688367566273E+000  0.797742074411719E+002  0.711460214250443E+002
  0.200688367566273E+000  0.797722736109027E+002  0.711484901277183E+002
  0.200688367566273E+000  0.797721209636723E+002  0.718765542532571E+002
  0.200688367566273E+000  0.797709736122751E+002  0.718750808217224E+002
  0.200688367566273E+000  0.797698130668437E+002  0.718735843278390E+002
  0.200688367566273E+000  0.797698128502950E+002  0.711516559135260E+002
  0.200688367566273E+000  0.797632772423291E+002  0.711602020589502E+002
  0.200688367566273E+000  0.797632420633336E+002  0.718649913407152E+002
  0.200688367566273E+000  0.797631066190377E+002  0.718648120131421E+002
  0.200688367566273E+000  0.797619069173847E+002  0.711620203517614E+002
  0.200688367566273E+000  0.797617211086506E+002  0.718629723324720E+002
  0.200688367566273E+000  0.797607529657631E+002  0.718616810777998E+002
  0.200688367566273E+000  0.797591296790556E+002  0.711657347184128E+002
  0.200688367566273E+000  0.797552161492171E+002  0.718542026124274E+002
  0.200688367566273E+000  0.797540852861686E+002  0.711725850094213E+002
  0.200688367566273E+000  0.797535267875230E+002  0.711733519558327E+002
  0.200688367566273E+000  0.797529180189328E+002  0.718510500474337E+002
  0.200688367566273E+000  0.797517525384987E+002  0.718494399699228E+002
  0.200688367566273E+000  0.797502966237246E+002  0.718474177881889E+002
  0.200688367566273E+000  0.797502043505093E+002  0.711779507472814E+002
  0.200688367566273E+000  0.797499644439824E+002  0.718469546960270E+002
  0.200688367566273E+000  0.797498046080074E+002  0.718467316397812E+002
  0.200688367566273E+000  0.797448584099690E+002  0.711854860676606E+002
  0.200688367566273E+000  0.797425786182409E+002  0.718364871137057E+002
  0.200688367566273E+000  0.797424206845160E+002  0.718362595845723E+002
  0.200688367566273E+000  0.797417510054553E+002  0.711899469407074E+002
  0.200688367566273E+000  0.797401702907281E+002  0.718329999729032E+002
  0.200688367566273E+000  0.797400477122721E+002  0.711924184919257E+002
  0.200688367566273E+000  0.797389895217135E+002  0.718312763358846E+002
  0.200688367566273E+000  0.797388483710258E+002  0.711941702957922E+002
  0.200688367566273E+000  0.797373703944605E+002  0.718288975306264E+002
  0.200688367566273E+000  0.797370302082001E+002  0.718283954543725E+002
  0.200688367566273E+000  0.797345899100872E+002  0.718247701784121E+002
  0.200688367566273E+000  0.797311886392984E+002  0.718196458914233E+002
  0.200688367566273E+000  0.797297224342589E+002  0.712078295980317E+002
  0.200688367566273E+000  0.797271378217966E+002  0.712118108193420E+002
  0.200688367566273E+000  0.797250295636777E+002  0.712150977338333E+002
  0.200688367566273E+000  0.797241798644838E+002  0.712164327842759E+002
  0.200688367566273E+000  0.797235498318774E+002  0.712174265920487E+002
  0.200688367566273E+000  0.797229876556355E+002  0.718069237645606E+002
  0.200688367566273E+000  0.797222920020261E+002  0.718058192044016E+002
  0.200688367566273E+000  0.797204460250266E+002  0.712223721789525E+002
  0.200688367566273E+000  0.797202330006444E+002  0.718025252569178E+002
  0.200688367566273E+000  0.797201464764397E+002  0.718023860174889E+002
  0.200688367566273E+000  0.797169504748709E+002  0.717971951078904E+002
  0.200688367566273E+000  0.797154272572760E+002  0.717946875029664E+002
  0.200688367566273E+000  0.797152726866853E+002  0.717944317933188E+002
  0.200688367566273E+000  0.797126544913454E+002  0.712351753115548E+002
  0.200688367566273E+000  0.797126478381954E+002  0.712351864965580E+002
  0.200688367566273E+000  0.797122117801418E+002  0.712359205654194E+002
  0.200688367566273E+000  0.797083234426433E+002  0.712425544779023E+002
  0.200688367566273E+000  0.797038315047489E+002  0.712504270678563E+002
  0.200688367566273E+000  0.797027563082876E+002  0.712523467800523E+002
  0.200688367566273E+000  0.797020570256998E+002  0.712536029517040E+002
  0.200688367566273E+000  0.797008216943444E+002  0.717694028789548E+002
  0.200688367566273E+000  0.797001461698063E+002  0.717681729137526E+002
  0.200688367566273E+000  0.797000096566365E+002  0.712573163246662E+002
  0.200688367566273E+000  0.796975819688284E+002  0.712617907233937E+002
  0.200688367566273E+000  0.796970337176515E+002  0.712628122815426E+002
  0.200688367566273E+000  0.796932834600454E+002  0.712699154233221E+002
  0.200688367566273E+000  0.796931259016992E+002  0.712702184013053E+002
  0.200688367566273E+000  0.796899976473753E+002  0.717489256512599E+002
  0.200688367566273E+000  0.796898179403617E+002  0.712766692819090E+002
  0.200688367566273E+000  0.796895047793944E+002  0.712772891419273E+002
  0.200688367566273E+000  0.796894712064810E+002  0.712773556919227E+002
  0.200688367566273E+000  0.796884456266997E+002  0.712793978004740E+002
  0.200688367566273E+000  0.796873247043235E+002  0.712816504028566E+002
  0.200688367566273E+000  0.796859509339308E+002  0.712844414539183E+002
  0.200688367566273E+000  0.796834699988222E+002  0.717356695907897E+002
  0.200688367566273E+000  0.796811807397754E+002  0.717308300165911E+002
  0.200688367566273E+000  0.796797861676509E+002  0.717278285058638E+002
  0.200688367566273E+000  0.796796384691166E+002  0.712977317996147E+002
  0.200688367566273E+000  0.796792289231507E+002  0.712986225738052E+002
  0.200688367566273E+000  0.796772485944303E+002  0.717222567224786E+002
  0.200688367566273E+000  0.796764752134086E+002  0.717205289126183E+002
  0.200688367566273E+000  0.796761644272160E+002  0.713054094341375E+002
  0.200688367566273E+000  0.796755259780552E+002  0.717183883960652E+002
  0.200688367566273E+000  0.796752938706040E+002  0.713073783622332E+002
  0.200688367566273E+000  0.796749977727290E+002  0.717171875991999E+002
  0.200688367566273E+000  0.796738472958984E+002  0.713106925147976E+002
  0.200688367566273E+000  0.796697688056113E+002  0.717048961599374E+002
  0.200688367566273E+000  0.796691157989075E+002  0.713219344298559E+002
  0.200688367566273E+000  0.796689957623469E+002  0.713222282671592E+002
  0.200688367566273E+000  0.796689316999337E+002  0.713223852711840E+002
  0.200688367566273E+000  0.796673655720597E+002  0.713262646736905E+002
  0.200688367566273E+000  0.796668479305699E+002  0.716976751741871E+002
  0.200688367566273E+000  0.796663364457717E+002  0.713288584724659E+002
  0.200688367566273E+000  0.796659690555670E+002  0.716954466096833E+002
  0.200688367566273E+000  0.796634252202755E+002  0.716888374286591E+002
  0.200688367566273E+000  0.796632505499088E+002  0.713368654653028E+002
  0.200688367566273E+000  0.796630303558323E+002  0.716877891681760E+002
  0.200688367566273E+000  0.796629220185448E+002  0.713377394986461E+002
  0.200688367566273E+000  0.796622004736281E+002  0.713396746188592E+002
  0.200688367566273E+000  0.796619145385850E+002  0.716847924728128E+002
  0.200688367566273E+000  0.796617831831440E+002  0.716844362594339E+002
  0.200688367566273E+000  0.796610318226089E+002  0.716823843340306E+002
  0.200688367566273E+000  0.796607019907644E+002  0.716814757056379E+002
  0.200688367566273E+000  0.796604197326709E+002  0.713445457274710E+002
  0.200688367566273E+000  0.796599962957673E+002  0.713457249346811E+002
  0.200688367566273E+000  0.798052044518256E+002  0.716775806409909E+002
  0.200688367566273E+000  0.798045293470910E+002  0.716756606376173E+002
  0.200688367566273E+000  0.798041588506073E+002  0.716745972706285E+002
  0.200688367566273E+000  0.798037722919731E+002  0.716734803105086E+002
  0.200688367566273E+000  0.798037093366167E+002  0.716732976659297E+002
  0.200688367566273E+000  0.797999526025213E+002  0.716619949873901E+002
  0.200688367566273E+000  0.797984229032206E+002  0.716571396345229E+002
  0.200688367566273E+000  0.797948315359310E+002  0.716450426560393E+002
  0.200688367566273E+000  0.797941792153215E+002  0.716427247662220E+002
  0.200688367566273E+000  0.797926170268626E+002  0.716369983783340E+002
  0.200688367566273E+000  0.797920886437640E+002  0.716350009013607E+002
  0.200688367566273E+000  0.797914708469209E+002  0.716326232519437E+002
  0.200688367566273E+000  0.797913918832190E+002  0.716323159486106E+002
  0.200688367566273E+000  0.797904668867352E+002  0.716286555462528E+002
  0.200688367566273E+000  0.797901683774026E+002  0.716274493824150E+002
  0.200688367566273E+000  0.797890719727378E+002  0.716229060772860E+002
  0.200688367566273E+000  0.797889939714019E+002  0.716225757011378E+002
  0.200688367566273E+000  0.797882450732511E+002  0.714058882635074E+002
  0.200688367566273E+000  0.797881539840340E+002  0.714062870698336E+002
  0.200688367566273E+000  0.797868274158290E+002  0.716129654548068E+002
  0.200688367566273E+000  0.797867954777535E+002  0.716128168923776E+002
  0.200688367566273E+000  0.797859939623477E+002  0.716090136357966E+002
  0.200688367566273E+000  0.797856792698395E+002  0.714177612465159E+002
  0.200688367566273E+000  0.797855195241919E+002  0.716066899684852E+002
  0.200688367566273E+000  0.797854312698941E+002  0.716062513622017E+002
  0.200688367566273E+000  0.797852605506611E+002  0.716053970368177E+002
  0.200688367566273E+000  0.797844769241858E+002  0.716013701089061E+002
  0.200688367566273E+000  0.797840576490961E+002  0.715991385876192E+002
  0.200688367566273E+000  0.797835906958878E+002  0.714286564325179E+002
  0.200688367566273E+000  0.797831012455213E+002  0.715938191145678E+002
  0.200688367566273E+000  0.797830634452689E+002  0.714316382680207E+002
  0.200688367566273E+000  0.797823962666382E+002  0.715896632669192E+002
  0.200688367566273E+000  0.797823659064888E+002  0.715894792471393E+002
  0.200688367566273E+000  0.797820364500984E+002  0.715874532437449E+002
  0.200688367566273E+000  0.797816130193025E+002  0.715847658381140E+002
  0.200688367566273E+000  0.797815297394502E+002  0.715842254141249E+002
  0.200688367566273E+000  0.797810865789219E+002  0.715812781260838E+002
  0.200688367566273E+000  0.797809468591710E+002  0.715803223069190E+002
  0.200688367566273E+000  0.802875483667331E+002  0.715658081822733E+002
  0.200688367566273E+000  0.802867675120076E+002  0.715584519945718E+002
  0.200688367566273E+000  0.802867456445112E+002  0.715582289124423E+002
  0.200688367566273E+000  0.802865259971389E+002  0.715559244740707E+002
  0.200688367566273E+000  0.802862923337685E+002  0.715533300405870E+002
  0.200688367566273E+000  0.802858721678692E+002  0.715481919089690E+002
  0.200688367566273E+000  0.802851926736964E+002  0.715377497201985E+002
  0.200688367566273E+000  0.803879210049432E+002  0.715342238430916E+002
  0.200688367566273E+000  0.803877352450091E+002  0.715297501548300E+002
  0.200688367566273E+000  0.803874624602132E+002  0.715063766864054E+002
  0.200688367566273E+000  0.803874563258513E+002  0.715068531483594E+002
  0.200688367566273E+000  0.803874543952485E+002  0.715182284935528E+002
  0.200688367566273E+000  0.803874488813815E+002  0.715074904711853E+002
