  0.612441530493399E-001  0.915179795629555E+002  0.750048239692706E+002
  0.612441530493399E-001  0.873881494733226E+002  0.686241905609471E+002
  0.612441530493399E-001  0.873521416029422E+002  0.686300109215472E+002
  0.612441530493399E-001  0.868605112750706E+002  0.687106879100271E+002
  0.612441530493399E-001  0.866374781754129E+002  0.742771759097371E+002
  0.612441530493399E-001  0.860532129457570E+002  0.688484607457650E+002
  0.612441530493399E-001  0.856776671968229E+002  0.689150401599290E+002
  0.612441530493399E-001  0.801174089021287E+002  0.702633808714938E+002
  0.612441530493399E-001  0.850647968633959E+002  0.690275220086732E+002
  0.612441530493399E-001  0.849400466746450E+002  0.690510472798932E+002
  0.612441530493399E-001  0.847262717409483E+002  0.690918922616966E+002
  0.612441530493399E-001  0.846301685066267E+002  0.739147594231204E+002
  0.612441530493399E-001  0.845357382281052E+002  0.738963535456825E+002
  0.612441530493399E-001  0.840989639856058E+002  0.692159384805849E+002
  0.612441530493399E-001  0.839695654970578E+002  0.737828706346587E+002
  0.612441530493399E-001  0.837790142907174E+002  0.737433787182514E+002
  0.612441530493399E-001  0.836533132027661E+002  0.693083001899347E+002
  0.612441530493399E-001  0.835317248548893E+002  0.693341793784808E+002
  0.612441530493399E-001  0.834292054992745E+002  0.693562411959118E+002
  0.612441530493399E-001  0.833996484846519E+002  0.693626438076678E+002
  0.612441530493399E-001  0.830194987114123E+002  0.735784803899863E+002
  0.612441530493399E-001  0.830102685854464E+002  0.735763954080456E+002
  0.612441530493399E-001  0.801255436530020E+002  0.727648926189536E+002
  0.612441530493399E-001  0.828125834290772E+002  0.694940163285248E+002
  0.612441530493399E-001  0.827871240065301E+002  0.735253323738736E+002
  0.612441530493399E-001  0.826546730777366E+002  0.734944009631050E+002
  0.612441530493399E-001  0.825161613257242E+002  0.734615291058369E+002
  0.612441530493399E-001  0.823489736426808E+002  0.734210978253732E+002
  0.612441530493399E-001  0.801265595578924E+002  0.702599690176410E+002
  0.612441530493399E-001  0.822538053070622E+002  0.696275441193593E+002
  0.612441530493399E-001  0.822207596603857E+002  0.696357383237725E+002
  0.612441530493399E-001  0.821996348117148E+002  0.696409953699373E+002
  0.612441530493399E-001  0.801490146514835E+002  0.702516356789251E+002
  0.612441530493399E-001  0.820308219369538E+002  0.696835482084848E+002
  0.612441530493399E-001  0.819571261532750E+002  0.733228015433929E+002
  0.612441530493399E-001  0.819035845549097E+002  0.697162871526209E+002
  0.612441530493399E-001  0.818901594684071E+002  0.697197763754943E+002
  0.612441530493399E-001  0.801546778318822E+002  0.727756972712777E+002
  0.612441530493399E-001  0.818398860048603E+002  0.732923365802930E+002
  0.612441530493399E-001  0.818365694042641E+002  0.697337727916871E+002
  0.612441530493399E-001  0.818204039938324E+002  0.732872234875267E+002
  0.612441530493399E-001  0.817401961901192E+002  0.732660157390474E+002
  0.612441530493399E-001  0.815813006633557E+002  0.698020139967236E+002
  0.612441530493399E-001  0.801650861989720E+002  0.702457050007901E+002
  0.612441530493399E-001  0.814829279408052E+002  0.698290502681106E+002
  0.612441530493399E-001  0.814771763523023E+002  0.698306444534091E+002
  0.612441530493399E-001  0.814735007616471E+002  0.698316640198792E+002
  0.612441530493399E-001  0.814020195646096E+002  0.731736234532071E+002
  0.612441530493399E-001  0.813641469489184E+002  0.698622856193905E+002
  0.612441530493399E-001  0.801708790505222E+002  0.702435741340819E+002
  0.612441530493399E-001  0.812948482999409E+002  0.731432514725641E+002
  0.612441530493399E-001  0.812530094547996E+002  0.698940001428489E+002
  0.612441530493399E-001  0.812413497413206E+002  0.698973634838045E+002
  0.612441530493399E-001  0.812199541342889E+002  0.731216864513445E+002
  0.612441530493399E-001  0.812010051527284E+002  0.731161843133334E+002
  0.612441530493399E-001  0.811529185960346E+002  0.731021361275908E+002
  0.612441530493399E-001  0.811189825989395E+002  0.699330932228496E+002
  0.612441530493399E-001  0.810321148558457E+002  0.730662837830884E+002
  0.612441530493399E-001  0.809777658152888E+002  0.699753586700726E+002
  0.612441530493399E-001  0.808893216595191E+002  0.700024318366421E+002
  0.612441530493399E-001  0.808633601095061E+002  0.730147685417833E+002
  0.612441530493399E-001  0.808618510235768E+002  0.730142998954047E+002
  0.612441530493399E-001  0.808580920933408E+002  0.730131319238972E+002
  0.612441530493399E-001  0.808545479574632E+002  0.700132101017470E+002
  0.612441530493399E-001  0.808357907683136E+002  0.730061836917046E+002
  0.612441530493399E-001  0.808334537511192E+002  0.730054536952837E+002
  0.612441530493399E-001  0.808250446062721E+002  0.700224159257013E+002
  0.612441530493399E-001  0.807936195161917E+002  0.700322843450773E+002
  0.612441530493399E-001  0.807934630002930E+002  0.700323336604057E+002
  0.612441530493399E-001  0.807859279247294E+002  0.700347097729903E+002
  0.612441530493399E-001  0.807618661998793E+002  0.729829168490437E+002
  0.612441530493399E-001  0.807227195775686E+002  0.729704455558895E+002
  0.612441530493399E-001  0.807178737200487E+002  0.729688943386402E+002
  0.612441530493399E-001  0.806988798325036E+002  0.700624417926600E+002
  0.612441530493399E-001  0.801830626860812E+002  0.702391040898738E+002
  0.612441530493399E-001  0.806775339294963E+002  0.729559163809691E+002
  0.612441530493399E-001  0.806774982567633E+002  0.700693351087171E+002
  0.612441530493399E-001  0.806663874668498E+002  0.700729302051006E+002
  0.612441530493399E-001  0.806554555725261E+002  0.729487637615772E+002
  0.612441530493399E-001  0.806202274565078E+002  0.700879632435311E+002
  0.612441530493399E-001  0.806005944982703E+002  0.700944054549739E+002
  0.612441530493399E-001  0.805426432157618E+002  0.701135941560436E+002
  0.612441530493399E-001  0.805407155447141E+002  0.729110029943492E+002
  0.612441530493399E-001  0.804888530809027E+002  0.728935963577454E+002
  0.612441530493399E-001  0.804866379037173E+002  0.728928479877942E+002
  0.612441530493399E-001  0.804737715430300E+002  0.728884932001378E+002
  0.612441530493399E-001  0.802059847163765E+002  0.702307364935003E+002
  0.612441530493399E-001  0.804173944413186E+002  0.728692468230432E+002
  0.612441530493399E-001  0.803885361164852E+002  0.701659514116913E+002
  0.612441530493399E-001  0.803880817218235E+002  0.728591311608862E+002
  0.612441530493399E-001  0.803793317918066E+002  0.728560968459479E+002
  0.612441530493399E-001  0.803540894083481E+002  0.728473045959939E+002
  0.612441530493399E-001  0.803498774651501E+002  0.701794080847697E+002
  0.612441530493399E-001  0.803413626217275E+002  0.728428496551372E+002
  0.612441530493399E-001  0.803371566902075E+002  0.728413741085321E+002
  0.612441530493399E-001  0.803211666519421E+002  0.728357493810864E+002
  0.612441530493399E-001  0.803208891994043E+002  0.701895883894759E+002
  0.612441530493399E-001  0.802999811231883E+002  0.701969799332122E+002
  0.612441530493399E-001  0.802948474195201E+002  0.728264387729711E+002
  0.612441530493399E-001  0.802820890880055E+002  0.728219015994080E+002
  0.612441530493399E-001  0.802816392452337E+002  0.702034986241913E+002
  0.612441530493399E-001  0.802815622702638E+002  0.702035260494416E+002
  0.612441530493399E-001  0.802706372212383E+002  0.702074243572913E+002
  0.612441530493399E-001  0.802527184755423E+002  0.728113964515763E+002
  0.612441530493399E-001  0.802391524323948E+002  0.702187245465071E+002
  0.612441530493399E-001  0.800757214607036E+002  0.702790435927545E+002
  0.612441530493399E-001  0.800636166686491E+002  0.727416109856111E+002
  0.612441530493399E-001  0.800460974097757E+002  0.727349440998883E+002
  0.612441530493399E-001  0.800414786739755E+002  0.702920595693469E+002
  0.612441530493399E-001  0.800408161273567E+002  0.702923127780579E+002
  0.612441530493399E-001  0.800379119363230E+002  0.702934233075421E+002
  0.612441530493399E-001  0.800349834410202E+002  0.727306958056275E+002
  0.612441530493399E-001  0.800308016509496E+002  0.702961464789532E+002
  0.612441530493399E-001  0.800244323338825E+002  0.702985910532150E+002
  0.612441530493399E-001  0.800123715528250E+002  0.703032335756163E+002
  0.612441530493399E-001  0.800106904035111E+002  0.703038821116282E+002
  0.612441530493399E-001  0.800011588555284E+002  0.727176742708944E+002
  0.612441530493399E-001  0.799942934468929E+002  0.727150140614230E+002
  0.612441530493399E-001  0.799481200063046E+002  0.726969675504187E+002
  0.612441530493399E-001  0.799430690831233E+002  0.703302632365959E+002
  0.612441530493399E-001  0.799326869966849E+002  0.726908740541312E+002
  0.612441530493399E-001  0.799322028222280E+002  0.703345575864854E+002
  0.612441530493399E-001  0.799250509126405E+002  0.703373925862741E+002
  0.612441530493399E-001  0.799213893527176E+002  0.726863932915168E+002
  0.612441530493399E-001  0.799130853948231E+002  0.726830889184368E+002
  0.612441530493399E-001  0.799035638077687E+002  0.726792884991591E+002
  0.612441530493399E-001  0.799021839648951E+002  0.726787367250762E+002
  0.612441530493399E-001  0.798982053512536E+002  0.726771442860896E+002
  0.612441530493399E-001  0.798970758269363E+002  0.726766917972824E+002
  0.612441530493399E-001  0.798860938415548E+002  0.703529567641176E+002
  0.612441530493399E-001  0.798789233198308E+002  0.726693956020185E+002
  0.612441530493399E-001  0.798699583050241E+002  0.703594647754219E+002
  0.612441530493399E-001  0.798661565918380E+002  0.726642364722809E+002
  0.612441530493399E-001  0.798583709674139E+002  0.726610788672426E+002
  0.612441530493399E-001  0.798549661981886E+002  0.703655446936425E+002
  0.612441530493399E-001  0.798500518406588E+002  0.726576952677460E+002
  0.612441530493399E-001  0.798482697507602E+002  0.703682708160101E+002
  0.612441530493399E-001  0.798415932773052E+002  0.726542446738947E+002
  0.612441530493399E-001  0.798413890099864E+002  0.726541612159204E+002
  0.612441530493399E-001  0.798406791002486E+002  0.703713688425706E+002
  0.612441530493399E-001  0.798395784054007E+002  0.726534211860745E+002
  0.612441530493399E-001  0.798351643119604E+002  0.726516150440010E+002
  0.612441530493399E-001  0.798295806294570E+002  0.726493262227205E+002
  0.612441530493399E-001  0.798168838750915E+002  0.703811355309630E+002
  0.612441530493399E-001  0.798131338900790E+002  0.726425575587276E+002
  0.612441530493399E-001  0.798001818807897E+002  0.726371984787743E+002
  0.612441530493399E-001  0.797936545661019E+002  0.703907519545685E+002
  0.612441530493399E-001  0.797828949962644E+002  0.703952342246120E+002
  0.612441530493399E-001  0.797711868253005E+002  0.726251077768223E+002
  0.612441530493399E-001  0.797659716949219E+002  0.726229191397233E+002
  0.612441530493399E-001  0.797546940355645E+002  0.726181714216417E+002
  0.612441530493399E-001  0.797525535420933E+002  0.704079719581696E+002
  0.612441530493399E-001  0.797422643140069E+002  0.704123249900774E+002
  0.612441530493399E-001  0.797276609553375E+002  0.726067070396976E+002
  0.612441530493399E-001  0.797204435186165E+002  0.726036258424550E+002
  0.612441530493399E-001  0.797200777718853E+002  0.726034694697589E+002
  0.612441530493399E-001  0.797093234641179E+002  0.725988614714801E+002
  0.612441530493399E-001  0.796597775357037E+002  0.704478654407770E+002
  0.612441530493399E-001  0.796491686628316E+002  0.704525228785163E+002
  0.612441530493399E-001  0.796478904993081E+002  0.725721545701950E+002
  0.612441530493399E-001  0.796346955330779E+002  0.704589099757468E+002
  0.612441530493399E-001  0.796275592516914E+002  0.704620735623674E+002
  0.612441530493399E-001  0.796262274558952E+002  0.704626650165313E+002
  0.612441530493399E-001  0.796244675191870E+002  0.725617928408713E+002
  0.612441530493399E-001  0.796078783406045E+002  0.725543918690460E+002
  0.612441530493399E-001  0.795926146750473E+002  0.704777044607952E+002
  0.612441530493399E-001  0.795885345754048E+002  0.704795449303634E+002
  0.612441530493399E-001  0.795800287562658E+002  0.725418476061737E+002
  0.612441530493399E-001  0.795766370418106E+002  0.725403094199168E+002
  0.612441530493399E-001  0.795725479685804E+002  0.704867880556041E+002
  0.612441530493399E-001  0.795375617737108E+002  0.705028206581935E+002
  0.612441530493399E-001  0.795239545593747E+002  0.725161145445576E+002
  0.612441530493399E-001  0.795231540666490E+002  0.705094975509759E+002
  0.612441530493399E-001  0.795231174178685E+002  0.725157253699439E+002
  0.612441530493399E-001  0.795136611626961E+002  0.725113187660084E+002
  0.612441530493399E-001  0.794906844208565E+002  0.725005297317271E+002
  0.612441530493399E-001  0.794716251429942E+002  0.705337499948541E+002
  0.612441530493399E-001  0.794695988564706E+002  0.724905239900814E+002
  0.612441530493399E-001  0.794543142906242E+002  0.705420334461844E+002
  0.612441530493399E-001  0.794489785895967E+002  0.724806390271815E+002
  0.612441530493399E-001  0.794458782822205E+002  0.705460959053577E+002
  0.612441530493399E-001  0.794420310687930E+002  0.705479542563614E+002
  0.612441530493399E-001  0.794419074464975E+002  0.705480140300203E+002
  0.612441530493399E-001  0.794410020235829E+002  0.724767880298995E+002
  0.612441530493399E-001  0.794290494747142E+002  0.705542514555599E+002
  0.612441530493399E-001  0.794239933294431E+002  0.705567153497856E+002
  0.612441530493399E-001  0.794034424708887E+002  0.724584439776615E+002
  0.612441530493399E-001  0.794032034613946E+002  0.724583261062956E+002
  0.612441530493399E-001  0.793953523820202E+002  0.705707939419819E+002
  0.612441530493399E-001  0.793946282171236E+002  0.705711526374703E+002
  0.612441530493399E-001  0.793901924209204E+002  0.724518871831102E+002
  0.612441530493399E-001  0.793881123429367E+002  0.705743862675059E+002
  0.612441530493399E-001  0.793844186675194E+002  0.724490156761790E+002
  0.612441530493399E-001  0.793799829497748E+002  0.724468036299735E+002
  0.612441530493399E-001  0.793768132049593E+002  0.724452196969866E+002
  0.612441530493399E-001  0.793723069799262E+002  0.705822766834782E+002
  0.612441530493399E-001  0.793699431025200E+002  0.724417774136998E+002
  0.612441530493399E-001  0.793676453460033E+002  0.724406232671896E+002
  0.612441530493399E-001  0.793557677279199E+002  0.724346341894976E+002
  0.612441530493399E-001  0.793422076885653E+002  0.724277488653440E+002
  0.612441530493399E-001  0.793294057215298E+002  0.724212005818472E+002
  0.612441530493399E-001  0.793170346476842E+002  0.706104124128415E+002
  0.612441530493399E-001  0.793121751809537E+002  0.724123118159961E+002
  0.612441530493399E-001  0.793066141523184E+002  0.706158157339167E+002
  0.612441530493399E-001  0.792955483551923E+002  0.724036504272006E+002
  0.612441530493399E-001  0.792716792083041E+002  0.706341729424533E+002
  0.612441530493399E-001  0.792601101108893E+002  0.706403372854520E+002
  0.612441530493399E-001  0.792594410593777E+002  0.723845448534602E+002
  0.612441530493399E-001  0.792541962822436E+002  0.723817347338322E+002
  0.612441530493399E-001  0.792527723371463E+002  0.723809702230644E+002
  0.612441530493399E-001  0.792495813474594E+002  0.723792545436099E+002
  0.612441530493399E-001  0.792457219757515E+002  0.723771749502744E+002
  0.612441530493399E-001  0.792455631396232E+002  0.723770892554417E+002
  0.612441530493399E-001  0.792365899878521E+002  0.706530057497965E+002
  0.612441530493399E-001  0.792244184771530E+002  0.706596354713806E+002
  0.612441530493399E-001  0.792214455167862E+002  0.706612626635400E+002
  0.612441530493399E-001  0.792181609950521E+002  0.706630640064342E+002
  0.612441530493399E-001  0.792159084913652E+002  0.706643015667620E+002
  0.612441530493399E-001  0.792062831345809E+002  0.723556296064158E+002
  0.612441530493399E-001  0.792041461761583E+002  0.723544464427019E+002
  0.612441530493399E-001  0.791975191525193E+002  0.723507666563195E+002
  0.612441530493399E-001  0.791815283719963E+002  0.706834197424409E+002
  0.612441530493399E-001  0.791800543457612E+002  0.706842492866131E+002
  0.612441530493399E-001  0.791752435195744E+002  0.706869624952293E+002
  0.612441530493399E-001  0.791722465040026E+002  0.706886572679288E+002
  0.612441530493399E-001  0.791445285156963E+002  0.707044998488092E+002
  0.612441530493399E-001  0.791438778300417E+002  0.707048754895470E+002
  0.612441530493399E-001  0.791339712028673E+002  0.707106163145437E+002
  0.612441530493399E-001  0.791266050646394E+002  0.723103282381543E+002
  0.612441530493399E-001  0.791260003152979E+002  0.723099745634230E+002
  0.612441530493399E-001  0.791198684562293E+002  0.723063795770837E+002
  0.612441530493399E-001  0.791184671034193E+002  0.707196842576644E+002
  0.612441530493399E-001  0.791140966689916E+002  0.707222592075644E+002
  0.612441530493399E-001  0.790993924715736E+002  0.722942551332069E+002
  0.612441530493399E-001  0.790956335138380E+002  0.722920088511823E+002
  0.612441530493399E-001  0.790809487075504E+002  0.707420692298268E+002
  0.612441530493399E-001  0.790804952547608E+002  0.707423437565527E+002
  0.612441530493399E-001  0.790801916644590E+002  0.722827123524469E+002
  0.612441530493399E-001  0.790682165074074E+002  0.722754249193406E+002
  0.612441530493399E-001  0.790672600596499E+002  0.722748398723308E+002
  0.612441530493399E-001  0.790597047144754E+002  0.707550374791226E+002
  0.612441530493399E-001  0.790559163730850E+002  0.707573734406272E+002
  0.612441530493399E-001  0.790554384191234E+002  0.707576686693740E+002
  0.612441530493399E-001  0.790554276857000E+002  0.722675646608936E+002
  0.612441530493399E-001  0.790480871476856E+002  0.707622241291485E+002
  0.612441530493399E-001  0.790384511600257E+002  0.722570023520187E+002
  0.612441530493399E-001  0.790378935412768E+002  0.707685870874016E+002
  0.612441530493399E-001  0.790311746385939E+002  0.722524289397964E+002
  0.612441530493399E-001  0.790142063173581E+002  0.722416526232834E+002
  0.612441530493399E-001  0.790137124765564E+002  0.707839033553536E+002
  0.612441530493399E-001  0.790088575495312E+002  0.722382225288022E+002
  0.612441530493399E-001  0.790061154336979E+002  0.707887822180867E+002
  0.612441530493399E-001  0.790013277122470E+002  0.722333660776590E+002
  0.612441530493399E-001  0.789998832268782E+002  0.707928092662685E+002
  0.612441530493399E-001  0.789958632432029E+002  0.722298211167845E+002
  0.612441530493399E-001  0.789944474330006E+002  0.707963401839530E+002
  0.612441530493399E-001  0.789890070871019E+002  0.707998915727176E+002
  0.612441530493399E-001  0.789883184637205E+002  0.708003423598268E+002
  0.612441530493399E-001  0.789882443163379E+002  0.708003909152517E+002
  0.612441530493399E-001  0.789851776720181E+002  0.722228379460019E+002
  0.612441530493399E-001  0.789820895602024E+002  0.708044329653793E+002
  0.612441530493399E-001  0.789675998253686E+002  0.708140412326030E+002
  0.612441530493399E-001  0.789651989142809E+002  0.722095938721727E+002
  0.612441530493399E-001  0.789578101373307E+002  0.708206083694155E+002
  0.612441530493399E-001  0.789573242321879E+002  0.722043040121598E+002
  0.612441530493399E-001  0.789491775854138E+002  0.708264514197431E+002
  0.612441530493399E-001  0.789485867806606E+002  0.708268531335340E+002
  0.612441530493399E-001  0.789473567439206E+002  0.721975497167671E+002
  0.612441530493399E-001  0.789425068800452E+002  0.721942390854675E+002
  0.612441530493399E-001  0.789401833464725E+002  0.721926472761759E+002
  0.612441530493399E-001  0.789397140888706E+002  0.708329146174251E+002
  0.612441530493399E-001  0.789335603269653E+002  0.721880893845413E+002
  0.612441530493399E-001  0.789320838008863E+002  0.721870690560704E+002
  0.612441530493399E-001  0.789232662687028E+002  0.721809434222005E+002
  0.612441530493399E-001  0.789203623507887E+002  0.708463262496388E+002
  0.612441530493399E-001  0.789197001526111E+002  0.708467899632417E+002
  0.612441530493399E-001  0.789183690609484E+002  0.708477230573333E+002
  0.612441530493399E-001  0.789169686255644E+002  0.708487061769808E+002
  0.612441530493399E-001  0.789153096914732E+002  0.708498726522940E+002
  0.612441530493399E-001  0.789117196903755E+002  0.708524040081950E+002
  0.612441530493399E-001  0.789083913337469E+002  0.721704803850457E+002
  0.612441530493399E-001  0.788963533745230E+002  0.721618894476536E+002
  0.612441530493399E-001  0.788928645496172E+002  0.721593783055772E+002
  0.612441530493399E-001  0.788888865378738E+002  0.721565031134191E+002
  0.612441530493399E-001  0.788887786395857E+002  0.708688150127668E+002
  0.612441530493399E-001  0.788875506935427E+002  0.721555347197457E+002
  0.612441530493399E-001  0.788872644127190E+002  0.708699129652296E+002
  0.612441530493399E-001  0.788850362387065E+002  0.708715320137210E+002
  0.612441530493399E-001  0.788801235578257E+002  0.721501237407824E+002
  0.612441530493399E-001  0.788740179737914E+002  0.708795990327449E+002
  0.612441530493399E-001  0.788732136721121E+002  0.708801919317958E+002
  0.612441530493399E-001  0.788615200601696E+002  0.721363643087062E+002
  0.612441530493399E-001  0.788569424369734E+002  0.708923081206394E+002
  0.612441530493399E-001  0.788564498649840E+002  0.721325613600604E+002
  0.612441530493399E-001  0.788544900367789E+002  0.721310851056608E+002
  0.612441530493399E-001  0.788516228919103E+002  0.721289190378935E+002
  0.612441530493399E-001  0.788476017574877E+002  0.708993716957279E+002
  0.612441530493399E-001  0.788453143836440E+002  0.721241260796071E+002
  0.612441530493399E-001  0.788451174710323E+002  0.721239758683388E+002
  0.612441530493399E-001  0.788439109898295E+002  0.721230547186770E+002
  0.612441530493399E-001  0.788423482854636E+002  0.721218595219760E+002
  0.612441530493399E-001  0.788417470410671E+002  0.709038409119116E+002
  0.612441530493399E-001  0.788415639713691E+002  0.721212587736896E+002
  0.612441530493399E-001  0.788397291070744E+002  0.721198510309752E+002
  0.612441530493399E-001  0.788338192177923E+002  0.721152945003419E+002
  0.612441530493399E-001  0.788315769325252E+002  0.721135566552133E+002
  0.612441530493399E-001  0.788313887969320E+002  0.709118293462170E+002
  0.612441530493399E-001  0.788233405687813E+002  0.709181103592174E+002
  0.612441530493399E-001  0.788209704774368E+002  0.721052672433666E+002
  0.612441530493399E-001  0.788165240725764E+002  0.709234824751269E+002
  0.612441530493399E-001  0.788158263032516E+002  0.721012048043373E+002
  0.612441530493399E-001  0.788151105876797E+002  0.721006373678846E+002
  0.612441530493399E-001  0.788129949510067E+002  0.720989568296662E+002
  0.612441530493399E-001  0.788122443812424E+002  0.720983594621600E+002
  0.612441530493399E-001  0.788091079173070E+002  0.720958565759789E+002
  0.612441530493399E-001  0.788079600700286E+002  0.720949379093510E+002
  0.612441530493399E-001  0.788044034183606E+002  0.709331578261790E+002
  0.612441530493399E-001  0.787959569398166E+002  0.720852430582833E+002
  0.612441530493399E-001  0.787956395224460E+002  0.720849844536207E+002
  0.612441530493399E-001  0.787950255361243E+002  0.709407560636215E+002
  0.612441530493399E-001  0.787946294643725E+002  0.720841607656684E+002
  0.612441530493399E-001  0.787902178744432E+002  0.720805491737282E+002
  0.612441530493399E-001  0.787854892298479E+002  0.709485876174805E+002
  0.612441530493399E-001  0.787794675157339E+002  0.709535893728904E+002
  0.612441530493399E-001  0.787790889246043E+002  0.709539053342873E+002
  0.612441530493399E-001  0.787708735011689E+002  0.709608062499143E+002
  0.612441530493399E-001  0.787692350982617E+002  0.720630471134512E+002
  0.612441530493399E-001  0.787691254905833E+002  0.720629542266042E+002
  0.612441530493399E-001  0.787670230216505E+002  0.709640705132440E+002
  0.612441530493399E-001  0.787657342252153E+002  0.720600725170719E+002
  0.612441530493399E-001  0.787617334588093E+002  0.720566532618130E+002
  0.612441530493399E-001  0.787596160544152E+002  0.720548348963788E+002
  0.612441530493399E-001  0.787496744727963E+002  0.709790254480149E+002
  0.612441530493399E-001  0.787478677300699E+002  0.709806070802193E+002
  0.612441530493399E-001  0.787400769098425E+002  0.709874817609598E+002
  0.612441530493399E-001  0.787394184881360E+002  0.720371730751774E+002
  0.612441530493399E-001  0.787361754534842E+002  0.709909584798782E+002
  0.612441530493399E-001  0.787348114555533E+002  0.709921794636739E+002
  0.612441530493399E-001  0.787319339722463E+002  0.709947646874226E+002
  0.612441530493399E-001  0.787299761324799E+002  0.709965310769078E+002
  0.612441530493399E-001  0.787291608425845E+002  0.720279715335596E+002
  0.612441530493399E-001  0.787281666689523E+002  0.720270709693009E+002
  0.612441530493399E-001  0.787229352857067E+002  0.720223059471343E+002
  0.612441530493399E-001  0.787214817782882E+002  0.710042658751214E+002
  0.612441530493399E-001  0.787214645248728E+002  0.710042817055231E+002
  0.612441530493399E-001  0.787209173351062E+002  0.720204559409528E+002
  0.612441530493399E-001  0.787176876900063E+002  0.720174809769028E+002
  0.612441530493399E-001  0.787142324003352E+002  0.710109613334413E+002
  0.612441530493399E-001  0.787141363860328E+002  0.720141893504702E+002
  0.612441530493399E-001  0.787125854670388E+002  0.710124949206277E+002
  0.612441530493399E-001  0.787118964198343E+002  0.710131379429794E+002
  0.612441530493399E-001  0.787102543864196E+002  0.710146736440870E+002
  0.612441530493399E-001  0.787101906637882E+002  0.720105066258100E+002
  0.612441530493399E-001  0.787044867196417E+002  0.710201057646905E+002
  0.612441530493399E-001  0.786992232071789E+002  0.720001240796166E+002
  0.612441530493399E-001  0.786977860175326E+002  0.719987471047514E+002
  0.612441530493399E-001  0.786927537745941E+002  0.719938946540166E+002
  0.612441530493399E-001  0.786907964799783E+002  0.719919940220862E+002
  0.612441530493399E-001  0.786892277991086E+002  0.710347746651195E+002
  0.612441530493399E-001  0.786886797257756E+002  0.719899300286818E+002
  0.612441530493399E-001  0.786875330056569E+002  0.719888081549738E+002
  0.612441530493399E-001  0.786855422802026E+002  0.719868542604885E+002
  0.612441530493399E-001  0.786843419353068E+002  0.719856722233623E+002
  0.612441530493399E-001  0.786762082434815E+002  0.719775834244666E+002
  0.612441530493399E-001  0.786736441612360E+002  0.710502358011885E+002
  0.612441530493399E-001  0.786635506172227E+002  0.710605320646987E+002
  0.612441530493399E-001  0.786624856125291E+002  0.719636077927680E+002
  0.612441530493399E-001  0.786588518556395E+002  0.710654060515178E+002
  0.612441530493399E-001  0.786587687267018E+002  0.719597472027783E+002
  0.612441530493399E-001  0.786580051955997E+002  0.719589500173040E+002
  0.612441530493399E-001  0.786501389193780E+002  0.719506525558312E+002
  0.612441530493399E-001  0.786498655099262E+002  0.710748786302415E+002
  0.612441530493399E-001  0.786489665011727E+002  0.710758375863725E+002
  0.612441530493399E-001  0.786477955601878E+002  0.719481501879033E+002
  0.612441530493399E-001  0.786435086570343E+002  0.719435347906252E+002
  0.612441530493399E-001  0.786415458958388E+002  0.719414050484859E+002
  0.612441530493399E-001  0.786410280452490E+002  0.710843985855096E+002
  0.612441530493399E-001  0.786359328806757E+002  0.719352552822873E+002
  0.612441530493399E-001  0.786346120665359E+002  0.710914448486687E+002
  0.612441530493399E-001  0.786322869159300E+002  0.719312122669968E+002
  0.612441530493399E-001  0.786298209540720E+002  0.710967844867220E+002
  0.612441530493399E-001  0.786230185408140E+002  0.719207542793419E+002
  0.612441530493399E-001  0.786223500590807E+002  0.711052503449162E+002
  0.612441530493399E-001  0.786206620804417E+002  0.711071876080051E+002
  0.612441530493399E-001  0.786206262075317E+002  0.719180110823827E+002
  0.612441530493399E-001  0.786190358183514E+002  0.711090628359644E+002
  0.612441530493399E-001  0.786189370805928E+002  0.719160629913161E+002
  0.612441530493399E-001  0.786177754654409E+002  0.719147178090572E+002
  0.612441530493399E-001  0.786161934051790E+002  0.711123614931581E+002
  0.612441530493399E-001  0.786139631459241E+002  0.711149688957955E+002
  0.612441530493399E-001  0.786118027948007E+002  0.711175109744837E+002
  0.612441530493399E-001  0.786096562298187E+002  0.719051868267562E+002
  0.612441530493399E-001  0.786059416834263E+002  0.719007483834570E+002
  0.612441530493399E-001  0.786033240979249E+002  0.711276500174814E+002
  0.612441530493399E-001  0.786025021198683E+002  0.718965927661735E+002
  0.612441530493399E-001  0.786020491132699E+002  0.711291978661746E+002
  0.612441530493399E-001  0.785969262499990E+002  0.711354811279967E+002
  0.612441530493399E-001  0.785967653961209E+002  0.711356801134260E+002
  0.612441530493399E-001  0.785934698188974E+002  0.718854596548200E+002
  0.612441530493399E-001  0.785920490699351E+002  0.718836780534831E+002
  0.612441530493399E-001  0.785900384944196E+002  0.711440978630817E+002
  0.612441530493399E-001  0.785894804999189E+002  0.718804351959595E+002
  0.612441530493399E-001  0.785894513159226E+002  0.711448417751040E+002
  0.612441530493399E-001  0.785885226368692E+002  0.711460214250443E+002
  0.612441530493399E-001  0.785865888065999E+002  0.711484901277183E+002
  0.612441530493399E-001  0.785864361593695E+002  0.718765542532571E+002
  0.612441530493399E-001  0.785852888079724E+002  0.718750808217224E+002
  0.612441530493399E-001  0.785841282625409E+002  0.718735843278390E+002
  0.612441530493399E-001  0.785841280459923E+002  0.711516559135260E+002
  0.612441530493399E-001  0.785775924380264E+002  0.711602020589502E+002
  0.612441530493399E-001  0.785775572590309E+002  0.718649913407152E+002
  0.612441530493399E-001  0.785774218147350E+002  0.718648120131421E+002
  0.612441530493399E-001  0.785762221130819E+002  0.711620203517614E+002
  0.612441530493399E-001  0.785760363043478E+002  0.718629723324720E+002
  0.612441530493399E-001  0.785750681614603E+002  0.718616810777998E+002
  0.612441530493399E-001  0.785734448747529E+002  0.711657347184128E+002
  0.612441530493399E-001  0.785695313449144E+002  0.718542026124274E+002
  0.612441530493399E-001  0.785684004818659E+002  0.711725850094213E+002
  0.612441530493399E-001  0.785678419832203E+002  0.711733519558327E+002
  0.612441530493399E-001  0.785672332146301E+002  0.718510500474337E+002
  0.612441530493399E-001  0.785660677341959E+002  0.718494399699228E+002
  0.612441530493399E-001  0.785646118194219E+002  0.718474177881889E+002
  0.612441530493399E-001  0.785645195462066E+002  0.711779507472814E+002
  0.612441530493399E-001  0.785642796396797E+002  0.718469546960270E+002
  0.612441530493399E-001  0.785641198037046E+002  0.718467316397812E+002
  0.612441530493399E-001  0.785591736056663E+002  0.711854860676606E+002
  0.612441530493399E-001  0.785568938139381E+002  0.718364871137057E+002
  0.612441530493399E-001  0.785567358802133E+002  0.718362595845723E+002
  0.612441530493399E-001  0.785560662011526E+002  0.711899469407074E+002
  0.612441530493399E-001  0.785544854864254E+002  0.718329999729032E+002
  0.612441530493399E-001  0.785543629079694E+002  0.711924184919257E+002
  0.612441530493399E-001  0.785533047174108E+002  0.718312763358846E+002
  0.612441530493399E-001  0.785531635667231E+002  0.711941702957922E+002
  0.612441530493399E-001  0.785516855901578E+002  0.718288975306264E+002
  0.612441530493399E-001  0.785513454038974E+002  0.718283954543725E+002
  0.612441530493399E-001  0.785489051057845E+002  0.718247701784121E+002
  0.612441530493399E-001  0.785455038349957E+002  0.718196458914233E+002
  0.612441530493399E-001  0.785440376299562E+002  0.712078295980317E+002
  0.612441530493399E-001  0.785414530174939E+002  0.712118108193420E+002
  0.612441530493399E-001  0.785393447593750E+002  0.712150977338333E+002
  0.612441530493399E-001  0.785384950601810E+002  0.712164327842759E+002
  0.612441530493399E-001  0.785378650275747E+002  0.712174265920487E+002
  0.612441530493399E-001  0.785373028513328E+002  0.718069237645606E+002
  0.612441530493399E-001  0.785366071977234E+002  0.718058192044016E+002
  0.612441530493399E-001  0.785347612207239E+002  0.712223721789525E+002
  0.612441530493399E-001  0.785345481963417E+002  0.718025252569178E+002
  0.612441530493399E-001  0.785344616721370E+002  0.718023860174889E+002
  0.612441530493399E-001  0.785312656705682E+002  0.717971951078904E+002
  0.612441530493399E-001  0.785297424529733E+002  0.717946875029664E+002
  0.612441530493399E-001  0.785295878823826E+002  0.717944317933188E+002
  0.612441530493399E-001  0.785269696870427E+002  0.712351753115548E+002
  0.612441530493399E-001  0.785269630338927E+002  0.712351864965580E+002
  0.612441530493399E-001  0.785265269758391E+002  0.712359205654194E+002
  0.612441530493399E-001  0.785226386383406E+002  0.712425544779023E+002
  0.612441530493399E-001  0.785181467004462E+002  0.712504270678563E+002
  0.612441530493399E-001  0.785170715039848E+002  0.712523467800523E+002
  0.612441530493399E-001  0.785163722213971E+002  0.712536029517040E+002
  0.612441530493399E-001  0.785151368900417E+002  0.717694028789548E+002
  0.612441530493399E-001  0.785144613655036E+002  0.717681729137526E+002
  0.612441530493399E-001  0.785143248523338E+002  0.712573163246662E+002
  0.612441530493399E-001  0.785118971645256E+002  0.712617907233937E+002
  0.612441530493399E-001  0.785113489133488E+002  0.712628122815426E+002
  0.612441530493399E-001  0.785075986557426E+002  0.712699154233221E+002
  0.612441530493399E-001  0.785074410973965E+002  0.712702184013053E+002
  0.612441530493399E-001  0.785043128430725E+002  0.717489256512599E+002
  0.612441530493399E-001  0.785041331360590E+002  0.712766692819090E+002
  0.612441530493399E-001  0.785038199750916E+002  0.712772891419273E+002
  0.612441530493399E-001  0.785037864021782E+002  0.712773556919227E+002
  0.612441530493399E-001  0.785027608223969E+002  0.712793978004740E+002
  0.612441530493399E-001  0.785016399000208E+002  0.712816504028566E+002
  0.612441530493399E-001  0.785002661296281E+002  0.712844414539183E+002
  0.612441530493399E-001  0.784977851945195E+002  0.717356695907897E+002
  0.612441530493399E-001  0.784954959354726E+002  0.717308300165911E+002
  0.612441530493399E-001  0.784941013633482E+002  0.717278285058638E+002
  0.612441530493399E-001  0.784939536648139E+002  0.712977317996147E+002
  0.612441530493399E-001  0.784935441188480E+002  0.712986225738052E+002
  0.612441530493399E-001  0.784915637901276E+002  0.717222567224786E+002
  0.612441530493399E-001  0.784907904091059E+002  0.717205289126183E+002
  0.612441530493399E-001  0.784904796229132E+002  0.713054094341375E+002
  0.612441530493399E-001  0.784898411737525E+002  0.717183883960652E+002
  0.612441530493399E-001  0.784896090663013E+002  0.713073783622332E+002
  0.612441530493399E-001  0.784893129684262E+002  0.717171875991999E+002
  0.612441530493399E-001  0.784881624915957E+002  0.713106925147976E+002
  0.612441530493399E-001  0.784840840013086E+002  0.717048961599374E+002
  0.612441530493399E-001  0.784834309946047E+002  0.713219344298559E+002
  0.612441530493399E-001  0.784833109580441E+002  0.713222282671592E+002
  0.612441530493399E-001  0.784832468956310E+002  0.713223852711840E+002
  0.612441530493399E-001  0.784816807677570E+002  0.713262646736905E+002
  0.612441530493399E-001  0.784811631262671E+002  0.716976751741871E+002
  0.612441530493399E-001  0.784806516414690E+002  0.713288584724659E+002
  0.612441530493399E-001  0.784802842512643E+002  0.716954466096833E+002
  0.612441530493399E-001  0.784777404159727E+002  0.716888374286591E+002
  0.612441530493399E-001  0.784775657456061E+002  0.713368654653028E+002
  0.612441530493399E-001  0.784773455515296E+002  0.716877891681760E+002
  0.612441530493399E-001  0.784772372142421E+002  0.713377394986461E+002
  0.612441530493399E-001  0.784765156693254E+002  0.713396746188592E+002
  0.612441530493399E-001  0.784762297342823E+002  0.716847924728128E+002
  0.612441530493399E-001  0.784760983788412E+002  0.716844362594339E+002
  0.612441530493399E-001  0.784753470183062E+002  0.716823843340306E+002
  0.612441530493399E-001  0.784750171864617E+002  0.716814757056379E+002
  0.612441530493399E-001  0.784747349283682E+002  0.713445457274710E+002
  0.612441530493399E-001  0.784743114914645E+002  0.713457249346811E+002
  0.612441530493399E-001  0.786195196475228E+002  0.716775806409909E+002
  0.612441530493399E-001  0.786188445427883E+002  0.716756606376173E+002
  0.612441530493399E-001  0.786184740463045E+002  0.716745972706285E+002
  0.612441530493399E-001  0.786180874876704E+002  0.716734803105086E+002
  0.612441530493399E-001  0.786180245323140E+002  0.716732976659297E+002
  0.612441530493399E-001  0.786142677982186E+002  0.716619949873901E+002
  0.612441530493399E-001  0.786127380989178E+002  0.716571396345229E+002
  0.612441530493399E-001  0.786091467316282E+002  0.716450426560393E+002
  0.612441530493399E-001  0.786084944110188E+002  0.716427247662220E+002
  0.612441530493399E-001  0.786069322225599E+002  0.716369983783340E+002
  0.612441530493399E-001  0.786064038394613E+002  0.716350009013607E+002
  0.612441530493399E-001  0.786057860426182E+002  0.716326232519437E+002
  0.612441530493399E-001  0.786057070789163E+002  0.716323159486106E+002
  0.612441530493399E-001  0.786047820824324E+002  0.716286555462528E+002
  0.612441530493399E-001  0.786044835730999E+002  0.716274493824150E+002
  0.612441530493399E-001  0.786033871684351E+002  0.716229060772860E+002
  0.612441530493399E-001  0.786033091670992E+002  0.716225757011378E+002
  0.612441530493399E-001  0.786025602689484E+002  0.714058882635074E+002
  0.612441530493399E-001  0.786024691797313E+002  0.714062870698336E+002
  0.612441530493399E-001  0.786011426115262E+002  0.716129654548068E+002
  0.612441530493399E-001  0.786011106734507E+002  0.716128168923776E+002
  0.612441530493399E-001  0.786003091580450E+002  0.716090136357966E+002
  0.612441530493399E-001  0.785999944655368E+002  0.714177612465159E+002
  0.612441530493399E-001  0.785998347198892E+002  0.716066899684852E+002
  0.612441530493399E-001  0.785997464655913E+002  0.716062513622017E+002
  0.612441530493399E-001  0.785995757463583E+002  0.716053970368177E+002
  0.612441530493399E-001  0.785987921198830E+002  0.716013701089061E+002
  0.612441530493399E-001  0.785983728447934E+002  0.715991385876192E+002
  0.612441530493399E-001  0.785979058915851E+002  0.714286564325179E+002
  0.612441530493399E-001  0.785974164412185E+002  0.715938191145678E+002
  0.612441530493399E-001  0.785973786409662E+002  0.714316382680207E+002
  0.612441530493399E-001  0.785967114623355E+002  0.715896632669192E+002
  0.612441530493399E-001  0.785966811021861E+002  0.715894792471393E+002
  0.612441530493399E-001  0.785963516457957E+002  0.715874532437449E+002
  0.612441530493399E-001  0.785959282149998E+002  0.715847658381140E+002
  0.612441530493399E-001  0.785958449351475E+002  0.715842254141249E+002
  0.612441530493399E-001  0.785954017746191E+002  0.715812781260838E+002
  0.612441530493399E-001  0.785952620548682E+002  0.715803223069190E+002
  0.612441530493399E-001  0.795138916931585E+002  0.714536530672143E+002
  0.612441530493399E-001  0.795138437302716E+002  0.714540336746013E+002
  0.612441530493399E-001  0.795132734272035E+002  0.714587650398964E+002
  0.612441530493399E-001  0.795127896307382E+002  0.714631320961390E+002
  0.612441530493399E-001  0.795125243131717E+002  0.714656992784601E+002
  0.612441530493399E-001  0.795124150425235E+002  0.714667983652790E+002
  0.612441530493399E-001  0.795118260429233E+002  0.714732476683068E+002
  0.612441530493399E-001  0.795117699913528E+002  0.714739173719418E+002
  0.612441530493399E-001  0.795114925122458E+002  0.714774198563687E+002
  0.612441530493399E-001  0.795114366173434E+002  0.714781684518443E+002
  0.612441530493399E-001  0.795111767927363E+002  0.714818867175385E+002
  0.612441530493399E-001  0.795110264343399E+002  0.714842602667442E+002
  0.612441530493399E-001  0.795109404734030E+002  0.714857111399378E+002
