  0.286102413974126E-026  0.201679458854431E+003  0.600607346292869E+002
  0.158050600085397E-025  0.198254502292413E+003  0.602191774420285E+002
  0.231310850895893E-024  0.192880982035589E+003  0.799715302873673E+002
  0.260316929107355E-024  0.192638051723389E+003  0.604845801162412E+002
  0.424716018433614E-024  0.191652354329465E+003  0.799125728063065E+002
  0.461563000635568E-024  0.191479303141849E+003  0.605402415033681E+002
  0.550607374901987E-024  0.191119840702582E+003  0.798869076451321E+002
  0.573568723654119E-024  0.191031473573449E+003  0.605618392686589E+002
  0.585143484473441E-024  0.190984859336528E+003  0.605640901387724E+002
  0.702411810041445E-024  0.190612878223826E+003  0.605820708888239E+002
  0.166848420327260E-023  0.188875920694631E+003  0.606664794397058E+002
  0.306581353551180E-023  0.187652470294047E+003  0.797180972083874E+002
  0.612824294692714E-023  0.186260624483268E+003  0.607949969635284E+002
  0.684614418475444E-023  0.186032413855052E+003  0.796381867459128E+002
  0.125898601495140E-022  0.184807345997107E+003  0.795773061500627E+002
  0.286688522891863E-022  0.183154851402139E+003  0.794945510447047E+002
  0.350518148745209E-022  0.182746163533150E+003  0.794739702346701E+002
  0.399624797984627E-022  0.182477280718671E+003  0.609840765950098E+002
  0.992079648216299E-022  0.180652070553016E+003  0.610766926105939E+002
  0.101347647722590E-021  0.180602738249684E+003  0.610792088840471E+002
  0.151560611040793E-021  0.179791224760226E+003  0.611207012795149E+002
  0.154037216824904E-021  0.179752151933855E+003  0.793217775197569E+002
  0.210096482782588E-021  0.179124751101435E+003  0.792895615134019E+002
  0.270605284179596E-021  0.178611906768933E+003  0.792631425265067E+002
  0.531122834122986E-021  0.177256587034077E+003  0.791929492292671E+002
  0.542723072879066E-021  0.177206719704647E+003  0.612541252793171E+002
  0.556109989002713E-021  0.177151330321483E+003  0.612570064669323E+002
  0.614047358024501E-021  0.176946462823553E+003  0.791768102451348E+002
  0.680049912670552E-021  0.176735618961455E+003  0.791658212180903E+002
  0.972610088248112E-021  0.176013329233456E+003  0.791280732200538E+002
  0.130657630496837E-020  0.175416309219281E+003  0.613477305443688E+002
  0.200436687348916E-020  0.174553817581718E+003  0.613931770371817E+002
  0.266422503576267E-020  0.173977992031685E+003  0.614236491670767E+002
  0.343222329521313E-020  0.173464746411055E+003  0.614508988569805E+002
  0.839415673004086E-020  0.171669435642479E+003  0.788975909547936E+002
  0.871504268708640E-020  0.171587750580965E+003  0.615512832041893E+002
  0.117528273055451E-019  0.170983008488145E+003  0.615838741163776E+002
  0.119554591185476E-019  0.170942164566614E+003  0.788584016319428E+002
  0.146857056864850E-019  0.170524135757732E+003  0.788357952687626E+002
  0.172496172061665E-019  0.170195649509808E+003  0.616264918365125E+002
  0.187847933867302E-019  0.170018478473947E+003  0.616361108049787E+002
  0.300184515088990E-019  0.169074293768220E+003  0.616875553044625E+002
  0.445257022134490E-019  0.168279129473283E+003  0.617311221051011E+002
  0.463854407963415E-019  0.168190635825528E+003  0.787084968781121E+002
  0.589653010091486E-019  0.167704053208635E+003  0.617627701636183E+002
  0.801097727360961E-019  0.167084500226615E+003  0.617969989273141E+002
  0.185531328333982E-018  0.165398192845708E+003  0.785536058837506E+002
  0.502982356506317E-018  0.163396874586981E+003  0.784408013564609E+002
  0.513606971327869E-018  0.163348412541226E+003  0.620064307717276E+002
  0.180487169926168E-017  0.160828184037525E+003  0.782937068637205E+002
  0.194115223292499E-017  0.160675944011847E+003  0.782849046944364E+002
  0.214457804302332E-017  0.160469966261209E+003  0.782729802143471E+002
  0.213819063610771E-017  0.160469276365496E+003  0.782729402451727E+002
  0.264608457486058E-017  0.160036378676877E+003  0.621966603269086E+002
  0.269225495533700E-017  0.159995126921995E+003  0.621990580956398E+002
  0.412518552295370E-017  0.159135007585373E+003  0.781952643414376E+002
  0.469322803434678E-017  0.158870332741368E+003  0.622647154646458E+002
  0.468498876674632E-017  0.158867191377113E+003  0.781795817595853E+002
  0.717667036287773E-017  0.158007591757411E+003  0.623154455255409E+002
  0.735380242527193E-017  0.157952172220257E+003  0.781257659713402E+002
  0.834407532707378E-017  0.157692848181818E+003  0.781104473585903E+002
  0.892058425869299E-017  0.157552573203734E+003  0.623423326332776E+002
  0.229298599104906E-016  0.155657760537331E+003  0.624552981176844E+002
  0.242054561470638E-016  0.155542828795218E+003  0.624622030498521E+002
  0.247176905537226E-016  0.155494290943732E+003  0.624651209794602E+002
  0.332036698624478E-016  0.154897352955915E+003  0.779433843291036E+002
  0.457635925255045E-016  0.154249040487453E+003  0.625403601434807E+002
  0.627456311719341E-016  0.153611184705562E+003  0.778652945257842E+002
  0.866904658642792E-016  0.152958019209484E+003  0.626191508919532E+002
  0.930608895656666E-016  0.152809543440000E+003  0.778162166028434E+002
  0.100288060571652E-015  0.152653302569246E+003  0.626378670779723E+002
  0.110669626344510E-015  0.152449641442546E+003  0.777940792879935E+002
  0.132230057392593E-015  0.152086998181086E+003  0.626727736496016E+002
  0.138406867096550E-015  0.151989033810706E+003  0.626788284869436E+002
  0.151736409634602E-015  0.151798483813261E+003  0.777538616908056E+002
  0.200073967548609E-015  0.151238743697904E+003  0.627253634588390E+002
  0.314401977832155E-015  0.150328117686854E+003  0.776622474699118E+002
  0.432009608060842E-015  0.149685911151612E+003  0.628226037830719E+002
  0.475762127410423E-015  0.149486315235199E+003  0.776092857836708E+002
  0.767911019562720E-015  0.148522147916016E+003  0.628963261878976E+002
  0.824293922555132E-015  0.148373785731940E+003  0.629057780647840E+002
  0.917044895258762E-015  0.148153871628826E+003  0.629198108874699E+002
  0.127768175414453E-014  0.147483923737920E+003  0.774817535865260E+002
  0.131455388606179E-014  0.147420368054436E+003  0.629668123289209E+002
  0.140317450106407E-014  0.147283232849145E+003  0.629756335035983E+002
  0.217315175049914E-014  0.146401694543130E+003  0.774118848065335E+002
  0.242493094293170E-014  0.146175789936052E+003  0.630472667937007E+002
  0.319335581467790E-014  0.145618595762797E+003  0.773609014813017E+002
  0.357379932837854E-014  0.145386826334299E+003  0.630987391037071E+002
  0.424303734803682E-014  0.145036870552275E+003  0.631216898205373E+002
  0.582615983037414E-014  0.144396057524711E+003  0.772805724514425E+002
  0.683107847589172E-014  0.144071153001043E+003  0.631854115595234E+002
  0.872782259810901E-014  0.143574430703188E+003  0.772260683712325E+002
  0.142148641672417E-013  0.142592230589511E+003  0.771603505324603E+002
  0.165487042115676E-013  0.142281535781485E+003  0.633050490268155E+002
  0.256563878233168E-013  0.141397910650952E+003  0.770795915386426E+002
  0.274128458391944E-013  0.141258816768328E+003  0.633743571547037E+002
  0.282481344363666E-013  0.141192129812175E+003  0.633789008067329E+002
  0.361224240118841E-013  0.140693701394991E+003  0.770315245885894E+002
  0.366687066341209E-013  0.140657026065222E+003  0.634154693979692E+002
  0.535189119256818E-013  0.139894147736390E+003  0.769765350898527E+002
  0.592037699356625E-013  0.139685591884540E+003  0.769621178349139E+002
  0.814625696967278E-013  0.139040619452318E+003  0.635271462750631E+002
  0.893154824187855E-013  0.138849901470176E+003  0.769040353443340E+002
  0.104592020046079E-012  0.138527461069340E+003  0.768814895221575E+002
  0.124208624218704E-012  0.138177014795730E+003  0.635875827773258E+002
  0.158509431618383E-012  0.137682656231978E+003  0.768220534599818E+002
  0.191012509298101E-012  0.137302951006626E+003  0.636493170383216E+002
  0.190685368722748E-012  0.137299723694443E+003  0.636495460546177E+002
  0.259703601127211E-012  0.136675235715350E+003  0.636940121103766E+002
  0.274460804204448E-012  0.136558045183347E+003  0.767420910107518E+002
  0.282542173903369E-012  0.136493350869907E+003  0.767374612437396E+002
  0.284550260434772E-012  0.136472531144317E+003  0.767359706064108E+002
  0.400668111927276E-012  0.135781428497612E+003  0.637581869563497E+002
  0.401475120939386E-012  0.135770748652176E+003  0.637589576154833E+002
  0.400256184117449E-012  0.135770174599573E+003  0.637589990418015E+002
  0.512696572206310E-012  0.135268360238179E+003  0.637953144507304E+002
  0.657115870116658E-012  0.134765352313261E+003  0.766125580076648E+002
  0.958702314623907E-012  0.134003256234973E+003  0.638877917589164E+002
  0.990120863928605E-012  0.133932107842713E+003  0.638930327374674E+002
  0.100436065764737E-011  0.133896893390411E+003  0.638956283332790E+002
  0.100809820248117E-011  0.133882808989285E+003  0.765478145849530E+002
  0.126200393593265E-011  0.133426882819260E+003  0.765141068402314E+002
  0.139901235054515E-011  0.133214095957378E+003  0.639461683329538E+002
  0.149290152122513E-011  0.133077530312629E+003  0.764881556441086E+002
  0.183385423722539E-011  0.132659478059326E+003  0.764569592088010E+002
  0.184163343778057E-011  0.132644356432881E+003  0.764558278574790E+002
  0.219576260158479E-011  0.132285947858416E+003  0.640155288374170E+002
  0.240802144457464E-011  0.132094740238065E+003  0.640299142930984E+002
  0.319292998589651E-011  0.131523817551565E+003  0.763714135819428E+002
  0.335384006753122E-011  0.131418827987287E+003  0.640810364687611E+002
  0.355389941329301E-011  0.131296293509555E+003  0.640903499197837E+002
  0.383497794783146E-011  0.131137401414120E+003  0.763420334508628E+002
  0.428956105823616E-011  0.130906704382505E+003  0.641200557771545E+002
  0.446928048600405E-011  0.130817962761737E+003  0.641268424981759E+002
  0.447036984900886E-011  0.130810819751744E+003  0.763170922479953E+002
  0.454583421395467E-011  0.130770683950082E+003  0.641304613419985E+002
  0.554929371807037E-011  0.130365109559009E+003  0.641615938392977E+002
  0.667344982854520E-011  0.129989521418351E+003  0.762539134989636E+002
  0.926984880706768E-011  0.129325605582894E+003  0.642421277313663E+002
  0.105027209361079E-010  0.129069215421032E+003  0.761823229110797E+002
  0.127269972624889E-010  0.128678377549748E+003  0.642928231958831E+002
  0.137286394177677E-010  0.128520204742802E+003  0.643052784501703E+002
  0.179593141039543E-010  0.127976299657324E+003  0.643483095885351E+002
  0.188424684392957E-010  0.127873635257503E+003  0.643564673149187E+002
  0.200632571712040E-010  0.127741425959239E+003  0.643669894251640E+002
  0.205811992966311E-010  0.127683794653514E+003  0.643715820366560E+002
  0.217772598341149E-010  0.127564162483498E+003  0.760633543576124E+002
  0.286904089492708E-010  0.127006113732357E+003  0.760186222822318E+002
  0.305749691840011E-010  0.126872220572714E+003  0.760078382286555E+002
  0.315936078026145E-010  0.126800018709104E+003  0.760020145789111E+002
  0.365206899945822E-010  0.126503514861411E+003  0.644664439305051E+002
  0.369728510437517E-010  0.126472249404060E+003  0.759755032779893E+002
  0.425570076479130E-010  0.126184272532280E+003  0.644923720330959E+002
  0.429609761191941E-010  0.126158721676118E+003  0.759500290673809E+002
  0.448128185968208E-010  0.126067661983209E+003  0.759426091847754E+002
  0.485289018245466E-010  0.125901675790067E+003  0.759290591922743E+002
  0.541701332691530E-010  0.125675079858875E+003  0.759105093217997E+002
  0.585592304396960E-010  0.125512606242091E+003  0.758971713852226E+002
  0.641695442954993E-010  0.125322970697806E+003  0.758815638892983E+002
  0.641856394730107E-010  0.125315813535149E+003  0.758809739932943E+002
  0.845250430877885E-010  0.124758621241156E+003  0.758348597060013E+002
  0.105488970457408E-009  0.124308848573639E+003  0.757973574595724E+002
  0.115195209172273E-009  0.124126149476799E+003  0.646624296718593E+002
  0.124379883926558E-009  0.123966069292397E+003  0.757686061045157E+002
  0.154031885291805E-009  0.123531775380466E+003  0.647125180507023E+002
  0.165383532872098E-009  0.123382904620516E+003  0.647251349790957E+002
  0.168734699696379E-009  0.123336128162407E+003  0.757153760445240E+002
  0.173717024113717E-009  0.123271272542256E+003  0.757098664251345E+002
  0.236133110196490E-009  0.122650680971830E+003  0.647876179025212E+002
  0.282286455713796E-009  0.122286972024672E+003  0.648189228980312E+002
  0.298407685880732E-009  0.122169239906076E+003  0.648290952147692E+002
  0.404892080130437E-009  0.121552264450265E+003  0.755617612131344E+002
  0.465782298819333E-009  0.121265413285543E+003  0.649078363097874E+002
  0.469483477361926E-009  0.121242928203378E+003  0.755346712713151E+002
  0.526635083561319E-009  0.121006523100010E+003  0.755138747399202E+002
  0.593864066944031E-009  0.120759582355800E+003  0.649524176010412E+002
  0.617677825183476E-009  0.120674293668804E+003  0.754845096436664E+002
  0.789779419300362E-009  0.120176064713925E+003  0.754401624439030E+002
  0.103778171551118E-008  0.119623235017996E+003  0.753905099022229E+002
  0.108277820121519E-008  0.119531690083007E+003  0.650622396923423E+002
  0.114697615451964E-008  0.119409836699205E+003  0.753712153937224E+002
  0.169937731722558E-008  0.118616915416057E+003  0.651456007247492E+002
  0.209468689350392E-008  0.118191975459769E+003  0.651847936165849E+002
  0.240860705533323E-008  0.117906030865512E+003  0.752331420702316E+002
  0.265551819129571E-008  0.117704192852901E+003  0.752143194543757E+002
  0.271356152610142E-008  0.117654292918595E+003  0.652348263215255E+002
  0.292232355745484E-008  0.117499403237683E+003  0.652493325833738E+002
  0.310458686730786E-008  0.117371744429851E+003  0.652613204128968E+002
  0.321250972203144E-008  0.117296745201657E+003  0.652683767603079E+002
  0.420000211159525E-008  0.116754024518432E+003  0.751247397325690E+002
  0.480646393099760E-008  0.116477615665782E+003  0.653461098131518E+002
  0.556180103467063E-008  0.116179039448344E+003  0.750697275335533E+002
  0.628227649607619E-008  0.115928763005639E+003  0.750455861283029E+002
  0.681862320430967E-008  0.115758257103241E+003  0.750290698694809E+002
  0.682107107791427E-008  0.115750883655461E+003  0.750283543513002E+002
  0.777951803819560E-008  0.115481272318513E+003  0.750021177503367E+002
  0.789697652287902E-008  0.115444645578045E+003  0.749985423849569E+002
  0.841957885551566E-008  0.115309830313362E+003  0.749853591036903E+002
  0.874297748465342E-008  0.115227792742958E+003  0.749773189464889E+002
  0.912228557519160E-008  0.115136198004672E+003  0.749683260384160E+002
  0.978940799007860E-008  0.114988381224826E+003  0.654907042357000E+002
  0.117629751606983E-007  0.114614413811649E+003  0.749167679071538E+002
  0.125805557377164E-007  0.114473367178951E+003  0.749027334070868E+002
  0.126808942940340E-007  0.114450823503051E+003  0.749004863513255E+002
  0.167996933676265E-007  0.113881639603120E+003  0.656010908214668E+002
  0.177950311922654E-007  0.113759866747911E+003  0.656133979166981E+002
  0.185702504168645E-007  0.113667927990789E+003  0.748217697371512E+002
  0.190537634897094E-007  0.113609864850044E+003  0.748158780208260E+002
  0.203154610764458E-007  0.113474974099936E+003  0.656423200684103E+002
  0.242367018119962E-007  0.113115346794661E+003  0.747653892112446E+002
  0.250475105241510E-007  0.113042878506002E+003  0.656865381504950E+002
  0.257738743453269E-007  0.112979049097244E+003  0.656931066666184E+002
  0.276773266749918E-007  0.112829889137419E+003  0.747359877604895E+002
  0.338311698130563E-007  0.112421695527369E+003  0.746936089296362E+002
  0.337611793518125E-007  0.112419181864849E+003  0.657511346372885E+002
  0.338844462028029E-007  0.112405237299668E+003  0.657525895505513E+002
  0.354932109376045E-007  0.112305811035531E+003  0.657629769986769E+002
  0.379147374805389E-007  0.112167158552873E+003  0.657775030931072E+002
  0.388936818054340E-007  0.112109519117200E+003  0.746609256062180E+002
  0.421237755027357E-007  0.111943302528840E+003  0.746434249845006E+002
  0.454666638614674E-007  0.111783912798699E+003  0.746265778367278E+002
  0.511844879915906E-007  0.111540342974147E+003  0.658437735326372E+002
  0.529135242344153E-007  0.111467242502825E+003  0.745929138056491E+002
  0.539876504380411E-007  0.111420394198595E+003  0.745879114959359E+002
  0.540943513403507E-007  0.111409789730150E+003  0.658577029635492E+002
  0.554410487656612E-007  0.111353953144195E+003  0.658636740617701E+002
  0.559700703473610E-007  0.111328303928116E+003  0.658664197021272E+002
  0.593223284840210E-007  0.111205310988623E+003  0.745648716556974E+002
  0.694710930039473E-007  0.110882805471207E+003  0.745300937709698E+002
  0.698318467357936E-007  0.110865791041769E+003  0.659162301598228E+002
  0.863344057431282E-007  0.110434859397554E+003  0.659631636667761E+002
  0.905780811237326E-007  0.110332235699592E+003  0.659744170400606E+002
  0.972754943891791E-007  0.110182910424073E+003  0.659908450093573E+002
  0.103752829148851E-006  0.110047326191089E+003  0.744386646483338E+002
  0.105917153470853E-006  0.109999379031198E+003  0.660111239413573E+002
  0.111191942597784E-006  0.109895522044929E+003  0.744218385584523E+002
  0.126040078012919E-006  0.109638182434135E+003  0.660513215819399E+002
  0.135512446933751E-006  0.109486599734854E+003  0.743761742252760E+002
  0.143178216190484E-006  0.109369890902689E+003  0.660814323683870E+002
  0.142734235593222E-006  0.109369446747734E+003  0.743629989548845E+002
  0.152180484386458E-006  0.109234625557625E+003  0.743477846083684E+002
  0.153597069288146E-006  0.109209438924141E+003  0.743449361144800E+002
  0.173108250223507E-006  0.108963614579409E+003  0.661274509040896E+002
  0.186548278183033E-006  0.108807413104850E+003  0.661452819395006E+002
  0.230387687131502E-006  0.108378610692089E+003  0.661946372728454E+002
  0.260690594385444E-006  0.108124813600188E+003  0.742203449145964E+002
  0.265260114616717E-006  0.108083404685651E+003  0.662289701281999E+002
  0.278574874425993E-006  0.107978797179461E+003  0.662412071711250E+002
  0.279807440241648E-006  0.107963312037270E+003  0.742014595239098E+002
  0.286412735998582E-006  0.107909991956678E+003  0.662492765921578E+002
  0.302126268499285E-006  0.107796514108014E+003  0.662626211091433E+002
  0.337681900652161E-006  0.107567339943003E+003  0.741547722595912E+002
  0.360481418146760E-006  0.107430012201400E+003  0.741384505863792E+002
  0.407043577449231E-006  0.107180396943448E+003  0.741086077918019E+002
  0.409187688448423E-006  0.107163233968996E+003  0.741065474451391E+002
  0.412493559521842E-006  0.107140485097554E+003  0.663406665046857E+002
  0.470210956723529E-006  0.106871907825921E+003  0.663730746820224E+002
  0.533335724000899E-006  0.106613312917825E+003  0.664045382801574E+002
  0.651904820580099E-006  0.106205162400612E+003  0.739897482216659E+002
  0.698232336175946E-006  0.106061200147102E+003  0.664725980827003E+002
  0.730350685789933E-006  0.105964598760803E+003  0.664846336751581E+002
  0.812529326145871E-006  0.105744688786646E+003  0.739323034284567E+002
  0.875268444729240E-006  0.105589275954437E+003  0.739127136221129E+002
  0.948715409994506E-006  0.105421463901733E+003  0.738914434552878E+002
  0.983541616500380E-006  0.105342706157377E+003  0.665630630664827E+002
  0.108706555640779E-005  0.105135896090874E+003  0.665895198772143E+002
  0.115397944051547E-005  0.105009771638130E+003  0.666057497432761E+002
  0.124871798548489E-005  0.104845313935305E+003  0.738174589183242E+002
  0.125156126897987E-005  0.104834109607670E+003  0.738160050509457E+002
  0.156911313322181E-005  0.104375216448829E+003  0.737559454192417E+002
  0.175472970469427E-005  0.104144952360280E+003  0.667190606897404E+002
  0.214721559786465E-005  0.103734582577269E+003  0.736703504947988E+002
  0.215600164404203E-005  0.103719760030005E+003  0.667761364590949E+002
  0.218463040982206E-005  0.103686721950163E+003  0.736638703903396E+002
  0.219652241436633E-005  0.103669208922884E+003  0.667829851956990E+002
  0.232606966668074E-005  0.103547944110769E+003  0.736450111605486E+002
  0.240355767901924E-005  0.103475748528459E+003  0.668093224276744E+002
  0.241410602054309E-005  0.103460334878771E+003  0.668114295517798E+002
  0.264277795988955E-005  0.103272676137157E+003  0.668371886467500E+002
  0.268190855123743E-005  0.103236624425784E+003  0.736023215664781E+002
  0.308408797940094E-005  0.102950514253729E+003  0.668818735917094E+002
  0.330578847194964E-005  0.102805020610964E+003  0.669022511884103E+002
  0.343622519041715E-005  0.102720967978305E+003  0.669140806628653E+002
  0.342549687944592E-005  0.102720566408179E+003  0.735303440721019E+002
  0.363574875404315E-005  0.102594773750200E+003  0.669319209578097E+002
  0.445845001122751E-005  0.102180145969746E+003  0.734532502906899E+002
  0.476338480321061E-005  0.102041175721293E+003  0.734331262770338E+002
  0.478364643466425E-005  0.102026030942164E+003  0.734309255640905E+002
  0.483495131959840E-005  0.101998039457180E+003  0.670176272559837E+002
  0.484447651320162E-005  0.101987447612644E+003  0.734253121236623E+002
  0.506627083390223E-005  0.101891260395358E+003  0.734112749446817E+002
  0.518230585919377E-005  0.101839314630091E+003  0.734036684311308E+002
  0.523150497201884E-005  0.101813761268999E+003  0.670445614288913E+002
  0.543648913458656E-005  0.101730236731593E+003  0.733876364658485E+002
  0.545207573965876E-005  0.101717855285456E+003  0.670586698120597E+002
  0.567763977985782E-005  0.101630121287599E+003  0.733728499779578E+002
  0.572844461343320E-005  0.101605648841323E+003  0.733692249682093E+002
  0.586067793719453E-005  0.101553350784873E+003  0.670830171267028E+002
  0.614178684121015E-005  0.101452994343753E+003  0.733465178971770E+002
  0.623000039107885E-005  0.101417817405033E+003  0.671032193954850E+002
  0.628253883798481E-005  0.101394366271298E+003  0.671067282575171E+002
  0.649267752964879E-005  0.101321909019838E+003  0.671175946862584E+002
  0.664096370684749E-005  0.101270089276562E+003  0.671253894890553E+002
  0.665137273738393E-005  0.101260301355360E+003  0.671268640066569E+002
  0.667388429561741E-005  0.101246888208069E+003  0.671288857940049E+002
  0.689411103085775E-005  0.101175301568270E+003  0.671396985987741E+002
  0.713349222391637E-005  0.101100379319897E+003  0.732934253517049E+002
  0.754997429260548E-005  0.100980237238092E+003  0.671693564404045E+002
  0.835906042246219E-005  0.100769977912265E+003  0.732428307151334E+002
  0.937142515494657E-005  0.100534684029663E+003  0.672382043149358E+002
  0.953002717044088E-005  0.100494463676730E+003  0.672444975854032E+002
  0.989088257345134E-005  0.100413476472701E+003  0.731872711891874E+002
  0.113057203830914E-004  0.100139430001330E+003  0.731438438089015E+002
  0.114570810610473E-004  0.100106176129327E+003  0.673059511892273E+002
  0.118941331660093E-004  0.100024645958823E+003  0.673190200686268E+002
  0.119133571419642E-004  0.100014760474119E+003  0.731238726893892E+002
  0.121433967878966E-004  0.999698542374207E+002  0.673278360615492E+002
  0.123727471375700E-004  0.999257772680579E+002  0.673349475870299E+002
  0.123688600449771E-004  0.999197501179654E+002  0.673359213893593E+002
  0.128411566667738E-004  0.998381478378988E+002  0.730953430563929E+002
  0.134402354635472E-004  0.997402973031853E+002  0.730794138506272E+002
  0.135561663534604E-004  0.997164643816139E+002  0.673689607600163E+002
  0.144556590241857E-004  0.995813199201889E+002  0.730533426414359E+002
  0.149393584580131E-004  0.995088377966268E+002  0.674031053080037E+002
  0.150456296611480E-004  0.994880055694242E+002  0.674065540597124E+002
  0.152626922785606E-004  0.994527022364373E+002  0.674124081515046E+002
  0.155106898920830E-004  0.994138106178370E+002  0.730256099391173E+002
  0.157178677797099E-004  0.993806176702324E+002  0.674243994434180E+002
  0.160909742847275E-004  0.993270413480829E+002  0.730111360696461E+002
  0.160377924069229E-004  0.993270068656679E+002  0.730111303027474E+002
  0.160574802691675E-004  0.993178976076575E+002  0.674348749162643E+002
  0.160132043419999E-004  0.993167643237167E+002  0.674350645588980E+002
  0.160773402792516E-004  0.993021143609612E+002  0.674375172319921E+002
  0.169950971270567E-004  0.991844306735393E+002  0.729871827730564E+002
  0.175312007730308E-004  0.991156605001647E+002  0.729755574649024E+002
  0.175584148879837E-004  0.991059026779175E+002  0.729739039672736E+002
  0.180081770052076E-004  0.990486618637007E+002  0.729641842271558E+002
  0.180080344512135E-004  0.990420221157185E+002  0.729630545379202E+002
  0.187025925041505E-004  0.989596782672765E+002  0.674954757219931E+002
  0.190630070483845E-004  0.989148476822183E+002  0.729413264465866E+002
  0.192240942937084E-004  0.988913626017367E+002  0.675071864156265E+002
  0.192453536034949E-004  0.988824965076903E+002  0.729357714035217E+002
  0.192304517035821E-004  0.988773901505077E+002  0.729348935478263E+002
  0.197872021354499E-004  0.988136539241708E+002  0.675205689719193E+002
  0.200925532243689E-004  0.987763705677019E+002  0.729174680606179E+002
  0.200773876029906E-004  0.987712251338386E+002  0.675279038761887E+002
  0.212700101896458E-004  0.986491617109199E+002  0.675491179066495E+002
  0.215545624500355E-004  0.986159273297619E+002  0.675549231035406E+002
  0.218694512929663E-004  0.985802652773188E+002  0.728833149149367E+002
  0.233366966411769E-004  0.984437370173945E+002  0.675852049740971E+002
  0.233421277344102E-004  0.984366160361773E+002  0.675864647810822E+002
  0.234502086345190E-004  0.984207212428466E+002  0.675892789796770E+002
  0.238299427045851E-004  0.983819386728194E+002  0.728483232010391E+002
  0.238832635847981E-004  0.983708129757372E+002  0.675981349340036E+002
  0.243116267260668E-004  0.983286038819621E+002  0.728388332476788E+002
  0.246281365136077E-004  0.982960786056833E+002  0.728330290356263E+002
  0.253298094604723E-004  0.982332382422174E+002  0.676227030348259E+002
  0.257986214493816E-004  0.981899044288178E+002  0.728139915334584E+002
  0.266440724964241E-004  0.981187575542916E+002  0.676433254072041E+002
  0.266770854481782E-004  0.981096254370433E+002  0.727995037939441E+002
  0.270805065930008E-004  0.980729514945850E+002  0.676516231799142E+002
  0.277583780210986E-004  0.980168488140938E+002  0.676618228243098E+002
  0.278028088821921E-004  0.980069945354615E+002  0.676636185613597E+002
  0.298693082089389E-004  0.978569501205217E+002  0.676911184090415E+002
  0.302878859386406E-004  0.978224618269971E+002  0.727469996605787E+002
  0.302950632471806E-004  0.978153323637361E+002  0.727456822332688E+002
  0.307201782520395E-004  0.977808069022849E+002  0.677051887077717E+002
  0.308781524007463E-004  0.977638929600062E+002  0.677083248787744E+002
  0.324372223579027E-004  0.976587219601989E+002  0.677279140963275E+002
  0.325310912826688E-004  0.976462870094358E+002  0.677302404179311E+002
  0.325986141723106E-004  0.976354844481847E+002  0.727122182355725E+002
  0.331376048527225E-004  0.975960309512713E+002  0.677396644930337E+002
  0.332182064161804E-004  0.975845166193619E+002  0.677418287156545E+002
  0.358105763001160E-004  0.974275707081550E+002  0.726729626761407E+002
  0.362390068772667E-004  0.973971295287772E+002  0.677773190790611E+002
  0.361284140875543E-004  0.973965868029305E+002  0.726670587356336E+002
  0.366199305461608E-004  0.973629052366370E+002  0.677838568094788E+002
  0.373435791636625E-004  0.973171129680048E+002  0.677926318406297E+002
  0.376088912190361E-004  0.972962983794706E+002  0.726478503828584E+002
  0.386966906739828E-004  0.972326156131928E+002  0.726355737899298E+002
  0.419951666219739E-004  0.970623591387019E+002  0.726024412847213E+002
  0.430068097423268E-004  0.970080956824692E+002  0.678526972820181E+002
  0.430731683103663E-004  0.969983565243051E+002  0.678546151069896E+002
  0.442400698012120E-004  0.969382395906139E+002  0.678664878346594E+002
  0.478888787275740E-004  0.967730792792598E+002  0.678994183484643E+002
  0.494225008408280E-004  0.967033786940370E+002  0.725310248118938E+002
  0.493024606872393E-004  0.967015867354074E+002  0.725306627730815E+002
  0.506326478819683E-004  0.966416859732877E+002  0.679259534898837E+002
  0.515058520679795E-004  0.966008326924790E+002  0.725102147440039E+002
  0.524385130213389E-004  0.965582853741301E+002  0.679429566748654E+002
  0.551244997659439E-004  0.964517238809420E+002  0.679648681097851E+002
  0.555703154582979E-004  0.964289584910287E+002  0.679695768146346E+002
  0.560202987826521E-004  0.964061730323067E+002  0.679742995466668E+002
  0.569535287690866E-004  0.963664743576436E+002  0.679825516636752E+002
  0.591592378359285E-004  0.962838245692475E+002  0.679998302787600E+002
  0.593976534508258E-004  0.962691250555987E+002  0.680029174226979E+002
  0.595664050451114E-004  0.962567954353846E+002  0.680055101648224E+002
  0.602230190102483E-004  0.962282140283881E+002  0.680115321188648E+002
  0.600252671623633E-004  0.962281365719316E+002  0.680115484608257E+002
  0.598940040840841E-004  0.962258593749482E+002  0.680120289636538E+002
  0.599429716377921E-004  0.962175693223927E+002  0.724307022533012E+002
  0.607021490449038E-004  0.961857428136677E+002  0.680205110051094E+002
  0.605247105062496E-004  0.961849419975511E+002  0.680206806582767E+002
  0.617000511364932E-004  0.961398203374959E+002  0.724142204427898E+002
  0.615390798797792E-004  0.961383894403127E+002  0.724139159489693E+002
  0.623225808216591E-004  0.961064310702934E+002  0.724071041744089E+002
  0.630821334256495E-004  0.960755479513969E+002  0.680439800069634E+002
  0.651698375285490E-004  0.960037740415600E+002  0.680594031690441E+002
  0.661895158766362E-004  0.959660677960611E+002  0.680675499216334E+002
  0.665952148021752E-004  0.959471909254950E+002  0.723728413319220E+002
  0.671441279962653E-004  0.959241178494581E+002  0.680766499123710E+002
  0.686118875257712E-004  0.958742136008860E+002  0.723569554412335E+002
  0.701500564080480E-004  0.958232164139260E+002  0.723457837044043E+002
  0.699747526359321E-004  0.958215650543285E+002  0.723454209655193E+002
  0.698655591489381E-004  0.958180328513094E+002  0.680998364819965E+002
  0.734679341012804E-004  0.957108248140903E+002  0.681235287409114E+002
  0.735699396122431E-004  0.957013942882463E+002  0.681256256351213E+002
  0.736402883141165E-004  0.956928271912263E+002  0.723169489890370E+002
  0.734510139833967E-004  0.956913187389059E+002  0.681278682711747E+002
  0.739995651514282E-004  0.956697821402275E+002  0.723118113514480E+002
  0.766242104389030E-004  0.955934188137915E+002  0.722946959741292E+002
  0.765270620806716E-004  0.955893005516359E+002  0.722937689257645E+002
  0.764578038772414E-004  0.955844558226803E+002  0.722926778134802E+002
  0.762447909600382E-004  0.955833800574443E+002  0.722924354555103E+002
  0.774423841626709E-004  0.955455542135725E+002  0.681605857532904E+002
  0.775565690828020E-004  0.955359519053378E+002  0.722817220725005E+002
  0.797387562305110E-004  0.954738000245996E+002  0.681768835052505E+002
  0.799015737907695E-004  0.954630648332861E+002  0.722651483492045E+002
  0.797626016632479E-004  0.954598908647327E+002  0.681800577857578E+002
  0.805503130933917E-004  0.954335807789635E+002  0.681860756781885E+002
  0.811946981424761E-004  0.954109892894503E+002  0.681912572469957E+002
  0.828481467767229E-004  0.953640148613005E+002  0.722424075358530E+002
  0.845279912586677E-004  0.953172125575106E+002  0.722315726929709E+002
  0.858557177047357E-004  0.952793860788838E+002  0.682217084574024E+002
  0.861627216459634E-004  0.952655916299041E+002  0.722195541641038E+002
  0.863036881229667E-004  0.952556666244762E+002  0.722172350978863E+002
  0.864796765188956E-004  0.952449368451999E+002  0.682297564003113E+002
  0.873368046610311E-004  0.952185562059406E+002  0.682359414248862E+002
  0.880971642986348E-004  0.951945638601727E+002  0.722028980762361E+002
  0.885230911360811E-004  0.951782621006844E+002  0.682454258578083E+002
  0.892633952629363E-004  0.951549503972898E+002  0.721935475463007E+002
  0.892877784040307E-004  0.951477485727815E+002  0.721918428282844E+002
  0.929372636376254E-004  0.950609728677200E+002  0.721711852433197E+002
  0.932355199978219E-004  0.950479091196052E+002  0.682764250227888E+002
  0.936823602866898E-004  0.950316912409518E+002  0.682803163994241E+002
  0.936684112056335E-004  0.950253334781914E+002  0.721626373196240E+002
  0.941328043472475E-004  0.950087867141435E+002  0.682858255156286E+002
  0.954442310107871E-004  0.949744601118729E+002  0.682941114013324E+002
  0.953826059734829E-004  0.949690962795448E+002  0.721490719906018E+002
  0.988650681571001E-004  0.948907212232403E+002  0.683144755837731E+002
  0.100244456202879E-003  0.948563540583200E+002  0.721215849415722E+002
  0.100691399791014E-003  0.948408012243713E+002  0.721177618070033E+002
  0.103554660819444E-003  0.947780672335077E+002  0.683422194853922E+002
  0.103227099678361E-003  0.947777480229187E+002  0.683422986808224E+002
  0.103600964831293E-003  0.947638619817992E+002  0.720987343414382E+002
  0.104880583660036E-003  0.947326548783306E+002  0.720909614393210E+002
  0.108847454781685E-003  0.946517492978747E+002  0.720706576898913E+002
  0.108614353277167E-003  0.946493813964478E+002  0.683744212627478E+002
  0.108468926087922E-003  0.946454054737916E+002  0.683754251219784E+002
  0.108295985840741E-003  0.946419411902481E+002  0.683763002452757E+002
  0.107942722674423E-003  0.946418203046697E+002  0.720681505629899E+002
  0.108879012239204E-003  0.946178916335748E+002  0.720620944003749E+002
  0.110146660270515E-003  0.945880851200536E+002  0.683899587483858E+002
  0.110633588560827E-003  0.945726075717367E+002  0.720505784495795E+002
  0.114145469241929E-003  0.945034521037533E+002  0.720328505557514E+002
  0.113816858583146E-003  0.945025625795568E+002  0.720326213968168E+002
  0.114449385597458E-003  0.944848229490680E+002  0.684164361069353E+002
  0.114666696960268E-003  0.944743734592531E+002  0.684191371137861E+002
  0.118828386064814E-003  0.943964165082022E+002  0.720050646214790E+002
  0.118543557332191E-003  0.943945606337486E+002  0.720045790247924E+002
  0.118811116452431E-003  0.943833960337188E+002  0.720016549677542E+002
  0.119044293085683E-003  0.943728191349743E+002  0.719988803930394E+002
  0.119047651879244E-003  0.943661071262767E+002  0.684473639307333E+002
  0.119505653824546E-003  0.943517718787450E+002  0.684511350915681E+002
  0.123081652136036E-003  0.942861477164761E+002  0.719759790415705E+002
  0.122684237239169E-003  0.942859603283457E+002  0.719759292036542E+002
  0.122885427448320E-003  0.942760276291494E+002  0.684711958893201E+002
  0.123052809389255E-003  0.942666497074700E+002  0.719707857177176E+002
  0.124296581097063E-003  0.942398803572306E+002  0.684808509204104E+002
  0.125240640165931E-003  0.942180917468993E+002  0.719577846920329E+002
  0.126858671261754E-003  0.941857628984332E+002  0.719490746111515E+002
  0.129152556987229E-003  0.941432659665842E+002  0.719375577512759E+002
  0.129341197034508E-003  0.941336913204202E+002  0.719349522894690E+002
  0.129283807155436E-003  0.941279233555710E+002  0.719333807905675E+002
  0.129303325389225E-003  0.941209658541937E+002  0.719314832764152E+002
  0.131455345426364E-003  0.940812978508216E+002  0.685238572016685E+002
  0.133054452790891E-003  0.940504597736931E+002  0.719121340117401E+002
  0.133321574057164E-003  0.940397930013750E+002  0.685352939940829E+002
  0.133672417328953E-003  0.940278812208998E+002  0.685385906704665E+002
  0.134286779451951E-003  0.940120546444302E+002  0.719015005445105E+002
  0.134816211724475E-003  0.939975294682468E+002  0.718974612774598E+002
  0.134625185743408E-003  0.939937097702216E+002  0.685480839034680E+002
  0.134589052762471E-003  0.939875910558626E+002  0.685497894428786E+002
  0.134414808130109E-003  0.939835264371029E+002  0.685509233827787E+002
  0.135952111024405E-003  0.939541266622260E+002  0.718853330542112E+002
  0.136086687137384E-003  0.939454923036478E+002  0.718829097571329E+002
  0.135828930015127E-003  0.939426284468237E+002  0.685623761399858E+002
  0.136131979081116E-003  0.939315156203021E+002  0.685655017688802E+002
  0.136523514853320E-003  0.939191159997427E+002  0.685689963008721E+002
  0.137822412265974E-003  0.938935221815210E+002  0.718682485952701E+002
  0.139533848279773E-003  0.938621841552689E+002  0.685851369065496E+002
  0.141468202705208E-003  0.938279930468053E+002  0.685949072829016E+002
  0.142270978576111E-003  0.938100203406692E+002  0.718444146323996E+002
  0.141824428830095E-003  0.938096520865318E+002  0.686001726071881E+002
  0.142542972821099E-003  0.937928892223738E+002  0.718394814680463E+002
  0.144080377369947E-003  0.937647780379295E+002  0.718313536572766E+002
  0.144537599740450E-003  0.937517857387696E+002  0.718275832782698E+002
  0.144658170551756E-003  0.937434624880209E+002  0.686193181515929E+002
  0.144611691582559E-003  0.937374496152266E+002  0.718234126167342E+002
  0.144232263526405E-003  0.937360484745777E+002  0.718230044143331E+002
  0.146043098103037E-003  0.937044392358021E+002  0.686307136639005E+002
  0.145559487441664E-003  0.937044174939808E+002  0.718137613173762E+002
  0.145259116695331E-003  0.937018932980861E+002  0.686314599614696E+002
  0.145911847610784E-003  0.936862707247746E+002  0.686360471363930E+002
  0.146940087742382E-003  0.936655705816838E+002  0.686421457243337E+002
  0.148259840062091E-003  0.936410320552205E+002  0.686494057908373E+002
  0.147791588028036E-003  0.936407031112895E+002  0.686495033411448E+002
  0.147798959887019E-003  0.936339477733949E+002  0.686515080171087E+002
  0.147740775021018E-003  0.936280796997256E+002  0.717912298806702E+002
  0.147559626806960E-003  0.936238778681387E+002  0.717899802890810E+002
  0.147722508200216E-003  0.936150158366925E+002  0.717873415197128E+002
  0.149188564900285E-003  0.935886093108856E+002  0.717794521674547E+002
  0.149182309558328E-003  0.935820375906544E+002  0.717774825465739E+002
  0.149033643441407E-003  0.935773760839281E+002  0.686683974277303E+002
  0.149462392780666E-003  0.935649750387169E+002  0.686721243356076E+002
  0.149731788632260E-003  0.935547178386989E+002  0.686752137342580E+002
  0.150966057673679E-003  0.935316434382463E+002  0.717622951147651E+002
  0.150547386231266E-003  0.935305421272978E+002  0.717619615368032E+002
  0.150223124390767E-003  0.935281989641171E+002  0.686832297815077E+002
  0.150801656269980E-003  0.935138558760763E+002  0.686875828151867E+002
  0.151344746950142E-003  0.935000105195541E+002  0.717526848182000E+002
  0.152311259496571E-003  0.934806232193984E+002  0.717467648817456E+002
  0.152194079583514E-003  0.934755069215020E+002  0.717451987760955E+002
  0.153356663927051E-003  0.934536317422345E+002  0.687059968421145E+002
  0.152908384673519E-003  0.934528309545005E+002  0.687062431963748E+002
  0.152631517509710E-003  0.934498000038658E+002  0.687071760004750E+002
  0.152300407493537E-003  0.934474878212608E+002  0.717365933698540E+002
  0.152158388781547E-003  0.934426980925342E+002  0.687093639344026E+002
  0.154100988186617E-003  0.934106702220053E+002  0.687192705475302E+002
  0.153674345182040E-003  0.934095595082416E+002  0.687196152767077E+002
  0.153535918876000E-003  0.934047062938182E+002  0.717233588688213E+002
  0.153030644691682E-003  0.934046434044463E+002  0.717233393280534E+002
  0.153816201077961E-003  0.933877474308749E+002  0.687264011302017E+002
  0.154096197767692E-003  0.933774544945070E+002  0.717148673216633E+002
  0.154498032069430E-003  0.933655903330846E+002  0.687333259858171E+002
  0.154470016355459E-003  0.933592974533686E+002  0.687352986076394E+002
  0.154423672462083E-003  0.933532420006109E+002  0.717072820756713E+002
  0.154052814836960E-003  0.933513953160019E+002  0.687377793941501E+002
  0.159300050278077E-003  0.932777516649576E+002  0.716833798456640E+002
  0.159341713776970E-003  0.932705730711083E+002  0.716810865228822E+002
  0.159791896154463E-003  0.932582749304142E+002  0.716771492734049E+002
  0.159853439007821E-003  0.932508492109858E+002  0.687697145910695E+002
  0.159498015788235E-003  0.932486454453890E+002  0.687704224125171E+002
  0.159664145125546E-003  0.932399077969304E+002  0.716712491159275E+002
  0.163835439423530E-003  0.931816722370871E+002  0.687921004422269E+002
  0.163458548318792E-003  0.931796228065463E+002  0.716517123629043E+002
  0.164993272480449E-003  0.931542766880972E+002  0.716434181703738E+002
  0.165126478339256E-003  0.931460070770554E+002  0.688037798000276E+002
  0.165941498145566E-003  0.931295043173099E+002  0.716352646854322E+002
  0.165424113304985E-003  0.931290942284265E+002  0.688093520386178E+002
  0.164891379011627E-003  0.931288898716037E+002  0.688094195019841E+002
  0.164624756337225E-003  0.931254708277089E+002  0.688105486932229E+002
  0.164963276302871E-003  0.931147068448977E+002  0.688141095750364E+002
  0.165884356638644E-003  0.930969152295864E+002  0.716244662277763E+002
  0.165874400987972E-003  0.930903796842208E+002  0.688221907171300E+002
  0.165434795929780E-003  0.930890315970996E+002  0.716218414557808E+002
  0.165398032775068E-003  0.930828205091372E+002  0.716197700679153E+002
  0.165646207654286E-003  0.930731662369899E+002  0.716165442746716E+002
  0.165171009675241E-003  0.930722564074001E+002  0.688282414656748E+002
  0.164846738536270E-003  0.930695311763562E+002  0.688291536011329E+002
  0.166409082025599E-003  0.930440097531925E+002  0.716067565613989E+002
  0.167091146561699E-003  0.930291734831174E+002  0.716017494270239E+002
  0.167168391412134E-003  0.930215935331770E+002  0.688452971322187E+002
  0.167218027634229E-003  0.930143441941590E+002  0.688477549318785E+002
  0.169416356239705E-003  0.929815669821874E+002  0.715855584015983E+002
  0.168916624544703E-003  0.929808195704255E+002  0.715853026725804E+002
  0.168859104053412E-003  0.929748451580918E+002  0.715832567835997E+002
  0.168484773960704E-003  0.929726281377351E+002  0.715824968001817E+002
  0.168163285420401E-003  0.929697924356577E+002  0.688629572365689E+002
  0.168023192420283E-003  0.929648037042894E+002  0.715798112234202E+002
  0.167605176585408E-003  0.929631300158584E+002  0.715792360740568E+002
  0.170780896605675E-003  0.929189337268543E+002  0.715639591687692E+002
  0.170410303274645E-003  0.929166228481372E+002  0.688813257515511E+002
  0.174761402817751E-003  0.928595421612178E+002  0.715431516417540E+002
  0.174651173637812E-003  0.928541484610107E+002  0.715412457285518E+002
  0.175179631497974E-003  0.928414504368282E+002  0.689077334979694E+002
  0.175891185309505E-003  0.928266876058910E+002  0.715314991638054E+002
  0.175617391282376E-003  0.928231476718177E+002  0.689142438875215E+002
  0.175377628191376E-003  0.928192244737459E+002  0.715288377414622E+002
  0.175124151935581E-003  0.928154616183837E+002  0.689169875385909E+002
  0.175076198635582E-003  0.928093537623822E+002  0.689191719479721E+002
  0.175354744618564E-003  0.927995187136367E+002  0.715217842886974E+002
  0.178150361324694E-003  0.927612293613625E+002  0.715079684163610E+002
  0.179590816476355E-003  0.927384675789752E+002  0.714996845131847E+002
  0.180742092845432E-003  0.927190318140571E+002  0.714925683222698E+002
  0.182518660318450E-003  0.926928136290841E+002  0.689615761702876E+002
  0.185668880708519E-003  0.926519331291113E+002  0.714676884257947E+002
  0.187523574975844E-003  0.926253981595226E+002  0.689867702167233E+002
  0.187714712265700E-003  0.926167050760986E+002  0.714544249219927E+002
  0.187987953643161E-003  0.926071403717527E+002  0.689936822973219E+002
  0.187961574913744E-003  0.926007654540229E+002  0.689961049079762E+002
  0.363072881789069E-003  0.910314846285299E+002  0.690043717090292E+002
  0.363495026037952E-003  0.910291605826047E+002  0.690052620971507E+002
  0.364660429994283E-003  0.910098968450996E+002  0.690126676493126E+002
  0.364667878761874E-003  0.910098559923450E+002  0.690126834025025E+002
  0.365787055477321E-003  0.910037273317597E+002  0.690150489978463E+002
  0.367011772964015E-003  0.909970421757280E+002  0.690176346917035E+002
  0.366162444970198E-003  0.909885610802569E+002  0.690209230303749E+002
  0.364195586921510E-003  0.909862183263938E+002  0.690218329640644E+002
  0.367968016654493E-003  0.909524935791193E+002  0.690350090495436E+002
  0.380393111832726E-003  0.908729603786568E+002  0.690666770431025E+002
  0.384050132149574E-003  0.908407098301099E+002  0.690797684623887E+002
  0.390489956569402E-003  0.907813073609810E+002  0.691042827817418E+002
  0.390737190469538E-003  0.907800414863409E+002  0.691048110375739E+002
  0.391016747445654E-003  0.907786110772340E+002  0.691054082551509E+002
  0.395407414087983E-003  0.907562785372228E+002  0.691147741957460E+002
  0.397396732832636E-003  0.907462416426005E+002  0.691190094201205E+002
  0.401948607361349E-003  0.907234633839303E+002  0.691286819125649E+002
  0.404484426159345E-003  0.906974173270969E+002  0.691398479531210E+002
  0.400397929624391E-003  0.906908800017080E+002  0.691426686597618E+002
  0.401886274861347E-003  0.906834594545451E+002  0.691458794138105E+002
  0.401954674789392E-003  0.906831190890624E+002  0.691460269143604E+002
  0.402923520040166E-003  0.906783042203038E+002  0.691481156524717E+002
  0.402566937025226E-003  0.906664230524860E+002  0.691532872830326E+002
  0.404383628169867E-003  0.906574178207297E+002  0.691572238075142E+002
  0.404820080649140E-003  0.906552603787069E+002  0.691581690687535E+002
  0.402238883965541E-003  0.906542126374982E+002  0.691586284289415E+002
  0.408110614114809E-003  0.906252284378246E+002  0.691714155540031E+002
  0.410876895613125E-003  0.906117176480484E+002  0.691774296628444E+002
  0.411061334276782E-003  0.906108200688384E+002  0.691778304324473E+002
  0.420265005935087E-003  0.905665339815692E+002  0.691977988801454E+002
  0.422850958815676E-003  0.905542653917300E+002  0.692033999715158E+002
  0.420599605853077E-003  0.905506053079161E+002  0.692050769161726E+002
  0.418151206399473E-003  0.905479447714601E+002  0.692062976344478E+002
  0.421693974605748E-003  0.905310712366677E+002  0.692140740319788E+002
  0.419962418824037E-003  0.905248600287684E+002  0.692169516982704E+002
  0.418246684555949E-003  0.905186071636042E+002  0.692198570089968E+002
  0.416286557359044E-003  0.905135617675907E+002  0.692222074382415E+002
  0.415834191372448E-003  0.905012957927423E+002  0.692279447924694E+002
  0.418617947282482E-003  0.904735111342818E+002  0.692410650000553E+002
  0.413415153256005E-003  0.904697464231094E+002  0.692428562571746E+002
  0.410643951380713E-003  0.904688609662878E+002  0.692432780353981E+002
  0.409779132842045E-003  0.904587404404052E+002  0.692481118157844E+002
  0.407810460426309E-003  0.904540350724015E+002  0.692503673878374E+002
  0.410164895545755E-003  0.904139496490730E+002  0.692697993574815E+002
  0.409181676456268E-003  0.904045147314766E+002  0.692744309843510E+002
  0.415230868160206E-003  0.903751638910029E+002  0.692889863591672E+002
  0.415575031001013E-003  0.903591699047431E+002  0.692970143172146E+002
  0.413220283684227E-003  0.903561976312137E+002  0.692985138960245E+002
  0.413478918142639E-003  0.903406092444105E+002  0.693064187948980E+002
  0.411235246116923E-003  0.903371544724452E+002  0.693081799702050E+002
  0.414317582721235E-003  0.903078827694116E+002  0.693232405621918E+002
  0.411884839311934E-003  0.903053237779069E+002  0.693245691998845E+002
  0.407267509462048E-003  0.902851646351748E+002  0.693351054799068E+002
  0.404466851132108E-003  0.902848312167868E+002  0.693352807949093E+002
  0.401177948187828E-003  0.902452128986423E+002  0.693563651992100E+002
  0.399697966684132E-003  0.902387638356358E+002  0.693598460983550E+002
  0.399967171683817E-003  0.902235763612462E+002  0.693680996174409E+002
  0.400819719759397E-003  0.902193178080316E+002  0.693704282518959E+002
  0.399769716385015E-003  0.902106266239402E+002  0.693752005734016E+002
  0.399174981195696E-003  0.901996668896452E+002  0.693812571600076E+002
  0.399143749230926E-003  0.901858860397116E+002  0.693889352290761E+002
  0.397204874596912E-003  0.901816875436270E+002  0.693912885417509E+002
  0.398108291387109E-003  0.901771438382419E+002  0.693938428811850E+002
  0.397464144576737E-003  0.901663473518928E+002  0.693999441788825E+002
  0.398542420020685E-003  0.901609289236967E+002  0.694030233597971E+002
  0.397156151359637E-003  0.901537634094217E+002  0.694071132355701E+002
  0.394609727958022E-003  0.901524936464244E+002  0.694078401231810E+002
  0.390949021733636E-003  0.901429643140686E+002  0.694133161226082E+002
  0.391272423032442E-003  0.901413105556891E+002  0.694142702286915E+002
  0.391734342790522E-003  0.901389508324692E+002  0.694156335825272E+002
  0.389644156342360E-003  0.901354159171446E+002  0.694176802379909E+002
  0.386496647767021E-003  0.901232680637551E+002  0.694247536767140E+002
  0.387984397401515E-003  0.901155842012577E+002  0.694292604039453E+002
  0.389093399654809E-003  0.901098756196438E+002  0.694326252458019E+002
  0.391237961939440E-003  0.900988825067715E+002  0.694391457075900E+002
  0.391311083661905E-003  0.900985087450344E+002  0.694393683554776E+002
  0.386457840364943E-003  0.900944828754739E+002  0.694417705712331E+002
  0.386580581618646E-003  0.900938477647149E+002  0.694421502141195E+002
  0.384101747730060E-003  0.900921679487846E+002  0.694431552301879E+002
  0.384332862258758E-003  0.900909649080435E+002  0.694438757941801E+002
  0.385105603270340E-003  0.900869477380891E+002  0.694462867348593E+002
  0.385534230153228E-003  0.900699627387968E+002  0.694565643352103E+002
  0.380879252257056E-003  0.900648456071116E+002  0.694596878569757E+002
  0.378584343900079E-003  0.900622805596887E+002  0.694612583982739E+002
  0.378731650475052E-003  0.900615025141810E+002  0.694617354253475E+002
  0.377406334264623E-003  0.900537532822072E+002  0.694665029867527E+002
  0.377843534564903E-003  0.900514377552953E+002  0.694679334160059E+002
  0.378964395569493E-003  0.900306436435672E+002  0.694809027664595E+002
  0.374087039305322E-003  0.900269209956522E+002  0.694832486143933E+002
  0.374494032088729E-003  0.900247462528538E+002  0.694846224932803E+002
  0.376141836785156E-003  0.900159653916578E+002  0.694901959650822E+002
  0.370162447932212E-003  0.900034025566303E+002  0.694982445685601E+002
  0.370635238120974E-003  0.900008496855193E+002  0.694998910741235E+002
  0.372644404932334E-003  0.899900372182403E+002  0.695069067243215E+002
  0.376430400055361E-003  0.899698201326497E+002  0.695202126222742E+002
  0.376579610355187E-003  0.899690275253817E+002  0.695207394189053E+002
  0.376776755636169E-003  0.899679807682591E+002  0.695214357399131E+002
  0.376813511982480E-003  0.899677856683598E+002  0.695215656002612E+002
  0.377519136615745E-003  0.899640439512784E+002  0.695240607963798E+002
  0.378680660172827E-003  0.899578999429066E+002  0.695281774387972E+002
  0.375300904141690E-003  0.899445796058138E+002  0.695371873532494E+002
  0.371735209060034E-003  0.899326638688152E+002  0.695453488103956E+002
  0.369190645310570E-003  0.899309570419066E+002  0.695465259403293E+002
  0.369194360636939E-003  0.899309369151362E+002  0.695465398331873E+002
  0.368416079033345E-003  0.899195931921540E+002  0.695544160221127E+002
  0.369164667697661E-003  0.899155334933364E+002  0.695572574241028E+002
  0.371275576908406E-003  0.899041299266341E+002  0.695653045754967E+002
  0.372266149970081E-003  0.898988009794511E+002  0.695690990424569E+002
  0.375008177738406E-003  0.898841234241104E+002  0.695796660064748E+002
  0.375286369864668E-003  0.898665759717694E+002  0.695925318002670E+002
  0.377192388964895E-003  0.898564440011098E+002  0.696000817118574E+002
  0.377590684548984E-003  0.898543332191645E+002  0.696016661372333E+002
  0.377921718645050E-003  0.898525805855037E+002  0.696029848046928E+002
  0.378574028037055E-003  0.898491314739573E+002  0.696055881236021E+002
  0.375944264082014E-003  0.898464753440011E+002  0.696076004313821E+002
  0.373138186158893E-003  0.898448618889037E+002  0.696088260222802E+002
  0.371769955491741E-003  0.898356114023583E+002  0.696159005667099E+002
  0.366844166376258E-003  0.898292290397922E+002  0.696208301547134E+002
  0.361910216217861E-003  0.898235233873126E+002  0.696252715283355E+002
  0.362046659839444E-003  0.898227695102367E+002  0.696258608324758E+002
  0.360774770051423E-003  0.898133469922750E+002  0.696332761346369E+002
  0.358626493023857E-003  0.898088308349331E+002  0.696368635446578E+002
  0.358647724991857E-003  0.898087124313019E+002  0.696369578943961E+002
  0.358886609320981E-003  0.898073807356518E+002  0.696380201032928E+002
  0.355966921895519E-003  0.898069815895344E+002  0.696383388531390E+002
  0.358046506296375E-003  0.897953314429180E+002  0.696477203244332E+002
  0.354132425897477E-003  0.897837011186486E+002  0.696572411883582E+002
  0.352133117057774E-003  0.897782879194469E+002  0.696617277137602E+002
  0.352752892918660E-003  0.897747708910943E+002  0.696646620163802E+002
  0.350770487705472E-003  0.897691644804687E+002  0.696693717164561E+002
  0.351253892470527E-003  0.897664101325851E+002  0.696717002824809E+002
  0.353100262040840E-003  0.897559246471931E+002  0.696806564616265E+002
  0.353887351601112E-003  0.897514714439388E+002  0.696845052929667E+002
  0.354307126848504E-003  0.897491004833661E+002  0.696865657568104E+002
  0.354353146015748E-003  0.897488407303133E+002  0.696867919749826E+002
  0.354437550403076E-003  0.897483644013313E+002  0.696872070570136E+002
  0.351575970537590E-003  0.897467992018677E+002  0.696885732746634E+002
  0.348811962939865E-003  0.897448069698904E+002  0.696903173124248E+002
  0.350281579455195E-003  0.897363982600911E+002  0.696977423469801E+002
  0.350713585219671E-003  0.897339331599538E+002  0.696999390801525E+002
  0.346522704544459E-003  0.897219392528889E+002  0.697107618595315E+002
  0.347439302158812E-003  0.897166559772137E+002  0.697156026028578E+002
  0.344825517553416E-003  0.897136591798240E+002  0.697183690560292E+002
  0.342069984356252E-003  0.897116058970397E+002  0.697202733181553E+002
  0.342211967444354E-003  0.897107759286925E+002  0.697210451034147E+002
  0.338361915421467E-003  0.896970397997353E+002  0.697339954372811E+002
  0.335404775907954E-003  0.896964961078771E+002  0.697345151010328E+002
  0.335421501267012E-003  0.896963963779790E+002  0.697346104835422E+002
  0.332545386375180E-003  0.896953546158905E+002  0.697356079511501E+002
  0.332676958214875E-003  0.896945634708397E+002  0.697363668257109E+002
  0.333370110173163E-003  0.896904006887095E+002  0.697403794975621E+002
  0.330459929384283E-003  0.896893317138127E+002  0.697414153288825E+002
  0.328278441506136E-003  0.896839734369609E+002  0.697466414666724E+002
  0.328436653656170E-003  0.896830097791783E+002  0.697475874647934E+002
  0.325582178669011E-003  0.896816884692299E+002  0.697488876341561E+002
  0.325798823115700E-003  0.896803580991142E+002  0.697502003367653E+002
  0.323093961155993E-003  0.896780744142850E+002  0.697524622464028E+002
  0.320097324453664E-003  0.896777531140963E+002  0.697527813574706E+002
  0.320401504901391E-003  0.896758534667799E+002  0.697546725122516E+002
  0.320749117529475E-003  0.896736847865978E+002  0.697568408913477E+002
  0.321101458968605E-003  0.896714890015511E+002  0.697590467134976E+002
  0.397665624989538E-003  0.885849604370008E+002  0.699205677293243E+002
  0.397706245625695E-003  0.885847561519980E+002  0.699208837416899E+002
  0.398271007291724E-003  0.885819180720970E+002  0.699253088119555E+002
  0.398574900998924E-003  0.885803925890957E+002  0.699277147811593E+002
  0.398700834240827E-003  0.885797607713324E+002  0.699287170502943E+002
  0.398770756696064E-003  0.885794100505984E+002  0.699292748877721E+002
  0.398891280908595E-003  0.885788056632375E+002  0.699302386942927E+002
  0.384954385117864E-003  0.885771984824554E+002  0.699328172537637E+002
  0.385437636192074E-003  0.885746893643741E+002  0.699368894615438E+002
  0.385501496226446E-003  0.885743580280502E+002  0.699374315603828E+002
  0.381128418821885E-003  0.885726352401601E+002  0.699402670077174E+002
  0.381586486802452E-003  0.885702329373743E+002  0.699442691140211E+002
  0.376900092880834E-003  0.885701026579715E+002  0.699444878008813E+002
  0.377416868038639E-003  0.885673622967418E+002  0.699491283449047E+002
  0.378145694919425E-003  0.885635038360791E+002  0.699557992658414E+002
  0.378427747559172E-003  0.885620126251168E+002  0.699584226209526E+002
  0.373664595823001E-003  0.885615389568447E+002  0.699592613798446E+002
  0.373844751268814E-003  0.885605749263613E+002  0.699609767758276E+002
  0.369417270984020E-003  0.885582583369285E+002  0.699651457092918E+002
  0.369509251038006E-003  0.885577604251512E+002  0.699660506085285E+002
  0.364738909787185E-003  0.885572579611370E+002  0.699669670327583E+002
  0.360463908864632E-003  0.885543473963646E+002  0.699723416037928E+002
  0.360685995699563E-003  0.885531155479484E+002  0.699746514380278E+002
  0.351982477634474E-003  0.885486317875908E+002  0.699832473563611E+002
  0.347485397844966E-003  0.885478588368500E+002  0.699847606375036E+002
  0.343146027820651E-003  0.885465014831097E+002  0.699874416620203E+002
  0.343283056019166E-003  0.885457029843074E+002  0.699890332434325E+002
  0.343320237950987E-003  0.885454863705382E+002  0.699894668781649E+002
  0.338761420131598E-003  0.885450101979198E+002  0.699904229699343E+002
  0.338864227834936E-003  0.885444033277139E+002  0.699916472307297E+002
  0.338928892940535E-003  0.885440217062201E+002  0.699924204292627E+002
  0.339208247385076E-003  0.885423739306082E+002  0.699957892741226E+002
  0.334463307773198E-003  0.885421787347267E+002  0.699961916742447E+002
  0.329842418105746E-003  0.885416337872956E+002  0.699973189045015E+002
  0.330141538323133E-003  0.885398208933005E+002  0.700011102481428E+002
  0.330224653628589E-003  0.885393174435061E+002  0.700021747113130E+002
  0.325684460634520E-003  0.885378082265458E+002  0.700053970151536E+002
  0.326008079777388E-003  0.885358218961866E+002  0.700097124473434E+002
  0.326075567129234E-003  0.885354079164623E+002  0.700106229267819E+002
  0.326078371196373E-003  0.885353907176571E+002  0.700106608374571E+002
  0.321244269255955E-003  0.885347276889139E+002  0.700121275412540E+002
  0.321292475344400E-003  0.885344275903502E+002  0.700127947738607E+002
  0.321301473402463E-003  0.885343715795018E+002  0.700129195426866E+002
  0.321301850528711E-003  0.885343692320117E+002  0.700129247735401E+002
  0.321443592489271E-003  0.885334871287504E+002  0.700148996834047E+002
  0.321472245366895E-003  0.885333088604549E+002  0.700153010913495E+002
  0.316463747763892E-003  0.885316552913411E+002  0.700190622349774E+002
  0.311385903140293E-003  0.885309480972733E+002  0.700206922175592E+002
  0.311423001100654E-003  0.885307098350381E+002  0.700212443553049E+002
  0.311499516456445E-003  0.885302185035867E+002  0.700223877598885E+002
  0.306455814600378E-003  0.885286780410857E+002  0.700260158420124E+002
  0.306517710209538E-003  0.885282741371201E+002  0.700269782670818E+002
  0.306583689072022E-003  0.885278436774094E+002  0.700280092187631E+002
  0.306594813290540E-003  0.885277711098391E+002  0.700281835577003E+002
  0.306614064275184E-003  0.885276455344578E+002  0.700284856151046E+002
  0.306645906269549E-003  0.885274378444345E+002  0.700289862261431E+002
  0.306685125882925E-003  0.885271820633873E+002  0.700296045423136E+002
  0.306805688741346E-003  0.885263959857013E+002  0.700315173252128E+002
  0.306869179239422E-003  0.885259821476798E+002  0.700325320770130E+002
  0.306932262851138E-003  0.885255710465803E+002  0.700335455207106E+002
  0.306933090834601E-003  0.885255656513681E+002  0.700335588571396E+002
  0.306962022985967E-003  0.885253771360941E+002  0.700340254415521E+002
  0.307094939098851E-003  0.885245113133893E+002  0.700361834219227E+002
  0.307139350088508E-003  0.885242221013377E+002  0.700369098537342E+002
  0.307179339033720E-003  0.885239617221829E+002  0.700375663085245E+002
  0.307257649726096E-003  0.885234519176351E+002  0.700388584065901E+002
  0.300347750065480E-003  0.885229642318059E+002  0.700401030229574E+002
  0.293616159454232E-003  0.885223204673307E+002  0.700417591079095E+002
  0.286971062728626E-003  0.885221253314655E+002  0.700422641047793E+002
  0.280590929057538E-003  0.885211133825200E+002  0.700449060168563E+002
  0.280599671357456E-003  0.885210510700015E+002  0.700450699847942E+002
  0.280599798174099E-003  0.885210501661044E+002  0.700450723644079E+002
  0.274136826177101E-003  0.885194592650386E+002  0.700493113349469E+002
  0.225074982881829E-002  0.825130192278162E+002  0.700562315291664E+002
  0.225079810006592E-002  0.825129763347951E+002  0.700563520851495E+002
  0.225103266650415E-002  0.825127679160867E+002  0.700569391224806E+002
  0.225144112899318E-002  0.825124050378036E+002  0.700579662203107E+002
