  0.717358457707743E-027  0.203004548547705E+003  0.600607346292869E+002
  0.396287934597076E-026  0.199579591985687E+003  0.602191774420285E+002
  0.579976914367271E-025  0.194206071728863E+003  0.799715302873673E+002
  0.652705260978867E-025  0.193963141416662E+003  0.604845801162412E+002
  0.106491107053316E-024  0.192977444022739E+003  0.799125728063065E+002
  0.115729929598159E-024  0.192804392835123E+003  0.605402415033681E+002
  0.138056457397776E-024  0.192444930395856E+003  0.798869076451321E+002
  0.143813667726383E-024  0.192356563266722E+003  0.605618392686589E+002
  0.146715863640898E-024  0.192309949029801E+003  0.605640901387724E+002
  0.176119119628469E-024  0.191937967917100E+003  0.605820708888239E+002
  0.418347135958667E-024  0.190201010387905E+003  0.606664794397058E+002
  0.768706296079405E-024  0.188977559987321E+003  0.797180972083874E+002
  0.153656407431207E-023  0.187585714176542E+003  0.607949969635284E+002
  0.171656693328856E-023  0.187357503548326E+003  0.796381867459128E+002
  0.315671669251563E-023  0.186132435690381E+003  0.795773061500627E+002
  0.718828037021805E-023  0.184479941095413E+003  0.794945510447047E+002
  0.878871153478546E-023  0.184071253226424E+003  0.794739702346701E+002
  0.100199863664885E-022  0.183802370411945E+003  0.609840765950098E+002
  0.248748941500380E-022  0.181977160246290E+003  0.610766926105939E+002
  0.254113872206470E-022  0.181927827942957E+003  0.610792088840471E+002
  0.380015270319590E-022  0.181116314453500E+003  0.611207012795149E+002
  0.386224984110410E-022  0.181077241627129E+003  0.793217775197569E+002
  0.526785100360490E-022  0.180449840794709E+003  0.792895615134019E+002
  0.678501752607348E-022  0.179936996462207E+003  0.792631425265067E+002
  0.133171003993794E-021  0.178581676727350E+003  0.791929492292671E+002
  0.136079588114953E-021  0.178531809397920E+003  0.612541252793171E+002
  0.139436154517359E-021  0.178476420014757E+003  0.612570064669323E+002
  0.153963072031894E-021  0.178271552516827E+003  0.791768102451348E+002
  0.170512212651848E-021  0.178060708654728E+003  0.791658212180903E+002
  0.243867244307748E-021  0.177338418926730E+003  0.791280732200538E+002
  0.327604213466840E-021  0.176741398912554E+003  0.613477305443688E+002
  0.502564626797147E-021  0.175878907274992E+003  0.613931770371817E+002
  0.668014063947713E-021  0.175303081724959E+003  0.614236491670767E+002
  0.860577992112065E-021  0.174789836104328E+003  0.614508988569805E+002
  0.210470762618720E-020  0.172994525335753E+003  0.788975909547936E+002
  0.218516491840252E-020  0.172912840274239E+003  0.615512832041893E+002
  0.294684338817695E-020  0.172308098181419E+003  0.615838741163776E+002
  0.299765024535754E-020  0.172267254259888E+003  0.788584016319428E+002
  0.368221820825303E-020  0.171849225451006E+003  0.788357952687626E+002
  0.432508017782172E-020  0.171520739203082E+003  0.616264918365125E+002
  0.471000234674073E-020  0.171343568167221E+003  0.616361108049787E+002
  0.752667192774739E-020  0.170399383461494E+003  0.616875553044625E+002
  0.111641452529242E-019  0.169604219166557E+003  0.617311221051011E+002
  0.116304465270141E-019  0.169515725518802E+003  0.787084968781121E+002
  0.147846558869025E-019  0.169029142901909E+003  0.617627701636183E+002
  0.200863118276521E-019  0.168409589919888E+003  0.617969989273141E+002
  0.465191697271623E-019  0.166723282538982E+003  0.785536058837506E+002
  0.126115205567687E-018  0.164721964280255E+003  0.784408013564609E+002
  0.128779166768242E-018  0.164673502234500E+003  0.620064307717276E+002
  0.452544234268435E-018  0.162153273730798E+003  0.782937068637205E+002
  0.486714513395517E-018  0.162001033705120E+003  0.782849046944364E+002
  0.537720453318583E-018  0.161795055954483E+003  0.782729802143471E+002
  0.536118907805532E-018  0.161794366058769E+003  0.782729402451727E+002
  0.663465618209673E-018  0.161361468370151E+003  0.621966603269086E+002
  0.675042141619693E-018  0.161320216615269E+003  0.621990580956398E+002
  0.103432777214245E-017  0.160460097278647E+003  0.781952643414376E+002
  0.117675582586807E-017  0.160195422434642E+003  0.622647154646458E+002
  0.117468995434451E-017  0.160192281070387E+003  0.781795817595853E+002
  0.179944136488706E-017  0.159332681450685E+003  0.623154455255409E+002
  0.184385454593110E-017  0.159277261913531E+003  0.781257659713402E+002
  0.209215047314078E-017  0.159017937875091E+003  0.781104473585903E+002
  0.223670135346939E-017  0.158877662897008E+003  0.623423326332776E+002
  0.574931497863260E-017  0.156982850230605E+003  0.624552981176844E+002
  0.606915140930641E-017  0.156867918488492E+003  0.624622030498521E+002
  0.619758642627854E-017  0.156819380637006E+003  0.624651209794602E+002
  0.832531717293261E-017  0.156222442649189E+003  0.779433843291036E+002
  0.114745274942804E-016  0.155574130180727E+003  0.625403601434807E+002
  0.157325164021397E-016  0.154936274398836E+003  0.778652945257842E+002
  0.217363209301646E-016  0.154283108902758E+003  0.626191508919532E+002
  0.233336081595504E-016  0.154134633133274E+003  0.778162166028434E+002
  0.251457117955974E-016  0.153978392262519E+003  0.626378670779723E+002
  0.277487321294564E-016  0.153774731135820E+003  0.777940792879935E+002
  0.331546835680784E-016  0.153412087874360E+003  0.626727736496016E+002
  0.347034250209156E-016  0.153314123503980E+003  0.626788284869436E+002
  0.380456058659584E-016  0.153123573506535E+003  0.777538616908056E+002
  0.501655161850955E-016  0.152563833391178E+003  0.627253634588390E+002
  0.788315326617047E-016  0.151653207380128E+003  0.776622474699118E+002
  0.108319864152378E-015  0.151011000844886E+003  0.628226037830719E+002
  0.119290145516128E-015  0.150811404928472E+003  0.776092857836708E+002
  0.192542054084213E-015  0.149847237609290E+003  0.628963261878976E+002
  0.206679212792483E-015  0.149698875425214E+003  0.629057780647840E+002
  0.229935113994207E-015  0.149478961322100E+003  0.629198108874699E+002
  0.320359342608455E-015  0.148809013431194E+003  0.774817535865260E+002
  0.329604471063383E-015  0.148745457747710E+003  0.629668123289209E+002
  0.351824747647593E-015  0.148608322542419E+003  0.629756335035983E+002
  0.544884877568327E-015  0.147726784236404E+003  0.774118848065335E+002
  0.608014695544158E-015  0.147500879629326E+003  0.630472667937007E+002
  0.800685590278356E-015  0.146943685456071E+003  0.773609014813017E+002
  0.896076037510963E-015  0.146711916027573E+003  0.630987391037071E+002
  0.106387733179325E-014  0.146361960245549E+003  0.631216898205373E+002
  0.146082130948185E-014  0.145721147217985E+003  0.772805724514425E+002
  0.171278943504105E-014  0.145396242694317E+003  0.631854115595234E+002
  0.218836928747217E-014  0.144899520396462E+003  0.772260683712325E+002
  0.356416183068613E-014  0.143917320282785E+003  0.771603505324603E+002
  0.414933686345800E-014  0.143606625474759E+003  0.633050490268155E+002
  0.643295054509780E-014  0.142723000344226E+003  0.770795915386426E+002
  0.687335578173871E-014  0.142583906461602E+003  0.633743571547037E+002
  0.708279174261896E-014  0.142517219505449E+003  0.633789008067329E+002
  0.905715055594511E-014  0.142018791088265E+003  0.770315245885894E+002
  0.919412264713333E-014  0.141982115758495E+003  0.634154693979692E+002
  0.134190563385722E-013  0.141219237429664E+003  0.769765350898527E+002
  0.148444483573535E-013  0.141010681577814E+003  0.769621178349139E+002
  0.204255051702706E-013  0.140365709145592E+003  0.635271462750631E+002
  0.223945040614570E-013  0.140174991163449E+003  0.769040353443340E+002
  0.262248644275952E-013  0.139852550762614E+003  0.768814895221575E+002
  0.311434307267281E-013  0.139502104489004E+003  0.635875827773258E+002
  0.397438385151749E-013  0.139007745925252E+003  0.768220534599818E+002
  0.478934928124596E-013  0.138628040699899E+003  0.636493170383216E+002
  0.478114672694631E-013  0.138624813387716E+003  0.636495460546177E+002
  0.651167433989594E-013  0.138000325408624E+003  0.636940121103766E+002
  0.688168884947376E-013  0.137883134876621E+003  0.767420910107518E+002
  0.708431695116864E-013  0.137818440563181E+003  0.767374612437396E+002
  0.713466667863505E-013  0.137797620837591E+003  0.767359706064108E+002
  0.100461458829501E-012  0.137106518190886E+003  0.637581869563497E+002
  0.100663804112869E-012  0.137095838345450E+003  0.637589576154833E+002
  0.100358174172009E-012  0.137095264292846E+003  0.637589990418015E+002
  0.128550897981316E-012  0.136593449931453E+003  0.637953144507304E+002
  0.164761848938755E-012  0.136090442006535E+003  0.766125580076648E+002
  0.240380080778223E-012  0.135328345928247E+003  0.638877917589164E+002
  0.248257806016382E-012  0.135257197535987E+003  0.638930327374674E+002
  0.251828218554422E-012  0.135221983083685E+003  0.638956283332790E+002
  0.252765351296630E-012  0.135207898682558E+003  0.765478145849530E+002
  0.316428367215252E-012  0.134751972512534E+003  0.765141068402314E+002
  0.350781151462747E-012  0.134539185650652E+003  0.639461683329538E+002
  0.374322438563016E-012  0.134402620005903E+003  0.764881556441086E+002
  0.459811166569104E-012  0.133984567752600E+003  0.764569592088010E+002
  0.461761683251214E-012  0.133969446126154E+003  0.764558278574790E+002
  0.550554205917213E-012  0.133611037551690E+003  0.640155288374170E+002
  0.603774895014860E-012  0.133419829931339E+003  0.640299142930984E+002
  0.800578820162873E-012  0.132848907244839E+003  0.763714135819428E+002
  0.840924585299100E-012  0.132743917680561E+003  0.640810364687611E+002
  0.891086435292674E-012  0.132621383202829E+003  0.640903499197837E+002
  0.961562619408159E-012  0.132462491107394E+003  0.763420334508628E+002
  0.107554244727827E-011  0.132231794075779E+003  0.641200557771545E+002
  0.112060437099044E-011  0.132143052455010E+003  0.641268424981759E+002
  0.112087751225971E-011  0.132135909445018E+003  0.763170922479953E+002
  0.113979905846321E-011  0.132095773643355E+003  0.641304613419985E+002
  0.139140132642231E-011  0.131690199252283E+003  0.641615938392977E+002
  0.167326643983789E-011  0.131314611111625E+003  0.762539134989636E+002
  0.232427414751674E-011  0.130650695276167E+003  0.642421277313663E+002
  0.263339815550894E-011  0.130394305114306E+003  0.761823229110797E+002
  0.319110174592773E-011  0.130003467243022E+003  0.642928231958831E+002
  0.344224834119931E-011  0.129845294436076E+003  0.643052784501703E+002
  0.450302592283142E-011  0.129301389350598E+003  0.643483095885351E+002
  0.472446349237803E-011  0.129198724950776E+003  0.643564673149187E+002
  0.503055777160641E-011  0.129066515652513E+003  0.643669894251640E+002
  0.516042391258606E-011  0.129008884346788E+003  0.643715820366560E+002
  0.546031797170164E-011  0.128889252176772E+003  0.760633543576124E+002
  0.719368537614458E-011  0.128331203425631E+003  0.760186222822318E+002
  0.766621030337761E-011  0.128197310265988E+003  0.760078382286555E+002
  0.792161850432929E-011  0.128125108402377E+003  0.760020145789111E+002
  0.915700971726335E-011  0.127828604554685E+003  0.644664439305051E+002
  0.927038224997376E-011  0.127797339097334E+003  0.759755032779893E+002
  0.106705249169007E-010  0.127509362225554E+003  0.644923720330959E+002
  0.107718138908368E-010  0.127483811369392E+003  0.759500290673809E+002
  0.112361353361597E-010  0.127392751676483E+003  0.759426091847754E+002
  0.121678869057902E-010  0.127226765483341E+003  0.759290591922743E+002
  0.135823402242588E-010  0.127000169552148E+003  0.759105093217997E+002
  0.146828398436975E-010  0.126837695935365E+003  0.758971713852226E+002
  0.160895410451838E-010  0.126648060391080E+003  0.758815638892983E+002
  0.160935766670983E-010  0.126640903228423E+003  0.758809739932943E+002
  0.211933739757331E-010  0.126083710934430E+003  0.758348597060013E+002
  0.264497611541811E-010  0.125633938266913E+003  0.757973574595724E+002
  0.288834534596467E-010  0.125451239170073E+003  0.646624296718593E+002
  0.311863715038390E-010  0.125291158985671E+003  0.757686061045157E+002
  0.386211616098910E-010  0.124856865073740E+003  0.647125180507023E+002
  0.414674152599478E-010  0.124707994313790E+003  0.647251349790957E+002
  0.423076695700029E-010  0.124661217855681E+003  0.757153760445240E+002
  0.435569119340133E-010  0.124596362235529E+003  0.757098664251345E+002
  0.592067998977476E-010  0.123975770665104E+003  0.647876179025212E+002
  0.707790520498536E-010  0.123612061717946E+003  0.648189228980312E+002
  0.748212062729729E-010  0.123494329599350E+003  0.648290952147692E+002
  0.101520554862118E-009  0.122877354143539E+003  0.755617612131344E+002
  0.116787854694166E-009  0.122590502978816E+003  0.649078363097874E+002
  0.117715869139810E-009  0.122568017896652E+003  0.755346712713151E+002
  0.132045768531160E-009  0.122331612793284E+003  0.755138747399202E+002
  0.148902417576089E-009  0.122084672049074E+003  0.649524176010412E+002
  0.154873356669393E-009  0.121999383362078E+003  0.754845096436664E+002
  0.198025224005929E-009  0.121501154407199E+003  0.754401624439030E+002
  0.260208042475207E-009  0.120948324711270E+003  0.753905099022229E+002
  0.271490229555885E-009  0.120856779776281E+003  0.650622396923423E+002
  0.287586893729666E-009  0.120734926392479E+003  0.753712153937224E+002
  0.426093116242882E-009  0.119942005109331E+003  0.651456007247492E+002
  0.525211003441748E-009  0.119517065153043E+003  0.651847936165849E+002
  0.603921728040399E-009  0.119231120558786E+003  0.752331420702316E+002
  0.665830954608792E-009  0.119029282546175E+003  0.752143194543757E+002
  0.680384441438253E-009  0.118979382611869E+003  0.652348263215255E+002
  0.732728357995759E-009  0.118824492930957E+003  0.652493325833738E+002
  0.778428121600222E-009  0.118696834123125E+003  0.652613204128968E+002
  0.805488142360104E-009  0.118621834894931E+003  0.652683767603079E+002
  0.105308689825165E-008  0.118079114211706E+003  0.751247397325690E+002
  0.120514801139712E-008  0.117802705359056E+003  0.653461098131518E+002
  0.139453734657041E-008  0.117504129141618E+003  0.750697275335533E+002
  0.157518565310893E-008  0.117253852698913E+003  0.750455861283029E+002
  0.170966646439277E-008  0.117083346796515E+003  0.750290698694809E+002
  0.171028023161317E-008  0.117075973348735E+003  0.750283543513002E+002
  0.195059628615865E-008  0.116806362011787E+003  0.750021177503367E+002
  0.198004722166345E-008  0.116769735271319E+003  0.749985423849569E+002
  0.211108183899755E-008  0.116634920006635E+003  0.749853591036903E+002
  0.219216914567233E-008  0.116552882436232E+003  0.749773189464889E+002
  0.228727490274896E-008  0.116461287697945E+003  0.749683260384160E+002
  0.245454574118680E-008  0.116313470918100E+003  0.654907042357000E+002
  0.294938780911375E-008  0.115939503504923E+003  0.749167679071538E+002
  0.315438375222196E-008  0.115798456872225E+003  0.749027334070868E+002
  0.317954212506078E-008  0.115775913196325E+003  0.749004863513255E+002
  0.421226859178241E-008  0.115206729296394E+003  0.656010908214668E+002
  0.446183447165850E-008  0.115084956441185E+003  0.656133979166981E+002
  0.465620894743426E-008  0.114993017684063E+003  0.748217697371512E+002
  0.477744252508906E-008  0.114934954543318E+003  0.748158780208260E+002
  0.509379407988449E-008  0.114800063793210E+003  0.656423200684103E+002
  0.607698578640737E-008  0.114440436487934E+003  0.747653892112446E+002
  0.628028378699677E-008  0.114367968199275E+003  0.656865381504950E+002
  0.646240851053750E-008  0.114304138790518E+003  0.656931066666184E+002
  0.693967034435486E-008  0.114154978830693E+003  0.747359877604895E+002
  0.848265327874432E-008  0.113746785220643E+003  0.746936089296362E+002
  0.846510423096279E-008  0.113744271558123E+003  0.657511346372885E+002
  0.849601152632088E-008  0.113730326992942E+003  0.657525895505513E+002
  0.889938491032731E-008  0.113630900728805E+003  0.657629769986769E+002
  0.950654600414992E-008  0.113492248246147E+003  0.657775030931072E+002
  0.975200146233128E-008  0.113434608810473E+003  0.746609256062180E+002
  0.105618985200882E-007  0.113268392222114E+003  0.746434249845006E+002
  0.114000771303273E-007  0.113109002491973E+003  0.746265778367278E+002
  0.128337349042878E-007  0.112865432667421E+003  0.658437735326372E+002
  0.132672645467839E-007  0.112792332196099E+003  0.745929138056491E+002
  0.135365854190242E-007  0.112745483891868E+003  0.745879114959359E+002
  0.135633390537294E-007  0.112734879423423E+003  0.658577029635492E+002
  0.139010030302753E-007  0.112679042837468E+003  0.658636740617701E+002
  0.140336471770585E-007  0.112653393621390E+003  0.658664197021272E+002
  0.148741751171583E-007  0.112530400681896E+003  0.745648716556974E+002
  0.174188240638509E-007  0.112207895164481E+003  0.745300937709698E+002
  0.175092775965892E-007  0.112190880735042E+003  0.659162301598228E+002
  0.216470442491988E-007  0.111759949090828E+003  0.659631636667761E+002
  0.227110815579917E-007  0.111657325392866E+003  0.659744170400606E+002
  0.243903564665797E-007  0.111508000117346E+003  0.659908450093573E+002
  0.260144500240973E-007  0.111372415884363E+003  0.744386646483338E+002
  0.265571215577082E-007  0.111324468724472E+003  0.660111239413573E+002
  0.278796950167245E-007  0.111220611738203E+003  0.744218385584523E+002
  0.316026400185803E-007  0.110963272127409E+003  0.660513215819399E+002
  0.339776930163855E-007  0.110811689428128E+003  0.743761742252760E+002
  0.358997685189198E-007  0.110694980595963E+003  0.660814323683870E+002
  0.357884471105881E-007  0.110694536441008E+003  0.743629989548845E+002
  0.381569508821263E-007  0.110559715250899E+003  0.743477846083684E+002
  0.385121380845591E-007  0.110534528617415E+003  0.743449361144800E+002
  0.434042711041409E-007  0.110288704272683E+003  0.661274509040896E+002
  0.467741544947328E-007  0.110132502798124E+003  0.661452819395006E+002
  0.577662221090015E-007  0.109703700385363E+003  0.661946372728454E+002
  0.653642170052318E-007  0.109449903293462E+003  0.742203449145964E+002
  0.665099549736894E-007  0.109408494378924E+003  0.662289701281999E+002
  0.698484292734517E-007  0.109303886872735E+003  0.662412071711250E+002
  0.701574764780044E-007  0.109288401730543E+003  0.742014595239098E+002
  0.718136543169404E-007  0.109235081649951E+003  0.662492765921578E+002
  0.757535845269881E-007  0.109121603801288E+003  0.662626211091433E+002
  0.846686206113454E-007  0.108892429636277E+003  0.741547722595912E+002
  0.903852542039195E-007  0.108755101894674E+003  0.741384505863792E+002
  0.102060010219008E-006  0.108505486636721E+003  0.741086077918019E+002
  0.102597613568162E-006  0.108488323662270E+003  0.741065474451391E+002
  0.103426510654930E-006  0.108465574790828E+003  0.663406665046857E+002
  0.117898273568212E-006  0.108196997519194E+003  0.663730746820224E+002
  0.133725852604770E-006  0.107938402611099E+003  0.664045382801574E+002
  0.163455257216345E-006  0.107530252093886E+003  0.739897482216659E+002
  0.175071179876919E-006  0.107386289840376E+003  0.664725980827003E+002
  0.183124369440461E-006  0.107289688454077E+003  0.664846336751581E+002
  0.203729418479853E-006  0.107069778479919E+003  0.739323034284567E+002
  0.219460301949080E-006  0.106914365647711E+003  0.739127136221129E+002
  0.237876015746856E-006  0.106746553595007E+003  0.738914434552878E+002
  0.246608159401237E-006  0.106667795850651E+003  0.665630630664827E+002
  0.272565218915779E-006  0.106460985784148E+003  0.665895198772143E+002
  0.289342861591333E-006  0.106334861331404E+003  0.666057497432761E+002
  0.313097116426416E-006  0.106170403628579E+003  0.738174589183242E+002
  0.313810026686225E-006  0.106159199300944E+003  0.738160050509457E+002
  0.393431345643508E-006  0.105700306142103E+003  0.737559454192417E+002
  0.439971888796183E-006  0.105470042053554E+003  0.667190606897404E+002
  0.538381780235349E-006  0.105059672270542E+003  0.736703504947988E+002
  0.540584748203211E-006  0.105044849723279E+003  0.667761364590949E+002
  0.547762977488583E-006  0.105011811643437E+003  0.736638703903396E+002
  0.550744717460800E-006  0.104994298616158E+003  0.667829851956990E+002
  0.583226728300783E-006  0.104873033804042E+003  0.736450111605486E+002
  0.602655673429162E-006  0.104800838221733E+003  0.668093224276744E+002
  0.605300510255878E-006  0.104785424572045E+003  0.668114295517798E+002
  0.662636534601850E-006  0.104597765830431E+003  0.668371886467500E+002
  0.672447937542702E-006  0.104561714119057E+003  0.736023215664781E+002
  0.773288336021558E-006  0.104275603947003E+003  0.668818735917094E+002
  0.828876375702407E-006  0.104130110304238E+003  0.669022511884103E+002
  0.861581406704617E-006  0.104046057671579E+003  0.669140806628653E+002
  0.858891445265556E-006  0.104045656101453E+003  0.735303440721019E+002
  0.911608917444900E-006  0.103919863443474E+003  0.669319209578097E+002
  0.111788879352499E-005  0.103505235663019E+003  0.734532502906899E+002
  0.119434657276561E-005  0.103366265414567E+003  0.734331262770338E+002
  0.119942686988311E-005  0.103351120635438E+003  0.734309255640905E+002
  0.121229079249671E-005  0.103323129150453E+003  0.670176272559837E+002
  0.121467909048331E-005  0.103312537305917E+003  0.734253121236623E+002
  0.127029065615172E-005  0.103216350088632E+003  0.734112749446817E+002
  0.129938468077982E-005  0.103164404323365E+003  0.734036684311308E+002
  0.131172061294011E-005  0.103138850962273E+003  0.670445614288913E+002
  0.136311728613538E-005  0.103055326424867E+003  0.733876364658485E+002
  0.136702539121572E-005  0.103042944978730E+003  0.670586698120597E+002
  0.142358215693604E-005  0.102955210980873E+003  0.733728499779578E+002
  0.143632069924732E-005  0.102930738534596E+003  0.733692249682093E+002
  0.146947620180789E-005  0.102878440478147E+003  0.670830171267028E+002
  0.153996000060967E-005  0.102778084037027E+003  0.733465178971770E+002
  0.156207821177878E-005  0.102742907098307E+003  0.671032193954850E+002
  0.157525143136800E-005  0.102719455964571E+003  0.671067282575171E+002
  0.162794052464157E-005  0.102646998713112E+003  0.671175946862584E+002
  0.166512103699623E-005  0.102595178969836E+003  0.671253894890553E+002
  0.166773094370346E-005  0.102585391048633E+003  0.671268640066569E+002
  0.167337537587396E-005  0.102571977901343E+003  0.671288857940049E+002
  0.172859389323758E-005  0.102500391261544E+003  0.671396985987741E+002
  0.178861510070363E-005  0.102425469013171E+003  0.732934253517049E+002
  0.189304166960520E-005  0.102305326931366E+003  0.671693564404045E+002
  0.209590775878094E-005  0.102095067605539E+003  0.732428307151334E+002
  0.234974287783674E-005  0.101859773722937E+003  0.672382043149358E+002
  0.238950993035613E-005  0.101819553370004E+003  0.672444975854032E+002
  0.247998895559865E-005  0.101738566165975E+003  0.731872711891874E+002
  0.283473810116923E-005  0.101464519694603E+003  0.731438438089015E+002
  0.287268949800920E-005  0.101431265822601E+003  0.673059511892273E+002
  0.298227369186427E-005  0.101349735652097E+003  0.673190200686268E+002
  0.298709381258624E-005  0.101339850167393E+003  0.731238726893892E+002
  0.304477276863750E-005  0.101294943930695E+003  0.673278360615492E+002
  0.310227889409481E-005  0.101250866961332E+003  0.673349475870299E+002
  0.310130426451772E-005  0.101244839811239E+003  0.673359213893593E+002
  0.321972548700460E-005  0.101163237531173E+003  0.730953430563929E+002
  0.336993541908073E-005  0.101065386996459E+003  0.730794138506272E+002
  0.339900333334043E-005  0.101041554074888E+003  0.673689607600163E+002
  0.362453749295408E-005  0.100906409613463E+003  0.730533426414359E+002
  0.374581779780181E-005  0.100833927489901E+003  0.674031053080037E+002
  0.377246369194883E-005  0.100813095262698E+003  0.674065540597124E+002
  0.382688885470441E-005  0.100777791929711E+003  0.674124081515046E+002
  0.388907049906051E-005  0.100738900311111E+003  0.730256099391173E+002
  0.394101721557884E-005  0.100705707363506E+003  0.674243994434180E+002
  0.403456801904197E-005  0.100652131041357E+003  0.730111360696461E+002
  0.402123346890306E-005  0.100652096558942E+003  0.730111303027474E+002
  0.402616990208416E-005  0.100642987300931E+003  0.674348749162643E+002
  0.401506838413982E-005  0.100641854016991E+003  0.674350645588980E+002
  0.403114949872796E-005  0.100627204054235E+003  0.674375172319921E+002
  0.426126312403686E-005  0.100509520366813E+003  0.729871827730564E+002
  0.439568299114160E-005  0.100440750193439E+003  0.729755574649024E+002
  0.440250651816442E-005  0.100430992371191E+003  0.729739039672736E+002
  0.451527755503382E-005  0.100373751556975E+003  0.729641842271558E+002
  0.451524181177957E-005  0.100367111808992E+003  0.729630545379202E+002
  0.468939172080076E-005  0.100284767960550E+003  0.674954757219931E+002
  0.477976020738422E-005  0.100239937375492E+003  0.729413264465866E+002
  0.482015039363146E-005  0.100216452295010E+003  0.675071864156265E+002
  0.482548084347579E-005  0.100207586200964E+003  0.729357714035217E+002
  0.482174441784069E-005  0.100202479843782E+003  0.729348935478263E+002
  0.496134115370359E-005  0.100138743617445E+003  0.675205689719193E+002
  0.503790331309382E-005  0.100101460260976E+003  0.729174680606179E+002
  0.503410076329676E-005  0.100096314827112E+003  0.675279038761887E+002
  0.533313280832792E-005  0.999742514041937E+002  0.675491179066495E+002
  0.540447997657269E-005  0.999410170230357E+002  0.675549231035406E+002
  0.548343358328169E-005  0.999053549705926E+002  0.728833149149367E+002
  0.585132312515969E-005  0.997688267106683E+002  0.675852049740971E+002
  0.585268488950532E-005  0.997617057294511E+002  0.675864647810822E+002
  0.587978453775112E-005  0.997458109361205E+002  0.675892789796770E+002
  0.597499710274068E-005  0.997070283660932E+002  0.728483232010391E+002
  0.598836650562750E-005  0.996959026690110E+002  0.675981349340036E+002
  0.609577207347674E-005  0.996536935752359E+002  0.728388332476788E+002
  0.617513210748902E-005  0.996211682989571E+002  0.728330290356263E+002
  0.635106596836993E-005  0.995583279354912E+002  0.676227030348259E+002
  0.646861347195343E-005  0.995149941220916E+002  0.728139915334584E+002
  0.668059751317463E-005  0.994438472475654E+002  0.676433254072041E+002
  0.668887501067136E-005  0.994347151303171E+002  0.727995037939441E+002
  0.679002675079006E-005  0.993980411878589E+002  0.676516231799142E+002
  0.695999274144001E-005  0.993419385073676E+002  0.676618228243098E+002
  0.697113310671898E-005  0.993320842287353E+002  0.676636185613597E+002
  0.748927650484607E-005  0.991820398137955E+002  0.676911184090415E+002
  0.759422852899673E-005  0.991475515202709E+002  0.727469996605787E+002
  0.759602813037480E-005  0.991404220570099E+002  0.727456822332688E+002
  0.770261927722952E-005  0.991058965955587E+002  0.677051887077717E+002
  0.774222890166429E-005  0.990889826532800E+002  0.677083248787744E+002
  0.813314207306632E-005  0.989838116534727E+002  0.677279140963275E+002
  0.815667828381048E-005  0.989713767027096E+002  0.677302404179311E+002
  0.817360862539710E-005  0.989605741414586E+002  0.727122182355725E+002
  0.830875237264773E-005  0.989211206445451E+002  0.677396644930337E+002
  0.832896199354818E-005  0.989096063126358E+002  0.677418287156545E+002
  0.897895946680125E-005  0.987526604014288E+002  0.726729626761407E+002
  0.908638194317624E-005  0.987222192220510E+002  0.677773190790611E+002
  0.905865247666819E-005  0.987216764962044E+002  0.726670587356336E+002
  0.918189278204907E-005  0.986879949299108E+002  0.677838568094788E+002
  0.936333670940455E-005  0.986422026612786E+002  0.677926318406297E+002
  0.942985968773611E-005  0.986213880727444E+002  0.726478503828584E+002
  0.970260892059174E-005  0.985577053064666E+002  0.726355737899298E+002
  0.105296517916985E-004  0.983874488319758E+002  0.726024412847213E+002
  0.107833059774448E-004  0.983331853757431E+002  0.678526972820181E+002
  0.107999443830295E-004  0.983234462175789E+002  0.678546151069896E+002
  0.110925272529684E-004  0.982633292838877E+002  0.678664878346594E+002
  0.120074108107568E-004  0.980981689725337E+002  0.678994183484643E+002
  0.123919433208426E-004  0.980284683873108E+002  0.725310248118938E+002
  0.123618450709728E-004  0.980266764286813E+002  0.725306627730815E+002
  0.126953693573354E-004  0.979667756665615E+002  0.679259534898837E+002
  0.129143120776851E-004  0.979259223857529E+002  0.725102147440039E+002
  0.131481626816602E-004  0.978833750674039E+002  0.679429566748654E+002
  0.138216331644040E-004  0.977768135742158E+002  0.679648681097851E+002
  0.139334146950268E-004  0.977540481843025E+002  0.679695768146346E+002
  0.140462411962329E-004  0.977312627255806E+002  0.679742995466668E+002
  0.142802344766306E-004  0.976915640509174E+002  0.679825516636752E+002
  0.148332826080192E-004  0.976089142625213E+002  0.679998302787600E+002
  0.148930617113901E-004  0.975942147488725E+002  0.680029174226979E+002
  0.149353736170225E-004  0.975818851286584E+002  0.680055101648224E+002
  0.151000096208915E-004  0.975533037216619E+002  0.680115321188648E+002
  0.150504263410313E-004  0.975532262652054E+002  0.680115484608257E+002
  0.150175141128259E-004  0.975509490682220E+002  0.680120289636538E+002
  0.150297919850456E-004  0.975426590156666E+002  0.724307022533012E+002
  0.152201442181246E-004  0.975108325069415E+002  0.680205110051094E+002
  0.151756541928015E-004  0.975100316908250E+002  0.680206806582767E+002
  0.154703530490891E-004  0.974649100307697E+002  0.724142204427898E+002
  0.154299919452286E-004  0.974634791335866E+002  0.724139159489693E+002
  0.156264429361420E-004  0.974315207635672E+002  0.724071041744089E+002
  0.158168892441538E-004  0.974006376446708E+002  0.680439800069634E+002
  0.163403494186428E-004  0.973288637348339E+002  0.680594031690441E+002
  0.165960183160075E-004  0.972911574893349E+002  0.680675499216334E+002
  0.166977411751320E-004  0.972722806187688E+002  0.723728413319220E+002
  0.168353728423585E-004  0.972492075427319E+002  0.680766499123710E+002
  0.172033913074063E-004  0.971993032941598E+002  0.723569554412335E+002
  0.175890638509397E-004  0.971483061071998E+002  0.723457837044043E+002
  0.175451090859837E-004  0.971466547476024E+002  0.723454209655193E+002
  0.175177304734324E-004  0.971431225445832E+002  0.680998364819965E+002
  0.184209714157235E-004  0.970359145073641E+002  0.681235287409114E+002
  0.184465477521846E-004  0.970264839815202E+002  0.681256256351213E+002
  0.184641866233766E-004  0.970179168845002E+002  0.723169489890370E+002
  0.184167289525088E-004  0.970164084321798E+002  0.681278682711747E+002
  0.185542698471859E-004  0.969948718335013E+002  0.723118113514480E+002
  0.192123598888947E-004  0.969185085070653E+002  0.722946959741292E+002
  0.191880014098937E-004  0.969143902449097E+002  0.722937689257645E+002
  0.191706359646652E-004  0.969095455159541E+002  0.722926778134802E+002
  0.191172262028830E-004  0.969084697507181E+002  0.722924354555103E+002
  0.194175045545641E-004  0.968706439068463E+002  0.681605857532904E+002
  0.194461346933530E-004  0.968610415986116E+002  0.722817220725005E+002
  0.199932850598828E-004  0.967988897178734E+002  0.681768835052505E+002
  0.200341090963851E-004  0.967881545265599E+002  0.722651483492045E+002
  0.199992639408766E-004  0.967849805580066E+002  0.681800577857578E+002
  0.201967706479320E-004  0.967586704722373E+002  0.681860756781885E+002
  0.203583404363725E-004  0.967360789827241E+002  0.681912572469957E+002
  0.207729176311911E-004  0.966891045545743E+002  0.722424075358530E+002
  0.211941131849156E-004  0.966423022507844E+002  0.722315726929709E+002
  0.215270204758323E-004  0.966044757721576E+002  0.682217084574024E+002
  0.216039970628978E-004  0.965906813231779E+002  0.722195541641038E+002
  0.216393422713240E-004  0.965807563177500E+002  0.722172350978863E+002
  0.216834686953289E-004  0.965700265384738E+002  0.682297564003113E+002
  0.218983805912332E-004  0.965436458992145E+002  0.682359414248862E+002
  0.220890292506968E-004  0.965196535534465E+002  0.722028980762361E+002
  0.221958239522733E-004  0.965033517939582E+002  0.682454258578083E+002
  0.223814439962635E-004  0.964800400905636E+002  0.721935475463007E+002
  0.223875576994813E-004  0.964728382660553E+002  0.721918428282844E+002
  0.233026108310621E-004  0.963860625609938E+002  0.721711852433197E+002
  0.233773940947124E-004  0.963729988128790E+002  0.682764250227888E+002
  0.234894325273879E-004  0.963567809342256E+002  0.682803163994241E+002
  0.234859350066458E-004  0.963504231714652E+002  0.721626373196240E+002
  0.236023745512168E-004  0.963338764074173E+002  0.682858255156286E+002
  0.239311949186111E-004  0.962995498051467E+002  0.682941114013324E+002
  0.239157433741438E-004  0.962941859728187E+002  0.721490719906018E+002
  0.247889180063899E-004  0.962158109165141E+002  0.683144755837731E+002
  0.251347786607464E-004  0.961814437515938E+002  0.721215849415722E+002
  0.252468429941482E-004  0.961658909176452E+002  0.721177618070033E+002
  0.259647623178052E-004  0.961031569267816E+002  0.683422194853922E+002
  0.258826313243233E-004  0.961028377161925E+002  0.683422986808224E+002
  0.259763723472573E-004  0.960889516750730E+002  0.720987343414382E+002
  0.262972173819740E-004  0.960577445716044E+002  0.720909614393210E+002
  0.272918502164975E-004  0.959768389911486E+002  0.720706576898913E+002
  0.272334035457942E-004  0.959744710897217E+002  0.683744212627478E+002
  0.271969398813546E-004  0.959704951670654E+002  0.683754251219784E+002
  0.271535777344678E-004  0.959670308835219E+002  0.683763002452757E+002
  0.270650023475517E-004  0.959669099979436E+002  0.720681505629899E+002
  0.272997627708662E-004  0.959429813268486E+002  0.720620944003749E+002
  0.276176063094878E-004  0.959131748133274E+002  0.683899587483858E+002
  0.277396962011811E-004  0.958976972650105E+002  0.720505784495795E+002
  0.286202470759725E-004  0.958285417970271E+002  0.720328505557514E+002
  0.285378529318281E-004  0.958276522728306E+002  0.720326213968168E+002
  0.286964494977020E-004  0.958099126423419E+002  0.684164361069353E+002
  0.287509370295975E-004  0.957994631525270E+002  0.684191371137861E+002
  0.297944175217846E-004  0.957215062014760E+002  0.720050646214790E+002
  0.297230010323159E-004  0.957196503270224E+002  0.720045790247924E+002
  0.297900874281190E-004  0.957084857269926E+002  0.720016549677542E+002
  0.298485529362144E-004  0.956979088282482E+002  0.719988803930394E+002
  0.298493951028133E-004  0.956911968195505E+002  0.684473639307333E+002
  0.299642321517374E-004  0.956768615720188E+002  0.684511350915681E+002
  0.308608595509483E-004  0.956112374097499E+002  0.719759790415705E+002
  0.307612137865080E-004  0.956110500216195E+002  0.719759292036542E+002
  0.308116591833634E-004  0.956011173224232E+002  0.684711958893201E+002
  0.308536276691688E-004  0.955917394007438E+002  0.719707857177176E+002
  0.311654845814053E-004  0.955649700505044E+002  0.684808509204104E+002
  0.314021930901595E-004  0.955431814401731E+002  0.719577846920329E+002
  0.318078898738039E-004  0.955108525917071E+002  0.719490746111515E+002
  0.323830469664435E-004  0.954683556598580E+002  0.719375577512759E+002
  0.324303456003481E-004  0.954587810136940E+002  0.719349522894690E+002
  0.324159559576440E-004  0.954530130488449E+002  0.719333807905675E+002
  0.324208498590599E-004  0.954460555474675E+002  0.719314832764152E+002
  0.329604362796546E-004  0.954063875440955E+002  0.685238572016685E+002
  0.333613882243767E-004  0.953755494669669E+002  0.719121340117401E+002
  0.334283648349310E-004  0.953648826946488E+002  0.685352939940829E+002
  0.335163334699567E-004  0.953529709141736E+002  0.685385906704665E+002
  0.336703754645367E-004  0.953371443377040E+002  0.719015005445105E+002
  0.338031225858221E-004  0.953226191615206E+002  0.718974612774598E+002
  0.337552257151677E-004  0.953187994634954E+002  0.685480839034680E+002
  0.337461659176230E-004  0.953126807491364E+002  0.685497894428786E+002
  0.337024767159139E-004  0.953086161303767E+002  0.685509233827787E+002
  0.340879321260808E-004  0.952792163554998E+002  0.718853330542112E+002
  0.341216750475437E-004  0.952705819969216E+002  0.718829097571329E+002
  0.340570463542316E-004  0.952677181400975E+002  0.685623761399858E+002
  0.341330313162487E-004  0.952566053135759E+002  0.685655017688802E+002
  0.342312029792501E-004  0.952442056930166E+002  0.685689963008721E+002
  0.345568818268066E-004  0.952186118747948E+002  0.718682485952701E+002
  0.349859984785229E-004  0.951872738485428E+002  0.685851369065496E+002
  0.354710085446788E-004  0.951530827400791E+002  0.685949072829016E+002
  0.356722924320242E-004  0.951351100339430E+002  0.718444146323996E+002
  0.355603268485666E-004  0.951347417798056E+002  0.686001726071881E+002
  0.357404908681647E-004  0.951179789156476E+002  0.718394814680463E+002
  0.361259717666702E-004  0.950898677312034E+002  0.718313536572766E+002
  0.362406133490245E-004  0.950768754320435E+002  0.718275832782698E+002
  0.362708446532772E-004  0.950685521812947E+002  0.686193181515929E+002
  0.362591907559205E-004  0.950625393085004E+002  0.718234126167342E+002
  0.361640549192834E-004  0.950611381678515E+002  0.718230044143331E+002
  0.366180942547133E-004  0.950295289290759E+002  0.686307136639005E+002
  0.364968362082134E-004  0.950295071872546E+002  0.718137613173762E+002
  0.364215227942727E-004  0.950269829913600E+002  0.686314599614696E+002
  0.365851851822633E-004  0.950113604180484E+002  0.686360471363930E+002
  0.368430008171298E-004  0.949906602749576E+002  0.686421457243337E+002
  0.371739087166727E-004  0.949661217484943E+002  0.686494057908373E+002
  0.370565016132850E-004  0.949657928045633E+002  0.686495033411448E+002
  0.370583499952394E-004  0.949590374666687E+002  0.686515080171087E+002
  0.370437610216072E-004  0.949531693929994E+002  0.717912298806702E+002
  0.369983408513793E-004  0.949489675614126E+002  0.717899802890810E+002
  0.370391808930388E-004  0.949401055299663E+002  0.717873415197128E+002
  0.374067723994034E-004  0.949136990041595E+002  0.717794521674547E+002
  0.374052039671778E-004  0.949071272839282E+002  0.717774825465739E+002
  0.373679281906940E-004  0.949024657772019E+002  0.686683974277303E+002
  0.374754305918385E-004  0.948900647319907E+002  0.686721243356076E+002
  0.375429775202015E-004  0.948798075319727E+002  0.686752137342580E+002
  0.378524517828090E-004  0.948567331315201E+002  0.717622951147651E+002
  0.377474762616158E-004  0.948556318205716E+002  0.717619615368032E+002
  0.376661725177705E-004  0.948532886573909E+002  0.686832297815077E+002
  0.378112306215595E-004  0.948389455693502E+002  0.686875828151867E+002
  0.379474023816315E-004  0.948251002128279E+002  0.717526848182000E+002
  0.381897407597076E-004  0.948057129126722E+002  0.717467648817456E+002
  0.381603596718179E-004  0.948005966147759E+002  0.717451987760955E+002
  0.384518600824750E-004  0.947787214355083E+002  0.687059968421145E+002
  0.383394608512104E-004  0.947779206477743E+002  0.687062431963748E+002
  0.382700406045018E-004  0.947748896971396E+002  0.687071760004750E+002
  0.381870197843579E-004  0.947725775145346E+002  0.717365933698540E+002
  0.381514107439502E-004  0.947677877858080E+002  0.687093639344026E+002
  0.386384881138362E-004  0.947357599152791E+002  0.687192705475302E+002
  0.385315138442017E-004  0.947346492015155E+002  0.687196152767077E+002
  0.384968055451604E-004  0.947297959870920E+002  0.717233588688213E+002
  0.383701156984905E-004  0.947297330977201E+002  0.717233393280534E+002
  0.385670820609466E-004  0.947128371241488E+002  0.687264011302017E+002
  0.386372869888670E-004  0.947025441877808E+002  0.717148673216633E+002
  0.387380408521229E-004  0.946906800263584E+002  0.687333259858171E+002
  0.387310163362910E-004  0.946843871466425E+002  0.687352986076394E+002
  0.387193963071502E-004  0.946783316938848E+002  0.717072820756713E+002
  0.386264093762495E-004  0.946764850092758E+002  0.687377793941501E+002
  0.399420741659947E-004  0.946028413582314E+002  0.716833798456640E+002
  0.399525206571284E-004  0.945956627643821E+002  0.716810865228822E+002
  0.400653970678933E-004  0.945833646236880E+002  0.716771492734049E+002
  0.400808280059810E-004  0.945759389042596E+002  0.687697145910695E+002
  0.399917110184328E-004  0.945737351386629E+002  0.687704224125171E+002
  0.400333654328568E-004  0.945649974902043E+002  0.716712491159275E+002
  0.410792542817772E-004  0.945067619303609E+002  0.687921004422269E+002
  0.409847545472720E-004  0.945047124998201E+002  0.716517123629043E+002
  0.413695633792986E-004  0.944793663813710E+002  0.716434181703738E+002
  0.414029627302873E-004  0.944710967703292E+002  0.688037798000276E+002
  0.416073165989367E-004  0.944545940105837E+002  0.716352646854322E+002
  0.414775901886891E-004  0.944541839217003E+002  0.688093520386178E+002
  0.413440151357066E-004  0.944539795648776E+002  0.688094195019841E+002
  0.412771635395095E-004  0.944505605209827E+002  0.688105486932229E+002
  0.413620422922212E-004  0.944397965381715E+002  0.688141095750364E+002
  0.415929892317862E-004  0.944220049228602E+002  0.716244662277763E+002
  0.415904930032115E-004  0.944154693774947E+002  0.688221907171300E+002
  0.414802686950118E-004  0.944141212903734E+002  0.716218414557808E+002
  0.414710508909401E-004  0.944079102024110E+002  0.716197700679153E+002
  0.415332769819836E-004  0.943982559302637E+002  0.716165442746716E+002
  0.414141282881229E-004  0.943973461006740E+002  0.688282414656748E+002
  0.413328222128265E-004  0.943946208696300E+002  0.688291536011329E+002
  0.417245561728259E-004  0.943690994464664E+002  0.716067565613989E+002
  0.418955735217805E-004  0.943542631763912E+002  0.716017494270239E+002
  0.419149414977453E-004  0.943466832264508E+002  0.688452971322187E+002
  0.419273870284329E-004  0.943394338874328E+002  0.688477549318785E+002
  0.424785846209502E-004  0.943066566754613E+002  0.715855584015983E+002
  0.423532844695064E-004  0.943059092636993E+002  0.715853026725804E+002
  0.423388620777672E-004  0.942999348513656E+002  0.715832567835997E+002
  0.422450044782282E-004  0.942977178310089E+002  0.715824968001817E+002
  0.421643960973904E-004  0.942948821289315E+002  0.688629572365689E+002
  0.421292699000598E-004  0.942898933975632E+002  0.715798112234202E+002
  0.420244587625242E-004  0.942882197091322E+002  0.715792360740568E+002
  0.428207224445412E-004  0.942440234201281E+002  0.715639591687692E+002
  0.427278017813802E-004  0.942417125414110E+002  0.688813257515511E+002
  0.438187740714138E-004  0.941846318544916E+002  0.715431516417540E+002
  0.437911357745474E-004  0.941792381542846E+002  0.715412457285518E+002
  0.439236385766958E-004  0.941665401301020E+002  0.689077334979694E+002
  0.441020499146940E-004  0.941517772991648E+002  0.715314991638054E+002
  0.440334002104489E-004  0.941482373650915E+002  0.689142438875215E+002
  0.439732832478597E-004  0.941443141670197E+002  0.715288377414622E+002
  0.439097279169571E-004  0.941405513116575E+002  0.689169875385909E+002
  0.438977043534886E-004  0.941344434556560E+002  0.689191719479721E+002
  0.439675455386701E-004  0.941246084069105E+002  0.715217842886974E+002
  0.446685040733408E-004  0.940863190546363E+002  0.715079684163610E+002
  0.450296763793134E-004  0.940635572722491E+002  0.714996845131847E+002
  0.453183414866937E-004  0.940441215073310E+002  0.714925683222698E+002
  0.457637888650487E-004  0.940179033223579E+002  0.689615761702876E+002
  0.465536589011207E-004  0.939770228223851E+002  0.714676884257947E+002
  0.470186953895047E-004  0.939504878527965E+002  0.689867702167233E+002
  0.470666201691516E-004  0.939417947693724E+002  0.714544249219927E+002
  0.471351313048650E-004  0.939322300650266E+002  0.689936822973219E+002
  0.471285172381086E-004  0.939258551472968E+002  0.689961049079762E+002
  0.978754144971083E-004  0.926403471384740E+002  0.714297886160055E+002
  0.968700573703004E-004  0.926339695473162E+002  0.714273227335119E+002
  0.957809918803708E-004  0.926297359366482E+002  0.714256830263602E+002
  0.974263198111784E-004  0.925822936655495E+002  0.714071531273287E+002
  0.994567073227707E-004  0.925276635910125E+002  0.713854502378446E+002
  0.100171552450261E-003  0.925133400040866E+002  0.713796925724240E+002
  0.100211103952691E-003  0.924857044439368E+002  0.713685021558565E+002
  0.101556290292182E-003  0.924590359869083E+002  0.713575987775785E+002
  0.103165232816125E-003  0.924275986348005E+002  0.713446096210776E+002
  0.102724211648982E-003  0.924226073900566E+002  0.713425335055771E+002
  0.100938890263078E-003  0.924039779970452E+002  0.713347503660316E+002
  0.101696337071402E-003  0.923494207452877E+002  0.713116371647737E+002
  0.101307798830526E-003  0.923439617234943E+002  0.713092974015091E+002
  0.101507111973682E-003  0.923269159844541E+002  0.713019588819033E+002
  0.101103357550754E-003  0.923217722414877E+002  0.712997345846069E+002
  0.989898837791904E-004  0.922865945667374E+002  0.712843979319962E+002
  0.994921109410411E-004  0.922637747251169E+002  0.712743294609452E+002
  0.985811330537662E-004  0.922568548494458E+002  0.712712572085213E+002
  0.986259380896222E-004  0.922183273938457E+002  0.712539847307924E+002
  0.993103392899982E-004  0.921551113755040E+002  0.712249996020510E+002
  0.993586133396391E-004  0.921419069719028E+002  0.712188388341108E+002
  0.995292417419638E-004  0.921384753205510E+002  0.712172314862672E+002
  0.990359744372603E-004  0.921361042405208E+002  0.712161193798474E+002
  0.989435505260383E-004  0.921256638523299E+002  0.712112076535636E+002
  0.984699570404251E-004  0.921229521088112E+002  0.712099279059291E+002
  0.980578291766932E-004  0.921068001210584E+002  0.712022707109427E+002
  0.980728987750560E-004  0.921064927832221E+002  0.712021244307624E+002
  0.985552217694448E-004  0.920966808812327E+002  0.711974428364129E+002
  0.986173040647130E-004  0.920830374894608E+002  0.711908955028687E+002
  0.982271129041858E-004  0.920785824844682E+002  0.711887479826389E+002
  0.976321937789740E-004  0.920783485094742E+002  0.711886350638781E+002
  0.977988869075949E-004  0.920625527642959E+002  0.711809811178861E+002
  0.983958741850289E-004  0.920379974667958E+002  0.711689598053746E+002
  0.983977952141861E-004  0.920255744797358E+002  0.711628194713553E+002
  0.100176275792968E-003  0.919650568188190E+002  0.711323149976507E+002
  0.100647048078160E-003  0.919556799568396E+002  0.711274965369536E+002
  0.100354214826681E-003  0.919491235112445E+002  0.711241121022158E+002
  0.100302433383173E-003  0.919377718105497E+002  0.711182221305264E+002
  0.100633343915033E-003  0.919311844156027E+002  0.711147863564804E+002
  0.100042905246193E-003  0.919304923296262E+002  0.711144246185554E+002
  0.100774391368867E-003  0.919159220835332E+002  0.711067747352495E+002
  0.100914329195116E-003  0.919131467602863E+002  0.711053100808673E+002
  0.100849590122249E-003  0.919018118837855E+002  0.710993027978009E+002
  0.100303628491300E-003  0.919000502043250E+002  0.710983654406363E+002
  0.100687801039480E-003  0.918924046441750E+002  0.710942857040457E+002
  0.100934261212010E-003  0.918875150940428E+002  0.710916665616894E+002
  0.100777581688326E-003  0.918778424954898E+002  0.710864619434603E+002
  0.101083189576477E-003  0.918463086239809E+002  0.710692721938169E+002
  0.100725487538373E-003  0.918280817615089E+002  0.710591753655298E+002
  0.100620677438519E-003  0.918175456104704E+002  0.710532828819219E+002
  0.101268317660650E-003  0.917795563918425E+002  0.710316808190888E+002
  0.101301026655449E-003  0.917789105094126E+002  0.710313085602325E+002
  0.999099995671828E-004  0.917689453846826E+002  0.710255432280079E+002
  0.996792523545813E-004  0.917487247884004E+002  0.710137155277310E+002
  0.989668857548908E-004  0.917383776121528E+002  0.710075942252714E+002
  0.980812655633245E-004  0.917318152897174E+002  0.710036871622318E+002
  0.970839390674621E-004  0.917278655834676E+002  0.710013261482661E+002
  0.970278785802875E-004  0.917047780829230E+002  0.709873793990469E+002
  0.967412620045319E-004  0.916746577371601E+002  0.709687926498606E+002
  0.962152670293126E-004  0.916736213364354E+002  0.709681448623792E+002
  0.967328311806957E-004  0.916628917071200E+002  0.709614050993672E+002
  0.958236043615212E-004  0.916578269529389E+002  0.709582022561592E+002
  0.956735784559866E-004  0.916490203660847E+002  0.709525997143369E+002
  0.957994089302871E-004  0.916463916821302E+002  0.709509190601220E+002
  0.952745559189605E-004  0.916453670928568E+002  0.709502629361301E+002
  0.946219234464173E-004  0.916351618859455E+002  0.709436951805440E+002
  0.925921467840433E-004  0.915964086483603E+002  0.709181904537170E+002
  0.923348735338875E-004  0.915904461026378E+002  0.709141828710982E+002
  0.920835449787084E-004  0.915843699645644E+002  0.709100749193325E+002
  0.923604295370193E-004  0.915783652193938E+002  0.709059909880929E+002
  0.918436962011792E-004  0.915779918986320E+002  0.709057362804749E+002
  0.922880422949803E-004  0.915683390933093E+002  0.708991171297526E+002
  0.914014226137255E-004  0.915643900922694E+002  0.708963904766699E+002
  0.911464172825636E-004  0.915583835537407E+002  0.708922218875397E+002
  0.899793205039957E-004  0.915495752052602E+002  0.708860614785612E+002
  0.894329051431623E-004  0.915389001952386E+002  0.708785180551636E+002
  0.889043848819731E-004  0.915280271096934E+002  0.708707444666070E+002
  0.886512667361694E-004  0.915223979215381E+002  0.708666831043297E+002
  0.879328152608873E-004  0.915160733343397E+002  0.708620892717512E+002
  0.875122370324748E-004  0.915143945480283E+002  0.708608643438279E+002
  0.871546581743731E-004  0.915113157421286E+002  0.708586117632365E+002
  0.871129070680758E-004  0.915010064286160E+002  0.708510102974939E+002
  0.866718469869600E-004  0.914998906855135E+002  0.708501820975337E+002
  0.852526379839902E-004  0.914882161955474E+002  0.708414498620358E+002
  0.849132302322273E-004  0.914851141257522E+002  0.708391088030548E+002
  0.841585643471411E-004  0.914808689015181E+002  0.708358905581781E+002
  0.837997977615371E-004  0.914783937820816E+002  0.708340063920922E+002
  0.836768063689686E-004  0.914703119891733E+002  0.708278133672897E+002
  0.838934313099371E-004  0.914651410217117E+002  0.708238174435905E+002
  0.839813154584848E-004  0.914630469805705E+002  0.708221916783904E+002
  0.835714482631285E-004  0.914616897010300E+002  0.708211355605694E+002
  0.831566266236959E-004  0.914604996839857E+002  0.708202080573350E+002
  0.831959988087180E-004  0.914595529676798E+002  0.708194691547207E+002
  0.823061059571172E-004  0.914587142845613E+002  0.708188138064355E+002
  0.815848914719062E-004  0.914540942438992E+002  0.708151907148001E+002
  0.819353974674227E-004  0.914455202245013E+002  0.708084075240737E+002
  0.803392521601528E-004  0.914406650915896E+002  0.708045314274746E+002
  0.799085075902490E-004  0.914295589412675E+002  0.707955663038091E+002
  0.800714237791533E-004  0.914254855242126E+002  0.707922428124535E+002
  0.801343258758236E-004  0.914239149913188E+002  0.707909562306790E+002
  0.797589338536778E-004  0.914222867625356E+002  0.707896193042226E+002
  0.792648873441037E-004  0.914127355405779E+002  0.707817125349316E+002
  0.784442974861201E-004  0.914008501871525E+002  0.707717146486246E+002
  0.780680821127772E-004  0.913996250385528E+002  0.707706736991709E+002
  0.779105269044559E-004  0.913928253361555E+002  0.707648600243870E+002
  0.769323488000720E-004  0.913857488749660E+002  0.707587428310267E+002
  0.765479832725337E-004  0.913850423329484E+002  0.707581282321225E+002
  0.754046051871351E-004  0.913831405035035E+002  0.707564703768094E+002
  0.749432109309255E-004  0.913742517063702E+002  0.707486526455900E+002
  0.745913256407562E-004  0.913731104260936E+002  0.707476404586743E+002
  0.735782191228599E-004  0.913689640642940E+002  0.707439465759401E+002
  0.736142071511137E-004  0.913679860784049E+002  0.707430714961497E+002
  0.732515863123172E-004  0.913673636371276E+002  0.707425137832027E+002
  0.734011905806265E-004  0.913632831328678E+002  0.707388427035995E+002
  0.730789502292077E-004  0.913510298853068E+002  0.707276586760646E+002
  0.727053059997824E-004  0.913507831735033E+002  0.707274309495995E+002
  0.723909459697656E-004  0.913489507234055E+002  0.707257362893673E+002
  0.717195990865387E-004  0.913466424780016E+002  0.707235934586569E+002
  0.710069896773431E-004  0.913457804370539E+002  0.707227908410780E+002
  0.706960437709259E-004  0.913441682132940E+002  0.707212862886347E+002
  0.707749106991778E-004  0.913419383015297E+002  0.707191977929793E+002
  0.708042603823408E-004  0.913411090924487E+002  0.707184189282693E+002
  0.706154072279582E-004  0.913359520214775E+002  0.707135472443186E+002
  0.700073379502908E-004  0.913323059996707E+002  0.707100736339279E+002
  0.696799933987540E-004  0.913312357649263E+002  0.707090493024124E+002
  0.687590896490628E-004  0.913266748967391E+002  0.707046596698862E+002
  0.684185823546407E-004  0.913262679190236E+002  0.707042660292875E+002
  0.677318991604312E-004  0.913258235928746E+002  0.707038358968108E+002
  0.674504799266663E-004  0.913238679040253E+002  0.707019380962617E+002
  0.674976824353022E-004  0.913224687738783E+002  0.707005757600633E+002
  0.672210727167023E-004  0.913203457986233E+002  0.706985011716921E+002
  0.663011168435020E-004  0.913170569342014E+002  0.706952693016201E+002
  0.656819584071870E-004  0.913154135143461E+002  0.706936460593696E+002
  0.653646118196235E-004  0.913149219228647E+002  0.706931594163869E+002
  0.650349700661344E-004  0.913148555480414E+002  0.706930936711717E+002
  0.650770570608475E-004  0.913135616785319E+002  0.706918102362030E+002
  0.644537958984844E-004  0.913124002112846E+002  0.706906551405439E+002
  0.638787566263503E-004  0.913100189993523E+002  0.706882780399636E+002
  0.635600863187938E-004  0.913098947138657E+002  0.706881536360395E+002
  0.629399750908619E-004  0.913093009296114E+002  0.706875588269090E+002
  0.626545077802382E-004  0.913083170721974E+002  0.706865715941681E+002
  0.623481063299680E-004  0.913080461451390E+002  0.706862993688362E+002
  0.620559330363495E-004  0.913073649089764E+002  0.706856141615699E+002
  0.614655227821225E-004  0.913063836605851E+002  0.706846254085846E+002
  0.550590897211243E-004  0.881720156960006E+002  0.701301887735275E+002
  0.548382238767981E-004  0.881719738774976E+002  0.701304009087817E+002
  0.546181087295086E-004  0.881719370130772E+002  0.701305883203555E+002
  0.543995174878491E-004  0.881718766047272E+002  0.701308962559976E+002
  0.541812727409769E-004  0.881718356991707E+002  0.701311053656586E+002
  0.535340811078925E-004  0.881717242291354E+002  0.701316776523103E+002
  0.531101163611279E-004  0.881716262553230E+002  0.701321836522663E+002
  0.520833326475809E-004  0.881710658779220E+002  0.701351342700567E+002
  0.516816930339361E-004  0.881708622587992E+002  0.701362314775600E+002
  0.510892841275367E-004  0.881705278745243E+002  0.701380643389520E+002
  0.508916387559942E-004  0.881705131329689E+002  0.701381460612516E+002
  0.506948450409494E-004  0.881704949575181E+002  0.701382469293820E+002
  0.499210436186106E-004  0.881703695127486E+002  0.701389464398800E+002
  0.497318684917765E-004  0.881702853299645E+002  0.701394191761598E+002
  0.495431192344503E-004  0.881702128947753E+002  0.701398281131914E+002
  0.493553513613769E-004  0.881701297204180E+002  0.701403001959372E+002
  0.491670663750491E-004  0.881700965281382E+002  0.701404893503890E+002
  0.489791188712079E-004  0.881700788854067E+002  0.701405900702367E+002
  0.487929552324108E-004  0.881700175714978E+002  0.701409410729765E+002
  0.482454106640797E-004  0.881696432390848E+002  0.701431177728894E+002
  0.477047592888090E-004  0.881694116728887E+002  0.701444948082444E+002
  0.475261715670968E-004  0.881693514846033E+002  0.701448567370444E+002
  0.473491555833578E-004  0.881692531463281E+002  0.701454517426343E+002
  0.469937645011019E-004  0.881692268615473E+002  0.701456115638155E+002
  0.468179120931260E-004  0.881691920079328E+002  0.701458240021415E+002
  0.466486422501686E-004  0.881689031321322E+002  0.701476080182726E+002
  0.464739082993468E-004  0.881688757236747E+002  0.701477795053308E+002
  0.462995863717074E-004  0.881688587898303E+002  0.701478856533258E+002
  0.461255752129192E-004  0.881688567329836E+002  0.701478985567723E+002
  0.459534675190428E-004  0.881688002957839E+002  0.701482534885738E+002
  0.456118046173372E-004  0.881686881362007E+002  0.701489639598110E+002
  0.454412059503736E-004  0.881686779224519E+002  0.701490290009875E+002
  0.452712658745858E-004  0.881686668024846E+002  0.701490998787287E+002
  0.451021035253762E-004  0.881686493773371E+002  0.701492110835152E+002
  0.449361933665720E-004  0.881685153349120E+002  0.701500722517753E+002
  0.446014714882947E-004  0.881684874052197E+002  0.701502529856277E+002
  0.444351089741623E-004  0.881684846647297E+002  0.701502707438698E+002
  0.441053510540059E-004  0.881684567932111E+002  0.701504515994796E+002
  0.439417113261536E-004  0.881684421972317E+002  0.701505464934097E+002
  0.437799819085118E-004  0.881683680675005E+002  0.701510303905326E+002
  0.436193462121556E-004  0.881682710822301E+002  0.701516684918873E+002
  0.434572140087319E-004  0.881682700927524E+002  0.701516750317557E+002
  0.429792421679348E-004  0.881681256304027E+002  0.701526364367741E+002
  0.428212636506092E-004  0.881680968373868E+002  0.701528296474315E+002
  0.428214072330290E-004  0.881680901312709E+002  0.701528747249548E+002
  0.426656100436916E-004  0.881679588448719E+002  0.701537631894218E+002
  0.420421982102741E-004  0.881678767680275E+002  0.701543245384878E+002
  0.417360582916311E-004  0.881678414294209E+002  0.701545676642089E+002
  0.415844889634705E-004  0.881678052592390E+002  0.701548174189616E+002
  0.414328911391637E-004  0.881677970346650E+002  0.701548743387751E+002
  0.412816885907920E-004  0.881677964347479E+002  0.701548784925037E+002
  0.411314800522898E-004  0.881677743319179E+002  0.701550317078747E+002
  0.409814610606981E-004  0.881677696517908E+002  0.701550641950400E+002
  0.408331605546556E-004  0.881677075997856E+002  0.701554964245619E+002
  0.406849149478050E-004  0.881676692300828E+002  0.701557650987757E+002
  0.403907784512321E-004  0.881675823868924E+002  0.701563772437847E+002
  0.402441197602272E-004  0.881675716092888E+002  0.701564536108536E+002
  0.400983276347772E-004  0.881675441701396E+002  0.701566484382876E+002
  0.399538155084404E-004  0.881674790952382E+002  0.701571128226630E+002
  0.398094868324052E-004  0.881674309691550E+002  0.701574583989401E+002
  0.396653112556376E-004  0.881674014119502E+002  0.701576715554777E+002
  0.393794562605611E-004  0.881673214297326E+002  0.701582519204257E+002
  0.392369249568413E-004  0.881673138916338E+002  0.701583068898474E+002
  0.389541188189262E-004  0.881672885817369E+002  0.701584918017532E+002
  0.386758436228005E-004  0.881671866931674E+002  0.701592416808007E+002
  0.385369608992064E-004  0.881671742886190E+002  0.701593335861222E+002
  0.383988087796542E-004  0.881671498063578E+002  0.701595153703955E+002
  0.382627604705816E-004  0.881670412434257E+002  0.701603278963036E+002
  0.381251320112183E-004  0.881670408568215E+002  0.701603308088504E+002
  0.378534320722043E-004  0.881669563977906E+002  0.701609704138656E+002
  0.377180083179302E-004  0.881669430550746E+002  0.701610720694767E+002
  0.375845226116430E-004  0.881668523620867E+002  0.701617675702335E+002
  0.370533976536835E-004  0.881667450093767E+002  0.701626013115730E+002
  0.369223260592564E-004  0.881667274896717E+002  0.701627384849862E+002
  0.367915194706249E-004  0.881667207682407E+002  0.701627911955444E+002
  0.366615115198686E-004  0.881666957592767E+002  0.701629877317346E+002
  0.364031948715934E-004  0.881666531633349E+002  0.701633239867403E+002
  0.361476189353062E-004  0.881666097524815E+002  0.701636686608244E+002
  0.360204439326503E-004  0.881666039032553E+002  0.701637152577712E+002
  0.358937161877667E-004  0.881665980635520E+002  0.701637618158948E+002
  0.357675357448842E-004  0.881665865513071E+002  0.701638537081479E+002
  0.355189322438453E-004  0.881664515905682E+002  0.701649419722328E+002
  0.350275835353452E-004  0.881663391163364E+002  0.701658649616414E+002
  0.349061191540245E-004  0.881663299962745E+002  0.701659404661840E+002
  0.347850717480283E-004  0.881663211190776E+002  0.701660140574363E+002
  0.346643440745086E-004  0.881663180135438E+002  0.701660398248158E+002
  0.345443370275052E-004  0.881662974451573E+002  0.701662107849346E+002
  0.344246223741754E-004  0.881662840267313E+002  0.701663225978000E+002
  0.343051228369615E-004  0.881662822543080E+002  0.701663373837436E+002
  0.341860563820922E-004  0.881662794136753E+002  0.701663610890854E+002
  0.340680659194450E-004  0.881662376661081E+002  0.701667106435901E+002
  0.338338124017814E-004  0.881661483070870E+002  0.701674663483276E+002
  0.336010981726944E-004  0.881661112598495E+002  0.701677827299704E+002
  0.332563838627024E-004  0.881660810427427E+002  0.701680421501180E+002
  0.331425025426937E-004  0.881660804148149E+002  0.701680475541802E+002
  0.330292121896141E-004  0.881660676159245E+002  0.701681578214529E+002
  0.329166024937380E-004  0.881660369901417E+002  0.701684225912201E+002
  0.326931950243114E-004  0.881659587315290E+002  0.701691051548364E+002
  0.325817729772528E-004  0.881659489822917E+002  0.701691908018603E+002
  0.324710028771332E-004  0.881659224667509E+002  0.701694244433504E+002
  0.322512103933703E-004  0.881658543321927E+002  0.701700296053531E+002
  0.321418086389460E-004  0.881658358987884E+002  0.701701945377136E+002
  0.319247941219327E-004  0.881657797629460E+002  0.701707000624954E+002
  0.318169671848312E-004  0.881657550776006E+002  0.701709239399196E+002
  0.314964440452098E-004  0.881657004441920E+002  0.701714229304788E+002
  0.313910286084228E-004  0.881656601012803E+002  0.701717945677047E+002
  0.312853490467012E-004  0.881656591975154E+002  0.701718029245083E+002
  0.311810537549433E-004  0.881655923234926E+002  0.701724251752175E+002
  0.310763917963677E-004  0.881655714229901E+002  0.701726212511069E+002
  0.309718070972249E-004  0.881655682189982E+002  0.701726513775576E+002
  0.308685405797340E-004  0.881655024123240E+002  0.701732742433497E+002
  0.304585434252938E-004  0.881653984396712E+002  0.701742748356327E+002
  0.303572456892992E-004  0.881653832378331E+002  0.701744228865942E+002
  0.301561217601112E-004  0.881653444165164E+002  0.701748030646745E+002
  0.300559630277886E-004  0.881653425720425E+002  0.701748212035006E+002
  0.299569135752987E-004  0.881652888778546E+002  0.701753523152780E+002
  0.298574302047254E-004  0.881652861141021E+002  0.701753798156077E+002
  0.297582570767052E-004  0.881652847032488E+002  0.701753938603290E+002
  0.296597573748939E-004  0.881652600946938E+002  0.701756395136413E+002
  0.295614601864489E-004  0.881652438429630E+002  0.701758024579639E+002
  0.294634186155767E-004  0.881652323534070E+002  0.701759180012580E+002
  0.293660322116391E-004  0.881651983881799E+002  0.701762612661869E+002
  0.292687539471835E-004  0.881651790292605E+002  0.702680232870848E+002
  0.291722656371014E-004  0.881651276047481E+002  0.701769849954432E+002
  0.290757799220812E-004  0.881650978814369E+002  0.701772923770751E+002
  0.289791940976600E-004  0.881650970911409E+002  0.701773005785610E+002
  0.288829426215403E-004  0.881650953658152E+002  0.701773184887455E+002
  0.287870368639674E-004  0.881650918321082E+002  0.701773551936023E+002
  0.286914229850424E-004  0.881650901509569E+002  0.701773726663762E+002
  0.285964551707092E-004  0.881650654954547E+002  0.701776297055101E+002
  0.285014512527035E-004  0.881650654311457E+002  0.701776303778813E+002
  0.284072055125055E-004  0.881650342087798E+002  0.702665233291221E+002
  0.283133665851803E-004  0.881649962637465E+002  0.701783595104340E+002
  0.282194303795608E-004  0.881649871823806E+002  0.702660252090571E+002
  0.281257151633587E-004  0.881649845481920E+002  0.701784842139380E+002
  0.280323863138956E-004  0.881649765528024E+002  0.702659118295908E+002
  0.279397564927585E-004  0.881649406874292E+002  0.702655270833057E+002
  0.278469365878808E-004  0.881649404571422E+002  0.702655246018485E+002
  0.277547175045252E-004  0.881649191521000E+002  0.701791869422982E+002
  0.276625837339011E-004  0.881649137590189E+002  0.701792454075109E+002
  0.275709665233529E-004  0.881648930805660E+002  0.701794703187735E+002
  0.274794598217790E-004  0.881648864433173E+002  0.701795427606317E+002
  0.273885763361500E-004  0.881648564743338E+002  0.702646099555007E+002
  0.272977033878454E-004  0.881648477556578E+002  0.701799674854182E+002
  0.272071848154227E-004  0.881648351507083E+002  0.701801067910510E+002
  0.271168843271200E-004  0.881648285990584E+002  0.702643019731409E+002
  0.270269124930992E-004  0.881648199052843E+002  0.702642054568353E+002
  0.269372891621013E-004  0.881648075004374E+002  0.702640673554354E+002
  0.268478537594485E-004  0.881648032354833E+002  0.702640197688515E+002
  0.267586984304504E-004  0.881648002309670E+002  0.702639862131419E+002
  0.266698448217200E-004  0.881647968022525E+002  0.701805334662116E+002
  0.265816070785979E-004  0.881647692346925E+002  0.701808429071045E+002
  0.264935035921828E-004  0.881647535703717E+002  0.702634615817960E+002
  0.264056397362553E-004  0.881647418737126E+002  0.701811523334132E+002
  0.263179606681139E-004  0.881647382784673E+002  0.701811931655567E+002
  0.262308025369873E-004  0.881647171616439E+002  0.702630475334389E+002
  0.261436625788078E-004  0.881647167359041E+002  0.702630426669751E+002
  0.260568194870092E-004  0.881647157434529E+002  0.701814500326296E+002
  0.259716588175023E-004  0.881646074041890E+002  0.702617731138410E+002
  0.258854135302235E-004  0.881646043682290E+002  0.702617372781511E+002
  0.257994263291699E-004  0.881646035270828E+002  0.701827540093089E+002
  0.257137359244279E-004  0.881646018178720E+002  0.702617071492452E+002
  0.256283330306506E-004  0.881645998824877E+002  0.702616842700254E+002
  0.255433539263224E-004  0.881645869742564E+002  0.702615313341177E+002
  0.254588623861618E-004  0.881645578996281E+002  0.701832966931009E+002
  0.253743754666335E-004  0.881645504890965E+002  0.702610958050801E+002
  0.252900787704601E-004  0.881645502079944E+002  0.702610924305684E+002
  0.252064724467312E-004  0.881645173692130E+002  0.702606961769796E+002
  0.251228662090787E-004  0.881645065268120E+002  0.701839169070309E+002
  0.250394332881856E-004  0.881645039907388E+002  0.702605335682998E+002
  0.249563097785484E-004  0.881644988636625E+002  0.701840102851072E+002
  0.248735717097596E-004  0.881644849324117E+002  0.701841806289427E+002
  0.247910560330032E-004  0.881644751890268E+002  0.701843002203055E+002
  0.247087878613309E-004  0.881644675689922E+002  0.701843940127738E+002
  0.246267123115116E-004  0.881644664769747E+002  0.701844074731033E+002
  0.245449213114655E-004  0.881644644138237E+002  0.702600484362239E+002
  0.244637341020589E-004  0.881644351965115E+002  0.702596862592024E+002
  0.243824615426300E-004  0.881644350074660E+002  0.702596839043922E+002
  0.243016723105909E-004  0.881644172618114E+002  0.702594621956334E+002
  0.242209999477633E-004  0.881644119696999E+002  0.702593958215226E+002
  0.241405693632014E-004  0.881644088335823E+002  0.702593564320578E+002
  0.240606253039015E-004  0.881643874568150E+002  0.702590868193199E+002
  0.239808121996214E-004  0.881643772379557E+002  0.702589572353828E+002
  0.239011959592881E-004  0.881643726999274E+002  0.702588995423991E+002
  0.238219989635701E-004  0.881643551554853E+002  0.701858057164088E+002
  0.237429028468777E-004  0.881643512185570E+002  0.702586252034492E+002
  0.236641248743746E-004  0.881643425891553E+002  0.701859669399767E+002
  0.235857178414389E-004  0.881643246695755E+002  0.702582832609154E+002
  0.235075066688563E-004  0.881643121889276E+002  0.702581213880782E+002
  0.234294109850817E-004  0.881643119887496E+002  0.702581187858383E+002
  0.233515897298664E-004  0.881643105053823E+002  0.702580994967212E+002
  0.232742365445404E-004  0.881642910118875E+002  0.702578450400909E+002
  0.231969982322497E-004  0.881642837063851E+002  0.701867321444123E+002
  0.231199871718354E-004  0.881642789158149E+002  0.701867951263842E+002
  0.230433619674909E-004  0.881642628257137E+002  0.701870074881901E+002
  0.229668562191964E-004  0.881642584479630E+002  0.702574158641578E+002
  0.228905593933883E-004  0.881642580091710E+002  0.702574100453420E+002
  0.228145350992898E-004  0.881642558985874E+002  0.702573820434522E+002
  0.227389544861657E-004  0.881642369719858E+002  0.702571299328707E+002
  0.226634232206659E-004  0.881642357864814E+002  0.701873672722541E+002
  0.225881960091027E-004  0.881642298937233E+002  0.702570351780034E+002
  0.225131639486993E-004  0.881642288472101E+002  0.701874602063361E+002
  0.224384139605367E-004  0.881642248739797E+002  0.702569678233036E+002
  0.223639719132549E-004  0.881642155573213E+002  0.702568424653004E+002
  0.222897402716500E-004  0.881642095214943E+002  0.702567610087246E+002
  0.222159015274501E-004  0.881641902965182E+002  0.701879810860437E+002
  0.221421433431895E-004  0.881641858888499E+002  0.702564402071718E+002
  0.220686264399496E-004  0.881641818075063E+002  0.702563844997198E+002
  0.219953335558082E-004  0.881641795514199E+002  0.701881276863393E+002
  0.219223456415964E-004  0.881641716796512E+002  0.702562458674517E+002
  0.218495275892893E-004  0.881641704292084E+002  0.702562287119033E+002
  0.217770065396740E-004  0.881641641158385E+002  0.702561419625606E+002
  0.217047140104878E-004  0.881641589252773E+002  0.702560704746324E+002
  0.216326344756854E-004  0.881641562303086E+002  0.702560332980504E+002
  0.215609793423162E-004  0.881641363717282E+002  0.702557580812987E+002
  0.214893812096379E-004  0.881641332978423E+002  0.702557152785973E+002
  0.214179971222967E-004  0.881641324382179E+002  0.701887780541779E+002
  0.213469181611837E-004  0.881641252076055E+002  0.701888789903968E+002
  0.212760103470794E-004  0.881641240626737E+002  0.701888950011688E+002
  0.212053513525315E-004  0.881641216646729E+002  0.702555527931878E+002
  0.211350046281216E-004  0.881641119227202E+002  0.701890652420922E+002
  0.210649164707924E-004  0.881640997882996E+002  0.701892362829381E+002
  0.209951135427691E-004  0.881640826239296E+002  0.701894797483910E+002
  0.209254006990515E-004  0.881640789571801E+002  0.701895319937721E+002
  0.208558947429923E-004  0.881640776484281E+002  0.702549306913955E+002
  0.207866309298177E-004  0.881640752551885E+002  0.702548965269413E+002
  0.207175849112289E-004  0.881640740430847E+002  0.701896021430042E+002
  0.206487979078069E-004  0.881640699573870E+002  0.701896605817644E+002
  0.205802682102691E-004  0.881640630614530E+002  0.702547218985059E+002
  0.205120044819272E-004  0.881640524085657E+002  0.702545685647759E+002
  0.204439316194180E-004  0.881640452346115E+002  0.701900164586180E+002
  0.203760254538250E-004  0.881640438729117E+002  0.701900361741400E+002
  0.203084158780462E-004  0.881640355156747E+002  0.701901574406831E+002
  0.202410351074984E-004  0.881640267167333E+002  0.702541957391981E+002
  0.201739718112573E-004  0.881640086074190E+002  0.702539303115224E+002
  0.201070117742426E-004  0.881640023284902E+002  0.702538377608873E+002
  0.200402198475194E-004  0.881640014525669E+002  0.701906565247027E+002
  0.199736442177858E-004  0.881640011347734E+002  0.702538201349649E+002
  0.199073939589925E-004  0.881639903484814E+002  0.701908209322748E+002
  0.198412637945965E-004  0.881639896068892E+002  0.702536494100553E+002
  0.197753744667612E-004  0.881639867253153E+002  0.701908747634949E+002
  0.197097150950417E-004  0.881639827123893E+002  0.702535468594223E+002
  0.196442410017673E-004  0.881639820315003E+002  0.701909446395676E+002
  0.195790721302688E-004  0.881639723897900E+002  0.702533926872206E+002
  0.195140988107218E-004  0.881639648637592E+002  0.702532798002185E+002
  0.194494218246027E-004  0.881639490373197E+002  0.701914402919520E+002
  0.193848459444176E-004  0.881639448960222E+002  0.701915030688044E+002
  0.193204994139896E-004  0.881639392076399E+002  0.701915895071044E+002
  0.192564127825424E-004  0.881639287098890E+002  0.702527316830755E+002
  0.191924836788218E-004  0.881639239486885E+002  0.701918225889667E+002
  0.191287413681162E-004  0.881639218478129E+002  0.701918548200589E+002
  0.190653319223779E-004  0.881639070365775E+002  0.702523983253523E+002
  0.190020492015215E-004  0.881639010106597E+002  0.702523049838522E+002
  0.189389241003682E-004  0.881639005216758E+002  0.701921839562587E+002
  0.188760446519563E-004  0.881638962236086E+002  0.702522306253406E+002
  0.188134202895091E-004  0.881638870015159E+002  0.702520868539608E+002
  0.187509763883019E-004  0.881638806918363E+002  0.701924932666049E+002
  0.186887931136807E-004  0.881638686709065E+002  0.701926823475509E+002
  0.186267597601725E-004  0.881638626945325E+002  0.702517045496489E+002
  0.185651164513224E-004  0.881638368810141E+002  0.702512930426543E+002
  0.185034482808186E-004  0.881638358047558E+002  0.701932055942344E+002
  0.184419936296656E-004  0.881638337877333E+002  0.702512433392737E+002
  0.183807348071540E-004  0.881638326714213E+002  0.702512253812469E+002
  0.183196772566759E-004  0.881638317965514E+002  0.702512112994999E+002
  0.182588295413602E-004  0.881638301535294E+002  0.701932965178313E+002
  0.181982360133439E-004  0.881638227862915E+002  0.702510658717356E+002
  0.181378932437985E-004  0.881638099417251E+002  0.701936240733928E+002
  0.180777501834481E-004  0.881637971390744E+002  0.702506478440955E+002
  0.180177156425119E-004  0.881637944273222E+002  0.701938780683284E+002
  0.179578564705851E-004  0.881637943885113E+002  0.702506026464584E+002
  0.178982185350646E-004  0.881637918500218E+002  0.702505608696377E+002
  0.178387743799185E-004  0.881637897910336E+002  0.701939544142141E+002
  0.177796272089938E-004  0.881637765330921E+002  0.702503074739449E+002
  0.177206077344276E-004  0.881637709966640E+002  0.701942660357682E+002
  0.176618707985044E-004  0.881637556511162E+002  0.702499582811823E+002
  0.176032712384068E-004  0.881637468173379E+002  0.702498092296281E+002
  0.175448599056136E-004  0.881637386900515E+002  0.702496713833183E+002
  0.174866244775095E-004  0.881637326119097E+002  0.701949135150942E+002
  0.174285460049390E-004  0.881637307040777E+002  0.702495352556926E+002
  0.173707503750300E-004  0.881637184401730E+002  0.702493248750630E+002
  0.173131199603668E-004  0.881637092310118E+002  0.702491658162833E+002
  0.172556466197229E-004  0.881637039770353E+002  0.702490746482760E+002
  0.171983233684318E-004  0.881637034562470E+002  0.701954157584555E+002
  0.171412307917757E-004  0.881636982395457E+002  0.702489747351232E+002
  0.170842944912981E-004  0.881636969155074E+002  0.702489516251294E+002
  0.170276138830790E-004  0.881636877720750E+002  0.702487914849929E+002
  0.169710725031726E-004  0.881636843820819E+002  0.702487318659006E+002
  0.169147106558753E-004  0.881636819636675E+002  0.701957921014122E+002
  0.168585795146111E-004  0.881636743816681E+002  0.701959261492607E+002
  0.168025786791715E-004  0.881636734610501E+002  0.702485388809590E+002
  0.167467758476179E-004  0.881636711096737E+002  0.701959842086921E+002
  0.166911402912164E-004  0.881636709212312E+002  0.702484937966397E+002
  0.166356986058550E-004  0.881636696459053E+002  0.701960102239240E+002
  0.165804889111236E-004  0.881636626006303E+002  0.701961358007266E+002
  0.165254418089268E-004  0.881636580526595E+002  0.701962171867801E+002
  0.164706047718754E-004  0.881636501885760E+002  0.702481228344414E+002
  0.164159762781462E-004  0.881636390867439E+002  0.701965593626231E+002
  0.163614404849849E-004  0.881636388014379E+002  0.702479168082134E+002
  0.163070911630552E-004  0.881636378664821E+002  0.702478998186729E+002
  0.162529370145171E-004  0.881636351304746E+002  0.701966313164453E+002
  0.161989975204952E-004  0.881636280961424E+002  0.702477215993398E+002
  0.161452730645937E-004  0.881636165990466E+002  0.701969710802545E+002
  0.160916941070199E-004  0.881636091637222E+002  0.701971086941245E+002
  0.160383396942089E-004  0.881635958998423E+002  0.702471252798321E+002
  0.159851299347481E-004  0.881635866711043E+002  0.701975296554787E+002
  0.159320241833282E-004  0.881635865465063E+002  0.701975320073716E+002
  0.158790984350393E-004  0.881635859715853E+002  0.702469384906423E+002
  0.158264007430782E-004  0.881635787952232E+002  0.702468025908610E+002
  0.157738370413598E-004  0.881635768042363E+002  0.702467647538120E+002
  0.157214705162082E-004  0.881635719383914E+002  0.701978093171585E+002
  0.156692686053762E-004  0.881635682511418E+002  0.702466015408699E+002
  0.156172308528338E-004  0.881635657387563E+002  0.701979279625109E+002
  0.155653483190422E-004  0.881635654876740E+002  0.701979327797932E+002
  0.155136887114265E-004  0.881635587177645E+002  0.701980630295796E+002
  0.154621569565797E-004  0.881635575873642E+002  0.702463965066740E+002
  0.154108115223332E-004  0.881635544910981E+002  0.701981447055966E+002
  0.153596567463762E-004  0.881635487704648E+002  0.702462256590686E+002
  0.153086354238987E-004  0.881635477987937E+002  0.702462067562109E+002
  0.417509121019142E-003  0.824840875226882E+002  0.701983569823565E+002
  0.417510871522237E-003  0.824840791372454E+002  0.701985213050343E+002
  0.417521374511423E-003  0.824840288254677E+002  0.701995321797768E+002
  0.417523463194239E-003  0.824840188203388E+002  0.701997386175998E+002
  0.417523654511484E-003  0.824840179039007E+002  0.701997576214118E+002
  0.417524138205180E-003  0.824840155869378E+002  0.701998057391467E+002
  0.417524403318026E-003  0.824840143170099E+002  0.701998321563219E+002
  0.417526572501424E-003  0.824840039263466E+002  0.702000494853072E+002
  0.417526724813669E-003  0.824840031967536E+002  0.702000648253499E+002
  0.417527486202773E-003  0.824839995496175E+002  0.702001416678007E+002
