  0.167966191186016E+000  0.915651094490897E+002  0.670445614288913E+002
  0.167966191186016E+000  0.892601859767175E+002  0.674031053080037E+002
  0.167966191186016E+000  0.887933702958093E+002  0.729630545379202E+002
  0.167966191186016E+000  0.887110264473673E+002  0.674954757219931E+002
  0.167966191186016E+000  0.886661958623091E+002  0.729413264465866E+002
  0.167966191186016E+000  0.886427107818274E+002  0.675071864156265E+002
  0.167966191186016E+000  0.823521136341137E+002  0.689961049079762E+002
  0.167966191186016E+000  0.881221611558279E+002  0.675981349340036E+002
  0.167966191186016E+000  0.874100701402897E+002  0.677279140963275E+002
  0.167966191186016E+000  0.873976351895265E+002  0.677302404179311E+002
  0.167966191186016E+000  0.873868326282755E+002  0.727122182355725E+002
  0.167966191186016E+000  0.862030720610328E+002  0.679648681097851E+002
  0.167966191186016E+000  0.861803066711195E+002  0.679695768146346E+002
  0.167966191186016E+000  0.861575212123975E+002  0.679742995466668E+002
  0.167966191186016E+000  0.861178225377344E+002  0.679825516636752E+002
  0.167966191186016E+000  0.859689175024835E+002  0.724307022533012E+002
  0.167966191186016E+000  0.858911685175866E+002  0.724142204427898E+002
  0.167966191186016E+000  0.858897376204035E+002  0.724139159489693E+002
  0.167966191186016E+000  0.856255617809768E+002  0.723569554412335E+002
  0.167966191186016E+000  0.854621729941810E+002  0.681235287409114E+002
  0.167966191186016E+000  0.854441753713171E+002  0.723169489890370E+002
  0.167966191186016E+000  0.854426669189967E+002  0.681278682711747E+002
  0.167966191186016E+000  0.854211303203182E+002  0.723118113514480E+002
  0.167966191186016E+000  0.853347282375350E+002  0.722924354555103E+002
  0.167966191186016E+000  0.852144130133769E+002  0.722651483492045E+002
  0.167966191186016E+000  0.852112390448235E+002  0.681800577857578E+002
  0.167966191186016E+000  0.851849289590543E+002  0.681860756781885E+002
  0.167966191186016E+000  0.851153630413912E+002  0.722424075358530E+002
  0.167966191186016E+000  0.850307342589746E+002  0.682217084574024E+002
  0.167966191186016E+000  0.850070148045670E+002  0.722172350978863E+002
  0.167966191186016E+000  0.849962850252907E+002  0.682297564003113E+002
  0.167966191186016E+000  0.849459120402634E+002  0.722028980762361E+002
  0.167966191186016E+000  0.849062985773806E+002  0.721935475463007E+002
  0.167966191186016E+000  0.848990967528722E+002  0.721918428282844E+002
  0.167966191186016E+000  0.848123210478108E+002  0.721711852433197E+002
  0.167966191186016E+000  0.847992572996959E+002  0.682764250227888E+002
  0.167966191186016E+000  0.847766816582821E+002  0.721626373196240E+002
  0.167966191186016E+000  0.847601348942343E+002  0.682858255156286E+002
  0.167966191186016E+000  0.847258082919637E+002  0.682941114013324E+002
  0.167966191186016E+000  0.847204444596356E+002  0.721490719906018E+002
  0.167966191186016E+000  0.846077022384107E+002  0.721215849415722E+002
  0.167966191186016E+000  0.845294154135985E+002  0.683422194853922E+002
  0.167966191186016E+000  0.845152101618899E+002  0.720987343414382E+002
  0.167966191186016E+000  0.844840030584214E+002  0.720909614393210E+002
  0.167966191186016E+000  0.844030974779655E+002  0.720706576898913E+002
  0.167966191186016E+000  0.843692398136655E+002  0.720620944003749E+002
  0.167966191186016E+000  0.843394333001443E+002  0.683899587483858E+002
  0.167966191186016E+000  0.842548002838440E+002  0.720328505557514E+002
  0.167966191186016E+000  0.842539107596475E+002  0.720326213968168E+002
  0.167966191186016E+000  0.842361711291588E+002  0.684164361069353E+002
  0.167966191186016E+000  0.842257216393439E+002  0.684191371137861E+002
  0.167966191186016E+000  0.841477646882929E+002  0.720050646214790E+002
  0.167966191186016E+000  0.841459088138394E+002  0.720045790247924E+002
  0.167966191186016E+000  0.841241673150651E+002  0.719988803930394E+002
  0.167966191186016E+000  0.841174553063675E+002  0.684473639307333E+002
  0.167966191186016E+000  0.841031200588357E+002  0.684511350915681E+002
  0.167966191186016E+000  0.840374958965668E+002  0.719759790415705E+002
  0.167966191186016E+000  0.840373085084364E+002  0.719759292036542E+002
  0.167966191186016E+000  0.840273758092401E+002  0.684711958893201E+002
  0.167966191186016E+000  0.838946141466749E+002  0.719375577512759E+002
  0.167966191186016E+000  0.838723140342844E+002  0.719314832764152E+002
  0.167966191186016E+000  0.838326460309124E+002  0.685238572016685E+002
  0.167966191186016E+000  0.838018079537839E+002  0.719121340117401E+002
  0.167966191186016E+000  0.837792294009906E+002  0.685385906704665E+002
  0.167966191186016E+000  0.837634028245210E+002  0.719015005445105E+002
  0.167966191186016E+000  0.823584885518435E+002  0.689936822973219E+002
  0.167966191186016E+000  0.837450579503123E+002  0.685480839034680E+002
  0.167966191186016E+000  0.837348746171936E+002  0.685509233827787E+002
  0.167966191186016E+000  0.836968404837385E+002  0.718829097571329E+002
  0.167966191186016E+000  0.836939766269144E+002  0.685623761399858E+002
  0.167966191186016E+000  0.836828638003928E+002  0.685655017688802E+002
  0.167966191186016E+000  0.836135323353597E+002  0.685851369065496E+002
  0.167966191186016E+000  0.835793412268960E+002  0.685949072829016E+002
  0.167966191186016E+000  0.823680532561893E+002  0.714544249219927E+002
  0.167966191186016E+000  0.823767463396134E+002  0.689867702167233E+002
  0.167966191186016E+000  0.835442374024645E+002  0.718394814680463E+002
  0.167966191186016E+000  0.835031339188604E+002  0.718275832782698E+002
  0.167966191186016E+000  0.834948106681117E+002  0.686193181515929E+002
  0.167966191186016E+000  0.834887977953173E+002  0.718234126167342E+002
  0.167966191186016E+000  0.834873966546684E+002  0.718230044143331E+002
  0.167966191186016E+000  0.824032813092021E+002  0.714676884257947E+002
  0.167966191186016E+000  0.834557656740716E+002  0.718137613173762E+002
  0.167966191186016E+000  0.834532414781769E+002  0.686314599614696E+002
  0.167966191186016E+000  0.834376189048653E+002  0.686360471363930E+002
  0.167966191186016E+000  0.833923802353113E+002  0.686494057908373E+002
  0.167966191186016E+000  0.833852959534856E+002  0.686515080171087E+002
  0.167966191186016E+000  0.833794278798164E+002  0.717912298806702E+002
  0.167966191186016E+000  0.833752260482295E+002  0.717899802890810E+002
  0.167966191186016E+000  0.833663640167833E+002  0.717873415197128E+002
  0.167966191186016E+000  0.833399574909764E+002  0.717794521674547E+002
  0.167966191186016E+000  0.833333857707451E+002  0.717774825465739E+002
  0.167966191186016E+000  0.824441618091749E+002  0.689615761702876E+002
  0.167966191186016E+000  0.833060660187897E+002  0.686752137342580E+002
  0.167966191186016E+000  0.832829916183370E+002  0.717622951147651E+002
  0.167966191186016E+000  0.832818903073886E+002  0.717619615368032E+002
  0.167966191186016E+000  0.832795471442079E+002  0.686832297815077E+002
  0.167966191186016E+000  0.832513586996449E+002  0.717526848182000E+002
  0.167966191186016E+000  0.832319713994891E+002  0.717467648817456E+002
  0.167966191186016E+000  0.832268551015928E+002  0.717451987760955E+002
  0.167966191186016E+000  0.824703799941479E+002  0.714925683222698E+002
  0.167966191186016E+000  0.832041791345912E+002  0.687062431963748E+002
  0.167966191186016E+000  0.831988360013515E+002  0.717365933698540E+002
  0.167966191186016E+000  0.831620184020960E+002  0.687192705475302E+002
  0.167966191186016E+000  0.831560544739089E+002  0.717233588688213E+002
  0.167966191186016E+000  0.831559915845371E+002  0.717233393280534E+002
  0.167966191186016E+000  0.824898157590660E+002  0.714996845131847E+002
  0.167966191186016E+000  0.831288026745978E+002  0.717148673216633E+002
  0.167966191186016E+000  0.831169385131753E+002  0.687333259858171E+002
  0.167966191186016E+000  0.831106456334594E+002  0.687352986076394E+002
  0.167966191186016E+000  0.831045901807017E+002  0.717072820756713E+002
  0.167966191186016E+000  0.831027434960927E+002  0.687377793941501E+002
  0.167966191186016E+000  0.830219212511990E+002  0.716810865228822E+002
  0.167966191186016E+000  0.830021973910765E+002  0.687697145910695E+002
  0.167966191186016E+000  0.829999936254798E+002  0.687704224125171E+002
  0.167966191186016E+000  0.829912559770212E+002  0.716712491159275E+002
  0.167966191186016E+000  0.829330204171779E+002  0.687921004422269E+002
  0.167966191186016E+000  0.829309709866371E+002  0.716517123629043E+002
  0.167966191186016E+000  0.829056248681879E+002  0.716434181703738E+002
  0.167966191186016E+000  0.828973552571462E+002  0.688037798000276E+002
  0.167966191186016E+000  0.828808524974006E+002  0.716352646854322E+002
  0.167966191186016E+000  0.828804424085173E+002  0.688093520386178E+002
  0.167966191186016E+000  0.828802380516945E+002  0.688094195019841E+002
  0.167966191186016E+000  0.828768190077996E+002  0.688105486932229E+002
  0.167966191186016E+000  0.828660550249884E+002  0.688141095750364E+002
  0.167966191186016E+000  0.828482634096771E+002  0.716244662277763E+002
  0.167966191186016E+000  0.828417278643116E+002  0.688221907171300E+002
  0.167966191186016E+000  0.828403797771904E+002  0.716218414557808E+002
  0.167966191186016E+000  0.828341686892280E+002  0.716197700679153E+002
  0.167966191186016E+000  0.828245144170806E+002  0.716165442746716E+002
  0.167966191186016E+000  0.827953579332833E+002  0.716067565613989E+002
  0.167966191186016E+000  0.825125775414533E+002  0.715079684163610E+002
  0.167966191186016E+000  0.827656923742497E+002  0.688477549318785E+002
  0.167966191186016E+000  0.827329151622782E+002  0.715855584015983E+002
  0.167966191186016E+000  0.827321677505163E+002  0.715853026725804E+002
  0.167966191186016E+000  0.827261933381826E+002  0.715832567835997E+002
  0.167966191186016E+000  0.827239763178258E+002  0.715824968001817E+002
  0.167966191186016E+000  0.827144781959492E+002  0.715792360740568E+002
  0.167966191186016E+000  0.826702819069450E+002  0.715639591687692E+002
  0.167966191186016E+000  0.826679710282279E+002  0.688813257515511E+002
  0.167966191186016E+000  0.826108903413086E+002  0.715431516417540E+002
  0.167966191186016E+000  0.825927986169189E+002  0.689077334979694E+002
  0.167966191186016E+000  0.825744958519084E+002  0.689142438875215E+002
  0.167966191186016E+000  0.825705726538367E+002  0.715288377414622E+002
  0.167966191186016E+000  0.825668097984745E+002  0.689169875385909E+002
  0.167966191186016E+000  0.825607019424729E+002  0.689191719479721E+002
  0.167966191186016E+000  0.825508668937275E+002  0.715217842886974E+002
  0.167966191186016E+000  0.831042659431617E+002  0.690043717090292E+002
  0.167966191186016E+000  0.830826781597314E+002  0.690126676493126E+002
  0.167966191186016E+000  0.830826373069769E+002  0.690126834025025E+002
  0.167966191186016E+000  0.830765086463915E+002  0.690150489978463E+002
  0.167966191186016E+000  0.830698234903599E+002  0.690176346917035E+002
  0.167966191186016E+000  0.830613423948887E+002  0.690209230303749E+002
  0.167966191186016E+000  0.830589996410256E+002  0.690218329640644E+002
  0.167966191186016E+000  0.830252748937511E+002  0.690350090495436E+002
  0.167966191186016E+000  0.829457416932887E+002  0.690666770431025E+002
  0.167966191186016E+000  0.829134911447417E+002  0.690797684623887E+002
  0.167966191186016E+000  0.828540886756128E+002  0.691042827817418E+002
  0.167966191186016E+000  0.828528228009727E+002  0.691048110375739E+002
  0.167966191186016E+000  0.828513923918659E+002  0.691054082551509E+002
  0.167966191186016E+000  0.828290598518547E+002  0.691147741957460E+002
  0.167966191186016E+000  0.828190229572323E+002  0.691190094201205E+002
  0.167966191186016E+000  0.827701986417287E+002  0.691398479531210E+002
  0.167966191186016E+000  0.827636613163398E+002  0.691426686597618E+002
  0.167966191186016E+000  0.827562407691770E+002  0.691458794138105E+002
  0.167966191186016E+000  0.827510855349356E+002  0.691481156524717E+002
  0.167966191186016E+000  0.827392043671178E+002  0.691532872830326E+002
  0.167966191186016E+000  0.827301991353615E+002  0.691572238075142E+002
  0.167966191186016E+000  0.827280416933388E+002  0.691581690687535E+002
  0.167966191186016E+000  0.827269939521301E+002  0.691586284289415E+002
  0.167966191186016E+000  0.826980097524565E+002  0.691714155540031E+002
  0.167966191186016E+000  0.826844989626802E+002  0.691774296628444E+002
  0.167966191186016E+000  0.826836013834703E+002  0.691778304324473E+002
  0.167966191186016E+000  0.826393152962011E+002  0.691977988801454E+002
  0.167966191186016E+000  0.826270467063619E+002  0.692033999715158E+002
  0.167966191186016E+000  0.826233866225479E+002  0.692050769161726E+002
  0.167966191186016E+000  0.826207260860919E+002  0.692062976344478E+002
  0.167966191186016E+000  0.826038525512995E+002  0.692140740319788E+002
  0.167966191186016E+000  0.825976413434003E+002  0.692169516982704E+002
  0.167966191186016E+000  0.825913884782360E+002  0.692198570089968E+002
  0.167966191186016E+000  0.825863430822226E+002  0.692222074382415E+002
  0.167966191186016E+000  0.825740771073741E+002  0.692279447924694E+002
  0.167966191186016E+000  0.825462924489137E+002  0.692410650000553E+002
  0.167966191186016E+000  0.825425277377413E+002  0.692428562571746E+002
  0.167966191186016E+000  0.825416422809196E+002  0.692432780353981E+002
  0.167966191186016E+000  0.825268163870334E+002  0.692503673878374E+002
  0.167966191186016E+000  0.824867309637049E+002  0.692697993574815E+002
  0.167966191186016E+000  0.824772960461084E+002  0.692744309843510E+002
  0.167966191186016E+000  0.824479452056347E+002  0.692889863591672E+002
  0.167966191186016E+000  0.824319512193749E+002  0.692970143172146E+002
  0.167966191186016E+000  0.824289789458455E+002  0.692985138960245E+002
  0.167966191186016E+000  0.824133905590424E+002  0.693064187948980E+002
  0.167966191186016E+000  0.824099357870770E+002  0.693081799702050E+002
  0.167966191186016E+000  0.823806640840435E+002  0.693232405621918E+002
  0.167966191186016E+000  0.823781050925387E+002  0.693245691998845E+002
  0.167966191186016E+000  0.823579459498067E+002  0.693351054799068E+002
  0.167966191186016E+000  0.823576125314187E+002  0.693352807949093E+002
  0.167966191186016E+000  0.823179942132741E+002  0.693563651992100E+002
  0.167966191186016E+000  0.823115451502676E+002  0.693598460983550E+002
  0.167966191186016E+000  0.822963576758781E+002  0.693680996174409E+002
  0.167966191186016E+000  0.822920991226635E+002  0.693704282518959E+002
  0.167966191186016E+000  0.822834079385721E+002  0.693752005734016E+002
  0.167966191186016E+000  0.822724482042771E+002  0.693812571600076E+002
  0.167966191186016E+000  0.822586673543434E+002  0.693889352290761E+002
  0.167966191186016E+000  0.822544688582588E+002  0.693912885417509E+002
  0.167966191186016E+000  0.822499251528738E+002  0.693938428811850E+002
  0.167966191186016E+000  0.822391286665246E+002  0.693999441788825E+002
  0.167966191186016E+000  0.822337102383285E+002  0.694030233597971E+002
  0.167966191186016E+000  0.822265447240536E+002  0.694071132355701E+002
  0.167966191186016E+000  0.822252749610562E+002  0.694078401231810E+002
  0.167966191186016E+000  0.822157456287005E+002  0.694133161226082E+002
  0.167966191186016E+000  0.822140918703209E+002  0.694142702286915E+002
  0.167966191186016E+000  0.822117321471010E+002  0.694156335825272E+002
  0.167966191186016E+000  0.822081972317764E+002  0.694176802379909E+002
  0.167966191186016E+000  0.821883655158896E+002  0.694292604039453E+002
  0.167966191186016E+000  0.821826569342757E+002  0.694326252458019E+002
  0.167966191186016E+000  0.821716638214034E+002  0.694391457075900E+002
  0.167966191186016E+000  0.821712900596662E+002  0.694393683554776E+002
  0.167966191186016E+000  0.821672641901058E+002  0.694417705712331E+002
  0.167966191186016E+000  0.821637462226754E+002  0.694438757941801E+002
  0.167966191186016E+000  0.821597290527210E+002  0.694462867348593E+002
  0.167966191186016E+000  0.821427440534286E+002  0.694565643352103E+002
  0.167966191186016E+000  0.821376269217435E+002  0.694596878569757E+002
  0.167966191186016E+000  0.821350618743205E+002  0.694612583982739E+002
  0.167966191186016E+000  0.821342838288129E+002  0.694617354253475E+002
  0.167966191186016E+000  0.821265345968390E+002  0.694665029867527E+002
  0.167966191186016E+000  0.821242190699272E+002  0.694679334160059E+002
  0.167966191186016E+000  0.821034249581991E+002  0.694809027664595E+002
  0.167966191186016E+000  0.820997023102840E+002  0.694832486143933E+002
  0.167966191186016E+000  0.820887467062896E+002  0.694901959650822E+002
  0.167966191186016E+000  0.820761838712621E+002  0.694982445685601E+002
  0.167966191186016E+000  0.820736310001511E+002  0.694998910741235E+002
  0.167966191186016E+000  0.820628185328721E+002  0.695069067243215E+002
  0.167966191186016E+000  0.820418088400135E+002  0.695207394189053E+002
  0.167966191186016E+000  0.820407620828910E+002  0.695214357399131E+002
  0.167966191186016E+000  0.820405669829916E+002  0.695215656002612E+002
  0.167966191186016E+000  0.820368252659102E+002  0.695240607963798E+002
  0.167966191186016E+000  0.820306812575385E+002  0.695281774387972E+002
  0.167966191186016E+000  0.820173609204456E+002  0.695371873532494E+002
  0.167966191186016E+000  0.820054451834470E+002  0.695453488103956E+002
  0.167966191186016E+000  0.820037383565384E+002  0.695465259403293E+002
  0.167966191186016E+000  0.820037182297681E+002  0.695465398331873E+002
  0.167966191186016E+000  0.819923745067858E+002  0.695544160221127E+002
  0.167966191186016E+000  0.819883148079682E+002  0.695572574241028E+002
  0.167966191186016E+000  0.819769112412660E+002  0.695653045754967E+002
  0.167966191186016E+000  0.819715822940830E+002  0.695690990424569E+002
  0.167966191186016E+000  0.819569047387423E+002  0.695796660064748E+002
  0.167966191186016E+000  0.819393572864012E+002  0.695925318002670E+002
  0.167966191186016E+000  0.819292253157417E+002  0.696000817118574E+002
  0.167966191186016E+000  0.819271145337963E+002  0.696016661372333E+002
  0.167966191186016E+000  0.819253619001355E+002  0.696029848046928E+002
  0.167966191186016E+000  0.819219127885891E+002  0.696055881236021E+002
  0.167966191186016E+000  0.819192566586329E+002  0.696076004313821E+002
  0.167966191186016E+000  0.819176432035355E+002  0.696088260222802E+002
  0.167966191186016E+000  0.819083927169902E+002  0.696159005667099E+002
  0.167966191186016E+000  0.819020103544240E+002  0.696208301547134E+002
  0.167966191186016E+000  0.818963047019444E+002  0.696252715283355E+002
  0.167966191186016E+000  0.818955508248685E+002  0.696258608324758E+002
  0.167966191186016E+000  0.818861283069068E+002  0.696332761346369E+002
  0.167966191186016E+000  0.818814937459337E+002  0.696369578943961E+002
  0.167966191186016E+000  0.818801620502836E+002  0.696380201032928E+002
  0.167966191186016E+000  0.818797629041663E+002  0.696383388531390E+002
  0.167966191186016E+000  0.818681127575499E+002  0.696477203244332E+002
  0.167966191186016E+000  0.818564824332805E+002  0.696572411883582E+002
  0.167966191186016E+000  0.818510692340788E+002  0.696617277137602E+002
  0.167966191186016E+000  0.818475522057262E+002  0.696646620163802E+002
  0.167966191186016E+000  0.818419457951006E+002  0.696693717164561E+002
  0.167966191186016E+000  0.818242527585706E+002  0.696845052929667E+002
  0.167966191186016E+000  0.818218817979979E+002  0.696865657568104E+002
  0.167966191186016E+000  0.818216220449452E+002  0.696867919749826E+002
  0.167966191186016E+000  0.818195805164995E+002  0.696885732746634E+002
  0.167966191186016E+000  0.818175882845222E+002  0.696903173124248E+002
  0.167966191186016E+000  0.818091795747229E+002  0.696977423469801E+002
  0.167966191186016E+000  0.818067144745856E+002  0.696999390801525E+002
  0.167966191186016E+000  0.817947205675207E+002  0.697107618595315E+002
  0.167966191186016E+000  0.817894372918456E+002  0.697156026028578E+002
  0.167966191186016E+000  0.817864404944558E+002  0.697183690560292E+002
  0.167966191186016E+000  0.817843872116716E+002  0.697202733181553E+002
  0.167966191186016E+000  0.817835572433244E+002  0.697210451034147E+002
  0.167966191186016E+000  0.817698211143672E+002  0.697339954372811E+002
  0.167966191186016E+000  0.817692774225089E+002  0.697345151010328E+002
  0.167966191186016E+000  0.817691776926108E+002  0.697346104835422E+002
  0.167966191186016E+000  0.817681359305224E+002  0.697356079511501E+002
  0.167966191186016E+000  0.817673447854715E+002  0.697363668257109E+002
  0.167966191186016E+000  0.817631820033414E+002  0.697403794975621E+002
  0.167966191186016E+000  0.817567547515927E+002  0.697466414666724E+002
  0.167966191186016E+000  0.817544697838617E+002  0.697488876341561E+002
  0.167966191186016E+000  0.817531394137461E+002  0.697502003367653E+002
  0.167966191186016E+000  0.817505344287281E+002  0.697527813574706E+002
  0.167966191186016E+000  0.817464661012296E+002  0.697568408913477E+002
  0.167966191186016E+000  0.817442703161829E+002  0.697590467134976E+002
  0.167966191186016E+000  0.827043598749683E+002  0.697683145323513E+002
  0.167966191186016E+000  0.827041225952605E+002  0.697685584080416E+002
  0.167966191186016E+000  0.827041003740292E+002  0.697685812537001E+002
  0.167966191186016E+000  0.826988075620551E+002  0.697740559673393E+002
  0.167966191186016E+000  0.826926379609901E+002  0.697805232412500E+002
  0.167966191186016E+000  0.826855183883599E+002  0.697881060410394E+002
  0.167966191186016E+000  0.826829927191567E+002  0.697908280660762E+002
  0.167966191186016E+000  0.826703753211295E+002  0.698046920604471E+002
  0.167966191186016E+000  0.826701566777784E+002  0.698049363656559E+002
  0.167966191186016E+000  0.826633598755118E+002  0.698126035571512E+002
  0.167966191186016E+000  0.826583336293046E+002  0.698183670651214E+002
  0.167966191186016E+000  0.826555434480420E+002  0.698216023037971E+002
  0.167966191186016E+000  0.826396170186768E+002  0.698405938234465E+002
  0.167966191186016E+000  0.826203836400478E+002  0.698648715593724E+002
  0.167966191186016E+000  0.826196182446325E+002  0.698658719129626E+002
  0.167966191186016E+000  0.826160737155563E+002  0.698705416251576E+002
  0.167966191186016E+000  0.826107402415631E+002  0.698776874102960E+002
  0.167966191186016E+000  0.826067902538839E+002  0.698830766262552E+002
  0.167966191186016E+000  0.826053443481889E+002  0.698850709023629E+002
  0.167966191186016E+000  0.826048543296794E+002  0.698857494455615E+002
  0.167966191186016E+000  0.826002064616182E+002  0.698922548607580E+002
  0.167966191186016E+000  0.825999752624518E+002  0.698925818117241E+002
  0.167966191186016E+000  0.825980537444697E+002  0.698953117831253E+002
  0.167966191186016E+000  0.825955487425304E+002  0.698989053408697E+002
  0.167966191186016E+000  0.825953724316186E+002  0.698991597738233E+002
  0.167966191186016E+000  0.825952408430338E+002  0.698993497989785E+002
  0.167966191186016E+000  0.825945159550048E+002  0.699003986106020E+002
  0.167966191186016E+000  0.825938150663435E+002  0.699014159587665E+002
  0.167966191186016E+000  0.825933928936887E+002  0.699020303071555E+002
