  0.431158882038323E-024  0.196659843814113E+003  0.600607346292869E+002
  0.238183659801168E-023  0.193234887252095E+003  0.602191774420285E+002
  0.348587509242847E-022  0.187861366995271E+003  0.799715302873673E+002
  0.392299927045450E-022  0.187618436683070E+003  0.604845801162412E+002
  0.640050816586838E-022  0.186632739289146E+003  0.799125728063065E+002
  0.695579546428723E-022  0.186459688101531E+003  0.605402415033681E+002
  0.829770210279547E-022  0.186100225662264E+003  0.798869076451321E+002
  0.864373167033895E-022  0.186011858533130E+003  0.605618392686589E+002
  0.881816434517724E-022  0.185965244296209E+003  0.605640901387724E+002
  0.105854084396287E-021  0.185593263183507E+003  0.605820708888239E+002
  0.251442053140689E-021  0.183856305654313E+003  0.606664794397058E+002
  0.462020826090888E-021  0.182632855253729E+003  0.797180972083874E+002
  0.923531661671089E-021  0.181241009442949E+003  0.607949969635284E+002
  0.103172001660875E-020  0.181012798814734E+003  0.796381867459128E+002
  0.189730312012474E-020  0.179787730956789E+003  0.795773061500627E+002
  0.432042153389354E-020  0.178135236361821E+003  0.794945510447047E+002
  0.528233967158329E-020  0.177726548492831E+003  0.794739702346701E+002
  0.602238124245344E-020  0.177457665678353E+003  0.609840765950098E+002
  0.149507285197739E-019  0.175632455512698E+003  0.610766926105939E+002
  0.152731806356717E-019  0.175583123209365E+003  0.610792088840471E+002
  0.228403188598412E-019  0.174771609719908E+003  0.611207012795149E+002
  0.232135455538403E-019  0.174732536893537E+003  0.793217775197569E+002
  0.316617267846319E-019  0.174105136061117E+003  0.792895615134019E+002
  0.407804569629003E-019  0.173592291728614E+003  0.792631425265067E+002
  0.800406834058388E-019  0.172236971993758E+003  0.791929492292671E+002
  0.817888497019474E-019  0.172187104664328E+003  0.612541252793171E+002
  0.838062698661599E-019  0.172131715281164E+003  0.612570064669323E+002
  0.925374828988240E-019  0.171926847783235E+003  0.791768102451348E+002
  0.102484126577069E-018  0.171716003921136E+003  0.791658212180903E+002
  0.146573205197134E-018  0.170993714193137E+003  0.791280732200538E+002
  0.196902211037923E-018  0.170396694178962E+003  0.613477305443688E+002
  0.302059870227586E-018  0.169534202541400E+003  0.613931770371817E+002
  0.401501082064211E-018  0.168958376991367E+003  0.614236491670767E+002
  0.517239102709498E-018  0.168445131370736E+003  0.614508988569805E+002
  0.126500688376093E-017  0.166649820602161E+003  0.788975909547936E+002
  0.131336468283705E-017  0.166568135540646E+003  0.615512832041893E+002
  0.177116152620319E-017  0.165963393447826E+003  0.615838741163776E+002
  0.180169832061396E-017  0.165922549526296E+003  0.788584016319428E+002
  0.221314890628688E-017  0.165504520717414E+003  0.788357952687626E+002
  0.259953265227338E-017  0.165176034469490E+003  0.616264918365125E+002
  0.283088506784705E-017  0.164998863433628E+003  0.616361108049787E+002
  0.452380733644177E-017  0.164054678727902E+003  0.616875553044625E+002
  0.671006291825910E-017  0.163259514432965E+003  0.617311221051011E+002
  0.699032717648236E-017  0.163171020785210E+003  0.787084968781121E+002
  0.888612329725288E-017  0.162684438168317E+003  0.617627701636183E+002
  0.120726139893259E-016  0.162064885186296E+003  0.617969989273141E+002
  0.279597361645466E-016  0.160378577805390E+003  0.785536058837506E+002
  0.757998884049533E-016  0.158377259546663E+003  0.784408013564609E+002
  0.774010273065503E-016  0.158328797500907E+003  0.620064307717276E+002
  0.271995770069473E-015  0.155808568997206E+003  0.782937068637205E+002
  0.292533367680646E-015  0.155656328971528E+003  0.782849046944364E+002
  0.323189818159833E-015  0.155450351220891E+003  0.782729802143471E+002
  0.322227230257619E-015  0.155449661325177E+003  0.782729402451727E+002
  0.398767298474774E-015  0.155016763636559E+003  0.621966603269086E+002
  0.405725215869802E-015  0.154975511881677E+003  0.621990580956398E+002
  0.621669126649957E-015  0.154115392545055E+003  0.781952643414376E+002
  0.707273638251397E-015  0.153850717701050E+003  0.622647154646458E+002
  0.706031973297200E-015  0.153847576336795E+003  0.781795817595853E+002
  0.108153060557391E-014  0.152987976717093E+003  0.623154455255409E+002
  0.110822456489224E-014  0.152932557179939E+003  0.781257659713402E+002
  0.125745957179866E-014  0.152673233141499E+003  0.781104473585903E+002
  0.134433998045699E-014  0.152532958163415E+003  0.623423326332776E+002
  0.345555027899784E-014  0.150638145497013E+003  0.624552981176844E+002
  0.364778376617944E-014  0.150523213754900E+003  0.624622030498521E+002
  0.372497794676980E-014  0.150474675903414E+003  0.624651209794602E+002
  0.500382257479214E-014  0.149877737915597E+003  0.779433843291036E+002
  0.689661408908570E-014  0.149229425447135E+003  0.625403601434807E+002
  0.945582241446123E-014  0.148591569665244E+003  0.778652945257842E+002
  0.130643302956557E-013  0.147938404169166E+003  0.626191508919532E+002
  0.140243588123843E-013  0.147789928399682E+003  0.778162166028434E+002
  0.151134999097825E-013  0.147633687528927E+003  0.626378670779723E+002
  0.166780111036089E-013  0.147430026402227E+003  0.777940792879935E+002
  0.199271872352708E-013  0.147067383140768E+003  0.626727736496016E+002
  0.208580379504145E-013  0.146969418770387E+003  0.626788284869436E+002
  0.228668118642581E-013  0.146778868772943E+003  0.777538616908056E+002
  0.301513248263020E-013  0.146219128657585E+003  0.627253634588390E+002
  0.473806576427589E-013  0.145308502646536E+003  0.776622474699118E+002
  0.651042321013662E-013  0.144666296111294E+003  0.628226037830719E+002
  0.716977756744839E-013  0.144466700194880E+003  0.776092857836708E+002
  0.115724873516626E-012  0.143502532875698E+003  0.628963261878976E+002
  0.124221827136347E-012  0.143354170691622E+003  0.629057780647840E+002
  0.138199481202027E-012  0.143134256588508E+003  0.629198108874699E+002
  0.192547776534153E-012  0.142464308697602E+003  0.774817535865260E+002
  0.198104439602802E-012  0.142400753014118E+003  0.629668123289209E+002
  0.211459645089950E-012  0.142263617808827E+003  0.629756335035983E+002
  0.327495901285744E-012  0.141382079502811E+003  0.774118848065335E+002
  0.365439249481175E-012  0.141156174895733E+003  0.630472667937007E+002
  0.481241560978796E-012  0.140598980722479E+003  0.773609014813017E+002
  0.538574736804685E-012  0.140367211293981E+003  0.630987391037071E+002
  0.639429501490278E-012  0.140017255511957E+003  0.631216898205373E+002
  0.878007467377704E-012  0.139376442484393E+003  0.772805724514425E+002
  0.102944960088589E-011  0.139051537960725E+003  0.631854115595234E+002
  0.131529062679276E-011  0.138554815662870E+003  0.772260683712325E+002
  0.214219267063885E-011  0.137572615549193E+003  0.771603505324603E+002
  0.249390444069712E-011  0.137261920741167E+003  0.633050490268155E+002
  0.386644046003866E-011  0.136378295610634E+003  0.770795915386426E+002
  0.413114024497006E-011  0.136239201728010E+003  0.633743571547037E+002
  0.425701897934825E-011  0.136172514771857E+003  0.633789008067329E+002
  0.544368142062818E-011  0.135674086354673E+003  0.770315245885894E+002
  0.552600669758369E-011  0.135637411024903E+003  0.634154693979692E+002
  0.806534761914706E-011  0.134874532696072E+003  0.769765350898527E+002
  0.892206077653816E-011  0.134665976844222E+003  0.769621178349139E+002
  0.122764816942742E-010  0.134021004412000E+003  0.635271462750631E+002
  0.134599226247282E-010  0.133830286429857E+003  0.769040353443340E+002
  0.157621104298951E-010  0.133507846029022E+003  0.768814895221575E+002
  0.187183501228681E-010  0.133157399755412E+003  0.635875827773258E+002
  0.238875123001557E-010  0.132663041191660E+003  0.768220534599818E+002
  0.287857550100056E-010  0.132283335966307E+003  0.636493170383216E+002
  0.287364546343887E-010  0.132280108654124E+003  0.636495460546177E+002
  0.391375636325324E-010  0.131655620675032E+003  0.636940121103766E+002
  0.413614872591850E-010  0.131538430143028E+003  0.767420910107518E+002
  0.425793568592089E-010  0.131473735829589E+003  0.767374612437396E+002
  0.428819772851917E-010  0.131452916103999E+003  0.767359706064108E+002
  0.603810407634635E-010  0.130761813457293E+003  0.637581869563497E+002
  0.605026577392250E-010  0.130751133611858E+003  0.637589576154833E+002
  0.603189628762137E-010  0.130750559559254E+003  0.637589990418015E+002
  0.772638293493547E-010  0.130248745197861E+003  0.637953144507304E+002
  0.990279459699941E-010  0.129745737272943E+003  0.766125580076648E+002
  0.144477291344413E-009  0.128983641194655E+003  0.638877917589164E+002
  0.149212094663725E-009  0.128912492802395E+003  0.638930327374674E+002
  0.151358044239947E-009  0.128877278350093E+003  0.638956283332790E+002
  0.151921295570030E-009  0.128863193948966E+003  0.765478145849530E+002
  0.190185115388049E-009  0.128407267778942E+003  0.765141068402314E+002
  0.210832405305537E-009  0.128194480917060E+003  0.639461683329538E+002
  0.224981586818401E-009  0.128057915272310E+003  0.764881556441086E+002
  0.276363464313463E-009  0.127639863019008E+003  0.764569592088010E+002
  0.277535796754820E-009  0.127624741392562E+003  0.764558278574790E+002
  0.330903376651158E-009  0.127266332818097E+003  0.640155288374170E+002
  0.362890973041914E-009  0.127075125197747E+003  0.640299142930984E+002
  0.481177388202770E-009  0.126504202511246E+003  0.763714135819428E+002
  0.505426680595177E-009  0.126399212946969E+003  0.640810364687611E+002
  0.535575801905202E-009  0.126276678469237E+003  0.640903499197837E+002
  0.577934587010569E-009  0.126117786373802E+003  0.763420334508628E+002
  0.646440665988768E-009  0.125887089342187E+003  0.641200557771545E+002
  0.673524543569725E-009  0.125798347721418E+003  0.641268424981759E+002
  0.673688711543272E-009  0.125791204711426E+003  0.763170922479953E+002
  0.685061258447650E-009  0.125751068909763E+003  0.641304613419985E+002
  0.836283498049019E-009  0.125345494518691E+003  0.641615938392977E+002
  0.100569482355874E-008  0.124969906378033E+003  0.762539134989636E+002
  0.139697445848221E-008  0.124305990542575E+003  0.642421277313663E+002
  0.158276938466597E-008  0.124049600380714E+003  0.761823229110797E+002
  0.191796980499989E-008  0.123658762509429E+003  0.642928231958831E+002
  0.206891816851544E-008  0.123500589702483E+003  0.643052784501703E+002
  0.270648460587134E-008  0.122956684617005E+003  0.643483095885351E+002
  0.283957674955649E-008  0.122854020217184E+003  0.643564673149187E+002
  0.302355069704725E-008  0.122721810918921E+003  0.643669894251640E+002
  0.310160503593160E-008  0.122664179613196E+003  0.643715820366560E+002
  0.328185242253293E-008  0.122544547443179E+003  0.760633543576124E+002
  0.432367014173764E-008  0.121986498692039E+003  0.760186222822318E+002
  0.460767504496564E-008  0.121852605532396E+003  0.760078382286555E+002
  0.476118479061991E-008  0.121780403668785E+003  0.760020145789111E+002
  0.550370045838071E-008  0.121483899821093E+003  0.644664439305051E+002
  0.557184153057690E-008  0.121452634363742E+003  0.759755032779893E+002
  0.641337889656181E-008  0.121164657491962E+003  0.644923720330959E+002
  0.647425730441477E-008  0.121139106635800E+003  0.759500290673809E+002
  0.675333161255284E-008  0.121048046942891E+003  0.759426091847754E+002
  0.731334865951578E-008  0.120882060749749E+003  0.759290591922743E+002
  0.816348725470984E-008  0.120655464818556E+003  0.759105093217997E+002
  0.882492810133619E-008  0.120492991201773E+003  0.758971713852226E+002
  0.967040738840402E-008  0.120303355657488E+003  0.758815638892983E+002
  0.967283294596769E-008  0.120296198494830E+003  0.758809739932943E+002
  0.127379991576261E-007  0.119739006200837E+003  0.758348597060013E+002
  0.158972816544997E-007  0.119289233533321E+003  0.757973574595724E+002
  0.173600204601488E-007  0.119106534436480E+003  0.646624296718593E+002
  0.187441591131352E-007  0.118946454252079E+003  0.757686061045157E+002
  0.232127420870611E-007  0.118512160340148E+003  0.647125180507023E+002
  0.249234454719178E-007  0.118363289580198E+003  0.647251349790957E+002
  0.254284692923780E-007  0.118316513122088E+003  0.757153760445240E+002
  0.261793100126265E-007  0.118251657501937E+003  0.757098664251345E+002
  0.355854696891016E-007  0.117631065931512E+003  0.647876179025212E+002
  0.425408199006416E-007  0.117267356984354E+003  0.648189228980312E+002
  0.449703036226794E-007  0.117149624865758E+003  0.648290952147692E+002
  0.610175965278637E-007  0.116532649409947E+003  0.755617612131344E+002
  0.701938066311966E-007  0.116245798245224E+003  0.649078363097874E+002
  0.707515775288560E-007  0.116223313163060E+003  0.755346712713151E+002
  0.793643754054421E-007  0.115986908059691E+003  0.755138747399202E+002
  0.894958429849098E-007  0.115739967315482E+003  0.649524176010412E+002
  0.930845975280918E-007  0.115654678628486E+003  0.754845096436664E+002
  0.119020460803669E-006  0.115156449673607E+003  0.754401624439030E+002
  0.156394627379858E-006  0.114603619977678E+003  0.753905099022229E+002
  0.163175637788789E-006  0.114512075042689E+003  0.650622396923423E+002
  0.172850326440107E-006  0.114390221658886E+003  0.753712153937224E+002
  0.256097672885252E-006  0.113597300375738E+003  0.651456007247492E+002
  0.315671177561317E-006  0.113172360419451E+003  0.651847936165849E+002
  0.362979225103991E-006  0.112886415825194E+003  0.752331420702316E+002
  0.400188952860437E-006  0.112684577812582E+003  0.752143194543757E+002
  0.408936135030976E-006  0.112634677878277E+003  0.652348263215255E+002
  0.440396758798565E-006  0.112479788197365E+003  0.652493325833738E+002
  0.467864001671923E-006  0.112352129389532E+003  0.652613204128968E+002
  0.484128071849677E-006  0.112277130161339E+003  0.652683767603079E+002
  0.632944053089249E-006  0.111734409478113E+003  0.751247397325690E+002
  0.724338388572235E-006  0.111458000625464E+003  0.653461098131518E+002
  0.838168361782870E-006  0.111159424408026E+003  0.750697275335533E+002
  0.946744654502910E-006  0.110909147965321E+003  0.750455861283029E+002
  0.102757258038256E-005  0.110738642062923E+003  0.750290698694809E+002
  0.102794147711157E-005  0.110731268615143E+003  0.750283543513002E+002
  0.117238028632947E-005  0.110461657278195E+003  0.750021177503367E+002
  0.119008138442179E-005  0.110425030537727E+003  0.749985423849569E+002
  0.126883802067672E-005  0.110290215273043E+003  0.749853591036903E+002
  0.131757448167156E-005  0.110208177702640E+003  0.749773189464889E+002
  0.137473654821719E-005  0.110116582964353E+003  0.749683260384160E+002
  0.147527248938242E-005  0.109968766184508E+003  0.654907042357000E+002
  0.177269081699881E-005  0.109594798771331E+003  0.749167679071538E+002
  0.189590093699286E-005  0.109453752138633E+003  0.749027334070868E+002
  0.191102204665644E-005  0.109431208462733E+003  0.749004863513255E+002
  0.253172872970848E-005  0.108862024562802E+003  0.656010908214668E+002
  0.268172702499046E-005  0.108740251707593E+003  0.656133979166981E+002
  0.279855325150495E-005  0.108648312950470E+003  0.748217697371512E+002
  0.287141910154898E-005  0.108590249809726E+003  0.748158780208260E+002
  0.306155804984069E-005  0.108455359059618E+003  0.656423200684103E+002
  0.365249251567011E-005  0.108095731754342E+003  0.747653892112446E+002
  0.377468210960734E-005  0.108023263465683E+003  0.656865381504950E+002
  0.388414578338106E-005  0.107959434056925E+003  0.656931066666184E+002
  0.417099774211560E-005  0.107810274097101E+003  0.747359877604895E+002
  0.509838737535615E-005  0.107402080487051E+003  0.746936089296362E+002
  0.508783975060733E-005  0.107399566824531E+003  0.657511346372885E+002
  0.510641617466728E-005  0.107385622259349E+003  0.657525895505513E+002
  0.534885845080357E-005  0.107286195995213E+003  0.657629769986769E+002
  0.571378465417777E-005  0.107147543512555E+003  0.657775030931072E+002
  0.586131243447032E-005  0.107089904076881E+003  0.746609256062180E+002
  0.634809042702986E-005  0.106923687488521E+003  0.746434249845006E+002
  0.685186667537014E-005  0.106764297758381E+003  0.746265778367278E+002
  0.771354785638188E-005  0.106520727933828E+003  0.658437735326372E+002
  0.797411515572937E-005  0.106447627462507E+003  0.745929138056491E+002
  0.813598692978756E-005  0.106400779158276E+003  0.745879114959359E+002
  0.815206685064996E-005  0.106390174689831E+003  0.658577029635492E+002
  0.835501535020122E-005  0.106334338103876E+003  0.658636740617701E+002
  0.843473937299833E-005  0.106308688887798E+003  0.658664197021272E+002
  0.893992765520447E-005  0.106185695948304E+003  0.745648716556974E+002
  0.104693554931946E-004  0.105863190430889E+003  0.745300937709698E+002
  0.105237214013857E-004  0.105846176001450E+003  0.659162301598228E+002
  0.130106717187701E-004  0.105415244357235E+003  0.659631636667761E+002
  0.136501973723356E-004  0.105312620659274E+003  0.659744170400606E+002
  0.146595035071449E-004  0.105163295383754E+003  0.659908450093573E+002
  0.156356436154284E-004  0.105027711150771E+003  0.744386646483338E+002
  0.159618092153898E-004  0.104979763990880E+003  0.660111239413573E+002
  0.167567246274493E-004  0.104875907004611E+003  0.744218385584523E+002
  0.189943518382853E-004  0.104618567393817E+003  0.660513215819399E+002
  0.204218462580037E-004  0.104466984694535E+003  0.743761742252760E+002
  0.215770845018154E-004  0.104350275862371E+003  0.660814323683870E+002
  0.215101762309958E-004  0.104349831707416E+003  0.743629989548845E+002
  0.229337343242581E-004  0.104215010517307E+003  0.743477846083684E+002
  0.231472149286474E-004  0.104189823883823E+003  0.743449361144800E+002
  0.260875672460168E-004  0.103943999539091E+003  0.661274509040896E+002
  0.281129914111264E-004  0.103787798064532E+003  0.661452819395006E+002
  0.347196293240635E-004  0.103358995651771E+003  0.661946372728454E+002
  0.392863043942363E-004  0.103105198559870E+003  0.742203449145964E+002
  0.399749351565572E-004  0.103063789645332E+003  0.662289701281999E+002
  0.419814813000280E-004  0.102959182139143E+003  0.662412071711250E+002
  0.421672300645129E-004  0.102943696996951E+003  0.742014595239098E+002
  0.431626540088734E-004  0.102890376916359E+003  0.662492765921578E+002
  0.455306973300626E-004  0.102776899067696E+003  0.662626211091433E+002
  0.508889627135159E-004  0.102547724902685E+003  0.741547722595912E+002
  0.543248702745317E-004  0.102410397161082E+003  0.741384505863792E+002
  0.613418290870351E-004  0.102160781903129E+003  0.741086077918019E+002
  0.616649485212743E-004  0.102143618928677E+003  0.741065474451391E+002
  0.621631462317996E-004  0.102120870057235E+003  0.663406665046857E+002
  0.708612093155645E-004  0.101852292785602E+003  0.663730746820224E+002
  0.803741678782630E-004  0.101593697877507E+003  0.664045382801574E+002
  0.982426361708812E-004  0.101185547360294E+003  0.739897482216659E+002
  0.105224233968139E-003  0.101041585106783E+003  0.664725980827003E+002
  0.110064497816362E-003  0.100944983720485E+003  0.664846336751581E+002
  0.122448891995748E-003  0.100725073746327E+003  0.739323034284567E+002
  0.131903732957321E-003  0.100569660914118E+003  0.739127136221129E+002
  0.142972255935860E-003  0.100401848861415E+003  0.738914434552878E+002
  0.148220596225665E-003  0.100323091117059E+003  0.665630630664827E+002
  0.163821746028866E-003  0.100116281050556E+003  0.665895198772143E+002
  0.173905727867384E-003  0.999901565978118E+002  0.666057497432761E+002
  0.188182910840977E-003  0.998256988949866E+002  0.738174589183242E+002
  0.188611396192074E-003  0.998144945673514E+002  0.738160050509457E+002
  0.236466744517839E-003  0.993556014085105E+002  0.737559454192417E+002
  0.264439326899157E-003  0.991253373199615E+002  0.667190606897404E+002
  0.323587300019880E-003  0.987149675369503E+002  0.736703504947988E+002
  0.324911364991844E-003  0.987001449896868E+002  0.667761364590949E+002
  0.329225745453160E-003  0.986671069098449E+002  0.736638703903396E+002
  0.331017881113003E-003  0.986495938825654E+002  0.667829851956990E+002
  0.350540767237294E-003  0.985283290704502E+002  0.736450111605486E+002
  0.362218279603290E-003  0.984561334881404E+002  0.668093224276744E+002
  0.363807924051097E-003  0.984407198384527E+002  0.668114295517798E+002
  0.398268988658218E-003  0.982530610968385E+002  0.668371886467500E+002
  0.404166003571408E-003  0.982170093854652E+002  0.736023215664781E+002
  0.464774801035616E-003  0.979308992134108E+002  0.668818735917094E+002
  0.498185262410923E-003  0.977854055706460E+002  0.669022511884103E+002
  0.517842191875448E-003  0.977013529379864E+002  0.669140806628653E+002
  0.516225425871882E-003  0.977009513678609E+002  0.735303440721019E+002
  0.547910570341163E-003  0.975751587098816E+002  0.669319209578097E+002
  0.671892381389849E-003  0.971605309294273E+002  0.734532502906899E+002
  0.717846325706416E-003  0.970215606809745E+002  0.734331262770338E+002
  0.720899771584231E-003  0.970064159018458E+002  0.734309255640905E+002
  0.728631463366921E-003  0.969784244168612E+002  0.670176272559837E+002
  0.730066918513250E-003  0.969678325723253E+002  0.734253121236623E+002
  0.763491519874486E-003  0.968716453550398E+002  0.734112749446817E+002
  0.780978101370619E-003  0.968196995897724E+002  0.734036684311308E+002
  0.788392451423902E-003  0.967941462286806E+002  0.670445614288913E+002
  0.819283747005998E-003  0.967106216912745E+002  0.733876364658485E+002
  0.821632662250841E-003  0.966982402451377E+002  0.670586698120597E+002
  0.855625363692734E-003  0.966105062472808E+002  0.733728499779578E+002
  0.863281697290984E-003  0.965860338010042E+002  0.733692249682093E+002
  0.883209376770927E-003  0.965337357445544E+002  0.670830171267028E+002
  0.925572738583511E-003  0.964333793034346E+002  0.733465178971770E+002
  0.938866598993043E-003  0.963982023647150E+002  0.671032193954850E+002
  0.946784189661834E-003  0.963747512309793E+002  0.671067282575171E+002
  0.978452277362427E-003  0.963022939795197E+002  0.671175946862584E+002
  0.100079913613046E-002  0.962504742362437E+002  0.671253894890553E+002
  0.100236778628858E-002  0.962406863150413E+002  0.671268640066569E+002
  0.100576029813288E-002  0.962272731677504E+002  0.671288857940049E+002
  0.103894866297127E-002  0.961556865279519E+002  0.671396985987741E+002
  0.107502362163606E-002  0.960807642795784E+002  0.732934253517049E+002
  0.113778783974617E-002  0.959606221977735E+002  0.671693564404045E+002
  0.125971783899926E-002  0.957503628719470E+002  0.732428307151334E+002
  0.141228210443481E-002  0.955150689893451E+002  0.672382043149358E+002
  0.143618356920740E-002  0.954748486364115E+002  0.672444975854032E+002
  0.149056479933346E-002  0.953938614323827E+002  0.731872711891874E+002
  0.170378211539745E-002  0.951198149610112E+002  0.731438438089015E+002
  0.172659230416363E-002  0.950865610890089E+002  0.673059511892273E+002
  0.179245644503206E-002  0.950050309185050E+002  0.673190200686268E+002
  0.179535351530347E-002  0.949951454338006E+002  0.731238726893892E+002
  0.183002069450933E-002  0.949502391971023E+002  0.673278360615492E+002
  0.186458399615599E-002  0.949061622277395E+002  0.673349475870299E+002
  0.186399820784564E-002  0.949001350776471E+002  0.673359213893593E+002
  0.193517372874241E-002  0.948185327975804E+002  0.730953430563929E+002
  0.202545543614983E-002  0.947206822628670E+002  0.730794138506272E+002
  0.204292632435185E-002  0.946968493412955E+002  0.673689607600163E+002
  0.217848066970829E-002  0.945617048798706E+002  0.730533426414359E+002
  0.225137460451809E-002  0.944892227563084E+002  0.674031053080037E+002
  0.226738976933269E-002  0.944683905291059E+002  0.674065540597124E+002
  0.230010129880073E-002  0.944330871961189E+002  0.674124081515046E+002
  0.233747475969161E-002  0.943941955775187E+002  0.730256099391173E+002
  0.236869665159092E-002  0.943610026299140E+002  0.674243994434180E+002
  0.242492413368380E-002  0.943074263077646E+002  0.730111360696461E+002
  0.241690957740641E-002  0.943073918253496E+002  0.730111303027474E+002
  0.241987655575419E-002  0.942982825673391E+002  0.674348749162643E+002
  0.241320413415746E-002  0.942971492833983E+002  0.674350645588980E+002
  0.242286947693447E-002  0.942824993206429E+002  0.674375172319921E+002
  0.256117625001835E-002  0.941648156332210E+002  0.729871827730564E+002
  0.264196754619936E-002  0.940960454598464E+002  0.729755574649024E+002
  0.264606873752304E-002  0.940862876375992E+002  0.729739039672736E+002
  0.271384828854178E-002  0.940290468233824E+002  0.729641842271558E+002
  0.271382680552810E-002  0.940224070754002E+002  0.729630545379202E+002
  0.281849732174476E-002  0.939400632269582E+002  0.674954757219931E+002
  0.287281211406117E-002  0.938952326419000E+002  0.729413264465866E+002
  0.289708810517907E-002  0.938717475614183E+002  0.675071864156265E+002
  0.290029190206885E-002  0.938628814673719E+002  0.729357714035217E+002
  0.289804617250040E-002  0.938577751101894E+002  0.729348935478263E+002
  0.298194895767585E-002  0.937940388838525E+002  0.675205689719193E+002
  0.302796563831084E-002  0.937567555273836E+002  0.729174680606179E+002
  0.302568016568305E-002  0.937516100935202E+002  0.675279038761887E+002
  0.320540945003728E-002  0.936295466706015E+002  0.675491179066495E+002
  0.324829172871747E-002  0.935963122894435E+002  0.675549231035406E+002
  0.329574575736354E-002  0.935606502370004E+002  0.728833149149367E+002
  0.351686093609377E-002  0.934241219770762E+002  0.675852049740971E+002
  0.351767940667365E-002  0.934170009958589E+002  0.675864647810822E+002
  0.353396729443151E-002  0.934011062025283E+002  0.675892789796770E+002
  0.359119355647080E-002  0.933623236325011E+002  0.728483232010391E+002
  0.359922906053474E-002  0.933511979354188E+002  0.675981349340036E+002
  0.366378376684788E-002  0.933089888416437E+002  0.728388332476788E+002
  0.371148207328814E-002  0.932764635653649E+002  0.728330290356263E+002
  0.381722481034664E-002  0.932136232018991E+002  0.676227030348259E+002
  0.388787519396856E-002  0.931702893884994E+002  0.728139915334584E+002
  0.401528541857922E-002  0.930991425139733E+002  0.676433254072041E+002
  0.402026049976550E-002  0.930900103967249E+002  0.727995037939441E+002
  0.408105642503443E-002  0.930533364542667E+002  0.676516231799142E+002
  0.418321225204915E-002  0.929972337737754E+002  0.676618228243098E+002
  0.418990802232630E-002  0.929873794951432E+002  0.676636185613597E+002
  0.450133130851139E-002  0.928373350802033E+002  0.676911184090415E+002
  0.456441134459967E-002  0.928028467866787E+002  0.727469996605787E+002
  0.456549297137910E-002  0.927957173234177E+002  0.727456822332688E+002
  0.462955818064689E-002  0.927611918619666E+002  0.677051887077717E+002
  0.465336502533626E-002  0.927442779196879E+002  0.677083248787744E+002
  0.488831825429010E-002  0.926391069198806E+002  0.677279140963275E+002
  0.490246438472573E-002  0.926266719691174E+002  0.677302404179311E+002
  0.491264014423980E-002  0.926158694078664E+002  0.727122182355725E+002
  0.499386651907790E-002  0.925764159109529E+002  0.677396644930337E+002
  0.500601324636634E-002  0.925649015790436E+002  0.677418287156545E+002
  0.539668569315268E-002  0.924079556678366E+002  0.726729626761407E+002
  0.546125056211320E-002  0.923775144884588E+002  0.677773190790611E+002
  0.544458413035839E-002  0.923769717626122E+002  0.726670587356336E+002
  0.551865609775374E-002  0.923432901963187E+002  0.677838568094788E+002
  0.562771058791920E-002  0.922974979276865E+002  0.677926318406297E+002
  0.566769335059401E-002  0.922766833391522E+002  0.726478503828584E+002
  0.583162569578531E-002  0.922130005728744E+002  0.726355737899298E+002
  0.632870895433300E-002  0.920427440983836E+002  0.726024412847213E+002
  0.648116447217863E-002  0.919884806421509E+002  0.678526972820181E+002
  0.649116476739186E-002  0.919787414839867E+002  0.678546151069896E+002
  0.666701785973500E-002  0.919186245502955E+002  0.678664878346594E+002
  0.721689660965843E-002  0.917534642389415E+002  0.678994183484643E+002
  0.744801482590657E-002  0.916837636537187E+002  0.725310248118938E+002
  0.742992466801448E-002  0.916819716950891E+002  0.725306627730815E+002
  0.763038506113542E-002  0.916220709329693E+002  0.679259534898837E+002
  0.776197770846828E-002  0.915812176521607E+002  0.725102147440039E+002
  0.790253054351272E-002  0.915386703338118E+002  0.679429566748654E+002
  0.830731113445118E-002  0.914321088406237E+002  0.679648681097851E+002
  0.837449595573265E-002  0.914093434507104E+002  0.679695768146346E+002
  0.844230884286263E-002  0.913865579919884E+002  0.679742995466668E+002
  0.858294743169752E-002  0.913468593173253E+002  0.679825516636752E+002
  0.891534974950786E-002  0.912642095289291E+002  0.679998302787600E+002
  0.895127919468510E-002  0.912495100152803E+002  0.680029174226979E+002
  0.897671021000711E-002  0.912371803950662E+002  0.680055101648224E+002
  0.907566251845033E-002  0.912085989880697E+002  0.680115321188648E+002
  0.904586113912229E-002  0.912085215316133E+002  0.680115484608257E+002
  0.902607967649929E-002  0.912062443346298E+002  0.680120289636538E+002
  0.903345913038772E-002  0.911979542820744E+002  0.724307022533012E+002
  0.914786784074156E-002  0.911661277733493E+002  0.680205110051094E+002
  0.912112769517832E-002  0.911653269572328E+002  0.680206806582767E+002
  0.929825257333327E-002  0.911202052971775E+002  0.724142204427898E+002
  0.927399406180201E-002  0.911187743999944E+002  0.724139159489693E+002
  0.939206835047525E-002  0.910868160299751E+002  0.724071041744089E+002
  0.950653360333236E-002  0.910559329110786E+002  0.680439800069634E+002
  0.982115246814012E-002  0.909841590012417E+002  0.680594031690441E+002
  0.997481890195068E-002  0.909464527557427E+002  0.680675499216334E+002
  0.100359580907991E-001  0.909275758851767E+002  0.723728413319220E+002
  0.101186797972721E-001  0.909045028091397E+002  0.680766499123710E+002
  0.103398724635808E-001  0.908545985605677E+002  0.723569554412335E+002
  0.105716758819639E-001  0.908036013736076E+002  0.723457837044043E+002
  0.105452574476164E-001  0.908019500140102E+002  0.723454209655193E+002
  0.105288018920255E-001  0.907984178109911E+002  0.680998364819965E+002
  0.110716830007726E-001  0.906912097737719E+002  0.681235287409114E+002
  0.110870553219835E-001  0.906817792479280E+002  0.681256256351213E+002
  0.110976569339138E-001  0.906732121509080E+002  0.723169489890370E+002
  0.110691331239612E-001  0.906717036985876E+002  0.681278682711747E+002
  0.111518002727853E-001  0.906501670999091E+002  0.723118113514480E+002
  0.115473366515860E-001  0.905738037734732E+002  0.722946959741292E+002
  0.115326963076109E-001  0.905696855113176E+002  0.722937689257645E+002
  0.115222590347658E-001  0.905648407823619E+002  0.722926778134802E+002
  0.114901577987205E-001  0.905637650171259E+002  0.722924354555103E+002
  0.116706361593227E-001  0.905259391732541E+002  0.681605857532904E+002
  0.116878439283260E-001  0.905163368650194E+002  0.722817220725005E+002
  0.120167014720060E-001  0.904541849842813E+002  0.681768835052505E+002
  0.120412382231232E-001  0.904434497929678E+002  0.722651483492045E+002
  0.120202949999241E-001  0.904402758244144E+002  0.681800577857578E+002
  0.121390038129229E-001  0.904139657386452E+002  0.681860756781885E+002
  0.122361132128424E-001  0.903913742491319E+002  0.681912572469957E+002
  0.124852893923604E-001  0.903443998209821E+002  0.722424075358530E+002
  0.127384434495992E-001  0.902975975171923E+002  0.722315726929709E+002
  0.129385330057087E-001  0.902597710385655E+002  0.682217084574024E+002
  0.129847987726565E-001  0.902459765895857E+002  0.722195541641038E+002
  0.130060425460960E-001  0.902360515841579E+002  0.722172350978863E+002
  0.130325641538610E-001  0.902253218048816E+002  0.682297564003113E+002
  0.131617341270861E-001  0.901989411656223E+002  0.682359414248862E+002
  0.132763210006264E-001  0.901749488198543E+002  0.722028980762361E+002
  0.133405085537870E-001  0.901586470603661E+002  0.682454258578083E+002
  0.134520730440230E-001  0.901353353569715E+002  0.721935475463007E+002
  0.134557476050688E-001  0.901281335324631E+002  0.721918428282844E+002
  0.140057282750936E-001  0.900413578274017E+002  0.721711852433197E+002
  0.140506757738011E-001  0.900282940792868E+002  0.682764250227888E+002
  0.141180150026883E-001  0.900120762006334E+002  0.682803163994241E+002
  0.141159128637688E-001  0.900057184378730E+002  0.721626373196240E+002
  0.141858973231739E-001  0.899891716738252E+002  0.682858255156286E+002
  0.143835304875617E-001  0.899548450715545E+002  0.682941114013324E+002
  0.143742435396396E-001  0.899494812392265E+002  0.721490719906018E+002
  0.148990536875068E-001  0.898711061829220E+002  0.683144755837731E+002
  0.151069286926331E-001  0.898367390180016E+002  0.721215849415722E+002
  0.151742834888116E-001  0.898211861840530E+002  0.721177618070033E+002
  0.156057794719645E-001  0.897584521931894E+002  0.683422194853922E+002
  0.155564157167180E-001  0.897581329826003E+002  0.683422986808224E+002
  0.156127575277263E-001  0.897442469414808E+002  0.720987343414382E+002
  0.158055972231249E-001  0.897130398380123E+002  0.720909614393210E+002
  0.164034082287164E-001  0.896321342575564E+002  0.720706576898913E+002
  0.163682796246990E-001  0.896297663561295E+002  0.683744212627478E+002
  0.163463636179580E-001  0.896257904334733E+002  0.683754251219784E+002
  0.163203013689198E-001  0.896223261499297E+002  0.683763002452757E+002
  0.162670642956147E-001  0.896222052643514E+002  0.720681505629899E+002
  0.164081639656272E-001  0.895982765932564E+002  0.720620944003749E+002
  0.165991996512078E-001  0.895684700797352E+002  0.683899587483858E+002
  0.166725801775611E-001  0.895529925314183E+002  0.720505784495795E+002
  0.172018237191598E-001  0.894838370634349E+002  0.720328505557514E+002
  0.171523018006626E-001  0.894829475392384E+002  0.720326213968168E+002
  0.172476241841971E-001  0.894652079087497E+002  0.684164361069353E+002
  0.172803731998177E-001  0.894547584189348E+002  0.684191371137861E+002
  0.179075434486746E-001  0.893768014678838E+002  0.720050646214790E+002
  0.178646195053830E-001  0.893749455934303E+002  0.720045790247924E+002
  0.179049409027314E-001  0.893637809934004E+002  0.720016549677542E+002
  0.179400808287159E-001  0.893532040946560E+002  0.719988803930394E+002
  0.179405870018923E-001  0.893464920859584E+002  0.684473639307333E+002
  0.180096083023298E-001  0.893321568384266E+002  0.684511350915681E+002
  0.185485144278448E-001  0.892665326761577E+002  0.719759790415705E+002
  0.184886236494839E-001  0.892663452880273E+002  0.719759292036542E+002
  0.185189431929123E-001  0.892564125888310E+002  0.684711958893201E+002
  0.185441678002563E-001  0.892470346671516E+002  0.719707857177176E+002
  0.187316053026530E-001  0.892202653169123E+002  0.684808509204104E+002
  0.188738758438403E-001  0.891984767065809E+002  0.719577846920329E+002
  0.191177145688227E-001  0.891661478581149E+002  0.719490746111515E+002
  0.194634051875006E-001  0.891236509262658E+002  0.719375577512759E+002
  0.194918334103746E-001  0.891140762801018E+002  0.719349522894690E+002
  0.194831847045643E-001  0.891083083152527E+002  0.719333807905675E+002
  0.194861261197529E-001  0.891013508138753E+002  0.719314832764152E+002
  0.198104374530439E-001  0.890616828105033E+002  0.685238572016685E+002
  0.200514243548919E-001  0.890308447333747E+002  0.719121340117401E+002
  0.200916797672580E-001  0.890201779610566E+002  0.685352939940829E+002
  0.201445521603056E-001  0.890082661805815E+002  0.685385906704665E+002
  0.202371370785659E-001  0.889924396041119E+002  0.719015005445105E+002
  0.203169229928355E-001  0.889779144279284E+002  0.718974612774598E+002
  0.202881352076179E-001  0.889740947299032E+002  0.685480839034680E+002
  0.202826899352593E-001  0.889679760155442E+002  0.685497894428786E+002
  0.202564311142145E-001  0.889639113967845E+002  0.685509233827787E+002
  0.204881040274387E-001  0.889345116219077E+002  0.718853330542112E+002
  0.205083847673371E-001  0.889258772633294E+002  0.718829097571329E+002
  0.204695405398013E-001  0.889230134065053E+002  0.685623761399858E+002
  0.205152103035336E-001  0.889119005799837E+002  0.685655017688802E+002
  0.205742150925798E-001  0.888995009594244E+002  0.685689963008721E+002
  0.207699600877175E-001  0.888739071412027E+002  0.718682485952701E+002
  0.210278750168996E-001  0.888425691149506E+002  0.685851369065496E+002
  0.213193839489465E-001  0.888083780064869E+002  0.685949072829016E+002
  0.214403629865639E-001  0.887904053003508E+002  0.718444146323996E+002
  0.213730675427427E-001  0.887900370462134E+002  0.686001726071881E+002
  0.214813527611558E-001  0.887732741820554E+002  0.718394814680463E+002
  0.217130409938114E-001  0.887451629976112E+002  0.718313536572766E+002
  0.217819448116334E-001  0.887321706984513E+002  0.718275832782698E+002
  0.218001149401153E-001  0.887238474477026E+002  0.686193181515929E+002
  0.217931105181258E-001  0.887178345749082E+002  0.718234126167342E+002
  0.217359303726551E-001  0.887164334342593E+002  0.718230044143331E+002
  0.220088247536469E-001  0.886848241954837E+002  0.686307136639005E+002
  0.219359441969248E-001  0.886848024536625E+002  0.718137613173762E+002
  0.218906780583463E-001  0.886822782577678E+002  0.686314599614696E+002
  0.219890451877492E-001  0.886666556844562E+002  0.686360471363930E+002
  0.221440018899484E-001  0.886459555413654E+002  0.686421457243337E+002
  0.223428897381246E-001  0.886214170149022E+002  0.686494057908373E+002
  0.222723237401972E-001  0.886210880709711E+002  0.686495033411448E+002
  0.222734346859013E-001  0.886143327330765E+002  0.686515080171087E+002
  0.222646661748539E-001  0.886084646594073E+002  0.717912298806702E+002
  0.222373669779084E-001  0.886042628278204E+002  0.717899802890810E+002
  0.222619133487152E-001  0.885954007963742E+002  0.717873415197128E+002
  0.224828493971134E-001  0.885689942705673E+002  0.717794521674547E+002
  0.224819067115179E-001  0.885624225503360E+002  0.717774825465739E+002
  0.224595025954959E-001  0.885577610436097E+002  0.686683974277303E+002
  0.225241155021895E-001  0.885453599983985E+002  0.686721243356076E+002
  0.225647136965863E-001  0.885351027983806E+002  0.686752137342580E+002
  0.227507191387078E-001  0.885120283979279E+002  0.717622951147651E+002
  0.226876249800306E-001  0.885109270869794E+002  0.717619615368032E+002
  0.226387584323160E-001  0.885085839237988E+002  0.686832297815077E+002
  0.227259437009756E-001  0.884942408357580E+002  0.686875828151867E+002
  0.228077879494220E-001  0.884803954792358E+002  0.717526848182000E+002
  0.229534422496448E-001  0.884610081790800E+002  0.717467648817456E+002
  0.229357831325443E-001  0.884558918811837E+002  0.717451987760955E+002
  0.231109856269490E-001  0.884340167019161E+002  0.687059968421145E+002
  0.230434295448072E-001  0.884332159141821E+002  0.687062431963748E+002
  0.230017054170157E-001  0.884301849635474E+002  0.687071760004750E+002
  0.229518068431372E-001  0.884278727809424E+002  0.717365933698540E+002
  0.229304044969495E-001  0.884230830522158E+002  0.687093639344026E+002
  0.232231559547595E-001  0.883910551816869E+002  0.687192705475302E+002
  0.231588604745753E-001  0.883899444679233E+002  0.687196152767077E+002
  0.231379995071588E-001  0.883850912534998E+002  0.717233588688213E+002
  0.230618542382646E-001  0.883850283641280E+002  0.717233393280534E+002
  0.231802382842367E-001  0.883681323905566E+002  0.687264011302017E+002
  0.232224340343676E-001  0.883578394541887E+002  0.717148673216633E+002
  0.232829908209724E-001  0.883459752927662E+002  0.687333259858171E+002
  0.232787688279639E-001  0.883396824130503E+002  0.687352986076394E+002
  0.232717847620206E-001  0.883336269602926E+002  0.717072820756713E+002
  0.232158961881277E-001  0.883317802756836E+002  0.687377793941501E+002
  0.240066592352331E-001  0.882581366246393E+002  0.716833798456640E+002
  0.240129379615657E-001  0.882509580307899E+002  0.716810865228822E+002
  0.240807808461807E-001  0.882386598900959E+002  0.716771492734049E+002
  0.240900554089090E-001  0.882312341706674E+002  0.687697145910695E+002
  0.240364928136557E-001  0.882290304050707E+002  0.687704224125171E+002
  0.240615286525197E-001  0.882202927566121E+002  0.716712491159275E+002
  0.246901464125693E-001  0.881620571967687E+002  0.687921004422269E+002
  0.246333485879330E-001  0.881600077662280E+002  0.716517123629043E+002
  0.248646328838555E-001  0.881346616477788E+002  0.716434181703738E+002
  0.248847071252316E-001  0.881263920367371E+002  0.688037798000276E+002
  0.250075313348027E-001  0.881098892769915E+002  0.716352646854322E+002
  0.249295609792402E-001  0.881094791881082E+002  0.688093520386178E+002
  0.248492774474947E-001  0.881092748312854E+002  0.688094195019841E+002
  0.248090971733668E-001  0.881058557873905E+002  0.688105486932229E+002
  0.248601124332202E-001  0.880950918045793E+002  0.688141095750364E+002
  0.249989200588962E-001  0.880773001892680E+002  0.716244662277763E+002
  0.249974197334869E-001  0.880707646439025E+002  0.688221907171300E+002
  0.249311708602965E-001  0.880694165567813E+002  0.716218414557808E+002
  0.249256306201896E-001  0.880632054688189E+002  0.716197700679153E+002
  0.249630307951784E-001  0.880535511966715E+002  0.716165442746716E+002
  0.248914180371643E-001  0.880526413670818E+002  0.688282414656748E+002
  0.248425500881617E-001  0.880499161360378E+002  0.688291536011329E+002
  0.250779966413249E-001  0.880243947128742E+002  0.716067565613989E+002
  0.251807843734443E-001  0.880095584427990E+002  0.716017494270239E+002
  0.251924252410953E-001  0.880019784928586E+002  0.688452971322187E+002
  0.251999054639042E-001  0.879947291538406E+002  0.688477549318785E+002
  0.255311955396236E-001  0.879619519418691E+002  0.715855584015983E+002
  0.254558855287981E-001  0.879612045301071E+002  0.715853026725804E+002
  0.254472171396101E-001  0.879552301177734E+002  0.715832567835997E+002
  0.253908052617642E-001  0.879530130974167E+002  0.715824968001817E+002
  0.253423566528553E-001  0.879501773953394E+002  0.688629572365689E+002
  0.253212445131592E-001  0.879451886639711E+002  0.715798112234202E+002
  0.252582491551209E-001  0.879435149755401E+002  0.715792360740568E+002
  0.257368329861993E-001  0.878993186865359E+002  0.715639591687692E+002
  0.256809842416612E-001  0.878970078078188E+002  0.688813257515511E+002
  0.263366988120431E-001  0.878399271208995E+002  0.715431516417540E+002
  0.263200871766046E-001  0.878345334206924E+002  0.715412457285518E+002
  0.263997262460646E-001  0.878218353965098E+002  0.689077334979694E+002
  0.265069580382150E-001  0.878070725655726E+002  0.715314991638054E+002
  0.264656970348540E-001  0.878035326314993E+002  0.689142438875215E+002
  0.264295645238298E-001  0.877996094334276E+002  0.715288377414622E+002
  0.263913654266766E-001  0.877958465780654E+002  0.689169875385909E+002
  0.263841388217241E-001  0.877897387220638E+002  0.689191719479721E+002
  0.264261159490578E-001  0.877799036733183E+002  0.715217842886974E+002
  0.268474178726870E-001  0.877416143210442E+002  0.715079684163610E+002
  0.270644957449739E-001  0.877188525386569E+002  0.714996845131847E+002
  0.272379941175717E-001  0.876994167737388E+002  0.714925683222698E+002
  0.275057244155766E-001  0.876731985887658E+002  0.689615761702876E+002
  0.279804654297085E-001  0.876323180887930E+002  0.714676884257947E+002
  0.282599695050901E-001  0.876057831192043E+002  0.689867702167233E+002
  0.282887740646411E-001  0.875970900357802E+002  0.714544249219927E+002
  0.283299517832057E-001  0.875875253314344E+002  0.689936822973219E+002
  0.283259764852251E-001  0.875811504137046E+002  0.689961049079762E+002
  0.547154061498986E-001  0.860118695882116E+002  0.690043717090292E+002
  0.547790236635991E-001  0.860095455422864E+002  0.690052620971507E+002
  0.549546510761591E-001  0.859902818047812E+002  0.690126676493126E+002
  0.549557736120589E-001  0.859902409520267E+002  0.690126834025025E+002
  0.551244345383099E-001  0.859841122914413E+002  0.690150489978463E+002
  0.553090005526406E-001  0.859774271354097E+002  0.690176346917035E+002
  0.551810060687035E-001  0.859689460399385E+002  0.690209230303749E+002
  0.548845988117283E-001  0.859666032860754E+002  0.690218329640644E+002
  0.554531073271399E-001  0.859328785388009E+002  0.690350090495436E+002
  0.573255802195746E-001  0.858533453383385E+002  0.690666770431025E+002
  0.578766964333463E-001  0.858210947897915E+002  0.690797684623887E+002
  0.588471837000589E-001  0.857616923206626E+002  0.691042827817418E+002
  0.588844420686633E-001  0.857604264460226E+002  0.691048110375739E+002
  0.589265715535613E-001  0.857589960369157E+002  0.691054082551509E+002
  0.595882489209814E-001  0.857366634969045E+002  0.691147741957460E+002
  0.598880410248118E-001  0.857266266022821E+002  0.691190094201205E+002
  0.605740125640648E-001  0.857038483436120E+002  0.691286819125649E+002
  0.609561627119119E-001  0.856778022867785E+002  0.691398479531210E+002
  0.603403240501577E-001  0.856712649613897E+002  0.691426686597618E+002
  0.605646190008851E-001  0.856638444142268E+002  0.691458794138105E+002
  0.605749269308665E-001  0.856635040487441E+002  0.691460269143604E+002
  0.607209327717084E-001  0.856586891799854E+002  0.691481156524717E+002
  0.606671953942638E-001  0.856468080121677E+002  0.691532872830326E+002
  0.609409723652625E-001  0.856378027804113E+002  0.691572238075142E+002
  0.610067461420063E-001  0.856356453383886E+002  0.691581690687535E+002
  0.606177575064464E-001  0.856345975971799E+002  0.691586284289415E+002
  0.615026324614051E-001  0.856056133975063E+002  0.691714155540031E+002
  0.619195135431304E-001  0.855921026077300E+002  0.691774296628444E+002
  0.619473086137564E-001  0.855912050285201E+002  0.691778304324473E+002
  0.633343101170717E-001  0.855469189412509E+002  0.691977988801454E+002
  0.637240155157474E-001  0.855346503514117E+002  0.692033999715158E+002
  0.633847346222574E-001  0.855309902675977E+002  0.692050769161726E+002
  0.630157586473484E-001  0.855283297311418E+002  0.692062976344478E+002
  0.635496569664575E-001  0.855114561963493E+002  0.692140740319788E+002
  0.632887099703594E-001  0.855052449884501E+002  0.692169516982704E+002
  0.630301472904338E-001  0.854989921232858E+002  0.692198570089968E+002
  0.627347543788077E-001  0.854939467272724E+002  0.692222074382415E+002
  0.626665824223591E-001  0.854816807524240E+002  0.692279447924694E+002
  0.630860969134694E-001  0.854538960939635E+002  0.692410650000553E+002
  0.623020312270700E-001  0.854501313827911E+002  0.692428562571746E+002
  0.618844086401591E-001  0.854492459259694E+002  0.692432780353981E+002
  0.617540797173377E-001  0.854391254000868E+002  0.692481118157844E+002
  0.614573990336350E-001  0.854344200320832E+002  0.692503673878374E+002
  0.618122144998283E-001  0.853943346087547E+002  0.692697993574815E+002
  0.616640425087102E-001  0.853848996911583E+002  0.692744309843510E+002
  0.625756610777662E-001  0.853555488506846E+002  0.692889863591672E+002
  0.626275267239243E-001  0.853395548644247E+002  0.692970143172146E+002
  0.622726642093143E-001  0.853365825908953E+002  0.692985138960245E+002
  0.623116406521889E-001  0.853209942040922E+002  0.693064187948980E+002
  0.619735172827176E-001  0.853175394321268E+002  0.693081799702050E+002
  0.624380281499698E-001  0.852882677290933E+002  0.693232405621918E+002
  0.620714115548596E-001  0.852857087375885E+002  0.693245691998845E+002
  0.613755758404992E-001  0.852655495948565E+002  0.693351054799068E+002
  0.609535141396786E-001  0.852652161764685E+002  0.693352807949093E+002
  0.604578735413030E-001  0.852255978583239E+002  0.693563651992100E+002
  0.602348390126154E-001  0.852191487953174E+002  0.693598460983550E+002
  0.602754084454597E-001  0.852039613209279E+002  0.693680996174409E+002
  0.604038881985820E-001  0.851997027677133E+002  0.693704282518959E+002
  0.602456517563422E-001  0.851910115836219E+002  0.693752005734016E+002
  0.601560246344407E-001  0.851800518493269E+002  0.693812571600076E+002
  0.601513179495768E-001  0.851662709993932E+002  0.693889352290761E+002
  0.598591278180774E-001  0.851620725033086E+002  0.693912885417509E+002
  0.599952735317276E-001  0.851575287979236E+002  0.693938428811850E+002
  0.598982000345940E-001  0.851467323115744E+002  0.693999441788825E+002
  0.600606971028585E-001  0.851413138833783E+002  0.694030233597971E+002
  0.598517851828926E-001  0.851341483691034E+002  0.694071132355701E+002
  0.594680369118502E-001  0.851328786061061E+002  0.694078401231810E+002
  0.589163652285347E-001  0.851233492737503E+002  0.694133161226082E+002
  0.589651020918510E-001  0.851216955153707E+002  0.694142702286915E+002
  0.590347138101579E-001  0.851193357921508E+002  0.694156335825272E+002
  0.587197208537118E-001  0.851158008768262E+002  0.694176802379909E+002
  0.582453885124712E-001  0.851036530234368E+002  0.694247536767140E+002
  0.584695937053779E-001  0.850959691609394E+002  0.694292604039453E+002
  0.586367213311348E-001  0.850902605793255E+002  0.694326252458019E+002
  0.589599087744908E-001  0.850792674664532E+002  0.694391457075900E+002
  0.589709282830902E-001  0.850788937047160E+002  0.694393683554776E+002
  0.582395402024684E-001  0.850748678351556E+002  0.694417705712331E+002
  0.582580374185497E-001  0.850742327243966E+002  0.694421502141195E+002
  0.578844749472248E-001  0.850725529084663E+002  0.694431552301879E+002
  0.579193041122194E-001  0.850713498677252E+002  0.694438757941801E+002
  0.580357568698284E-001  0.850673326977708E+002  0.694462867348593E+002
  0.581003513222381E-001  0.850503476984784E+002  0.694565643352103E+002
  0.573988420138237E-001  0.850452305667933E+002  0.694596878569757E+002
  0.570529972836692E-001  0.850426655193704E+002  0.694612583982739E+002
  0.570751965155107E-001  0.850418874738627E+002  0.694617354253475E+002
  0.568754701840553E-001  0.850341382418889E+002  0.694665029867527E+002
  0.569413566580899E-001  0.850318227149770E+002  0.694679334160059E+002
  0.571102714082127E-001  0.850110286032489E+002  0.694809027664595E+002
  0.563752494819898E-001  0.850073059553338E+002  0.694832486143933E+002
  0.564365836563695E-001  0.850051312125354E+002  0.694846224932803E+002
  0.566849092894392E-001  0.849963503513394E+002  0.694901959650822E+002
  0.557838100721007E-001  0.849837875163119E+002  0.694982445685601E+002
  0.558550599739779E-001  0.849812346452009E+002  0.694998910741235E+002
  0.561578431991111E-001  0.849704221779219E+002  0.695069067243215E+002
  0.567283960308654E-001  0.849502050923313E+002  0.695202126222742E+002
  0.567508821557351E-001  0.849494124850633E+002  0.695207394189053E+002
  0.567805921248916E-001  0.849483657279408E+002  0.695214357399131E+002
  0.567861313389663E-001  0.849481706280414E+002  0.695215656002612E+002
  0.568924695986794E-001  0.849444289109600E+002  0.695240607963798E+002
  0.570675122316220E-001  0.849382849025883E+002  0.695281774387972E+002
  0.565581799922655E-001  0.849249645654954E+002  0.695371873532494E+002
  0.560208265726486E-001  0.849130488284968E+002  0.695453488103956E+002
  0.556373585528390E-001  0.849113420015883E+002  0.695465259403293E+002
  0.556379184558267E-001  0.849113218748179E+002  0.695465398331873E+002
  0.555206307260745E-001  0.848999781518357E+002  0.695544160221127E+002
  0.556334437034730E-001  0.848959184530180E+002  0.695572574241028E+002
  0.559515595986683E-001  0.848845148863158E+002  0.695653045754967E+002
  0.561008398399345E-001  0.848791859391328E+002  0.695690990424569E+002
  0.565140658629823E-001  0.848645083837921E+002  0.695796660064748E+002
  0.565559896637937E-001  0.848469609314511E+002  0.695925318002670E+002
  0.568432284371344E-001  0.848368289607915E+002  0.696000817118574E+002
  0.569032519358429E-001  0.848347181788461E+002  0.696016661372333E+002
  0.569531390684937E-001  0.848329655451853E+002  0.696029848046928E+002
  0.570514426739381E-001  0.848295164336389E+002  0.696055881236021E+002
  0.566551349073833E-001  0.848268603036827E+002  0.696076004313821E+002
  0.562322564690508E-001  0.848252468485853E+002  0.696088260222802E+002
  0.560260628908054E-001  0.848159963620400E+002  0.696159005667099E+002
  0.552837420908207E-001  0.848096139994738E+002  0.696208301547134E+002
  0.545401914144116E-001  0.848039083469942E+002  0.696252715283355E+002
  0.545607535895173E-001  0.848031544699183E+002  0.696258608324758E+002
  0.543690786674286E-001  0.847937319519566E+002  0.696332761346369E+002
  0.540453314090088E-001  0.847892157946148E+002  0.696368635446578E+002
  0.540485310854670E-001  0.847890973909835E+002  0.696369578943961E+002
  0.540845311662950E-001  0.847877656953334E+002  0.696380201032928E+002
  0.536445316749319E-001  0.847873665492161E+002  0.696383388531390E+002
  0.539579268934213E-001  0.847757164025997E+002  0.696477203244332E+002
  0.533680714966927E-001  0.847640860783303E+002  0.696572411883582E+002
  0.530667738766546E-001  0.847586728791286E+002  0.696617277137602E+002
  0.531601746500287E-001  0.847551558507760E+002  0.696646620163802E+002
  0.528614244215380E-001  0.847495494401504E+002  0.696693717164561E+002
  0.529342739495018E-001  0.847467950922667E+002  0.696717002824809E+002
  0.532125234856410E-001  0.847363096068747E+002  0.696806564616265E+002
  0.533311385822971E-001  0.847318564036204E+002  0.696845052929667E+002
  0.533943990853661E-001  0.847294854430477E+002  0.696865657568104E+002
  0.534013342147926E-001  0.847292256899950E+002  0.696867919749826E+002
  0.534140540310200E-001  0.847287493610129E+002  0.696872070570136E+002
  0.529828114006177E-001  0.847271841615494E+002  0.696885732746634E+002
  0.525662729977337E-001  0.847251919295720E+002  0.696903173124248E+002
  0.527877455134574E-001  0.847167832197727E+002  0.696977423469801E+002
  0.528528491663270E-001  0.847143181196354E+002  0.696999390801525E+002
  0.522212797218120E-001  0.847023242125705E+002  0.697107618595315E+002
  0.523594117973839E-001  0.846970409368954E+002  0.697156026028578E+002
  0.519655121330303E-001  0.846940441395056E+002  0.697183690560292E+002
  0.515502508298467E-001  0.846919908567214E+002  0.697202733181553E+002
  0.515716478074828E-001  0.846911608883742E+002  0.697210451034147E+002
  0.509914415439567E-001  0.846774247594170E+002  0.697339954372811E+002
  0.505457979896199E-001  0.846768810675587E+002  0.697345151010328E+002
  0.505483185161030E-001  0.846767813376606E+002  0.697346104835422E+002
  0.501148854443051E-001  0.846757395755722E+002  0.697356079511501E+002
  0.501347134375480E-001  0.846749484305213E+002  0.697363668257109E+002
  0.502391720540506E-001  0.846707856483912E+002  0.697403794975621E+002
  0.498006052212744E-001  0.846697166734943E+002  0.697414153288825E+002
  0.494718530581392E-001  0.846643583966425E+002  0.697466414666724E+002
  0.494956957698402E-001  0.846633947388599E+002  0.697475874647934E+002
  0.490655238509199E-001  0.846620734289116E+002  0.697488876341561E+002
  0.490981723616880E-001  0.846607430587959E+002  0.697502003367653E+002
  0.486905472590488E-001  0.846584593739667E+002  0.697524622464028E+002
  0.482389514432344E-001  0.846581380737780E+002  0.697527813574706E+002
  0.482847917072008E-001  0.846562384264615E+002  0.697546725122516E+002
  0.483371772393692E-001  0.846540697462794E+002  0.697568408913477E+002
  0.483902754075674E-001  0.846518739612328E+002  0.697590467134976E+002
  0.145833708396454E+000  0.827043598749683E+002  0.697683145323513E+002
  0.141561275491727E+000  0.827041225952605E+002  0.697685584080416E+002
  0.141562848333391E+000  0.827041003740292E+002  0.697685812537001E+002
  0.141671368065792E+000  0.827025677945394E+002  0.697701596850146E+002
  0.141937977255541E+000  0.826988075620551E+002  0.697740559673393E+002
  0.142376503638823E+000  0.826926379609901E+002  0.697805232412500E+002
  0.142884236742576E+000  0.826855183883599E+002  0.697881060410394E+002
  0.143064789881132E+000  0.826829927191567E+002  0.697908280660762E+002
  0.143837458217065E+000  0.826722201273193E+002  0.698026363952270E+002
  0.143970195542937E+000  0.826703753211295E+002  0.698046920604471E+002
  0.143985935466291E+000  0.826701566777784E+002  0.698049363656559E+002
  0.144476089831391E+000  0.826633598755118E+002  0.698126035571512E+002
  0.144695288734238E+000  0.826603277781318E+002  0.698160706226886E+002
  0.138542257320511E+000  0.826583336293046E+002  0.698183670651214E+002
  0.138735671209319E+000  0.826555434480420E+002  0.698216023037971E+002
  0.139844863650651E+000  0.826396170186768E+002  0.698405938234465E+002
  0.139848535708949E+000  0.826395645031965E+002  0.698406580091946E+002
  0.141196195511611E+000  0.826203836400478E+002  0.698648715593724E+002
  0.141250241312908E+000  0.826196182446325E+002  0.698658719129626E+002
  0.141370629745326E+000  0.826179143585855E+002  0.698681089986542E+002
  0.141500796065654E+000  0.826160737155563E+002  0.698705416251576E+002
  0.141878645061595E+000  0.826107402415631E+002  0.698776874102960E+002
  0.142159131399786E+000  0.826067902538839E+002  0.698830766262552E+002
  0.142261942908087E+000  0.826053443481889E+002  0.698850709023629E+002
  0.142296802671009E+000  0.826048543296794E+002  0.698857494455615E+002
  0.142627875600003E+000  0.826002064616182E+002  0.698922548607580E+002
  0.142644364275997E+000  0.825999752624518E+002  0.698925818117241E+002
  0.142781476987086E+000  0.825980537444697E+002  0.698953117831253E+002
  0.142960422967075E+000  0.825955487425304E+002  0.698989053408697E+002
  0.142973026263854E+000  0.825953724316186E+002  0.698991597738233E+002
  0.142982433382415E+000  0.825952408430338E+002  0.698993497989785E+002
  0.143034265902201E+000  0.825945159550048E+002  0.699003986106020E+002
  0.143084400233905E+000  0.825938150663435E+002  0.699014159587665E+002
  0.143114606582417E+000  0.825933928936887E+002  0.699020303071555E+002
  0.143352496290105E+000  0.825900711892419E+002  0.699069058273295E+002
