  0.273508002153736E-001  0.896665219057250E+002  0.670445614288913E+002
  0.273508002153736E-001  0.873615984333528E+002  0.674031053080037E+002
  0.273508002153736E-001  0.868947827524445E+002  0.729630545379202E+002
  0.273508002153736E-001  0.868124389040025E+002  0.674954757219931E+002
  0.273508002153736E-001  0.867676083189443E+002  0.729413264465866E+002
  0.273508002153736E-001  0.867441232384627E+002  0.675071864156265E+002
  0.273508002153736E-001  0.866664145608968E+002  0.675205689719193E+002
  0.273508002153736E-001  0.862235736124632E+002  0.675981349340036E+002
  0.273508002153736E-001  0.804535260907489E+002  0.689961049079762E+002
  0.273508002153736E-001  0.854990476461618E+002  0.677302404179311E+002
  0.273508002153736E-001  0.854882450849107E+002  0.727122182355725E+002
  0.273508002153736E-001  0.843044845176680E+002  0.679648681097851E+002
  0.273508002153736E-001  0.842817191277547E+002  0.679695768146346E+002
  0.273508002153736E-001  0.842589336690328E+002  0.679742995466668E+002
  0.273508002153736E-001  0.804599010084787E+002  0.689936822973219E+002
  0.273508002153736E-001  0.840703299591187E+002  0.724307022533012E+002
  0.273508002153736E-001  0.839925809742219E+002  0.724142204427898E+002
  0.273508002153736E-001  0.839911500770388E+002  0.724139159489693E+002
  0.273508002153736E-001  0.837269742376120E+002  0.723569554412335E+002
  0.273508002153736E-001  0.835635854508163E+002  0.681235287409114E+002
  0.273508002153736E-001  0.835455878279523E+002  0.723169489890370E+002
  0.273508002153736E-001  0.835440793756320E+002  0.681278682711747E+002
  0.273508002153736E-001  0.835225427769535E+002  0.723118113514480E+002
  0.273508002153736E-001  0.834361406941703E+002  0.722924354555103E+002
  0.273508002153736E-001  0.833158254700121E+002  0.722651483492045E+002
  0.273508002153736E-001  0.804781587962486E+002  0.689867702167233E+002
  0.273508002153736E-001  0.832863414156895E+002  0.681860756781885E+002
  0.273508002153736E-001  0.832167754980265E+002  0.722424075358530E+002
  0.273508002153736E-001  0.831321467156098E+002  0.682217084574024E+002
  0.273508002153736E-001  0.831084272612022E+002  0.722172350978863E+002
  0.273508002153736E-001  0.805046937658373E+002  0.714676884257947E+002
  0.273508002153736E-001  0.830473244968987E+002  0.722028980762361E+002
  0.273508002153736E-001  0.830077110340158E+002  0.721935475463007E+002
  0.273508002153736E-001  0.830005092095075E+002  0.721918428282844E+002
  0.273508002153736E-001  0.829137335044460E+002  0.721711852433197E+002
  0.273508002153736E-001  0.829006697563312E+002  0.682764250227888E+002
  0.273508002153736E-001  0.828780941149174E+002  0.721626373196240E+002
  0.273508002153736E-001  0.828615473508695E+002  0.682858255156286E+002
  0.273508002153736E-001  0.828272207485989E+002  0.682941114013324E+002
  0.273508002153736E-001  0.828218569162708E+002  0.721490719906018E+002
  0.273508002153736E-001  0.827091146950460E+002  0.721215849415722E+002
  0.273508002153736E-001  0.826308278702337E+002  0.683422194853922E+002
  0.273508002153736E-001  0.826166226185252E+002  0.720987343414382E+002
  0.273508002153736E-001  0.825854155150566E+002  0.720909614393210E+002
  0.273508002153736E-001  0.825045099346007E+002  0.720706576898913E+002
  0.273508002153736E-001  0.824706522703008E+002  0.720620944003749E+002
  0.273508002153736E-001  0.824408457567796E+002  0.683899587483858E+002
  0.273508002153736E-001  0.823562127404793E+002  0.720328505557514E+002
  0.273508002153736E-001  0.823553232162828E+002  0.720326213968168E+002
  0.273508002153736E-001  0.823375835857941E+002  0.684164361069353E+002
  0.273508002153736E-001  0.805455742658101E+002  0.689615761702876E+002
  0.273508002153736E-001  0.822491771449282E+002  0.720050646214790E+002
  0.273508002153736E-001  0.822473212704746E+002  0.720045790247924E+002
  0.273508002153736E-001  0.822255797717004E+002  0.719988803930394E+002
  0.273508002153736E-001  0.822188677630027E+002  0.684473639307333E+002
  0.273508002153736E-001  0.805717924507831E+002  0.714925683222698E+002
  0.273508002153736E-001  0.821389083532021E+002  0.719759790415705E+002
  0.273508002153736E-001  0.821387209650717E+002  0.719759292036542E+002
  0.273508002153736E-001  0.821287882658754E+002  0.684711958893201E+002
  0.273508002153736E-001  0.819960266033102E+002  0.719375577512759E+002
  0.273508002153736E-001  0.819737264909197E+002  0.719314832764152E+002
  0.273508002153736E-001  0.819340584875476E+002  0.685238572016685E+002
  0.273508002153736E-001  0.819032204104191E+002  0.719121340117401E+002
  0.273508002153736E-001  0.805912282157012E+002  0.714996845131847E+002
  0.273508002153736E-001  0.818648152811562E+002  0.719015005445105E+002
  0.273508002153736E-001  0.818502901049728E+002  0.718974612774598E+002
  0.273508002153736E-001  0.818464704069476E+002  0.685480839034680E+002
  0.273508002153736E-001  0.818362870738289E+002  0.685509233827787E+002
  0.273508002153736E-001  0.817982529403738E+002  0.718829097571329E+002
  0.273508002153736E-001  0.817953890835497E+002  0.685623761399858E+002
  0.273508002153736E-001  0.806139899980885E+002  0.715079684163610E+002
  0.273508002153736E-001  0.817149447919950E+002  0.685851369065496E+002
  0.273508002153736E-001  0.816807536835313E+002  0.685949072829016E+002
  0.273508002153736E-001  0.806522793503627E+002  0.715217842886974E+002
  0.273508002153736E-001  0.806621143991082E+002  0.689191719479721E+002
  0.273508002153736E-001  0.816456498590998E+002  0.718394814680463E+002
  0.273508002153736E-001  0.816045463754956E+002  0.718275832782698E+002
  0.273508002153736E-001  0.815962231247469E+002  0.686193181515929E+002
  0.273508002153736E-001  0.815902102519526E+002  0.718234126167342E+002
  0.273508002153736E-001  0.815888091113037E+002  0.718230044143331E+002
  0.273508002153736E-001  0.815571998725281E+002  0.686307136639005E+002
  0.273508002153736E-001  0.806682222551097E+002  0.689169875385909E+002
  0.273508002153736E-001  0.815546539348121E+002  0.686314599614696E+002
  0.273508002153736E-001  0.815390313615006E+002  0.686360471363930E+002
  0.273508002153736E-001  0.806719851104719E+002  0.715288377414622E+002
  0.273508002153736E-001  0.814867084101209E+002  0.686515080171087E+002
  0.273508002153736E-001  0.814808403364516E+002  0.717912298806702E+002
  0.273508002153736E-001  0.814766385048648E+002  0.717899802890810E+002
  0.273508002153736E-001  0.814677764734185E+002  0.717873415197128E+002
  0.273508002153736E-001  0.806759083085437E+002  0.689142438875215E+002
  0.273508002153736E-001  0.806942110735542E+002  0.689077334979694E+002
  0.273508002153736E-001  0.814177356754429E+002  0.686721243356076E+002
  0.273508002153736E-001  0.807123027979438E+002  0.715431516417540E+002
  0.273508002153736E-001  0.813844040749723E+002  0.717622951147651E+002
  0.273508002153736E-001  0.813833027640238E+002  0.717619615368032E+002
  0.273508002153736E-001  0.807693834848632E+002  0.688813257515511E+002
  0.273508002153736E-001  0.808158906525844E+002  0.715792360740568E+002
  0.273508002153736E-001  0.813333838561244E+002  0.717467648817456E+002
  0.273508002153736E-001  0.813282675582280E+002  0.717451987760955E+002
  0.273508002153736E-001  0.813063923789605E+002  0.687059968421145E+002
  0.273508002153736E-001  0.808253887744611E+002  0.715824968001817E+002
  0.273508002153736E-001  0.813002484579868E+002  0.717365933698540E+002
  0.273508002153736E-001  0.812634308587313E+002  0.687192705475302E+002
  0.273508002153736E-001  0.812574669305442E+002  0.717233588688213E+002
  0.273508002153736E-001  0.812574040411723E+002  0.717233393280534E+002
  0.273508002153736E-001  0.812405080676010E+002  0.687264011302017E+002
  0.273508002153736E-001  0.812302151312330E+002  0.717148673216633E+002
  0.273508002153736E-001  0.812183509698106E+002  0.687333259858171E+002
  0.273508002153736E-001  0.808276057948178E+002  0.715832567835997E+002
  0.273508002153736E-001  0.812060026373370E+002  0.717072820756713E+002
  0.273508002153736E-001  0.812041559527279E+002  0.687377793941501E+002
  0.273508002153736E-001  0.808335802071515E+002  0.715853026725804E+002
  0.273508002153736E-001  0.811036098477118E+002  0.687697145910695E+002
  0.273508002153736E-001  0.811014060821150E+002  0.687704224125171E+002
  0.273508002153736E-001  0.810926684336565E+002  0.716712491159275E+002
  0.273508002153736E-001  0.810344328738131E+002  0.687921004422269E+002
  0.273508002153736E-001  0.810323834432723E+002  0.716517123629043E+002
  0.273508002153736E-001  0.810070373248232E+002  0.716434181703738E+002
  0.273508002153736E-001  0.809987677137814E+002  0.688037798000276E+002
  0.273508002153736E-001  0.809822649540359E+002  0.716352646854322E+002
  0.273508002153736E-001  0.809818548651525E+002  0.688093520386178E+002
  0.273508002153736E-001  0.809816505083297E+002  0.688094195019841E+002
  0.273508002153736E-001  0.809782314644349E+002  0.688105486932229E+002
  0.273508002153736E-001  0.809674674816237E+002  0.688141095750364E+002
  0.273508002153736E-001  0.809496758663124E+002  0.716244662277763E+002
  0.273508002153736E-001  0.809431403209468E+002  0.688221907171300E+002
  0.273508002153736E-001  0.809417922338256E+002  0.716218414557808E+002
  0.273508002153736E-001  0.809355811458632E+002  0.716197700679153E+002
  0.273508002153736E-001  0.809259268737159E+002  0.716165442746716E+002
  0.273508002153736E-001  0.808967703899185E+002  0.716067565613989E+002
  0.273508002153736E-001  0.808743541699030E+002  0.688452971322187E+002
  0.273508002153736E-001  0.808671048308850E+002  0.688477549318785E+002
  0.273508002153736E-001  0.808343276189134E+002  0.715855584015983E+002
  0.273508002153736E-001  0.810235393680448E+002  0.714297886160055E+002
  0.273508002153736E-001  0.810129281662189E+002  0.714256830263602E+002
  0.273508002153736E-001  0.809654858951203E+002  0.714071531273287E+002
  0.273508002153736E-001  0.809108558205832E+002  0.713854502378446E+002
  0.273508002153736E-001  0.808965322336573E+002  0.713796925724240E+002
  0.273508002153736E-001  0.808688966735076E+002  0.713685021558565E+002
  0.273508002153736E-001  0.808422282164791E+002  0.713575987775785E+002
  0.273508002153736E-001  0.808107908643713E+002  0.713446096210776E+002
  0.273508002153736E-001  0.808057996196274E+002  0.713425335055771E+002
  0.273508002153736E-001  0.807326129748585E+002  0.713116371647737E+002
  0.273508002153736E-001  0.807271539530651E+002  0.713092974015091E+002
  0.273508002153736E-001  0.807101082140248E+002  0.713019588819033E+002
  0.273508002153736E-001  0.807049644710585E+002  0.712997345846069E+002
  0.273508002153736E-001  0.806697867963082E+002  0.712843979319962E+002
  0.273508002153736E-001  0.806469669546877E+002  0.712743294609452E+002
  0.273508002153736E-001  0.806400470790166E+002  0.712712572085213E+002
  0.273508002153736E-001  0.806015196234164E+002  0.712539847307924E+002
  0.273508002153736E-001  0.805383036050748E+002  0.712249996020510E+002
  0.273508002153736E-001  0.805250992014736E+002  0.712188388341108E+002
  0.273508002153736E-001  0.805216675501217E+002  0.712172314862672E+002
  0.273508002153736E-001  0.805192964700916E+002  0.712161193798474E+002
  0.273508002153736E-001  0.805088560819007E+002  0.712112076535636E+002
  0.273508002153736E-001  0.805061443383820E+002  0.712099279059291E+002
  0.273508002153736E-001  0.804899923506292E+002  0.712022707109427E+002
  0.273508002153736E-001  0.804896850127928E+002  0.712021244307624E+002
  0.273508002153736E-001  0.804798731108035E+002  0.711974428364129E+002
  0.273508002153736E-001  0.804662297190316E+002  0.711908955028687E+002
  0.273508002153736E-001  0.804617747140389E+002  0.711887479826389E+002
  0.273508002153736E-001  0.804615407390450E+002  0.711886350638781E+002
  0.273508002153736E-001  0.804457449938667E+002  0.711809811178861E+002
  0.273508002153736E-001  0.804211896963666E+002  0.711689598053746E+002
  0.273508002153736E-001  0.804087667093066E+002  0.711628194713553E+002
  0.273508002153736E-001  0.803482490483897E+002  0.711323149976507E+002
  0.273508002153736E-001  0.803388721864104E+002  0.711274965369536E+002
  0.273508002153736E-001  0.803323157408153E+002  0.711241121022158E+002
  0.273508002153736E-001  0.803209640401205E+002  0.711182221305264E+002
  0.273508002153736E-001  0.803143766451734E+002  0.711147863564804E+002
  0.273508002153736E-001  0.803136845591970E+002  0.711144246185554E+002
  0.273508002153736E-001  0.802991143131040E+002  0.711067747352495E+002
  0.273508002153736E-001  0.802963389898570E+002  0.711053100808673E+002
  0.273508002153736E-001  0.802850041133562E+002  0.710993027978009E+002
  0.273508002153736E-001  0.802832424338958E+002  0.710983654406363E+002
  0.273508002153736E-001  0.802755968737458E+002  0.710942857040457E+002
  0.273508002153736E-001  0.802610347250606E+002  0.710864619434603E+002
  0.273508002153736E-001  0.802295008535517E+002  0.710692721938169E+002
  0.273508002153736E-001  0.802112739910797E+002  0.710591753655298E+002
  0.273508002153736E-001  0.802007378400411E+002  0.710532828819219E+002
  0.273508002153736E-001  0.801627486214133E+002  0.710316808190888E+002
  0.273508002153736E-001  0.801621027389834E+002  0.710313085602325E+002
  0.273508002153736E-001  0.801521376142533E+002  0.710255432280079E+002
  0.273508002153736E-001  0.801319170179712E+002  0.710137155277310E+002
  0.273508002153736E-001  0.801215698417236E+002  0.710075942252714E+002
  0.273508002153736E-001  0.801150075192882E+002  0.710036871622318E+002
  0.273508002153736E-001  0.801110578130384E+002  0.710013261482661E+002
  0.273508002153736E-001  0.800879703124938E+002  0.709873793990469E+002
  0.273508002153736E-001  0.800578499667309E+002  0.709687926498606E+002
  0.273508002153736E-001  0.800568135660062E+002  0.709681448623792E+002
  0.273508002153736E-001  0.800410191825097E+002  0.709582022561592E+002
  0.273508002153736E-001  0.800322125956555E+002  0.709525997143369E+002
  0.273508002153736E-001  0.800295839117010E+002  0.709509190601220E+002
  0.273508002153736E-001  0.800285593224276E+002  0.709502629361301E+002
  0.273508002153736E-001  0.800183541155162E+002  0.709436951805440E+002
  0.273508002153736E-001  0.799796008779311E+002  0.709181904537170E+002
  0.273508002153736E-001  0.799736383322086E+002  0.709141828710982E+002
  0.273508002153736E-001  0.799675621941351E+002  0.709100749193325E+002
  0.273508002153736E-001  0.799615574489646E+002  0.709059909880929E+002
  0.273508002153736E-001  0.799611841282028E+002  0.709057362804749E+002
  0.273508002153736E-001  0.799515313228801E+002  0.708991171297526E+002
  0.273508002153736E-001  0.799475823218402E+002  0.708963904766699E+002
  0.273508002153736E-001  0.799415757833115E+002  0.708922218875397E+002
  0.273508002153736E-001  0.799327674348310E+002  0.708860614785612E+002
  0.273508002153736E-001  0.799220924248094E+002  0.708785180551636E+002
  0.273508002153736E-001  0.799112193392642E+002  0.708707444666070E+002
  0.273508002153736E-001  0.799055901511089E+002  0.708666831043297E+002
  0.273508002153736E-001  0.798992655639104E+002  0.708620892717512E+002
  0.273508002153736E-001  0.798945079716994E+002  0.708586117632365E+002
  0.273508002153736E-001  0.798841986581867E+002  0.708510102974939E+002
  0.273508002153736E-001  0.798830829150843E+002  0.708501820975337E+002
  0.273508002153736E-001  0.798683063553230E+002  0.708391088030548E+002
  0.273508002153736E-001  0.798640611310889E+002  0.708358905581781E+002
  0.273508002153736E-001  0.798615860116524E+002  0.708340063920922E+002
  0.273508002153736E-001  0.798462392101412E+002  0.708221916783904E+002
  0.273508002153736E-001  0.798448819306008E+002  0.708211355605694E+002
  0.273508002153736E-001  0.798436919135565E+002  0.708202080573350E+002
  0.273508002153736E-001  0.798427451972505E+002  0.708194691547207E+002
  0.273508002153736E-001  0.798372864734700E+002  0.708151907148001E+002
  0.273508002153736E-001  0.798287124540720E+002  0.708084075240737E+002
  0.273508002153736E-001  0.798238573211604E+002  0.708045314274746E+002
  0.273508002153736E-001  0.798127511708383E+002  0.707955663038091E+002
  0.273508002153736E-001  0.798086777537834E+002  0.707922428124535E+002
  0.273508002153736E-001  0.798071072208896E+002  0.707909562306790E+002
  0.273508002153736E-001  0.798054789921064E+002  0.707896193042226E+002
  0.273508002153736E-001  0.797959277701487E+002  0.707817125349316E+002
  0.273508002153736E-001  0.797828172681236E+002  0.707706736991709E+002
  0.273508002153736E-001  0.797760175657263E+002  0.707648600243870E+002
  0.273508002153736E-001  0.797689411045367E+002  0.707587428310267E+002
  0.273508002153736E-001  0.797682345625192E+002  0.707581282321225E+002
  0.273508002153736E-001  0.797663327330743E+002  0.707564703768094E+002
  0.273508002153736E-001  0.797574439359410E+002  0.707486526455900E+002
  0.273508002153736E-001  0.797563026556644E+002  0.707476404586743E+002
  0.273508002153736E-001  0.797521562938648E+002  0.707439465759401E+002
  0.273508002153736E-001  0.797511783079757E+002  0.707430714961497E+002
  0.273508002153736E-001  0.797505558666984E+002  0.707425137832027E+002
  0.273508002153736E-001  0.797464753624386E+002  0.707388427035995E+002
  0.273508002153736E-001  0.797342221148776E+002  0.707276586760646E+002
  0.273508002153736E-001  0.797339754030741E+002  0.707274309495995E+002
  0.273508002153736E-001  0.797298347075724E+002  0.707235934586569E+002
  0.273508002153736E-001  0.797289726666247E+002  0.707227908410780E+002
  0.273508002153736E-001  0.797154982292415E+002  0.707100736339279E+002
  0.273508002153736E-001  0.797098671263099E+002  0.707046596698862E+002
  0.273508002153736E-001  0.797094601485944E+002  0.707042660292875E+002
  0.273508002153736E-001  0.797056610034491E+002  0.707005757600633E+002
  0.273508002153736E-001  0.797035380281941E+002  0.706985011716921E+002
  0.273508002153736E-001  0.797002491637722E+002  0.706952693016201E+002
  0.273508002153736E-001  0.796981141524355E+002  0.706931594163869E+002
  0.273508002153736E-001  0.796967539081027E+002  0.706918102362030E+002
  0.273508002153736E-001  0.796955924408554E+002  0.706906551405439E+002
  0.273508002153736E-001  0.796932112289231E+002  0.706882780399636E+002
  0.273508002153736E-001  0.796924931591822E+002  0.706875588269090E+002
  0.273508002153736E-001  0.796915093017682E+002  0.706865715941681E+002
  0.273508002153736E-001  0.796912383747097E+002  0.706862993688362E+002
  0.273508002153736E-001  0.796905571385471E+002  0.706856141615699E+002
  0.273508002153736E-001  0.796895758901559E+002  0.706846254085846E+002
  0.273508002153736E-001  0.809248660781636E+002  0.701394191761598E+002
  0.273508002153736E-001  0.809232688843998E+002  0.701489639598110E+002
  0.273508002153736E-001  0.809230960831111E+002  0.701500722517753E+002
  0.273508002153736E-001  0.809230229454308E+002  0.701505464934097E+002
  0.273508002153736E-001  0.809224221776200E+002  0.701545676642089E+002
  0.273508002153736E-001  0.809223771829470E+002  0.701548784925037E+002
  0.273508002153736E-001  0.809223503999899E+002  0.701550641950400E+002
  0.273508002153736E-001  0.809221631350915E+002  0.701563772437847E+002
  0.273508002153736E-001  0.809216216050206E+002  0.701603308088504E+002
  0.273508002153736E-001  0.809215371459897E+002  0.701609704138656E+002
  0.273508002153736E-001  0.809214331102859E+002  0.701617675702335E+002
  0.273508002153736E-001  0.809208647749304E+002  0.701663225978000E+002
  0.273508002153736E-001  0.809206920080487E+002  0.701677827299704E+002
  0.273508002153736E-001  0.809206177383408E+002  0.701684225912201E+002
  0.273508002153736E-001  0.809202399457145E+002  0.701718029245083E+002
  0.273508002153736E-001  0.809201489671974E+002  0.701726513775576E+002
  0.273508002153736E-001  0.809199233202416E+002  0.701748212035006E+002
  0.273508002153736E-001  0.809198654514479E+002  0.701753938603290E+002
  0.273508002153736E-001  0.809194945072180E+002  0.701792454075109E+002
  0.273508002153736E-001  0.809191842752820E+002  0.701827540093089E+002
  0.273508002153736E-001  0.809189233373544E+002  0.701859669399767E+002
  0.273508002153736E-001  0.809188927369487E+002  0.702581187858383E+002
  0.273508002153736E-001  0.809188056221788E+002  0.702569678233036E+002
  0.273508002153736E-001  0.809185674735145E+002  0.701908747634949E+002
  0.273508002153736E-001  0.809184817588588E+002  0.702523049838522E+002
  0.273508002153736E-001  0.809181462358732E+002  0.701979327797932E+002
  0.273508002153736E-001  0.809781547388215E+002  0.702023750099156E+002
  0.273508002153736E-001  0.809781151301999E+002  0.702411535363061E+002
  0.273508002153736E-001  0.809780187471319E+002  0.702058764950103E+002
  0.273508002153736E-001  0.809779994071029E+002  0.702380440088923E+002
  0.273508002153736E-001  0.809778898090965E+002  0.702100953859539E+002
  0.273508002153736E-001  0.809778822425195E+002  0.702103895293539E+002
  0.273508002153736E-001  0.809778668674881E+002  0.702334704258062E+002
  0.273508002153736E-001  0.809778595745709E+002  0.702331633206897E+002
  0.273508002153736E-001  0.809778215616028E+002  0.702130840287377E+002
  0.273508002153736E-001  0.824835131444594E+002  0.702163560553635E+002
