  0.363246918539237E-026  0.201443892783119E+003  0.600607346292869E+002
  0.200667280841223E-025  0.198018936221100E+003  0.602191774420285E+002
  0.293681387184029E-024  0.192645415964277E+003  0.799715302873673E+002
  0.330508649082542E-024  0.192402485652076E+003  0.604845801162412E+002
  0.539236222467575E-024  0.191416788258152E+003  0.799125728063065E+002
  0.586018605588405E-024  0.191243737070536E+003  0.605402415033681E+002
  0.699072858141676E-024  0.190884274631270E+003  0.798869076451321E+002
  0.728225492905781E-024  0.190795907502136E+003  0.605618392686589E+002
  0.742921266150199E-024  0.190749293265215E+003  0.605640901387724E+002
  0.891809761403110E-024  0.190377312152513E+003  0.605820708888239E+002
  0.211837340710091E-023  0.188640354623318E+003  0.606664794397058E+002
  0.389247788622734E-023  0.187416904222734E+003  0.797180972083874E+002
  0.778065915491511E-023  0.186025058411955E+003  0.607949969635284E+002
  0.869213490527287E-023  0.185796847783739E+003  0.796381867459128E+002
  0.159845834246069E-022  0.184571779925794E+003  0.795773061500627E+002
  0.363991065557569E-022  0.182919285330826E+003  0.794945510447047E+002
  0.445031678185316E-022  0.182510597461837E+003  0.794739702346701E+002
  0.507379418521470E-022  0.182241714647359E+003  0.609840765950098E+002
  0.125958348325102E-021  0.180416504481704E+003  0.610766926105939E+002
  0.128674974199133E-021  0.180367172178371E+003  0.610792088840471E+002
  0.192427334560938E-021  0.179555658688913E+003  0.611207012795149E+002
  0.195571731027292E-021  0.179516585862543E+003  0.793217775197569E+002
  0.266746788000218E-021  0.178889185030122E+003  0.792895615134019E+002
  0.343571150810221E-021  0.178376340697620E+003  0.792631425265067E+002
  0.674334516025601E-021  0.177021020962764E+003  0.791929492292671E+002
  0.689062637064266E-021  0.176971153633334E+003  0.612541252793171E+002
  0.706059194217051E-021  0.176915764250170E+003  0.612570064669323E+002
  0.779618764977395E-021  0.176710896752241E+003  0.791768102451348E+002
  0.863418213775698E-021  0.176500052890142E+003  0.791658212180903E+002
  0.123486416136373E-020  0.175777763162143E+003  0.791280732200538E+002
  0.165888085327046E-020  0.175180743147968E+003  0.613477305443688E+002
  0.254482330401765E-020  0.174318251510405E+003  0.613931770371817E+002
  0.338260527442946E-020  0.173742425960372E+003  0.614236491670767E+002
  0.435768618099639E-020  0.173229180339742E+003  0.614508988569805E+002
  0.106575527398327E-019  0.171433869571166E+003  0.788975909547936E+002
  0.110649622177193E-019  0.171352184509652E+003  0.615512832041893E+002
  0.149218534844278E-019  0.170747442416832E+003  0.615838741163776E+002
  0.151791228330110E-019  0.170706598495302E+003  0.788584016319428E+002
  0.186455516508584E-019  0.170288569686419E+003  0.788357952687626E+002
  0.219007949254425E-019  0.169960083438495E+003  0.616264918365125E+002
  0.238499152046406E-019  0.169782912402634E+003  0.616361108049787E+002
  0.381126109998955E-019  0.168838727696907E+003  0.616875553044625E+002
  0.565315891612636E-019  0.168043563401970E+003  0.617311221051011E+002
  0.588927866784061E-019  0.167955069754216E+003  0.787084968781121E+002
  0.748646737886274E-019  0.167468487137323E+003  0.617627701636183E+002
  0.101710529761195E-018  0.166848934155302E+003  0.617969989273141E+002
  0.235557898214393E-018  0.165162626774396E+003  0.785536058837506E+002
  0.638606254811422E-018  0.163161308515668E+003  0.784408013564609E+002
  0.652095685190517E-018  0.163112846469913E+003  0.620064307717276E+002
  0.229153635584066E-017  0.160592617966212E+003  0.782937068637205E+002
  0.246456350098927E-017  0.160440377940534E+003  0.782849046944364E+002
  0.272284093962789E-017  0.160234400189896E+003  0.782729802143471E+002
  0.271473123566797E-017  0.160233710294183E+003  0.782729402451727E+002
  0.335957342918203E-017  0.159800812605564E+003  0.621966603269086E+002
  0.341819316678887E-017  0.159759560850683E+003  0.621990580956398E+002
  0.523749837969252E-017  0.158899441514060E+003  0.781952643414376E+002
  0.595870757536698E-017  0.158634766670056E+003  0.622647154646458E+002
  0.594824667598024E-017  0.158631625305801E+003  0.781795817595853E+002
  0.911178398838313E-017  0.157772025686098E+003  0.623154455255409E+002
  0.933667784700333E-017  0.157716606148945E+003  0.781257659713402E+002
  0.105939674136861E-016  0.157457282110505E+003  0.781104473585903E+002
  0.113259259106875E-016  0.157317007132421E+003  0.623423326332776E+002
  0.291126552877503E-016  0.155422194466019E+003  0.624552981176844E+002
  0.307322026232631E-016  0.155307262723906E+003  0.624622030498521E+002
  0.313825556461685E-016  0.155258724872420E+003  0.624651209794602E+002
  0.421566899565520E-016  0.154661786884602E+003  0.779433843291036E+002
  0.581032635665838E-016  0.154013474416140E+003  0.625403601434807E+002
  0.796643301900468E-016  0.153375618634250E+003  0.778652945257842E+002
  0.110065637526490E-015  0.152722453138172E+003  0.626191508919532E+002
  0.118153778927240E-015  0.152573977368687E+003  0.778162166028434E+002
  0.127329680525601E-015  0.152417736497933E+003  0.626378670779723E+002
  0.140510526238229E-015  0.152214075371233E+003  0.777940792879935E+002
  0.167884500584706E-015  0.151851432109773E+003  0.626727736496016E+002
  0.175726822011497E-015  0.151753467739393E+003  0.626788284869436E+002
  0.192650535395208E-015  0.151562917741949E+003  0.777538616908056E+002
  0.254021807025103E-015  0.151003177626591E+003  0.627253634588390E+002
  0.399177161925310E-015  0.150092551615542E+003  0.776622474699118E+002
  0.548496451769309E-015  0.149450345080299E+003  0.628226037830719E+002
  0.604046377445576E-015  0.149250749163886E+003  0.776092857836708E+002
  0.974970143361699E-015  0.148286581844703E+003  0.628963261878976E+002
  0.104655610268934E-014  0.148138219660627E+003  0.629057780647840E+002
  0.116431639893471E-014  0.147918305557513E+003  0.629198108874699E+002
  0.162219519094576E-014  0.147248357666608E+003  0.774817535865260E+002
  0.166900950513790E-014  0.147184801983123E+003  0.629668123289209E+002
  0.178152573620174E-014  0.147047666777833E+003  0.629756335035983E+002
  0.275911924657284E-014  0.146166128471817E+003  0.774118848065335E+002
  0.307878804814995E-014  0.145940223864739E+003  0.630472667937007E+002
  0.405441059852786E-014  0.145383029691485E+003  0.773609014813017E+002
  0.453743670135018E-014  0.145151260262987E+003  0.630987391037071E+002
  0.538712770896311E-014  0.144801304480962E+003  0.631216898205373E+002
  0.739712250555104E-014  0.144160491453398E+003  0.772805724514425E+002
  0.867300688658915E-014  0.143835586929730E+003  0.631854115595234E+002
  0.110811880972347E-013  0.143338864631876E+003  0.772260683712325E+002
  0.180477526717802E-013  0.142356664518198E+003  0.771603505324603E+002
  0.210108881192900E-013  0.142045969710172E+003  0.633050490268155E+002
  0.325743627542767E-013  0.141162344579640E+003  0.770795915386426E+002
  0.348044311865857E-013  0.141023250697016E+003  0.633743571547037E+002
  0.358649465621783E-013  0.140956563740863E+003  0.633789008067329E+002
  0.458624554411173E-013  0.140458135323678E+003  0.770315245885894E+002
  0.465560374225577E-013  0.140421459993909E+003  0.634154693979692E+002
  0.679497232146199E-013  0.139658581665078E+003  0.769765350898527E+002
  0.751674433511778E-013  0.139450025813227E+003  0.769621178349139E+002
  0.103428094183436E-012  0.138805053381005E+003  0.635271462750631E+002
  0.113398462165381E-012  0.138614335398863E+003  0.769040353443340E+002
  0.132794157371100E-012  0.138291894998027E+003  0.768814895221575E+002
  0.157700172384851E-012  0.137941448724417E+003  0.635875827773258E+002
  0.201249831467659E-012  0.137447090160665E+003  0.768220534599818E+002
  0.242517021933472E-012  0.137067384935313E+003  0.636493170383216E+002
  0.242101671345285E-012  0.137064157623130E+003  0.636495460546177E+002
  0.329729943668118E-012  0.136439669644038E+003  0.636940121103766E+002
  0.348466271228601E-012  0.136322479112034E+003  0.767420910107518E+002
  0.358726697206609E-012  0.136257784798595E+003  0.767374612437396E+002
  0.361276243135145E-012  0.136236965073005E+003  0.767359706064108E+002
  0.508704051087382E-012  0.135545862426299E+003  0.637581869563497E+002
  0.509728661585449E-012  0.135535182580864E+003  0.637589576154833E+002
  0.508181051279362E-012  0.135534608528260E+003  0.637589990418015E+002
  0.650939806528201E-012  0.135032794166866E+003  0.637953144507304E+002
  0.834300248038799E-012  0.134529786241948E+003  0.766125580076648E+002
  0.121720630296766E-011  0.133767690163661E+003  0.638877917589164E+002
  0.125709653339730E-011  0.133696541771401E+003  0.638930327374674E+002
  0.127517593761177E-011  0.133661327319099E+003  0.638956283332790E+002
  0.127992127207060E-011  0.133647242917972E+003  0.765478145849530E+002
  0.160229001406954E-011  0.133191316747947E+003  0.765141068402314E+002
  0.177624130560404E-011  0.132978529886065E+003  0.639461683329538E+002
  0.189544670293002E-011  0.132841964241316E+003  0.764881556441086E+002
  0.232833373011138E-011  0.132423911988013E+003  0.764569592088010E+002
  0.233821051021654E-011  0.132408790361568E+003  0.764558278574790E+002
  0.278782687566385E-011  0.132050381787103E+003  0.640155288374170E+002
  0.305731908154140E-011  0.131859174166752E+003  0.640299142930984E+002
  0.405386994949773E-011  0.131288251480252E+003  0.763714135819428E+002
  0.425816774099060E-011  0.131183261915974E+003  0.640810364687611E+002
  0.451217098361790E-011  0.131060727438242E+003  0.640903499197837E+002
  0.486903938651040E-011  0.130901835342807E+003  0.763420334508628E+002
  0.544619604793392E-011  0.130671138311193E+003  0.641200557771545E+002
  0.567437492776749E-011  0.130582396690424E+003  0.641268424981759E+002
  0.567575802604041E-011  0.130575253680431E+003  0.763170922479953E+002
  0.577157056269586E-011  0.130535117878769E+003  0.641304613419985E+002
  0.704560236021114E-011  0.130129543487697E+003  0.641615938392977E+002
  0.847287533360159E-011  0.129753955347038E+003  0.762539134989636E+002
  0.117693659683573E-010  0.129090039511581E+003  0.642421277313663E+002
  0.133346690904319E-010  0.128833649349720E+003  0.761823229110797E+002
  0.161586981166628E-010  0.128442811478435E+003  0.642928231958831E+002
  0.174304225363558E-010  0.128284638671489E+003  0.643052784501703E+002
  0.228018541218237E-010  0.127740733586011E+003  0.643483095885351E+002
  0.239231417280736E-010  0.127638069186190E+003  0.643564673149187E+002
  0.254731032921634E-010  0.127505859887926E+003  0.643669894251640E+002
  0.261307030601261E-010  0.127448228582201E+003  0.643715820366560E+002
  0.276492687324408E-010  0.127328596412185E+003  0.760633543576124E+002
  0.364264757423391E-010  0.126770547661044E+003  0.760186222822318E+002
  0.388191878084781E-010  0.126636654501402E+003  0.760078382286555E+002
  0.401124916089486E-010  0.126564452637791E+003  0.760020145789111E+002
  0.463681096541131E-010  0.126267948790098E+003  0.644664439305051E+002
  0.469421911709825E-010  0.126236683332747E+003  0.759755032779893E+002
  0.540320568275714E-010  0.125948706460967E+003  0.644923720330959E+002
  0.545449511451739E-010  0.125923155604805E+003  0.759500290673809E+002
  0.568961234553769E-010  0.125832095911896E+003  0.759426091847754E+002
  0.616142094119272E-010  0.125666109718754E+003  0.759290591922743E+002
  0.687765395389478E-010  0.125439513787562E+003  0.759105093217997E+002
  0.743491105642075E-010  0.125277040170778E+003  0.758971713852226E+002
  0.814721865000256E-010  0.125087404626493E+003  0.758815638892983E+002
  0.814926215727436E-010  0.125080247463836E+003  0.758809739932943E+002
  0.107316331290417E-009  0.124523055169843E+003  0.758348597060013E+002
  0.133932961020019E-009  0.124073282502326E+003  0.757973574595724E+002
  0.146256384841601E-009  0.123890583405486E+003  0.646624296718593E+002
  0.157917610470340E-009  0.123730503221084E+003  0.757686061045157E+002
  0.195564961902412E-009  0.123296209309154E+003  0.647125180507023E+002
  0.209977461771277E-009  0.123147338549203E+003  0.647251349790957E+002
  0.214232235457118E-009  0.123100562091094E+003  0.757153760445240E+002
  0.220557991212271E-009  0.123035706470943E+003  0.757098664251345E+002
  0.299803917948484E-009  0.122415114900518E+003  0.647876179025212E+002
  0.358402027298777E-009  0.122051405953359E+003  0.648189228980312E+002
  0.378870177496662E-009  0.121933673834763E+003  0.648290952147692E+002
  0.514066967857266E-009  0.121316698378952E+003  0.755617612131344E+002
  0.591375593117325E-009  0.121029847214230E+003  0.649078363097874E+002
  0.596074755497276E-009  0.121007362132065E+003  0.755346712713151E+002
  0.668636690760684E-009  0.120770957028697E+003  0.755138747399202E+002
  0.753993261895757E-009  0.120524016284487E+003  0.649524176010412E+002
  0.784228149393418E-009  0.120438727597491E+003  0.754845096436664E+002
  0.100273512691338E-008  0.119940498642612E+003  0.754401624439030E+002
  0.131760863195615E-008  0.119387668946684E+003  0.753905099022229E+002
  0.137473794642099E-008  0.119296124011694E+003  0.650622396923423E+002
  0.145624620212023E-008  0.119174270627892E+003  0.753712153937224E+002
  0.215759652406674E-008  0.118381349344744E+003  0.651456007247492E+002
  0.265949716676853E-008  0.117956409388456E+003  0.651847936165849E+002
  0.305806259607718E-008  0.117670464794200E+003  0.752331420702316E+002
  0.337155072099563E-008  0.117468626781588E+003  0.752143194543757E+002
  0.344524483009825E-008  0.117418726847283E+003  0.652348263215255E+002
  0.371029734588721E-008  0.117263837166370E+003  0.652493325833738E+002
  0.394170603883458E-008  0.117136178358538E+003  0.652613204128968E+002
  0.407872915539536E-008  0.117061179130344E+003  0.652683767603079E+002
  0.533248847398141E-008  0.116518458447119E+003  0.751247397325690E+002
  0.610247633968850E-008  0.116242049594470E+003  0.653461098131518E+002
  0.706148214308735E-008  0.115943473377031E+003  0.750697275335533E+002
  0.797622622931636E-008  0.115693196934326E+003  0.750455861283029E+002
  0.865719318212261E-008  0.115522691031928E+003  0.750290698694809E+002
  0.866030109907980E-008  0.115515317584148E+003  0.750283543513002E+002
  0.987718319409400E-008  0.115245706247200E+003  0.750021177503367E+002
  0.100263131228664E-007  0.115209079506732E+003  0.749985423849569E+002
  0.106898296738621E-007  0.115074264242049E+003  0.749853591036903E+002
  0.111004293394235E-007  0.114992226671645E+003  0.749773189464889E+002
  0.115820138641787E-007  0.114900631933359E+003  0.749683260384160E+002
  0.124290188164614E-007  0.114752815153513E+003  0.654907042357000E+002
  0.149347376019123E-007  0.114378847740336E+003  0.749167679071538E+002
  0.159727701761018E-007  0.114237801107638E+003  0.749027334070868E+002
  0.161001639680198E-007  0.114215257431739E+003  0.749004863513255E+002
  0.213295538595011E-007  0.113646073531807E+003  0.656010908214668E+002
  0.225932740521535E-007  0.113524300676598E+003  0.656133979166981E+002
  0.235775229811173E-007  0.113432361919476E+003  0.748217697371512E+002
  0.241914102648515E-007  0.113374298778732E+003  0.748158780208260E+002
  0.257933113258881E-007  0.113239408028624E+003  0.656423200684103E+002
  0.307718733528691E-007  0.112879780723348E+003  0.747653892112446E+002
  0.318013081001119E-007  0.112807312434689E+003  0.656865381504950E+002
  0.327235282803462E-007  0.112743483025931E+003  0.656931066666184E+002
  0.351402264959707E-007  0.112594323066107E+003  0.747359877604895E+002
  0.429533886641087E-007  0.112186129456057E+003  0.746936089296362E+002
  0.428645260116732E-007  0.112183615793536E+003  0.657511346372885E+002
  0.430210304715919E-007  0.112169671228355E+003  0.657525895505513E+002
  0.450635816841242E-007  0.112070244964218E+003  0.657629769986769E+002
  0.481380473716506E-007  0.111931592481560E+003  0.657775030931072E+002
  0.493809537299017E-007  0.111873953045887E+003  0.746609256062180E+002
  0.534820081944201E-007  0.111707736457527E+003  0.746434249845006E+002
  0.577262712136052E-007  0.111548346727386E+003  0.746265778367278E+002
  0.649858464376162E-007  0.111304776902834E+003  0.658437735326372E+002
  0.671810991043966E-007  0.111231676431513E+003  0.745929138056491E+002
  0.685448521331436E-007  0.111184828127282E+003  0.745879114959359E+002
  0.686803238106846E-007  0.111174223658837E+003  0.658577029635492E+002
  0.703901440221028E-007  0.111118387072882E+003  0.658636740617701E+002
  0.710618107051060E-007  0.111092737856804E+003  0.658664197021272E+002
  0.753179699642164E-007  0.110969744917310E+003  0.745648716556974E+002
  0.882032420164030E-007  0.110647239399894E+003  0.745300937709698E+002
  0.886612691949371E-007  0.110630224970456E+003  0.659162301598228E+002
  0.109613569541373E-006  0.110199293326241E+003  0.659631636667761E+002
  0.115001507321670E-006  0.110096669628279E+003  0.659744170400606E+002
  0.123504807580707E-006  0.109947344352760E+003  0.659908450093573E+002
  0.131728687481318E-006  0.109811760119776E+003  0.744386646483338E+002
  0.134476599076213E-006  0.109763812959885E+003  0.660111239413573E+002
  0.141173679571572E-006  0.109659955973616E+003  0.744218385584523E+002
  0.160025458417763E-006  0.109402616362822E+003  0.660513215819399E+002
  0.172051951916941E-006  0.109251033663541E+003  0.743761742252760E+002
  0.181784715167913E-006  0.109134324831377E+003  0.660814323683870E+002
  0.181221019875702E-006  0.109133880676421E+003  0.743629989548845E+002
  0.193214350229804E-006  0.108999059486312E+003  0.743477846083684E+002
  0.195012902340008E-006  0.108973872852828E+003  0.743449361144800E+002
  0.219785067850196E-006  0.108728048508096E+003  0.661274509040896E+002
  0.236849057886371E-006  0.108571847033537E+003  0.661452819395006E+002
  0.292509302027314E-006  0.108143044620776E+003  0.661946372728454E+002
  0.330983069269868E-006  0.107889247528876E+003  0.742203449145964E+002
  0.336784712535150E-006  0.107847838614338E+003  0.662289701281999E+002
  0.353689657182858E-006  0.107743231108148E+003  0.662412071711250E+002
  0.355254571397373E-006  0.107727745965957E+003  0.742014595239098E+002
  0.363640915631307E-006  0.107674425885365E+003  0.662492765921578E+002
  0.383591436778470E-006  0.107560948036701E+003  0.662626211091433E+002
  0.428734270901556E-006  0.107331773871690E+003  0.741547722595912E+002
  0.457681438312886E-006  0.107194446130087E+003  0.741384505863792E+002
  0.516798593782555E-006  0.106944830872135E+003  0.741086077918019E+002
  0.519520841744890E-006  0.106927667897683E+003  0.741065474451391E+002
  0.523718106157402E-006  0.106904919026241E+003  0.663406665046857E+002
  0.596998392011671E-006  0.106636341754608E+003  0.663730746820224E+002
  0.677144088367396E-006  0.106377746846512E+003  0.664045382801574E+002
  0.827684093843445E-006  0.105969596329300E+003  0.739897482216659E+002
  0.886503336400734E-006  0.105825634075789E+003  0.664725980827003E+002
  0.927282060927336E-006  0.105729032689490E+003  0.664846336751581E+002
  0.103161930668626E-005  0.105509122715333E+003  0.739323034284567E+002
  0.111127536823678E-005  0.105353709883124E+003  0.739127136221129E+002
  0.120452653462183E-005  0.105185897830420E+003  0.738914434552878E+002
  0.124874326114975E-005  0.105107140086064E+003  0.665630630664827E+002
  0.138018134181483E-005  0.104900330019562E+003  0.665895198772143E+002
  0.146513785047193E-005  0.104774205566817E+003  0.666057497432761E+002
  0.158542164692443E-005  0.104609747863992E+003  0.738174589183242E+002
  0.158903159188693E-005  0.104598543536357E+003  0.738160050509457E+002
  0.199220797393839E-005  0.104139650377516E+003  0.737559454192417E+002
  0.222787410020632E-005  0.103909386288967E+003  0.667190606897404E+002
  0.272618968337074E-005  0.103499016505956E+003  0.736703504947988E+002
  0.273734479442256E-005  0.103484193958692E+003  0.667761364590949E+002
  0.277369300556389E-005  0.103451155878850E+003  0.736638703903396E+002
  0.278879156396456E-005  0.103433642851571E+003  0.667829851956990E+002
  0.295326986931954E-005  0.103312378039456E+003  0.736450111605486E+002
  0.305165170858721E-005  0.103240182457146E+003  0.668093224276744E+002
  0.306504429937669E-005  0.103224768807458E+003  0.668114295517798E+002
  0.335537522028778E-005  0.103037110065844E+003  0.668371886467500E+002
  0.340505696372466E-005  0.103001058354471E+003  0.736023215664781E+002
  0.391567984156406E-005  0.102714948182416E+003  0.668818735917094E+002
  0.419715953842615E-005  0.102569454539652E+003  0.669022511884103E+002
  0.436276714512036E-005  0.102485401906992E+003  0.669140806628653E+002
  0.434914605801628E-005  0.102485000336866E+003  0.735303440721019E+002
  0.461609013759838E-005  0.102359207678887E+003  0.669319209578097E+002
  0.566062412946328E-005  0.101944579898433E+003  0.734532502906899E+002
  0.604778137852195E-005  0.101805609649980E+003  0.734331262770338E+002
  0.607350634563382E-005  0.101790464870851E+003  0.734309255640905E+002
  0.613864505278233E-005  0.101762473385867E+003  0.670176272559837E+002
  0.615073861458349E-005  0.101751881541331E+003  0.734253121236623E+002
  0.643233743937106E-005  0.101655694324045E+003  0.734112749446817E+002
  0.657966008790903E-005  0.101603748558778E+003  0.734036684311308E+002
  0.664212522366348E-005  0.101578195197686E+003  0.670445614288913E+002
  0.690238120811248E-005  0.101494670660280E+003  0.733876364658485E+002
  0.692217057718602E-005  0.101482289214143E+003  0.670586698120597E+002
  0.720855558665672E-005  0.101394555216286E+003  0.733728499779578E+002
  0.727305940886083E-005  0.101370082770010E+003  0.733692249682093E+002
  0.744094805655623E-005  0.101317784713560E+003  0.670830171267028E+002
  0.779785501773570E-005  0.101217428272440E+003  0.733465178971770E+002
  0.790985442283724E-005  0.101182251333721E+003  0.671032193954850E+002
  0.797655930895942E-005  0.101158800199985E+003  0.671067282575171E+002
  0.824335968702164E-005  0.101086342948525E+003  0.671175946862584E+002
  0.843162967111992E-005  0.101034523205249E+003  0.671253894890553E+002
  0.844484538718055E-005  0.101024735284047E+003  0.671268640066569E+002
  0.847342695014691E-005  0.101011322136756E+003  0.671288857940049E+002
  0.875303550655443E-005  0.100939735496957E+003  0.671396985987741E+002
  0.905696331872120E-005  0.100864813248584E+003  0.732934253517049E+002
  0.958574539356189E-005  0.100744671166779E+003  0.671693564404045E+002
  0.106129930823209E-004  0.100534411840953E+003  0.732428307151334E+002
  0.118983313093028E-004  0.100299117958351E+003  0.672382043149358E+002
  0.120996986889140E-004  0.100258897605417E+003  0.672444975854032E+002
  0.125578549531728E-004  0.100177910401388E+003  0.731872711891874E+002
  0.143541888863461E-004  0.999038639300168E+002  0.731438438089015E+002
  0.145463623779704E-004  0.998706100580145E+002  0.673059511892273E+002
  0.151012609828555E-004  0.997890798875105E+002  0.673190200686268E+002
  0.151256685015853E-004  0.997791944028062E+002  0.731238726893892E+002
  0.154177359167674E-004  0.997342881661079E+002  0.673278360615492E+002
  0.157089281742095E-004  0.996902111967451E+002  0.673349475870299E+002
  0.157039929680125E-004  0.996841840466526E+002  0.673359213893593E+002
  0.163036394027316E-004  0.996025817665860E+002  0.730953430563929E+002
  0.170642534914677E-004  0.995047312318725E+002  0.730794138506272E+002
  0.172114439256187E-004  0.994808983103011E+002  0.673689607600163E+002
  0.183534753274200E-004  0.993457538488761E+002  0.730533426414359E+002
  0.189675992224140E-004  0.992732717253140E+002  0.674031053080037E+002
  0.191025253369195E-004  0.992524394981114E+002  0.674065540597124E+002
  0.193781166044309E-004  0.992171361651245E+002  0.674124081515046E+002
  0.196929841641476E-004  0.991782445465243E+002  0.730256099391173E+002
  0.199560253885281E-004  0.991450515989196E+002  0.674243994434180E+002
  0.204297361355015E-004  0.990914752767702E+002  0.730111360696461E+002
  0.203622143241112E-004  0.990914407943551E+002  0.730111303027474E+002
  0.203872108111860E-004  0.990823315363447E+002  0.674348749162643E+002
  0.203309963462827E-004  0.990811982524039E+002  0.674350645588980E+002
  0.204124258639533E-004  0.990665482896485E+002  0.674375172319921E+002
  0.215776461859449E-004  0.989488646022266E+002  0.729871827730564E+002
  0.222583045373119E-004  0.988800944288519E+002  0.729755574649024E+002
  0.222928566519204E-004  0.988703366066047E+002  0.729739039672736E+002
  0.228638923900950E-004  0.988130957923879E+002  0.729641842271558E+002
  0.228637113979169E-004  0.988064560444057E+002  0.729630545379202E+002
  0.237455497192768E-004  0.987241121959637E+002  0.674954757219931E+002
  0.242031462518303E-004  0.986792816109055E+002  0.729413264465866E+002
  0.244076689773364E-004  0.986557965304239E+002  0.675071864156265E+002
  0.244346606362426E-004  0.986469304363775E+002  0.729357714035217E+002
  0.244157405958679E-004  0.986418240791949E+002  0.729348935478263E+002
  0.251226129216277E-004  0.985780878528581E+002  0.675205689719193E+002
  0.255102987177092E-004  0.985408044963892E+002  0.729174680606179E+002
  0.254910438461517E-004  0.985356590625258E+002  0.675279038761887E+002
  0.270052445603824E-004  0.984135956396071E+002  0.675491179066495E+002
  0.273665233427394E-004  0.983803612584491E+002  0.675549231035406E+002
  0.277663186478127E-004  0.983446992060060E+002  0.728833149149367E+002
  0.296291912607182E-004  0.982081709460817E+002  0.675852049740971E+002
  0.296360867910769E-004  0.982010499648645E+002  0.675864647810822E+002
  0.297733105682976E-004  0.981851551715339E+002  0.675892789796770E+002
  0.302554359334766E-004  0.981463726015066E+002  0.728483232010391E+002
  0.303231342278116E-004  0.981352469044244E+002  0.675981349340036E+002
  0.308670009813990E-004  0.980930378106493E+002  0.728388332476788E+002
  0.312688543017354E-004  0.980605125343705E+002  0.728330290356263E+002
  0.321597259732830E-004  0.979976721709046E+002  0.676227030348259E+002
  0.327549481805341E-004  0.979543383575050E+002  0.728139915334584E+002
  0.338283662036400E-004  0.978831914829788E+002  0.676433254072041E+002
  0.338702807503578E-004  0.978740593657305E+002  0.727995037939441E+002
  0.343824801606837E-004  0.978373854232723E+002  0.676516231799142E+002
  0.352431324844512E-004  0.977812827427810E+002  0.676618228243098E+002
  0.352995436595828E-004  0.977714284641487E+002  0.676636185613597E+002
  0.379232527789056E-004  0.976213840492089E+002  0.676911184090415E+002
  0.384546955876931E-004  0.975868957556843E+002  0.727469996605787E+002
  0.384638081819363E-004  0.975797662924233E+002  0.727456822332688E+002
  0.390035509733193E-004  0.975452408309721E+002  0.677051887077717E+002
  0.392041211884723E-004  0.975283268886934E+002  0.677083248787744E+002
  0.411835779496284E-004  0.974231558888861E+002  0.677279140963275E+002
  0.413027576419429E-004  0.974107209381230E+002  0.677302404179311E+002
  0.413884873680663E-004  0.973999183768720E+002  0.727122182355725E+002
  0.420728112123199E-004  0.973604648799585E+002  0.677396644930337E+002
  0.421751461389948E-004  0.973489505480492E+002  0.677418287156545E+002
  0.454665212762164E-004  0.971920046368422E+002  0.726729626761407E+002
  0.460104736490616E-004  0.971615634574644E+002  0.677773190790611E+002
  0.458700606776446E-004  0.971610207316178E+002  0.726670587356336E+002
  0.464941093758715E-004  0.971273391653242E+002  0.677838568094788E+002
  0.474128822263391E-004  0.970815468966920E+002  0.677926318406297E+002
  0.477497328849095E-004  0.970607323081578E+002  0.726478503828584E+002
  0.491308460132796E-004  0.969970495418800E+002  0.726355737899298E+002
  0.533187212826297E-004  0.968267930673892E+002  0.726024412847213E+002
  0.546031433223641E-004  0.967725296111565E+002  0.678526972820181E+002
  0.546873947798203E-004  0.967627904529923E+002  0.678546151069896E+002
  0.561689389754833E-004  0.967026735193011E+002  0.678664878346594E+002
  0.608016108234018E-004  0.965375132079471E+002  0.678994183484643E+002
  0.627487579973978E-004  0.964678126227242E+002  0.725310248118938E+002
  0.625963502798732E-004  0.964660206640947E+002  0.725306627730815E+002
  0.642852084508126E-004  0.964061199019749E+002  0.679259534898837E+002
  0.653938629546953E-004  0.963652666211663E+002  0.725102147440039E+002
  0.665780061174310E-004  0.963227193028173E+002  0.679429566748654E+002
  0.699882409164399E-004  0.962161578096292E+002  0.679648681097851E+002
  0.705542661178165E-004  0.961933924197159E+002  0.679695768146346E+002
  0.711255827092958E-004  0.961706069609940E+002  0.679742995466668E+002
  0.723104483388861E-004  0.961309082863308E+002  0.679825516636752E+002
  0.751109036394724E-004  0.960482584979347E+002  0.679998302787600E+002
  0.754136055154898E-004  0.960335589842859E+002  0.680029174226979E+002
  0.756278592009844E-004  0.960212293640718E+002  0.680055101648224E+002
  0.764615222106484E-004  0.959926479570753E+002  0.680115321188648E+002
  0.762104486584128E-004  0.959925705006188E+002  0.680115484608257E+002
  0.760437918726814E-004  0.959902933036354E+002  0.680120289636538E+002
  0.761059630118402E-004  0.959820032510800E+002  0.724307022533012E+002
  0.770698446160788E-004  0.959501767423549E+002  0.680205110051094E+002
  0.768445616431010E-004  0.959493759262384E+002  0.680206806582767E+002
  0.783368205032746E-004  0.959042542661831E+002  0.724142204427898E+002
  0.781324450414861E-004  0.959028233690000E+002  0.724139159489693E+002
  0.791272087656265E-004  0.958708649989806E+002  0.724071041744089E+002
  0.800915667346331E-004  0.958399818800842E+002  0.680439800069634E+002
  0.827421982748079E-004  0.957682079702473E+002  0.680594031690441E+002
  0.840368221568607E-004  0.957305017247483E+002  0.680675499216334E+002
  0.845519135274985E-004  0.957116248541822E+002  0.723728413319220E+002
  0.852488353868044E-004  0.956885517781453E+002  0.680766499123710E+002
  0.871123608245795E-004  0.956386475295732E+002  0.723569554412335E+002
  0.890652807560084E-004  0.955876503426132E+002  0.723457837044043E+002
  0.888427081668965E-004  0.955859989830158E+002  0.723454209655193E+002
  0.887040718054475E-004  0.955824667799966E+002  0.680998364819965E+002
  0.932777892469914E-004  0.954752587427775E+002  0.681235287409114E+002
  0.934072994703290E-004  0.954658282169336E+002  0.681256256351213E+002
  0.934966169592093E-004  0.954572611199136E+002  0.723169489890370E+002
  0.932563067974126E-004  0.954557526675932E+002  0.681278682711747E+002
  0.939527690141438E-004  0.954342160689147E+002  0.723118113514480E+002
  0.972851222777550E-004  0.953578527424787E+002  0.722946959741292E+002
  0.971617788872589E-004  0.953537344803231E+002  0.722937689257645E+002
  0.970738459382491E-004  0.953488897513675E+002  0.722926778134802E+002
  0.968033963299836E-004  0.953478139861315E+002  0.722924354555103E+002
  0.983239079344722E-004  0.953099881422597E+002  0.681605857532904E+002
  0.984688816164664E-004  0.953003858340250E+002  0.722817220725005E+002
  0.101239472560005E-003  0.952382339532868E+002  0.681768835052505E+002
  0.101446192161655E-003  0.952274987619734E+002  0.722651483492045E+002
  0.101269747662695E-003  0.952243247934200E+002  0.681800577857578E+002
  0.102269857188942E-003  0.951980147076507E+002  0.681860756781885E+002
  0.103087993884055E-003  0.951754232181375E+002  0.681912572469957E+002
  0.105187277539199E-003  0.951284487899877E+002  0.722424075358530E+002
  0.107320074404544E-003  0.950816464861978E+002  0.722315726929709E+002
  0.109005808311846E-003  0.950438200075710E+002  0.682217084574024E+002
  0.109395592634465E-003  0.950300255585913E+002  0.722195541641038E+002
  0.109574569238253E-003  0.950201005531634E+002  0.722172350978863E+002
  0.109798011052783E-003  0.950093707738872E+002  0.682297564003113E+002
  0.110886254776767E-003  0.949829901346279E+002  0.682359414248862E+002
  0.111851637387506E-003  0.949589977888599E+002  0.722028980762361E+002
  0.112392410913589E-003  0.949426960293716E+002  0.682454258578083E+002
  0.113332330256200E-003  0.949193843259770E+002  0.721935475463007E+002
  0.113363288054647E-003  0.949121825014687E+002  0.721918428282844E+002
  0.117996818568925E-003  0.948254067964072E+002  0.721711852433197E+002
  0.118375496617359E-003  0.948123430482924E+002  0.682764250227888E+002
  0.118942822686915E-003  0.947961251696390E+002  0.682803163994241E+002
  0.118925112382973E-003  0.947897674068786E+002  0.721626373196240E+002
  0.119514724247266E-003  0.947732206428307E+002  0.682858255156286E+002
  0.121179763307244E-003  0.947388940405601E+002  0.682941114013324E+002
  0.121101521727263E-003  0.947335302082321E+002  0.721490719906018E+002
  0.125522993184134E-003  0.946551551519275E+002  0.683144755837731E+002
  0.127274318697747E-003  0.946207879870072E+002  0.721215849415722E+002
  0.127841775920130E-003  0.946052351530586E+002  0.721177618070033E+002
  0.131477085147701E-003  0.945425011621950E+002  0.683422194853922E+002
  0.131061200592661E-003  0.945421819516059E+002  0.683422986808224E+002
  0.131535874548974E-003  0.945282959104864E+002  0.720987343414382E+002
  0.133160529126295E-003  0.944970888070178E+002  0.720909614393210E+002
  0.138197025292705E-003  0.944161832265620E+002  0.720706576898913E+002
  0.137901070420997E-003  0.944138153251351E+002  0.683744212627478E+002
  0.137716430320863E-003  0.944098394024788E+002  0.683754251219784E+002
  0.137496858556306E-003  0.944063751189353E+002  0.683763002452757E+002
  0.137048341695452E-003  0.944062542333570E+002  0.720681505629899E+002
  0.138237091886487E-003  0.943823255622620E+002  0.720620944003749E+002
  0.139846547866847E-003  0.943525190487408E+002  0.683899587483858E+002
  0.140464771245491E-003  0.943370415004239E+002  0.720505784495795E+002
  0.144923593588051E-003  0.942678860324405E+002  0.720328505557514E+002
  0.144506376523909E-003  0.942669965082440E+002  0.720326213968168E+002
  0.145309457789985E-003  0.942492568777553E+002  0.684164361069353E+002
  0.145585364874472E-003  0.942388073879404E+002  0.684191371137861E+002
  0.150869209642315E-003  0.941608504368894E+002  0.720050646214790E+002
  0.150507579839897E-003  0.941589945624359E+002  0.720045790247924E+002
  0.150847283460724E-003  0.941478299624060E+002  0.720016549677542E+002
  0.151143333718838E-003  0.941372530636616E+002  0.719988803930394E+002
  0.151147598175730E-003  0.941305410549639E+002  0.684473639307333E+002
  0.151729095524896E-003  0.941162058074322E+002  0.684511350915681E+002
  0.156269324142008E-003  0.940505816451633E+002  0.719759790415705E+002
  0.155764750501180E-003  0.940503942570329E+002  0.719759292036542E+002
  0.156020189532607E-003  0.940404615578366E+002  0.684711958893201E+002
  0.156232704252141E-003  0.940310836361572E+002  0.719707857177176E+002
  0.157811845909675E-003  0.940043142859178E+002  0.684808509204104E+002
  0.159010460569795E-003  0.939825256755865E+002  0.719577846920329E+002
  0.161064776720066E-003  0.939501968271205E+002  0.719490746111515E+002
  0.163977184587185E-003  0.939076998952714E+002  0.719375577512759E+002
  0.164216689437687E-003  0.938981252491074E+002  0.719349522894690E+002
  0.164143824981779E-003  0.938923572842583E+002  0.719333807905675E+002
  0.164168606101870E-003  0.938853997828809E+002  0.719314832764152E+002
  0.166900895690998E-003  0.938457317795089E+002  0.685238572016685E+002
  0.168931185525009E-003  0.938148937023803E+002  0.719121340117401E+002
  0.169270333229154E-003  0.938042269300622E+002  0.685352939940829E+002
  0.169715777696390E-003  0.937923151495870E+002  0.685385906704665E+002
  0.170495796099403E-003  0.937764885731174E+002  0.719015005445105E+002
  0.171167984211689E-003  0.937619633969340E+002  0.718974612774598E+002
  0.170925450085466E-003  0.937581436989088E+002  0.685480839034680E+002
  0.170879574226536E-003  0.937520249845498E+002  0.685497894428786E+002
  0.170658346363065E-003  0.937479603657901E+002  0.685509233827787E+002
  0.172610166801968E-003  0.937185605909132E+002  0.718853330542112E+002
  0.172781029947335E-003  0.937099262323350E+002  0.718829097571329E+002
  0.172453771330077E-003  0.937070623755109E+002  0.685623761399858E+002
  0.172838534386975E-003  0.936959495489893E+002  0.685655017688802E+002
  0.173335643659055E-003  0.936835499284300E+002  0.685689963008721E+002
  0.174984775087523E-003  0.936579561102082E+002  0.718682485952701E+002
  0.177157681808771E-003  0.936266180839562E+002  0.685851369065496E+002
  0.179613614545030E-003  0.935924269754925E+002  0.685949072829016E+002
  0.180632850479927E-003  0.935744542693564E+002  0.718444146323996E+002
  0.180065893295044E-003  0.935740860152190E+002  0.686001726071881E+002
  0.180978185110208E-003  0.935573231510610E+002  0.718394814680463E+002
  0.182930134613744E-003  0.935292119666168E+002  0.718313536572766E+002
  0.183510642183972E-003  0.935162196674569E+002  0.718275832782698E+002
  0.183663723645482E-003  0.935078964167081E+002  0.686193181515929E+002
  0.183604712111454E-003  0.935018835439138E+002  0.718234126167342E+002
  0.183122975273617E-003  0.935004824032649E+002  0.718230044143331E+002
  0.185422082333950E-003  0.934688731644893E+002  0.686307136639005E+002
  0.184808071147967E-003  0.934688514226680E+002  0.718137613173762E+002
  0.184426708591430E-003  0.934663272267734E+002  0.686314599614696E+002
  0.185255441527934E-003  0.934507046534618E+002  0.686360471363930E+002
  0.186560935788304E-003  0.934300045103710E+002  0.686421457243337E+002
  0.188236545430007E-003  0.934054659839077E+002  0.686494057908373E+002
  0.187642034163542E-003  0.934051370399767E+002  0.686495033411448E+002
  0.187651393766707E-003  0.933983817020821E+002  0.686515080171087E+002
  0.187577519964013E-003  0.933925136284128E+002  0.717912298806702E+002
  0.187347527040705E-003  0.933883117968260E+002  0.717899802890810E+002
  0.187554327687249E-003  0.933794497653797E+002  0.717873415197128E+002
  0.189415691145552E-003  0.933530432395729E+002  0.717794521674547E+002
  0.189407749116476E-003  0.933464715193416E+002  0.717774825465739E+002
  0.189218996745909E-003  0.933418100126153E+002  0.686683974277303E+002
  0.189763353831710E-003  0.933294089674041E+002  0.686721243356076E+002
  0.190105389439168E-003  0.933191517673861E+002  0.686752137342580E+002
  0.191672466136341E-003  0.932960773669335E+002  0.717622951147651E+002
  0.191140904346196E-003  0.932949760559850E+002  0.717619615368032E+002
  0.190729208713416E-003  0.932926328928043E+002  0.686832297815077E+002
  0.191463735624536E-003  0.932782898047636E+002  0.686875828151867E+002
  0.192153264990319E-003  0.932644444482413E+002  0.717526848182000E+002
  0.193380387471892E-003  0.932450571480856E+002  0.717467648817456E+002
  0.193231611228652E-003  0.932399408501893E+002  0.717451987760955E+002
  0.194707674203675E-003  0.932180656709217E+002  0.687059968421145E+002
  0.194138521167779E-003  0.932172648831877E+002  0.687062431963748E+002
  0.193786999687406E-003  0.932142339325530E+002  0.687071760004750E+002
  0.193366609340461E-003  0.932119217499480E+002  0.717365933698540E+002
  0.193186296777597E-003  0.932071320212214E+002  0.687093639344026E+002
  0.195652697665469E-003  0.931751041506925E+002  0.687192705475302E+002
  0.195111014865326E-003  0.931739934369289E+002  0.687196152767077E+002
  0.194935263362865E-003  0.931691402225054E+002  0.717233588688213E+002
  0.194293747312995E-003  0.931690773331335E+002  0.717233393280534E+002
  0.195291120710482E-003  0.931521813595622E+002  0.687264011302017E+002
  0.195646615560502E-003  0.931418884231942E+002  0.717148673216633E+002
  0.196156800252207E-003  0.931300242617718E+002  0.687333259858171E+002
  0.196121230395842E-003  0.931237313820559E+002  0.687352986076394E+002
  0.196062390359409E-003  0.931176759292982E+002  0.717072820756713E+002
  0.195591534879124E-003  0.931158292446892E+002  0.687377793941501E+002
  0.202253632127307E-003  0.930421855936448E+002  0.716833798456640E+002
  0.202306529750148E-003  0.930350069997955E+002  0.716810865228822E+002
  0.202878099067350E-003  0.930227088591014E+002  0.716771492734049E+002
  0.202956236303349E-003  0.930152831396730E+002  0.687697145910695E+002
  0.202504976953599E-003  0.930130793740763E+002  0.687704224125171E+002
  0.202715901318125E-003  0.930043417256177E+002  0.716712491159275E+002
  0.208011941218719E-003  0.929461061657743E+002  0.687921004422269E+002
  0.207533425394546E-003  0.929440567352335E+002  0.716517123629043E+002
  0.209481971772697E-003  0.929187106167844E+002  0.716434181703738E+002
  0.209651095189276E-003  0.929104410057426E+002  0.688037798000276E+002
  0.210685876507889E-003  0.928939382459971E+002  0.716352646854322E+002
  0.210028984290765E-003  0.928935281571137E+002  0.688093520386178E+002
  0.209352603802484E-003  0.928933238002910E+002  0.688094195019841E+002
  0.209014089130258E-003  0.928899047563961E+002  0.688105486932229E+002
  0.209443887441559E-003  0.928791407735849E+002  0.688141095750364E+002
  0.210613327395067E-003  0.928613491582736E+002  0.716244662277763E+002
  0.210600687307980E-003  0.928548136129081E+002  0.688221907171300E+002
  0.210042547372897E-003  0.928534655257868E+002  0.716218414557808E+002
  0.209995871420467E-003  0.928472544378244E+002  0.716197700679153E+002
  0.210310964043708E-003  0.928376001656771E+002  0.716165442746716E+002
  0.209707633931297E-003  0.928366903360874E+002  0.688282414656748E+002
  0.209295926492809E-003  0.928339651050434E+002  0.688291536011329E+002
  0.211279539459632E-003  0.928084436818798E+002  0.716067565613989E+002
  0.212145515518840E-003  0.927936074118046E+002  0.716017494270239E+002
  0.212243588630157E-003  0.927860274618642E+002  0.688452971322187E+002
  0.212306608737094E-003  0.927787781228462E+002  0.688477549318785E+002
  0.215097693512591E-003  0.927460009108747E+002  0.715855584015983E+002
  0.214463214425944E-003  0.927452534991127E+002  0.715853026725804E+002
  0.214390184139606E-003  0.927392790867790E+002  0.715832567835997E+002
  0.213914919877401E-003  0.927370620664223E+002  0.715824968001817E+002
  0.213506745336024E-003  0.927342263643449E+002  0.688629572365689E+002
  0.213328877732969E-003  0.927292376329766E+002  0.715798112234202E+002
  0.212798148328033E-003  0.927275639445456E+002  0.715792360740568E+002
  0.216830167825813E-003  0.926833676555415E+002  0.715639591687692E+002
  0.216359647903741E-003  0.926810567768244E+002  0.688813257515511E+002
  0.221883975641267E-003  0.926239760899050E+002  0.715431516417540E+002
  0.221744024323172E-003  0.926185823896980E+002  0.715412457285518E+002
  0.222414975283058E-003  0.926058843655154E+002  0.689077334979694E+002
  0.223318392090429E-003  0.925911215345782E+002  0.715314991638054E+002
  0.222970772385696E-003  0.925875816005049E+002  0.689142438875215E+002
  0.222666359700827E-003  0.925836584024331E+002  0.715288377414622E+002
  0.222344536240615E-003  0.925798955470709E+002  0.689169875385909E+002
  0.222283652838003E-003  0.925737876910694E+002  0.689191719479721E+002
  0.222637305813467E-003  0.925639526423239E+002  0.715217842886974E+002
  0.226186731139219E-003  0.925256632900497E+002  0.715079684163610E+002
  0.228015589861055E-003  0.925029015076625E+002  0.714996845131847E+002
  0.229477295785325E-003  0.924834657427444E+002  0.714925683222698E+002
  0.231732895978231E-003  0.924572475577713E+002  0.689615761702876E+002
  0.235732540138925E-003  0.924163670577985E+002  0.714676884257947E+002
  0.238087333193902E-003  0.923898320882099E+002  0.689867702167233E+002
  0.238330008642158E-003  0.923811390047858E+002  0.714544249219927E+002
  0.238676926681056E-003  0.923715743004400E+002  0.689936822973219E+002
  0.238643435204900E-003  0.923651993827102E+002  0.689961049079762E+002
  0.460971662849961E-003  0.907959185572171E+002  0.690043717090292E+002
  0.461507633852289E-003  0.907935945112920E+002  0.690052620971507E+002
  0.462987276719017E-003  0.907743307737868E+002  0.690126676493126E+002
  0.462996733968387E-003  0.907742899210323E+002  0.690126834025025E+002
  0.464417684905290E-003  0.907681612604469E+002  0.690150489978463E+002
  0.465972634571542E-003  0.907614761044152E+002  0.690176346917035E+002
  0.464894294223771E-003  0.907529950089441E+002  0.690209230303749E+002
  0.462397093604363E-003  0.907506522550810E+002  0.690218329640644E+002
  0.467186719308241E-003  0.907169275078065E+002  0.690350090495436E+002
  0.482962110621291E-003  0.906373943073440E+002  0.690666770431025E+002
  0.487605207974711E-003  0.906051437587971E+002  0.690797684623887E+002
  0.495781463267153E-003  0.905457412896682E+002  0.691042827817418E+002
  0.496095361186207E-003  0.905444754150281E+002  0.691048110375739E+002
  0.496450297758463E-003  0.905430450059213E+002  0.691054082551509E+002
  0.502024861447056E-003  0.905207124659101E+002  0.691147741957460E+002
  0.504550579052686E-003  0.905106755712877E+002  0.691190094201205E+002
  0.510329818637437E-003  0.904878973126175E+002  0.691286819125649E+002
  0.513549394283623E-003  0.904618512557841E+002  0.691398479531210E+002
  0.508361016970323E-003  0.904553139303952E+002  0.691426686597618E+002
  0.510250678834889E-003  0.904478933832324E+002  0.691458794138105E+002
  0.510337522083590E-003  0.904475530177497E+002  0.691460269143604E+002
  0.511567606258681E-003  0.904427381489910E+002  0.691481156524717E+002
  0.511114874386967E-003  0.904308569811732E+002  0.691532872830326E+002
  0.513421417177229E-003  0.904218517494169E+002  0.691572238075142E+002
  0.513975554473669E-003  0.904196943073941E+002  0.691581690687535E+002
  0.510698365272651E-003  0.904186465661854E+002  0.691586284289415E+002
  0.518153345653937E-003  0.903896623665118E+002  0.691714155540031E+002
  0.521665525841855E-003  0.903761515767356E+002  0.691774296628444E+002
  0.521899696449863E-003  0.903752539975256E+002  0.691778304324473E+002
  0.533585041297839E-003  0.903309679102565E+002  0.691977988801454E+002
  0.536868269154304E-003  0.903186993204172E+002  0.692033999715158E+002
  0.534009862561893E-003  0.903150392366033E+002  0.692050769161726E+002
  0.530901277966185E-003  0.903123787001473E+002  0.692062976344478E+002
  0.535399316329974E-003  0.902955051653549E+002  0.692140740319788E+002
  0.533200864757167E-003  0.902892939574557E+002  0.692169516982704E+002
  0.531022500802603E-003  0.902830410922914E+002  0.692198570089968E+002
  0.528533845938316E-003  0.902779956962780E+002  0.692222074382415E+002
  0.527959504224800E-003  0.902657297214295E+002  0.692279447924694E+002
  0.531493870615630E-003  0.902379450629690E+002  0.692410650000553E+002
  0.524888197941777E-003  0.902341803517967E+002  0.692428562571746E+002
  0.521369770649021E-003  0.902332948949750E+002  0.692432780353981E+002
  0.520271762894024E-003  0.902231743690924E+002  0.692481118157844E+002
  0.517772258682592E-003  0.902184690010887E+002  0.692503673878374E+002
  0.520761542450456E-003  0.901783835777603E+002  0.692697993574815E+002
  0.519513208682333E-003  0.901689486601638E+002  0.692744309843510E+002
  0.527193501258639E-003  0.901395978196901E+002  0.692889863591672E+002
  0.527630463986993E-003  0.901236038334303E+002  0.692970143172146E+002
  0.524640783841063E-003  0.901206315599009E+002  0.692985138960245E+002
  0.524969156358936E-003  0.901050431730977E+002  0.693064187948980E+002
  0.522120501787194E-003  0.901015884011324E+002  0.693081799702050E+002
  0.526033958013810E-003  0.900723166980989E+002  0.693232405621918E+002
  0.522945250949965E-003  0.900697577065941E+002  0.693245691998845E+002
  0.517082906705634E-003  0.900495985638621E+002  0.693351054799068E+002
  0.513527080335277E-003  0.900492651454740E+002  0.693352807949093E+002
  0.509351359329328E-003  0.900096468273295E+002  0.693563651992100E+002
  0.507472316390664E-003  0.900031977643230E+002  0.693598460983550E+002
  0.507814109685005E-003  0.899880102899335E+002  0.693680996174409E+002
  0.508896538375693E-003  0.899837517367189E+002  0.693704282518959E+002
  0.507563412643191E-003  0.899750605526275E+002  0.693752005734016E+002
  0.506808313369941E-003  0.899641008183325E+002  0.693812571600076E+002
  0.506768660034603E-003  0.899503199683988E+002  0.693889352290761E+002
  0.504306988263098E-003  0.899461214723142E+002  0.693912885417509E+002
  0.505454001881882E-003  0.899415777669292E+002  0.693938428811850E+002
  0.504636167664043E-003  0.899307812805800E+002  0.693999441788825E+002
  0.506005188732093E-003  0.899253628523839E+002  0.694030233597971E+002
  0.504245127317726E-003  0.899181973381089E+002  0.694071132355701E+002
  0.501012087648175E-003  0.899169275751116E+002  0.694078401231810E+002
  0.496364310521044E-003  0.899073982427558E+002  0.694133161226082E+002
  0.496774913576122E-003  0.899057444843763E+002  0.694142702286915E+002
  0.497361385135044E-003  0.899033847611564E+002  0.694156335825272E+002
  0.494707601911336E-003  0.898998498458318E+002  0.694176802379909E+002
  0.490711400777670E-003  0.898877019924423E+002  0.694247536767140E+002
  0.492600306441838E-003  0.898800181299449E+002  0.694292604039453E+002
  0.494008339479961E-003  0.898743095483310E+002  0.694326252458019E+002
  0.496731160412111E-003  0.898633164354588E+002  0.694391457075900E+002
  0.496823998637398E-003  0.898629426737216E+002  0.694393683554776E+002
  0.490662129368088E-003  0.898589168041612E+002  0.694417705712331E+002
  0.490817966508943E-003  0.898582816934022E+002  0.694421502141195E+002
  0.487670741153196E-003  0.898566018774718E+002  0.694431552301879E+002
  0.487964173281968E-003  0.898553988367308E+002  0.694438757941801E+002
  0.488945275773859E-003  0.898513816667763E+002  0.694462867348593E+002
  0.489489477384217E-003  0.898343966674840E+002  0.694565643352103E+002
  0.483579333694183E-003  0.898292795357988E+002  0.694596878569757E+002
  0.480665627453742E-003  0.898267144883759E+002  0.694612583982739E+002
  0.480852653696186E-003  0.898259364428682E+002  0.694617354253475E+002
  0.479169979919193E-003  0.898181872108944E+002  0.694665029867527E+002
  0.479725066678703E-003  0.898158716839826E+002  0.694679334160059E+002
  0.481148156055590E-003  0.897950775722545E+002  0.694809027664595E+002
  0.474955672011263E-003  0.897913549243394E+002  0.694832486143933E+002
  0.475472406114925E-003  0.897891801815410E+002  0.694846224932803E+002
  0.477564524003820E-003  0.897803993203450E+002  0.694901959650822E+002
  0.469972855882572E-003  0.897678364853175E+002  0.694982445685601E+002
  0.470573128969393E-003  0.897652836142065E+002  0.694998910741235E+002
  0.473124046464007E-003  0.897544711469275E+002  0.695069067243215E+002
  0.477930895322572E-003  0.897342540613369E+002  0.695202126222742E+002
  0.478120338609237E-003  0.897334614540689E+002  0.695207394189053E+002
  0.478370642040189E-003  0.897324146969463E+002  0.695214357399131E+002
  0.478417309348404E-003  0.897322195970470E+002  0.695215656002612E+002
  0.479313198236997E-003  0.897284778799656E+002  0.695240607963798E+002
  0.480787914395662E-003  0.897223338715939E+002  0.695281774387972E+002
  0.476496842724257E-003  0.897090135345010E+002  0.695371873532494E+002
  0.471969695494456E-003  0.896970977975024E+002  0.695453488103956E+002
  0.468739016912685E-003  0.896953909705938E+002  0.695465259403293E+002
  0.468743734037704E-003  0.896953708438234E+002  0.695465398331873E+002
  0.467755596991482E-003  0.896840271208412E+002  0.695544160221127E+002
  0.468706034709882E-003  0.896799674220236E+002  0.695572574241028E+002
  0.471386128370988E-003  0.896685638553213E+002  0.695653045754967E+002
  0.472643799032494E-003  0.896632349081384E+002  0.695690990424569E+002
  0.476125185727411E-003  0.896485573527976E+002  0.695796660064748E+002
  0.476478389432416E-003  0.896310099004566E+002  0.695925318002670E+002
  0.478898346521268E-003  0.896208779297971E+002  0.696000817118574E+002
  0.479404038317358E-003  0.896187671478517E+002  0.696016661372333E+002
  0.479824332273138E-003  0.896170145141909E+002  0.696029848046928E+002
  0.480652530026833E-003  0.896135654026445E+002  0.696055881236021E+002
  0.477313677900823E-003  0.896109092726883E+002  0.696076004313821E+002
  0.473750970601027E-003  0.896092958175909E+002  0.696088260222802E+002
  0.472013810935752E-003  0.896000453310455E+002  0.696159005667099E+002
  0.465759834631535E-003  0.895936629684794E+002  0.696208301547134E+002
  0.459495496745081E-003  0.895879573159998E+002  0.696252715283355E+002
  0.459668730953091E-003  0.895872034389239E+002  0.696258608324758E+002
  0.458053889470971E-003  0.895777809209622E+002  0.696332761346369E+002
  0.455326352154552E-003  0.895732647636203E+002  0.696368635446578E+002
  0.455353309099246E-003  0.895731463599891E+002  0.696369578943961E+002
  0.455656606073348E-003  0.895718146643390E+002  0.696380201032928E+002
  0.451949655664699E-003  0.895714155182217E+002  0.696383388531390E+002
  0.454589978110638E-003  0.895597653716052E+002  0.696477203244332E+002
  0.449620507129721E-003  0.895481350473358E+002  0.696572411883582E+002
  0.447082105705063E-003  0.895427218481341E+002  0.696617277137602E+002
  0.447868997603402E-003  0.895392048197816E+002  0.696646620163802E+002
  0.445352057690229E-003  0.895335984091560E+002  0.696693717164561E+002
  0.445965807462118E-003  0.895308440612723E+002  0.696717002824809E+002
  0.448310031153155E-003  0.895203585758803E+002  0.696806564616265E+002
  0.449309351128865E-003  0.895159053726260E+002  0.696845052929667E+002
  0.449842314353383E-003  0.895135344120533E+002  0.696865657568104E+002
  0.449900742104701E-003  0.895132746590006E+002  0.696867919749826E+002
  0.450007905246676E-003  0.895127983300185E+002  0.696872070570136E+002
  0.446374730489941E-003  0.895112331305549E+002  0.696885732746634E+002
  0.442865437335975E-003  0.895092408985776E+002  0.696903173124248E+002
  0.444731320476256E-003  0.895008321887783E+002  0.696977423469801E+002
  0.445279812048058E-003  0.894983670886410E+002  0.696999390801525E+002
  0.439958904509773E-003  0.894863731815761E+002  0.697107618595315E+002
  0.441122653023214E-003  0.894810899059009E+002  0.697156026028578E+002
  0.437804088910290E-003  0.894780931085112E+002  0.697183690560292E+002
  0.434305555189799E-003  0.894760398257270E+002  0.697202733181553E+002
  0.434485822523168E-003  0.894752098573798E+002  0.697210451034147E+002
  0.429597644495926E-003  0.894614737284225E+002  0.697339954372811E+002
  0.425843143437884E-003  0.894609300365643E+002  0.697345151010328E+002
  0.425864378613969E-003  0.894608303066662E+002  0.697346104835422E+002
  0.422212749614022E-003  0.894597885445777E+002  0.697356079511501E+002
  0.422379798415435E-003  0.894589973995269E+002  0.697363668257109E+002
  0.423259851503523E-003  0.894548346173968E+002  0.697403794975621E+002
  0.419564971095950E-003  0.894537656424999E+002  0.697414153288825E+002
  0.416795267972650E-003  0.894484073656481E+002  0.697466414666724E+002
  0.416996140363683E-003  0.894474437078655E+002  0.697475874647934E+002
  0.413371986240934E-003  0.894461223979171E+002  0.697488876341561E+002
  0.413647046582387E-003  0.894447920278014E+002  0.697502003367653E+002
  0.410212847065195E-003  0.894425083429723E+002  0.697524622464028E+002
  0.406408198817099E-003  0.894421870427835E+002  0.697527813574706E+002
  0.406794398320913E-003  0.894402873954671E+002  0.697546725122516E+002
  0.407235741035373E-003  0.894381187152850E+002  0.697568408913477E+002
  0.407683087635004E-003  0.894359229302383E+002  0.697590467134976E+002
  0.504891975149480E-003  0.883493943656880E+002  0.699205677293243E+002
  0.504943548712624E-003  0.883491900806852E+002  0.699208837416899E+002
  0.505660592417516E-003  0.883463520007842E+002  0.699253088119555E+002
  0.506046427864237E-003  0.883448265177829E+002  0.699277147811593E+002
  0.506206317679312E-003  0.883441947000196E+002  0.699287170502943E+002
  0.506295093988637E-003  0.883438439792857E+002  0.699292748877721E+002
  0.506448116286503E-003  0.883432395919248E+002  0.699302386942927E+002
  0.488753283238210E-003  0.883416324111426E+002  0.699328172537637E+002
  0.489366837878136E-003  0.883391232930613E+002  0.699368894615438E+002
  0.489447917098619E-003  0.883387919567374E+002  0.699374315603828E+002
  0.483895685400623E-003  0.883370691688473E+002  0.699402670077174E+002
  0.484477266590768E-003  0.883346668660615E+002  0.699442691140211E+002
  0.478527235874694E-003  0.883345365866587E+002  0.699444878008813E+002
  0.479183354014499E-003  0.883317962254290E+002  0.699491283449047E+002
  0.480108701392443E-003  0.883279377647663E+002  0.699557992658414E+002
  0.480466806557759E-003  0.883264465538040E+002  0.699584226209526E+002
  0.474419321090351E-003  0.883259728855319E+002  0.699592613798446E+002
  0.474648053555906E-003  0.883250088550485E+002  0.699609767758276E+002
  0.469026749813638E-003  0.883226922656157E+002  0.699651457092918E+002
  0.469143531321048E-003  0.883221943538384E+002  0.699660506085285E+002
  0.463086917762038E-003  0.883216918898243E+002  0.699669670327583E+002
  0.457659207837121E-003  0.883187813250518E+002  0.699723416037928E+002
  0.457941178049523E-003  0.883175494766356E+002  0.699746514380278E+002
  0.446890847946821E-003  0.883130657162781E+002  0.699832473563611E+002
  0.441181177925960E-003  0.883122927655373E+002  0.699847606375036E+002
  0.435671742448508E-003  0.883109354117969E+002  0.699874416620203E+002
  0.435845718858465E-003  0.883101369129946E+002  0.699890332434325E+002
  0.435892926506844E-003  0.883099202992254E+002  0.699894668781649E+002
  0.430104871446168E-003  0.883094441266070E+002  0.699904229699343E+002
  0.430235400164610E-003  0.883088372564011E+002  0.699916472307297E+002
  0.430317501535304E-003  0.883084556349074E+002  0.699924204292627E+002
  0.430672180965477E-003  0.883068078592955E+002  0.699957892741226E+002
  0.424647818329988E-003  0.883066126634139E+002  0.699961916742447E+002
  0.418780954400753E-003  0.883060677159828E+002  0.699973189045015E+002
  0.419160729236376E-003  0.883042548219877E+002  0.700011102481428E+002
  0.419266255709121E-003  0.883037513721933E+002  0.700021747113130E+002
  0.413501847461876E-003  0.883022421552330E+002  0.700053970151536E+002
  0.413912727100375E-003  0.883002558248738E+002  0.700097124473434E+002
  0.413998411706310E-003  0.882998418451495E+002  0.700106229267819E+002
  0.414001971860638E-003  0.882998246463443E+002  0.700106608374571E+002
  0.407864405213192E-003  0.882991616176011E+002  0.700121275412540E+002
  0.407925609565995E-003  0.882988615190375E+002  0.700127947738607E+002
  0.407937033855705E-003  0.882988055081891E+002  0.700129195426866E+002
  0.407937512670077E-003  0.882988031606989E+002  0.700129247735401E+002
  0.408117473858400E-003  0.882979210574376E+002  0.700148996834047E+002
  0.408153852682891E-003  0.882977427891421E+002  0.700153010913495E+002
  0.401794866418040E-003  0.882960892200283E+002  0.700190622349774E+002
  0.395347834438401E-003  0.882953820259605E+002  0.700206922175592E+002
  0.395394935473299E-003  0.882951437637253E+002  0.700212443553049E+002
  0.395492082389420E-003  0.882946524322739E+002  0.700223877598885E+002
  0.389088399415207E-003  0.882931119697729E+002  0.700260158420124E+002
  0.389166984523897E-003  0.882927080658073E+002  0.700269782670818E+002
  0.389250753892191E-003  0.882922776060966E+002  0.700280092187631E+002
  0.389264877639145E-003  0.882922050385263E+002  0.700281835577003E+002
  0.389289319449172E-003  0.882920794631450E+002  0.700284856151046E+002
  0.389329747302165E-003  0.882918717731217E+002  0.700289862261431E+002
  0.389379542071484E-003  0.882916159920745E+002  0.700296045423136E+002
  0.389532613435697E-003  0.882908299143886E+002  0.700315173252128E+002
  0.389613223478311E-003  0.882904160763671E+002  0.700325320770130E+002
  0.389693316921942E-003  0.882900049752675E+002  0.700335455207106E+002
  0.389694368162432E-003  0.882899995800553E+002  0.700335588571396E+002
  0.389731101563888E-003  0.882898110647814E+002  0.700340254415521E+002
  0.389899857107606E-003  0.882889452420765E+002  0.700361834219227E+002
  0.389956243053178E-003  0.882886560300249E+002  0.700369098537342E+002
  0.390007014596564E-003  0.882883956508701E+002  0.700375663085245E+002
  0.390106440942882E-003  0.882878858463223E+002  0.700388584065901E+002
  0.381333359568737E-003  0.882873981604931E+002  0.700401030229574E+002
  0.372786666402337E-003  0.882867543960179E+002  0.700417591079095E+002
  0.364349789287452E-003  0.882865592601527E+002  0.700422641047793E+002
  0.356249319725875E-003  0.882855473112072E+002  0.700449060168563E+002
  0.356260419294949E-003  0.882854849986887E+002  0.700450699847942E+002
  0.356260580306366E-003  0.882854840947916E+002  0.700450723644079E+002
  0.348054935936208E-003  0.882838931937258E+002  0.700493113349469E+002
  0.238539349104641E-002  0.825096407208294E+002  0.700660118831473E+002
  0.238568345460248E-002  0.825093976196933E+002  0.700667393524146E+002
  0.238587515000079E-002  0.825092369213436E+002  0.700672221092337E+002
  0.238600975466682E-002  0.825091240898996E+002  0.700675619685562E+002
  0.238617807610454E-002  0.825089830045578E+002  0.700679879849073E+002
