  0.238906454129490E-001  0.896149177168660E+002  0.670445614288913E+002
  0.238906454129490E-001  0.873099942444938E+002  0.674031053080037E+002
  0.238906454129490E-001  0.868431785635855E+002  0.729630545379202E+002
  0.238906454129490E-001  0.867608347151435E+002  0.674954757219931E+002
  0.238906454129490E-001  0.867160041300853E+002  0.729413264465866E+002
  0.238906454129490E-001  0.866925190496037E+002  0.675071864156265E+002
  0.238906454129490E-001  0.804019219018899E+002  0.689961049079762E+002
  0.238906454129490E-001  0.861719694236042E+002  0.675981349340036E+002
  0.238906454129490E-001  0.854598784080659E+002  0.677279140963275E+002
  0.238906454129490E-001  0.854474434573028E+002  0.677302404179311E+002
  0.238906454129490E-001  0.854366408960517E+002  0.727122182355725E+002
  0.238906454129490E-001  0.842528803288090E+002  0.679648681097851E+002
  0.238906454129490E-001  0.842301149388957E+002  0.679695768146346E+002
  0.238906454129490E-001  0.842073294801738E+002  0.679742995466668E+002
  0.238906454129490E-001  0.841676308055106E+002  0.679825516636752E+002
  0.238906454129490E-001  0.840187257702597E+002  0.724307022533012E+002
  0.238906454129490E-001  0.839409767853629E+002  0.724142204427898E+002
  0.238906454129490E-001  0.839395458881798E+002  0.724139159489693E+002
  0.238906454129490E-001  0.836753700487530E+002  0.723569554412335E+002
  0.238906454129490E-001  0.835119812619573E+002  0.681235287409114E+002
  0.238906454129490E-001  0.834939836390933E+002  0.723169489890370E+002
  0.238906454129490E-001  0.834924751867729E+002  0.681278682711747E+002
  0.238906454129490E-001  0.834709385880945E+002  0.723118113514480E+002
  0.238906454129490E-001  0.833845365053113E+002  0.722924354555103E+002
  0.238906454129490E-001  0.832642212811531E+002  0.722651483492045E+002
  0.238906454129490E-001  0.832610473125997E+002  0.681800577857578E+002
  0.238906454129490E-001  0.832347372268305E+002  0.681860756781885E+002
  0.238906454129490E-001  0.831651713091675E+002  0.722424075358530E+002
  0.238906454129490E-001  0.830805425267508E+002  0.682217084574024E+002
  0.238906454129490E-001  0.830568230723432E+002  0.722172350978863E+002
  0.238906454129490E-001  0.830460932930669E+002  0.682297564003113E+002
  0.238906454129490E-001  0.829957203080397E+002  0.722028980762361E+002
  0.238906454129490E-001  0.829561068451568E+002  0.721935475463007E+002
  0.238906454129490E-001  0.829489050206485E+002  0.721918428282844E+002
  0.238906454129490E-001  0.828621293155870E+002  0.721711852433197E+002
  0.238906454129490E-001  0.828490655674722E+002  0.682764250227888E+002
  0.238906454129490E-001  0.828264899260584E+002  0.721626373196240E+002
  0.238906454129490E-001  0.828099431620105E+002  0.682858255156286E+002
  0.238906454129490E-001  0.827756165597399E+002  0.682941114013324E+002
  0.238906454129490E-001  0.827702527274118E+002  0.721490719906018E+002
  0.238906454129490E-001  0.826575105061870E+002  0.721215849415722E+002
  0.238906454129490E-001  0.825792236813747E+002  0.683422194853922E+002
  0.238906454129490E-001  0.825650184296662E+002  0.720987343414382E+002
  0.238906454129490E-001  0.825338113261976E+002  0.720909614393210E+002
  0.238906454129490E-001  0.824529057457417E+002  0.720706576898913E+002
  0.238906454129490E-001  0.824190480814418E+002  0.720620944003749E+002
  0.238906454129490E-001  0.823892415679206E+002  0.683899587483858E+002
  0.238906454129490E-001  0.823046085516203E+002  0.720328505557514E+002
  0.238906454129490E-001  0.823037190274238E+002  0.720326213968168E+002
  0.238906454129490E-001  0.822859793969350E+002  0.684164361069353E+002
  0.238906454129490E-001  0.822755299071201E+002  0.684191371137861E+002
  0.238906454129490E-001  0.821975729560692E+002  0.720050646214790E+002
  0.238906454129490E-001  0.821957170816156E+002  0.720045790247924E+002
  0.238906454129490E-001  0.821739755828414E+002  0.719988803930394E+002
  0.238906454129490E-001  0.821672635741437E+002  0.684473639307333E+002
  0.238906454129490E-001  0.821529283266120E+002  0.684511350915681E+002
  0.238906454129490E-001  0.820873041643431E+002  0.719759790415705E+002
  0.238906454129490E-001  0.820871167762127E+002  0.719759292036542E+002
  0.238906454129490E-001  0.820771840770164E+002  0.684711958893201E+002
  0.238906454129490E-001  0.819444224144512E+002  0.719375577512759E+002
  0.238906454129490E-001  0.819221223020607E+002  0.719314832764152E+002
  0.238906454129490E-001  0.818824542986886E+002  0.685238572016685E+002
  0.238906454129490E-001  0.818516162215601E+002  0.719121340117401E+002
  0.238906454129490E-001  0.818290376687668E+002  0.685385906704665E+002
  0.238906454129490E-001  0.818132110922972E+002  0.719015005445105E+002
  0.238906454129490E-001  0.804082968196197E+002  0.689936822973219E+002
  0.238906454129490E-001  0.817948662180886E+002  0.685480839034680E+002
  0.238906454129490E-001  0.817846828849699E+002  0.685509233827787E+002
  0.238906454129490E-001  0.817466487515148E+002  0.718829097571329E+002
  0.238906454129490E-001  0.817437848946907E+002  0.685623761399858E+002
  0.238906454129490E-001  0.817326720681691E+002  0.685655017688802E+002
  0.238906454129490E-001  0.816633406031359E+002  0.685851369065496E+002
  0.238906454129490E-001  0.816291494946723E+002  0.685949072829016E+002
  0.238906454129490E-001  0.804178615239656E+002  0.714544249219927E+002
  0.238906454129490E-001  0.804265546073896E+002  0.689867702167233E+002
  0.238906454129490E-001  0.815940456702408E+002  0.718394814680463E+002
  0.238906454129490E-001  0.815529421866366E+002  0.718275832782698E+002
  0.238906454129490E-001  0.815446189358879E+002  0.686193181515929E+002
  0.238906454129490E-001  0.815386060630936E+002  0.718234126167342E+002
  0.238906454129490E-001  0.815372049224447E+002  0.718230044143331E+002
  0.238906454129490E-001  0.804530895769783E+002  0.714676884257947E+002
  0.238906454129490E-001  0.815055739418478E+002  0.718137613173762E+002
  0.238906454129490E-001  0.815030497459531E+002  0.686314599614696E+002
  0.238906454129490E-001  0.814874271726416E+002  0.686360471363930E+002
  0.238906454129490E-001  0.814421885030875E+002  0.686494057908373E+002
  0.238906454129490E-001  0.814351042212619E+002  0.686515080171087E+002
  0.238906454129490E-001  0.814292361475926E+002  0.717912298806702E+002
  0.238906454129490E-001  0.814250343160057E+002  0.717899802890810E+002
  0.238906454129490E-001  0.814161722845595E+002  0.717873415197128E+002
  0.238906454129490E-001  0.813897657587526E+002  0.717794521674547E+002
  0.238906454129490E-001  0.813831940385214E+002  0.717774825465739E+002
  0.238906454129490E-001  0.804939700769511E+002  0.689615761702876E+002
  0.238906454129490E-001  0.813558742865659E+002  0.686752137342580E+002
  0.238906454129490E-001  0.813327998861133E+002  0.717622951147651E+002
  0.238906454129490E-001  0.813316985751648E+002  0.717619615368032E+002
  0.238906454129490E-001  0.813293554119841E+002  0.686832297815077E+002
  0.238906454129490E-001  0.813011669674211E+002  0.717526848182000E+002
  0.238906454129490E-001  0.812817796672654E+002  0.717467648817456E+002
  0.238906454129490E-001  0.812766633693690E+002  0.717451987760955E+002
  0.238906454129490E-001  0.805201882619241E+002  0.714925683222698E+002
  0.238906454129490E-001  0.812539874023675E+002  0.687062431963748E+002
  0.238906454129490E-001  0.812486442691278E+002  0.717365933698540E+002
  0.238906454129490E-001  0.812118266698723E+002  0.687192705475302E+002
  0.238906454129490E-001  0.812058627416852E+002  0.717233588688213E+002
  0.238906454129490E-001  0.812057998523133E+002  0.717233393280534E+002
  0.238906454129490E-001  0.805396240268422E+002  0.714996845131847E+002
  0.238906454129490E-001  0.811786109423740E+002  0.717148673216633E+002
  0.238906454129490E-001  0.811667467809516E+002  0.687333259858171E+002
  0.238906454129490E-001  0.811604539012356E+002  0.687352986076394E+002
  0.238906454129490E-001  0.811543984484779E+002  0.717072820756713E+002
  0.238906454129490E-001  0.811525517638689E+002  0.687377793941501E+002
  0.238906454129490E-001  0.810717295189753E+002  0.716810865228822E+002
  0.238906454129490E-001  0.810520056588528E+002  0.687697145910695E+002
  0.238906454129490E-001  0.810498018932560E+002  0.687704224125171E+002
  0.238906454129490E-001  0.810410642447975E+002  0.716712491159275E+002
  0.238906454129490E-001  0.809828286849541E+002  0.687921004422269E+002
  0.238906454129490E-001  0.809807792544133E+002  0.716517123629043E+002
  0.238906454129490E-001  0.809554331359642E+002  0.716434181703738E+002
  0.238906454129490E-001  0.809471635249224E+002  0.688037798000276E+002
  0.238906454129490E-001  0.809306607651769E+002  0.716352646854322E+002
  0.238906454129490E-001  0.809302506762935E+002  0.688093520386178E+002
  0.238906454129490E-001  0.809300463194707E+002  0.688094195019841E+002
  0.238906454129490E-001  0.809266272755759E+002  0.688105486932229E+002
  0.238906454129490E-001  0.809158632927647E+002  0.688141095750364E+002
  0.238906454129490E-001  0.808980716774534E+002  0.716244662277763E+002
  0.238906454129490E-001  0.808915361320878E+002  0.688221907171300E+002
  0.238906454129490E-001  0.808901880449666E+002  0.716218414557808E+002
  0.238906454129490E-001  0.808839769570042E+002  0.716197700679153E+002
  0.238906454129490E-001  0.808743226848569E+002  0.716165442746716E+002
  0.238906454129490E-001  0.808451662010595E+002  0.716067565613989E+002
  0.238906454129490E-001  0.805623858092295E+002  0.715079684163610E+002
  0.238906454129490E-001  0.808155006420260E+002  0.688477549318785E+002
  0.238906454129490E-001  0.807827234300544E+002  0.715855584015983E+002
  0.238906454129490E-001  0.807819760182925E+002  0.715853026725804E+002
  0.238906454129490E-001  0.807760016059588E+002  0.715832567835997E+002
  0.238906454129490E-001  0.807737845856021E+002  0.715824968001817E+002
  0.238906454129490E-001  0.807642864637254E+002  0.715792360740568E+002
  0.238906454129490E-001  0.807200901747213E+002  0.715639591687692E+002
  0.238906454129490E-001  0.807177792960042E+002  0.688813257515511E+002
  0.238906454129490E-001  0.806606986090848E+002  0.715431516417540E+002
  0.238906454129490E-001  0.806426068846952E+002  0.689077334979694E+002
  0.238906454129490E-001  0.806243041196847E+002  0.689142438875215E+002
  0.238906454129490E-001  0.806203809216129E+002  0.715288377414622E+002
  0.238906454129490E-001  0.806166180662507E+002  0.689169875385909E+002
  0.238906454129490E-001  0.806105102102492E+002  0.689191719479721E+002
  0.238906454129490E-001  0.806006751615037E+002  0.715217842886974E+002
  0.238906454129490E-001  0.811540742109380E+002  0.690043717090292E+002
  0.238906454129490E-001  0.811324864275077E+002  0.690126676493126E+002
  0.238906454129490E-001  0.811324455747531E+002  0.690126834025025E+002
  0.238906454129490E-001  0.811263169141678E+002  0.690150489978463E+002
  0.238906454129490E-001  0.811196317581361E+002  0.690176346917035E+002
  0.238906454129490E-001  0.811111506626650E+002  0.690209230303749E+002
  0.238906454129490E-001  0.811088079088019E+002  0.690218329640644E+002
  0.238906454129490E-001  0.810750831615274E+002  0.690350090495436E+002
  0.238906454129490E-001  0.809955499610649E+002  0.690666770431025E+002
  0.238906454129490E-001  0.809632994125180E+002  0.690797684623887E+002
  0.238906454129490E-001  0.809038969433891E+002  0.691042827817418E+002
  0.238906454129490E-001  0.809026310687490E+002  0.691048110375739E+002
  0.238906454129490E-001  0.809012006596421E+002  0.691054082551509E+002
  0.238906454129490E-001  0.808788681196309E+002  0.691147741957460E+002
  0.238906454129490E-001  0.808688312250086E+002  0.691190094201205E+002
  0.238906454129490E-001  0.808200069095050E+002  0.691398479531210E+002
  0.238906454129490E-001  0.808134695841161E+002  0.691426686597618E+002
  0.238906454129490E-001  0.808060490369532E+002  0.691458794138105E+002
  0.238906454129490E-001  0.808008938027119E+002  0.691481156524717E+002
  0.238906454129490E-001  0.807890126348941E+002  0.691532872830326E+002
  0.238906454129490E-001  0.807800074031378E+002  0.691572238075142E+002
  0.238906454129490E-001  0.807778499611150E+002  0.691581690687535E+002
  0.238906454129490E-001  0.807768022199063E+002  0.691586284289415E+002
  0.238906454129490E-001  0.807478180202327E+002  0.691714155540031E+002
  0.238906454129490E-001  0.807343072304565E+002  0.691774296628444E+002
  0.238906454129490E-001  0.807334096512465E+002  0.691778304324473E+002
  0.238906454129490E-001  0.806891235639773E+002  0.691977988801454E+002
  0.238906454129490E-001  0.806768549741381E+002  0.692033999715158E+002
  0.238906454129490E-001  0.806731948903242E+002  0.692050769161726E+002
  0.238906454129490E-001  0.806705343538682E+002  0.692062976344478E+002
  0.238906454129490E-001  0.806536608190758E+002  0.692140740319788E+002
  0.238906454129490E-001  0.806474496111765E+002  0.692169516982704E+002
  0.238906454129490E-001  0.806411967460123E+002  0.692198570089968E+002
  0.238906454129490E-001  0.806361513499988E+002  0.692222074382415E+002
  0.238906454129490E-001  0.806238853751504E+002  0.692279447924694E+002
  0.238906454129490E-001  0.805961007166899E+002  0.692410650000553E+002
  0.238906454129490E-001  0.805923360055175E+002  0.692428562571746E+002
  0.238906454129490E-001  0.805914505486959E+002  0.692432780353981E+002
  0.238906454129490E-001  0.805766246548096E+002  0.692503673878374E+002
  0.238906454129490E-001  0.805365392314811E+002  0.692697993574815E+002
  0.238906454129490E-001  0.805271043138847E+002  0.692744309843510E+002
  0.238906454129490E-001  0.804977534734110E+002  0.692889863591672E+002
  0.238906454129490E-001  0.804817594871512E+002  0.692970143172146E+002
  0.238906454129490E-001  0.804787872136218E+002  0.692985138960245E+002
  0.238906454129490E-001  0.804631988268186E+002  0.693064187948980E+002
  0.238906454129490E-001  0.804597440548533E+002  0.693081799702050E+002
  0.238906454129490E-001  0.804304723518197E+002  0.693232405621918E+002
  0.238906454129490E-001  0.804279133603150E+002  0.693245691998845E+002
  0.238906454129490E-001  0.804077542175829E+002  0.693351054799068E+002
  0.238906454129490E-001  0.804074207991949E+002  0.693352807949093E+002
  0.238906454129490E-001  0.803678024810504E+002  0.693563651992100E+002
  0.238906454129490E-001  0.803613534180438E+002  0.693598460983550E+002
  0.238906454129490E-001  0.803461659436543E+002  0.693680996174409E+002
  0.238906454129490E-001  0.803419073904397E+002  0.693704282518959E+002
  0.238906454129490E-001  0.803332162063483E+002  0.693752005734016E+002
  0.238906454129490E-001  0.803222564720533E+002  0.693812571600076E+002
  0.238906454129490E-001  0.803084756221197E+002  0.693889352290761E+002
  0.238906454129490E-001  0.803042771260351E+002  0.693912885417509E+002
  0.238906454129490E-001  0.802997334206500E+002  0.693938428811850E+002
  0.238906454129490E-001  0.802889369343009E+002  0.693999441788825E+002
  0.238906454129490E-001  0.802835185061048E+002  0.694030233597971E+002
  0.238906454129490E-001  0.802763529918298E+002  0.694071132355701E+002
  0.238906454129490E-001  0.802750832288325E+002  0.694078401231810E+002
  0.238906454129490E-001  0.802655538964767E+002  0.694133161226082E+002
  0.238906454129490E-001  0.802639001380972E+002  0.694142702286915E+002
  0.238906454129490E-001  0.802615404148773E+002  0.694156335825272E+002
  0.238906454129490E-001  0.802580054995527E+002  0.694176802379909E+002
  0.238906454129490E-001  0.802381737836658E+002  0.694292604039453E+002
  0.238906454129490E-001  0.802324652020519E+002  0.694326252458019E+002
  0.238906454129490E-001  0.802214720891796E+002  0.694391457075900E+002
  0.238906454129490E-001  0.802210983274425E+002  0.694393683554776E+002
  0.238906454129490E-001  0.802170724578820E+002  0.694417705712331E+002
  0.238906454129490E-001  0.802135544904516E+002  0.694438757941801E+002
  0.238906454129490E-001  0.802095373204972E+002  0.694462867348593E+002
  0.238906454129490E-001  0.801925523212049E+002  0.694565643352103E+002
  0.238906454129490E-001  0.801874351895197E+002  0.694596878569757E+002
  0.238906454129490E-001  0.801848701420968E+002  0.694612583982739E+002
  0.238906454129490E-001  0.801840920965891E+002  0.694617354253475E+002
  0.238906454129490E-001  0.801763428646153E+002  0.694665029867527E+002
  0.238906454129490E-001  0.801740273377034E+002  0.694679334160059E+002
  0.238906454129490E-001  0.801532332259753E+002  0.694809027664595E+002
  0.238906454129490E-001  0.801495105780603E+002  0.694832486143933E+002
  0.238906454129490E-001  0.801385549740659E+002  0.694901959650822E+002
  0.238906454129490E-001  0.801259921390384E+002  0.694982445685601E+002
  0.238906454129490E-001  0.801234392679274E+002  0.694998910741235E+002
  0.238906454129490E-001  0.801126268006484E+002  0.695069067243215E+002
  0.238906454129490E-001  0.800916171077898E+002  0.695207394189053E+002
  0.238906454129490E-001  0.800905703506672E+002  0.695214357399131E+002
  0.238906454129490E-001  0.800903752507679E+002  0.695215656002612E+002
  0.238906454129490E-001  0.800866335336865E+002  0.695240607963798E+002
  0.238906454129490E-001  0.800804895253147E+002  0.695281774387972E+002
  0.238906454129490E-001  0.800671691882219E+002  0.695371873532494E+002
  0.238906454129490E-001  0.800552534512233E+002  0.695453488103956E+002
  0.238906454129490E-001  0.800535466243147E+002  0.695465259403293E+002
  0.238906454129490E-001  0.800535264975443E+002  0.695465398331873E+002
  0.238906454129490E-001  0.800421827745621E+002  0.695544160221127E+002
  0.238906454129490E-001  0.800381230757445E+002  0.695572574241028E+002
  0.238906454129490E-001  0.800267195090422E+002  0.695653045754967E+002
  0.238906454129490E-001  0.800213905618592E+002  0.695690990424569E+002
  0.238906454129490E-001  0.800067130065185E+002  0.695796660064748E+002
  0.238906454129490E-001  0.799891655541775E+002  0.695925318002670E+002
  0.238906454129490E-001  0.799790335835179E+002  0.696000817118574E+002
  0.238906454129490E-001  0.799769228015726E+002  0.696016661372333E+002
  0.238906454129490E-001  0.799751701679118E+002  0.696029848046928E+002
  0.238906454129490E-001  0.799717210563654E+002  0.696055881236021E+002
  0.238906454129490E-001  0.799690649264092E+002  0.696076004313821E+002
  0.238906454129490E-001  0.799674514713118E+002  0.696088260222802E+002
  0.238906454129490E-001  0.799582009847664E+002  0.696159005667099E+002
  0.238906454129490E-001  0.799518186222003E+002  0.696208301547134E+002
  0.238906454129490E-001  0.799461129697207E+002  0.696252715283355E+002
  0.238906454129490E-001  0.799453590926448E+002  0.696258608324758E+002
  0.238906454129490E-001  0.799359365746831E+002  0.696332761346369E+002
  0.238906454129490E-001  0.799313020137100E+002  0.696369578943961E+002
  0.238906454129490E-001  0.799299703180599E+002  0.696380201032928E+002
  0.238906454129490E-001  0.799295711719425E+002  0.696383388531390E+002
  0.238906454129490E-001  0.799179210253261E+002  0.696477203244332E+002
  0.238906454129490E-001  0.799062907010567E+002  0.696572411883582E+002
  0.238906454129490E-001  0.799008775018550E+002  0.696617277137602E+002
  0.238906454129490E-001  0.798973604735024E+002  0.696646620163802E+002
  0.238906454129490E-001  0.798917540628768E+002  0.696693717164561E+002
  0.238906454129490E-001  0.798740610263469E+002  0.696845052929667E+002
  0.238906454129490E-001  0.798716900657742E+002  0.696865657568104E+002
  0.238906454129490E-001  0.798714303127214E+002  0.696867919749826E+002
  0.238906454129490E-001  0.798693887842758E+002  0.696885732746634E+002
  0.238906454129490E-001  0.798673965522985E+002  0.696903173124248E+002
  0.238906454129490E-001  0.798589878424991E+002  0.696977423469801E+002
  0.238906454129490E-001  0.798565227423619E+002  0.696999390801525E+002
  0.238906454129490E-001  0.798445288352970E+002  0.697107618595315E+002
  0.238906454129490E-001  0.798392455596218E+002  0.697156026028578E+002
  0.238906454129490E-001  0.798362487622321E+002  0.697183690560292E+002
  0.238906454129490E-001  0.798341954794478E+002  0.697202733181553E+002
  0.238906454129490E-001  0.798333655111006E+002  0.697210451034147E+002
  0.238906454129490E-001  0.798196293821434E+002  0.697339954372811E+002
  0.238906454129490E-001  0.798190856902851E+002  0.697345151010328E+002
  0.238906454129490E-001  0.798189859603871E+002  0.697346104835422E+002
  0.238906454129490E-001  0.798179441982986E+002  0.697356079511501E+002
  0.238906454129490E-001  0.798171530532478E+002  0.697363668257109E+002
  0.238906454129490E-001  0.798129902711176E+002  0.697403794975621E+002
  0.238906454129490E-001  0.798065630193690E+002  0.697466414666724E+002
  0.238906454129490E-001  0.798042780516380E+002  0.697488876341561E+002
  0.238906454129490E-001  0.798029476815223E+002  0.697502003367653E+002
  0.238906454129490E-001  0.798003426965044E+002  0.697527813574706E+002
  0.238906454129490E-001  0.797962743690059E+002  0.697568408913477E+002
  0.238906454129490E-001  0.797940785839592E+002  0.697590467134976E+002
  0.238906454129490E-001  0.801386877550223E+002  0.699205677293243E+002
  0.238906454129490E-001  0.801384834700196E+002  0.699208837416899E+002
  0.238906454129490E-001  0.801341199071172E+002  0.699277147811593E+002
  0.238906454129490E-001  0.801284166823956E+002  0.699368894615438E+002
  0.238906454129490E-001  0.801239602553958E+002  0.699442691140211E+002
  0.238906454129490E-001  0.801238299759930E+002  0.699444878008813E+002
  0.238906454129490E-001  0.801172311541006E+002  0.699557992658414E+002
  0.238906454129490E-001  0.801157399431383E+002  0.699584226209526E+002
  0.238906454129490E-001  0.801109852791586E+002  0.699669670327583E+002
  0.238906454129490E-001  0.801080747143861E+002  0.699723416037928E+002
  0.238906454129490E-001  0.801015861548716E+002  0.699847606375036E+002
  0.238906454129490E-001  0.800994303023289E+002  0.699890332434325E+002
  0.238906454129490E-001  0.800992136885597E+002  0.699894668781649E+002
  0.238906454129490E-001  0.800930447615276E+002  0.700021747113130E+002
  0.238906454129490E-001  0.800895492142081E+002  0.700097124473434E+002
  0.238906454129490E-001  0.800891352344838E+002  0.700106229267819E+002
  0.238906454129490E-001  0.800891180356786E+002  0.700106608374571E+002
  0.238906454129490E-001  0.800884550069354E+002  0.700121275412540E+002
  0.238906454129490E-001  0.800880988975234E+002  0.700129195426866E+002
  0.238906454129490E-001  0.800846754152948E+002  0.700206922175592E+002
  0.238906454129490E-001  0.800844371530597E+002  0.700212443553049E+002
  0.238906454129490E-001  0.800839458216082E+002  0.700223877598885E+002
  0.238906454129490E-001  0.800824053591072E+002  0.700260158420124E+002
  0.238906454129490E-001  0.800820014551416E+002  0.700269782670818E+002
  0.238906454129490E-001  0.800815709954309E+002  0.700280092187631E+002
  0.238906454129490E-001  0.800814984278606E+002  0.700281835577003E+002
  0.238906454129490E-001  0.800813728524793E+002  0.700284856151046E+002
  0.238906454129490E-001  0.800811651624560E+002  0.700289862261431E+002
  0.238906454129490E-001  0.800809093814088E+002  0.700296045423136E+002
  0.238906454129490E-001  0.800792983646018E+002  0.700335455207106E+002
  0.238906454129490E-001  0.800791044541157E+002  0.700340254415521E+002
  0.238906454129490E-001  0.800782386314108E+002  0.700361834219227E+002
  0.238906454129490E-001  0.800779494193592E+002  0.700369098537342E+002
  0.238906454129490E-001  0.800776890402044E+002  0.700375663085245E+002
  0.238906454129490E-001  0.800760477853522E+002  0.700417591079095E+002
  0.238906454129490E-001  0.800758526494870E+002  0.700422641047793E+002
  0.238906454129490E-001  0.800747783880230E+002  0.700450699847942E+002
