  0.344687597340443E-001  0.899715926608047E+002  0.670445614288913E+002
  0.344687597340443E-001  0.876666691884325E+002  0.674031053080037E+002
  0.344687597340443E-001  0.871998535075242E+002  0.729630545379202E+002
  0.344687597340443E-001  0.871175096590822E+002  0.674954757219931E+002
  0.344687597340443E-001  0.870726790740240E+002  0.729413264465866E+002
  0.344687597340443E-001  0.870491939935424E+002  0.675071864156265E+002
  0.344687597340443E-001  0.807585968458287E+002  0.689961049079762E+002
  0.344687597340443E-001  0.865286443675429E+002  0.675981349340036E+002
  0.344687597340443E-001  0.858165533520046E+002  0.677279140963275E+002
  0.344687597340443E-001  0.858041184012415E+002  0.677302404179311E+002
  0.344687597340443E-001  0.857933158399905E+002  0.727122182355725E+002
  0.344687597340443E-001  0.846095552727477E+002  0.679648681097851E+002
  0.344687597340443E-001  0.845867898828344E+002  0.679695768146346E+002
  0.344687597340443E-001  0.845640044241125E+002  0.679742995466668E+002
  0.344687597340443E-001  0.845243057494493E+002  0.679825516636752E+002
  0.344687597340443E-001  0.843754007141985E+002  0.724307022533012E+002
  0.344687597340443E-001  0.842976517293016E+002  0.724142204427898E+002
  0.344687597340443E-001  0.842962208321185E+002  0.724139159489693E+002
  0.344687597340443E-001  0.840320449926917E+002  0.723569554412335E+002
  0.344687597340443E-001  0.838686562058960E+002  0.681235287409114E+002
  0.344687597340443E-001  0.838506585830321E+002  0.723169489890370E+002
  0.344687597340443E-001  0.838491501307117E+002  0.681278682711747E+002
  0.344687597340443E-001  0.838276135320332E+002  0.723118113514480E+002
  0.344687597340443E-001  0.837412114492500E+002  0.722924354555103E+002
  0.344687597340443E-001  0.836208962250919E+002  0.722651483492045E+002
  0.344687597340443E-001  0.836177222565385E+002  0.681800577857578E+002
  0.344687597340443E-001  0.835914121707692E+002  0.681860756781885E+002
  0.344687597340443E-001  0.835218462531062E+002  0.722424075358530E+002
  0.344687597340443E-001  0.834372174706895E+002  0.682217084574024E+002
  0.344687597340443E-001  0.834134980162819E+002  0.722172350978863E+002
  0.344687597340443E-001  0.834027682370057E+002  0.682297564003113E+002
  0.344687597340443E-001  0.833523952519784E+002  0.722028980762361E+002
  0.344687597340443E-001  0.833127817890956E+002  0.721935475463007E+002
  0.344687597340443E-001  0.833055799645872E+002  0.721918428282844E+002
  0.344687597340443E-001  0.832188042595257E+002  0.721711852433197E+002
  0.344687597340443E-001  0.832057405114109E+002  0.682764250227888E+002
  0.344687597340443E-001  0.831831648699971E+002  0.721626373196240E+002
  0.344687597340443E-001  0.831666181059493E+002  0.682858255156286E+002
  0.344687597340443E-001  0.831322915036786E+002  0.682941114013324E+002
  0.344687597340443E-001  0.831269276713506E+002  0.721490719906018E+002
  0.344687597340443E-001  0.830141854501257E+002  0.721215849415722E+002
  0.344687597340443E-001  0.829358986253135E+002  0.683422194853922E+002
  0.344687597340443E-001  0.829216933736049E+002  0.720987343414382E+002
  0.344687597340443E-001  0.828904862701363E+002  0.720909614393210E+002
  0.344687597340443E-001  0.828095806896805E+002  0.720706576898913E+002
  0.344687597340443E-001  0.827757230253805E+002  0.720620944003749E+002
  0.344687597340443E-001  0.827459165118593E+002  0.683899587483858E+002
  0.344687597340443E-001  0.826612834955590E+002  0.720328505557514E+002
  0.344687597340443E-001  0.826603939713625E+002  0.720326213968168E+002
  0.344687597340443E-001  0.826426543408738E+002  0.684164361069353E+002
  0.344687597340443E-001  0.826322048510589E+002  0.684191371137861E+002
  0.344687597340443E-001  0.825542479000079E+002  0.720050646214790E+002
  0.344687597340443E-001  0.825523920255544E+002  0.720045790247924E+002
  0.344687597340443E-001  0.825306505267801E+002  0.719988803930394E+002
  0.344687597340443E-001  0.825239385180824E+002  0.684473639307333E+002
  0.344687597340443E-001  0.825096032705507E+002  0.684511350915681E+002
  0.344687597340443E-001  0.824439791082818E+002  0.719759790415705E+002
  0.344687597340443E-001  0.824437917201514E+002  0.719759292036542E+002
  0.344687597340443E-001  0.824338590209551E+002  0.684711958893201E+002
  0.344687597340443E-001  0.823010973583899E+002  0.719375577512759E+002
  0.344687597340443E-001  0.822787972459994E+002  0.719314832764152E+002
  0.344687597340443E-001  0.822391292426274E+002  0.685238572016685E+002
  0.344687597340443E-001  0.822082911654988E+002  0.719121340117401E+002
  0.344687597340443E-001  0.821857126127055E+002  0.685385906704665E+002
  0.344687597340443E-001  0.821698860362359E+002  0.719015005445105E+002
  0.344687597340443E-001  0.807649717635585E+002  0.689936822973219E+002
  0.344687597340443E-001  0.821515411620273E+002  0.685480839034680E+002
  0.344687597340443E-001  0.821413578289086E+002  0.685509233827787E+002
  0.344687597340443E-001  0.821033236954535E+002  0.718829097571329E+002
  0.344687597340443E-001  0.821004598386294E+002  0.685623761399858E+002
  0.344687597340443E-001  0.820893470121078E+002  0.685655017688802E+002
  0.344687597340443E-001  0.820200155470747E+002  0.685851369065496E+002
  0.344687597340443E-001  0.819858244386110E+002  0.685949072829016E+002
  0.344687597340443E-001  0.807745364679043E+002  0.714544249219927E+002
  0.344687597340443E-001  0.807832295513284E+002  0.689867702167233E+002
  0.344687597340443E-001  0.819507206141795E+002  0.718394814680463E+002
  0.344687597340443E-001  0.819096171305754E+002  0.718275832782698E+002
  0.344687597340443E-001  0.819012938798267E+002  0.686193181515929E+002
  0.344687597340443E-001  0.818952810070323E+002  0.718234126167342E+002
  0.344687597340443E-001  0.818938798663834E+002  0.718230044143331E+002
  0.344687597340443E-001  0.808097645209170E+002  0.714676884257947E+002
  0.344687597340443E-001  0.818622488857865E+002  0.718137613173762E+002
  0.344687597340443E-001  0.818597246898919E+002  0.686314599614696E+002
  0.344687597340443E-001  0.818441021165803E+002  0.686360471363930E+002
  0.344687597340443E-001  0.817988634470262E+002  0.686494057908373E+002
  0.344687597340443E-001  0.817917791652006E+002  0.686515080171087E+002
  0.344687597340443E-001  0.817859110915313E+002  0.717912298806702E+002
  0.344687597340443E-001  0.817817092599445E+002  0.717899802890810E+002
  0.344687597340443E-001  0.817728472284983E+002  0.717873415197128E+002
  0.344687597340443E-001  0.817464407026914E+002  0.717794521674547E+002
  0.344687597340443E-001  0.817398689824601E+002  0.717774825465739E+002
  0.344687597340443E-001  0.808506450208899E+002  0.689615761702876E+002
  0.344687597340443E-001  0.817125492305046E+002  0.686752137342580E+002
  0.344687597340443E-001  0.816894748300520E+002  0.717622951147651E+002
  0.344687597340443E-001  0.816883735191035E+002  0.717619615368032E+002
  0.344687597340443E-001  0.816860303559229E+002  0.686832297815077E+002
  0.344687597340443E-001  0.816578419113599E+002  0.717526848182000E+002
  0.344687597340443E-001  0.816384546112041E+002  0.717467648817456E+002
  0.344687597340443E-001  0.816333383133078E+002  0.717451987760955E+002
  0.344687597340443E-001  0.808768632058629E+002  0.714925683222698E+002
  0.344687597340443E-001  0.816106623463062E+002  0.687062431963748E+002
  0.344687597340443E-001  0.816053192130665E+002  0.717365933698540E+002
  0.344687597340443E-001  0.815685016138110E+002  0.687192705475302E+002
  0.344687597340443E-001  0.815625376856239E+002  0.717233588688213E+002
  0.344687597340443E-001  0.815624747962520E+002  0.717233393280534E+002
  0.344687597340443E-001  0.808962989707810E+002  0.714996845131847E+002
  0.344687597340443E-001  0.815352858863127E+002  0.717148673216633E+002
  0.344687597340443E-001  0.815234217248903E+002  0.687333259858171E+002
  0.344687597340443E-001  0.815171288451744E+002  0.687352986076394E+002
  0.344687597340443E-001  0.815110733924167E+002  0.717072820756713E+002
  0.344687597340443E-001  0.815092267078077E+002  0.687377793941501E+002
  0.344687597340443E-001  0.814284044629140E+002  0.716810865228822E+002
  0.344687597340443E-001  0.814086806027915E+002  0.687697145910695E+002
  0.344687597340443E-001  0.814064768371948E+002  0.687704224125171E+002
  0.344687597340443E-001  0.813977391887362E+002  0.716712491159275E+002
  0.344687597340443E-001  0.813395036288928E+002  0.687921004422269E+002
  0.344687597340443E-001  0.813374541983520E+002  0.716517123629043E+002
  0.344687597340443E-001  0.813121080799029E+002  0.716434181703738E+002
  0.344687597340443E-001  0.813038384688611E+002  0.688037798000276E+002
  0.344687597340443E-001  0.812873357091156E+002  0.716352646854322E+002
  0.344687597340443E-001  0.812869256202322E+002  0.688093520386178E+002
  0.344687597340443E-001  0.812867212634095E+002  0.688094195019841E+002
  0.344687597340443E-001  0.812833022195146E+002  0.688105486932229E+002
  0.344687597340443E-001  0.812725382367034E+002  0.688141095750364E+002
  0.344687597340443E-001  0.812547466213921E+002  0.716244662277763E+002
  0.344687597340443E-001  0.812482110760266E+002  0.688221907171300E+002
  0.344687597340443E-001  0.812468629889053E+002  0.716218414557808E+002
  0.344687597340443E-001  0.812406519009429E+002  0.716197700679153E+002
  0.344687597340443E-001  0.812309976287956E+002  0.716165442746716E+002
  0.344687597340443E-001  0.812018411449983E+002  0.716067565613989E+002
  0.344687597340443E-001  0.809190607531683E+002  0.715079684163610E+002
  0.344687597340443E-001  0.811721755859647E+002  0.688477549318785E+002
  0.344687597340443E-001  0.811393983739932E+002  0.715855584015983E+002
  0.344687597340443E-001  0.811386509622312E+002  0.715853026725804E+002
  0.344687597340443E-001  0.811326765498975E+002  0.715832567835997E+002
  0.344687597340443E-001  0.811304595295408E+002  0.715824968001817E+002
  0.344687597340443E-001  0.811209614076641E+002  0.715792360740568E+002
  0.344687597340443E-001  0.810767651186600E+002  0.715639591687692E+002
  0.344687597340443E-001  0.810744542399429E+002  0.688813257515511E+002
  0.344687597340443E-001  0.810173735530236E+002  0.715431516417540E+002
  0.344687597340443E-001  0.809992818286339E+002  0.689077334979694E+002
  0.344687597340443E-001  0.809809790636234E+002  0.689142438875215E+002
  0.344687597340443E-001  0.809770558655516E+002  0.715288377414622E+002
  0.344687597340443E-001  0.809732930101895E+002  0.689169875385909E+002
  0.344687597340443E-001  0.809671851541879E+002  0.689191719479721E+002
  0.344687597340443E-001  0.809573501054424E+002  0.715217842886974E+002
  0.344687597340443E-001  0.815107491548767E+002  0.690043717090292E+002
  0.344687597340443E-001  0.814891613714464E+002  0.690126676493126E+002
  0.344687597340443E-001  0.814891205186919E+002  0.690126834025025E+002
  0.344687597340443E-001  0.814829918581065E+002  0.690150489978463E+002
  0.344687597340443E-001  0.814763067020748E+002  0.690176346917035E+002
  0.344687597340443E-001  0.814678256066037E+002  0.690209230303749E+002
  0.344687597340443E-001  0.814654828527406E+002  0.690218329640644E+002
  0.344687597340443E-001  0.814317581054661E+002  0.690350090495436E+002
  0.344687597340443E-001  0.813522249050036E+002  0.690666770431025E+002
  0.344687597340443E-001  0.813199743564567E+002  0.690797684623887E+002
  0.344687597340443E-001  0.812605718873278E+002  0.691042827817418E+002
  0.344687597340443E-001  0.812593060126877E+002  0.691048110375739E+002
  0.344687597340443E-001  0.812578756035809E+002  0.691054082551509E+002
  0.344687597340443E-001  0.812355430635697E+002  0.691147741957460E+002
  0.344687597340443E-001  0.812255061689473E+002  0.691190094201205E+002
  0.344687597340443E-001  0.811766818534437E+002  0.691398479531210E+002
  0.344687597340443E-001  0.811701445280548E+002  0.691426686597618E+002
  0.344687597340443E-001  0.811627239808920E+002  0.691458794138105E+002
  0.344687597340443E-001  0.811575687466506E+002  0.691481156524717E+002
  0.344687597340443E-001  0.811456875788328E+002  0.691532872830326E+002
  0.344687597340443E-001  0.811366823470765E+002  0.691572238075142E+002
  0.344687597340443E-001  0.811345249050537E+002  0.691581690687535E+002
  0.344687597340443E-001  0.811334771638450E+002  0.691586284289415E+002
  0.344687597340443E-001  0.811044929641714E+002  0.691714155540031E+002
  0.344687597340443E-001  0.810909821743952E+002  0.691774296628444E+002
  0.344687597340443E-001  0.810900845951852E+002  0.691778304324473E+002
  0.344687597340443E-001  0.810457985079161E+002  0.691977988801454E+002
  0.344687597340443E-001  0.810335299180768E+002  0.692033999715158E+002
  0.344687597340443E-001  0.810298698342629E+002  0.692050769161726E+002
  0.344687597340443E-001  0.810272092978069E+002  0.692062976344478E+002
  0.344687597340443E-001  0.810103357630145E+002  0.692140740319788E+002
  0.344687597340443E-001  0.810041245551153E+002  0.692169516982704E+002
  0.344687597340443E-001  0.809978716899510E+002  0.692198570089968E+002
  0.344687597340443E-001  0.809928262939376E+002  0.692222074382415E+002
  0.344687597340443E-001  0.809805603190891E+002  0.692279447924694E+002
  0.344687597340443E-001  0.809527756606286E+002  0.692410650000553E+002
  0.344687597340443E-001  0.809490109494563E+002  0.692428562571746E+002
  0.344687597340443E-001  0.809481254926346E+002  0.692432780353981E+002
  0.344687597340443E-001  0.809332995987484E+002  0.692503673878374E+002
  0.344687597340443E-001  0.808932141754199E+002  0.692697993574815E+002
  0.344687597340443E-001  0.808837792578234E+002  0.692744309843510E+002
  0.344687597340443E-001  0.808544284173497E+002  0.692889863591672E+002
  0.344687597340443E-001  0.808384344310899E+002  0.692970143172146E+002
  0.344687597340443E-001  0.808354621575605E+002  0.692985138960245E+002
  0.344687597340443E-001  0.808198737707573E+002  0.693064187948980E+002
  0.344687597340443E-001  0.808164189987920E+002  0.693081799702050E+002
  0.344687597340443E-001  0.807871472957585E+002  0.693232405621918E+002
  0.344687597340443E-001  0.807845883042537E+002  0.693245691998845E+002
  0.344687597340443E-001  0.807644291615217E+002  0.693351054799068E+002
  0.344687597340443E-001  0.807640957431336E+002  0.693352807949093E+002
  0.344687597340443E-001  0.807244774249891E+002  0.693563651992100E+002
  0.344687597340443E-001  0.807180283619826E+002  0.693598460983550E+002
  0.344687597340443E-001  0.807028408875931E+002  0.693680996174409E+002
  0.344687597340443E-001  0.806985823343785E+002  0.693704282518959E+002
  0.344687597340443E-001  0.806898911502871E+002  0.693752005734016E+002
  0.344687597340443E-001  0.806789314159921E+002  0.693812571600076E+002
  0.344687597340443E-001  0.806651505660584E+002  0.693889352290761E+002
  0.344687597340443E-001  0.806609520699738E+002  0.693912885417509E+002
  0.344687597340443E-001  0.806564083645888E+002  0.693938428811850E+002
  0.344687597340443E-001  0.806456118782396E+002  0.693999441788825E+002
  0.344687597340443E-001  0.806401934500435E+002  0.694030233597971E+002
  0.344687597340443E-001  0.806330279357686E+002  0.694071132355701E+002
  0.344687597340443E-001  0.806317581727712E+002  0.694078401231810E+002
  0.344687597340443E-001  0.806222288404154E+002  0.694133161226082E+002
  0.344687597340443E-001  0.806205750820359E+002  0.694142702286915E+002
  0.344687597340443E-001  0.806182153588160E+002  0.694156335825272E+002
  0.344687597340443E-001  0.806146804434914E+002  0.694176802379909E+002
  0.344687597340443E-001  0.805948487276046E+002  0.694292604039453E+002
  0.344687597340443E-001  0.805891401459907E+002  0.694326252458019E+002
  0.344687597340443E-001  0.805781470331184E+002  0.694391457075900E+002
  0.344687597340443E-001  0.805777732713812E+002  0.694393683554776E+002
  0.344687597340443E-001  0.805737474018208E+002  0.694417705712331E+002
  0.344687597340443E-001  0.805702294343904E+002  0.694438757941801E+002
  0.344687597340443E-001  0.805662122644359E+002  0.694462867348593E+002
  0.344687597340443E-001  0.805492272651436E+002  0.694565643352103E+002
  0.344687597340443E-001  0.805441101334584E+002  0.694596878569757E+002
  0.344687597340443E-001  0.805415450860355E+002  0.694612583982739E+002
  0.344687597340443E-001  0.805407670405278E+002  0.694617354253475E+002
  0.344687597340443E-001  0.805330178085540E+002  0.694665029867527E+002
  0.344687597340443E-001  0.805307022816422E+002  0.694679334160059E+002
  0.344687597340443E-001  0.805099081699141E+002  0.694809027664595E+002
  0.344687597340443E-001  0.805061855219990E+002  0.694832486143933E+002
  0.344687597340443E-001  0.804952299180046E+002  0.694901959650822E+002
  0.344687597340443E-001  0.804826670829771E+002  0.694982445685601E+002
  0.344687597340443E-001  0.804801142118661E+002  0.694998910741235E+002
  0.344687597340443E-001  0.804693017445871E+002  0.695069067243215E+002
  0.344687597340443E-001  0.804482920517285E+002  0.695207394189053E+002
  0.344687597340443E-001  0.804472452946059E+002  0.695214357399131E+002
  0.344687597340443E-001  0.804470501947066E+002  0.695215656002612E+002
  0.344687597340443E-001  0.804433084776252E+002  0.695240607963798E+002
  0.344687597340443E-001  0.804371644692535E+002  0.695281774387972E+002
  0.344687597340443E-001  0.804238441321606E+002  0.695371873532494E+002
  0.344687597340443E-001  0.804119283951620E+002  0.695453488103956E+002
  0.344687597340443E-001  0.804102215682534E+002  0.695465259403293E+002
  0.344687597340443E-001  0.804102014414830E+002  0.695465398331873E+002
  0.344687597340443E-001  0.803988577185008E+002  0.695544160221127E+002
  0.344687597340443E-001  0.803947980196832E+002  0.695572574241028E+002
  0.344687597340443E-001  0.803833944529809E+002  0.695653045754967E+002
  0.344687597340443E-001  0.803780655057980E+002  0.695690990424569E+002
  0.344687597340443E-001  0.803633879504572E+002  0.695796660064748E+002
  0.344687597340443E-001  0.803458404981162E+002  0.695925318002670E+002
  0.344687597340443E-001  0.803357085274567E+002  0.696000817118574E+002
  0.344687597340443E-001  0.803335977455113E+002  0.696016661372333E+002
  0.344687597340443E-001  0.803318451118505E+002  0.696029848046928E+002
  0.344687597340443E-001  0.803283960003041E+002  0.696055881236021E+002
  0.344687597340443E-001  0.803257398703479E+002  0.696076004313821E+002
  0.344687597340443E-001  0.803241264152505E+002  0.696088260222802E+002
  0.344687597340443E-001  0.803148759287052E+002  0.696159005667099E+002
  0.344687597340443E-001  0.803084935661390E+002  0.696208301547134E+002
  0.344687597340443E-001  0.803027879136594E+002  0.696252715283355E+002
  0.344687597340443E-001  0.803020340365835E+002  0.696258608324758E+002
  0.344687597340443E-001  0.802926115186218E+002  0.696332761346369E+002
  0.344687597340443E-001  0.802879769576487E+002  0.696369578943961E+002
  0.344687597340443E-001  0.802866452619986E+002  0.696380201032928E+002
  0.344687597340443E-001  0.802862461158813E+002  0.696383388531390E+002
  0.344687597340443E-001  0.802745959692648E+002  0.696477203244332E+002
  0.344687597340443E-001  0.802629656449955E+002  0.696572411883582E+002
  0.344687597340443E-001  0.802575524457937E+002  0.696617277137602E+002
  0.344687597340443E-001  0.802540354174412E+002  0.696646620163802E+002
  0.344687597340443E-001  0.802484290068156E+002  0.696693717164561E+002
  0.344687597340443E-001  0.802307359702856E+002  0.696845052929667E+002
  0.344687597340443E-001  0.802283650097129E+002  0.696865657568104E+002
  0.344687597340443E-001  0.802281052566602E+002  0.696867919749826E+002
  0.344687597340443E-001  0.802260637282145E+002  0.696885732746634E+002
  0.344687597340443E-001  0.802240714962372E+002  0.696903173124248E+002
  0.344687597340443E-001  0.802156627864379E+002  0.696977423469801E+002
  0.344687597340443E-001  0.802131976863006E+002  0.696999390801525E+002
  0.344687597340443E-001  0.802012037792357E+002  0.697107618595315E+002
  0.344687597340443E-001  0.801959205035606E+002  0.697156026028578E+002
  0.344687597340443E-001  0.801929237061708E+002  0.697183690560292E+002
  0.344687597340443E-001  0.801908704233866E+002  0.697202733181553E+002
  0.344687597340443E-001  0.801900404550394E+002  0.697210451034147E+002
  0.344687597340443E-001  0.801763043260821E+002  0.697339954372811E+002
  0.344687597340443E-001  0.801757606342239E+002  0.697345151010328E+002
  0.344687597340443E-001  0.801756609043258E+002  0.697346104835422E+002
  0.344687597340443E-001  0.801746191422373E+002  0.697356079511501E+002
  0.344687597340443E-001  0.801738279971865E+002  0.697363668257109E+002
  0.344687597340443E-001  0.801696652150564E+002  0.697403794975621E+002
  0.344687597340443E-001  0.801632379633077E+002  0.697466414666724E+002
  0.344687597340443E-001  0.801609529955767E+002  0.697488876341561E+002
  0.344687597340443E-001  0.801596226254610E+002  0.697502003367653E+002
  0.344687597340443E-001  0.801570176404431E+002  0.697527813574706E+002
  0.344687597340443E-001  0.801529493129446E+002  0.697568408913477E+002
  0.344687597340443E-001  0.801507535278979E+002  0.697590467134976E+002
  0.344687597340443E-001  0.804953626989610E+002  0.699205677293243E+002
  0.344687597340443E-001  0.804951584139583E+002  0.699208837416899E+002
  0.344687597340443E-001  0.804907948510560E+002  0.699277147811593E+002
  0.344687597340443E-001  0.804850916263343E+002  0.699368894615438E+002
  0.344687597340443E-001  0.804806351993345E+002  0.699442691140211E+002
  0.344687597340443E-001  0.804805049199317E+002  0.699444878008813E+002
  0.344687597340443E-001  0.804739060980394E+002  0.699557992658414E+002
  0.344687597340443E-001  0.804724148870770E+002  0.699584226209526E+002
  0.344687597340443E-001  0.804676602230973E+002  0.699669670327583E+002
  0.344687597340443E-001  0.804647496583249E+002  0.699723416037928E+002
  0.344687597340443E-001  0.804582610988103E+002  0.699847606375036E+002
  0.344687597340443E-001  0.804561052462676E+002  0.699890332434325E+002
  0.344687597340443E-001  0.804558886324985E+002  0.699894668781649E+002
  0.344687597340443E-001  0.804497197054664E+002  0.700021747113130E+002
  0.344687597340443E-001  0.804462241581469E+002  0.700097124473434E+002
  0.344687597340443E-001  0.804458101784226E+002  0.700106229267819E+002
  0.344687597340443E-001  0.804457929796174E+002  0.700106608374571E+002
  0.344687597340443E-001  0.804451299508742E+002  0.700121275412540E+002
  0.344687597340443E-001  0.804447738414621E+002  0.700129195426866E+002
  0.344687597340443E-001  0.804413503592336E+002  0.700206922175592E+002
  0.344687597340443E-001  0.804411120969984E+002  0.700212443553049E+002
  0.344687597340443E-001  0.804406207655469E+002  0.700223877598885E+002
  0.344687597340443E-001  0.804390803030460E+002  0.700260158420124E+002
  0.344687597340443E-001  0.804386763990804E+002  0.700269782670818E+002
  0.344687597340443E-001  0.804382459393697E+002  0.700280092187631E+002
  0.344687597340443E-001  0.804381733717994E+002  0.700281835577003E+002
  0.344687597340443E-001  0.804380477964181E+002  0.700284856151046E+002
  0.344687597340443E-001  0.804378401063948E+002  0.700289862261431E+002
  0.344687597340443E-001  0.804375843253475E+002  0.700296045423136E+002
  0.344687597340443E-001  0.804359733085406E+002  0.700335455207106E+002
  0.344687597340443E-001  0.804357793980544E+002  0.700340254415521E+002
  0.344687597340443E-001  0.804349135753496E+002  0.700361834219227E+002
  0.344687597340443E-001  0.804346243632980E+002  0.700369098537342E+002
  0.344687597340443E-001  0.804343639841431E+002  0.700375663085245E+002
  0.344687597340443E-001  0.804327227292910E+002  0.700417591079095E+002
  0.344687597340443E-001  0.804325275934257E+002  0.700422641047793E+002
  0.344687597340443E-001  0.804314533319617E+002  0.700450699847942E+002
  0.344687597340443E-001  0.825052339695324E+002  0.700797743683885E+002
  0.344687597340443E-001  0.825052297649684E+002  0.700797881343393E+002
  0.344687597340443E-001  0.825049840632613E+002  0.700805948972642E+002
