  0.179798296099299E-025  0.199846877390683E+003  0.600607346292869E+002
  0.993253716321181E-025  0.196421920828665E+003  0.602191774420285E+002
  0.145365067993174E-023  0.191048400571841E+003  0.799715302873673E+002
  0.163593657422047E-023  0.190805470259640E+003  0.604845801162412E+002
  0.266908675742062E-023  0.189819772865716E+003  0.799125728063065E+002
  0.290064805479970E-023  0.189646721678101E+003  0.605402415033681E+002
  0.346023881630157E-023  0.189287259238834E+003  0.798869076451321E+002
  0.360453719269165E-023  0.189198892109700E+003  0.605618392686589E+002
  0.367727765804326E-023  0.189152277872779E+003  0.605640901387724E+002
  0.441423911288270E-023  0.188780296760077E+003  0.605820708888239E+002
  0.104854276708109E-022  0.187043339230883E+003  0.606664794397058E+002
  0.192668087691508E-022  0.185819888830299E+003  0.797180972083874E+002
  0.385123503375855E-022  0.184428043019519E+003  0.607949969635284E+002
  0.430239312619108E-022  0.184199832391304E+003  0.796381867459128E+002
  0.791197589551189E-022  0.182974764533359E+003  0.795773061500627E+002
  0.180166630582304E-021  0.181322269938391E+003  0.794945510447047E+002
  0.220279741861838E-021  0.180913582069402E+003  0.794739702346701E+002
  0.251140340826207E-021  0.180644699254923E+003  0.609840765950098E+002
  0.623462863756932E-021  0.178819489089268E+003  0.610766926105939E+002
  0.636909494089110E-021  0.178770156785935E+003  0.610792088840471E+002
  0.952468007605386E-021  0.177958643296478E+003  0.611207012795149E+002
  0.968031997223929E-021  0.177919570470107E+003  0.793217775197569E+002
  0.132033103447289E-020  0.177292169637687E+003  0.792895615134019E+002
  0.170059274702093E-020  0.176779325305184E+003  0.792631425265067E+002
  0.333779010348994E-020  0.175424005570328E+003  0.791929492292671E+002
  0.341069068247201E-020  0.175374138240898E+003  0.612541252793171E+002
  0.349481946263935E-020  0.175318748857735E+003  0.612570064669323E+002
  0.385892125702462E-020  0.175113881359805E+003  0.791768102451348E+002
  0.427370793074469E-020  0.174903037497706E+003  0.791658212180903E+002
  0.611227407021500E-020  0.174180747769708E+003  0.791280732200538E+002
  0.821105247221971E-020  0.173583727755532E+003  0.613477305443688E+002
  0.125962498395355E-019  0.172721236117970E+003  0.613931770371817E+002
  0.167430646669952E-019  0.172145410567937E+003  0.614236491670767E+002
  0.215694754804638E-019  0.171632164947306E+003  0.614508988569805E+002
  0.527522664449898E-019  0.169836854178731E+003  0.788975909547936E+002
  0.547688432196338E-019  0.169755169117216E+003  0.615512832041893E+002
  0.738595069693260E-019  0.169150427024396E+003  0.615838741163776E+002
  0.751329270082312E-019  0.169109583102866E+003  0.788584016319428E+002
  0.922908976113911E-019  0.168691554293984E+003  0.788357952687626E+002
  0.108403551684620E-018  0.168363068046060E+003  0.616264918365125E+002
  0.118051217974584E-018  0.168185897010198E+003  0.616361108049787E+002
  0.188648056402890E-018  0.167241712304472E+003  0.616875553044625E+002
  0.279817470932871E-018  0.166446548009535E+003  0.617311221051011E+002
  0.291504818262433E-018  0.166358054361780E+003  0.787084968781121E+002
  0.370561733582086E-018  0.165871471744887E+003  0.617627701636183E+002
  0.503442121958277E-018  0.165251918762866E+003  0.617969989273141E+002
  0.116595369623501E-017  0.163565611381960E+003  0.785536058837506E+002
  0.316094399245525E-017  0.161564293123233E+003  0.784408013564609E+002
  0.322771335714153E-017  0.161515831077477E+003  0.620064307717276E+002
  0.113425417037706E-016  0.158995602573776E+003  0.782937068637205E+002
  0.121989835423347E-016  0.158843362548098E+003  0.782849046944364E+002
  0.134773933792264E-016  0.158637384797461E+003  0.782729802143471E+002
  0.134372523379829E-016  0.158636694901747E+003  0.782729402451727E+002
  0.166290626942279E-016  0.158203797213129E+003  0.621966603269086E+002
  0.169192159867013E-016  0.158162545458247E+003  0.621990580956398E+002
  0.259243296069374E-016  0.157302426121625E+003  0.781952643414376E+002
  0.294941378529338E-016  0.157037751277620E+003  0.622647154646458E+002
  0.294423589722494E-016  0.157034609913365E+003  0.781795817595853E+002
  0.451010910739273E-016  0.156175010293663E+003  0.623154455255409E+002
  0.462142603953827E-016  0.156119590756509E+003  0.781257659713402E+002
  0.524375347097820E-016  0.155860266718069E+003  0.781104473585903E+002
  0.560605493551779E-016  0.155719991739986E+003  0.623423326332776E+002
  0.144100487809048E-015  0.153825179073583E+003  0.624552981176844E+002
  0.152116849036511E-015  0.153710247331470E+003  0.624622030498521E+002
  0.155335936643686E-015  0.153661709479984E+003  0.624651209794602E+002
  0.208665253207254E-015  0.153064771492167E+003  0.779433843291036E+002
  0.287596872923006E-015  0.152416459023705E+003  0.625403601434807E+002
  0.394318853017749E-015  0.151778603241814E+003  0.778652945257842E+002
  0.544797851718274E-015  0.151125437745736E+003  0.626191508919532E+002
  0.584832163593875E-015  0.150976961976252E+003  0.778162166028434E+002
  0.630250621077142E-015  0.150820721105497E+003  0.626378670779723E+002
  0.695492567514250E-015  0.150617059978797E+003  0.777940792879935E+002
  0.830987012030259E-015  0.150254416717338E+003  0.626727736496016E+002
  0.869804575457094E-015  0.150156452346958E+003  0.626788284869436E+002
  0.953572796872451E-015  0.149965902349513E+003  0.777538616908056E+002
  0.125734550643531E-014  0.149406162234155E+003  0.627253634588390E+002
  0.197582883413152E-014  0.148495536223106E+003  0.776622474699118E+002
  0.271492261630791E-014  0.147853329687864E+003  0.628226037830719E+002
  0.298988109428207E-014  0.147653733771450E+003  0.776092857836708E+002
  0.482586256282825E-014  0.146689566452268E+003  0.628963261878976E+002
  0.518019546573359E-014  0.146541204268192E+003  0.629057780647840E+002
  0.576307998676994E-014  0.146321290165078E+003  0.629198108874699E+002
  0.802946746101630E-014  0.145651342274172E+003  0.774817535865260E+002
  0.826118680934976E-014  0.145587786590688E+003  0.629668123289209E+002
  0.881811449672412E-014  0.145450651385397E+003  0.629756335035983E+002
  0.136569620814276E-013  0.144569113079381E+003  0.774118848065335E+002
  0.152392440749212E-013  0.144343208472303E+003  0.630472667937007E+002
  0.200683358921186E-013  0.143786014299049E+003  0.773609014813017E+002
  0.224591963736937E-013  0.143554244870551E+003  0.630987391037071E+002
  0.266649580080680E-013  0.143204289088527E+003  0.631216898205373E+002
  0.366139381962078E-013  0.142563476060963E+003  0.772805724514425E+002
  0.429292522710766E-013  0.142238571537295E+003  0.631854115595234E+002
  0.548491573349280E-013  0.141741849239440E+003  0.772260683712325E+002
  0.893319396034225E-013  0.140759649125763E+003  0.771603505324603E+002
  0.103998731732484E-012  0.140448954317737E+003  0.633050490268155E+002
  0.161235088883673E-012  0.139565329187204E+003  0.770795915386426E+002
  0.172273379474724E-012  0.139426235304580E+003  0.633743571547037E+002
  0.177522669910152E-012  0.139359548348427E+003  0.633789008067329E+002
  0.227007881481923E-012  0.138861119931243E+003  0.770315245885894E+002
  0.230440941808207E-012  0.138824444601473E+003  0.634154693979692E+002
  0.336334427929578E-012  0.138061566272642E+003  0.769765350898527E+002
  0.372060368496216E-012  0.137853010420792E+003  0.769621178349139E+002
  0.511943643672529E-012  0.137208037988570E+003  0.635271462750631E+002
  0.561294514475394E-012  0.137017320006427E+003  0.769040353443340E+002
  0.657298438298712E-012  0.136694879605592E+003  0.768814895221575E+002
  0.780577090739976E-012  0.136344433331982E+003  0.635875827773258E+002
  0.996137198731602E-012  0.135850074768230E+003  0.768220534599818E+002
  0.120039964809790E-011  0.135470369542877E+003  0.636493170383216E+002
  0.119834376477918E-011  0.135467142230694E+003  0.636495460546177E+002
  0.163208217382418E-011  0.134842654251602E+003  0.636940121103766E+002
  0.172482238987558E-011  0.134725463719598E+003  0.767420910107518E+002
  0.177560897646295E-011  0.134660769406159E+003  0.767374612437396E+002
  0.178822860213303E-011  0.134639949680569E+003  0.767359706064108E+002
  0.251796001386980E-011  0.133948847033864E+003  0.637581869563497E+002
  0.252303158398686E-011  0.133938167188428E+003  0.637589576154833E+002
  0.251537129337300E-011  0.133937593135824E+003  0.637589990418015E+002
  0.322199204187704E-011  0.133435778774431E+003  0.637953144507304E+002
  0.412958115751766E-011  0.132932770849513E+003  0.766125580076648E+002
  0.602487201144067E-011  0.132170674771225E+003  0.638877917589164E+002
  0.622231884708350E-011  0.132099526378965E+003  0.638930327374674E+002
  0.631180745404332E-011  0.132064311926663E+003  0.638956283332790E+002
  0.633529569321544E-011  0.132050227525536E+003  0.765478145849530E+002
  0.793094172815414E-011  0.131594301355512E+003  0.765141068402314E+002
  0.879195786417394E-011  0.131381514493630E+003  0.639461683329538E+002
  0.938199528035470E-011  0.131244948848880E+003  0.764881556441086E+002
  0.115246796616481E-010  0.130826896595578E+003  0.764569592088010E+002
  0.115735672954647E-010  0.130811774969132E+003  0.764558278574790E+002
  0.137990577891179E-010  0.130453366394668E+003  0.640155288374170E+002
  0.151329779672622E-010  0.130262158774317E+003  0.640299142930984E+002
  0.200656598123106E-010  0.129691236087816E+003  0.763714135819428E+002
  0.210768836639810E-010  0.129586246523539E+003  0.640810364687611E+002
  0.223341372812104E-010  0.129463712045807E+003  0.640903499197837E+002
  0.241005481575856E-010  0.129304819950372E+003  0.763420334508628E+002
  0.269573317670273E-010  0.129074122918757E+003  0.641200557771545E+002
  0.280867611360335E-010  0.128985381297988E+003  0.641268424981759E+002
  0.280936071325201E-010  0.128978238287996E+003  0.763170922479953E+002
  0.285678556383265E-010  0.128938102486333E+003  0.641304613419985E+002
  0.348739998801208E-010  0.128532528095261E+003  0.641615938392977E+002
  0.419386502759497E-010  0.128156939954603E+003  0.762539134989636E+002
  0.582554686434634E-010  0.127493024119145E+003  0.642421277313663E+002
  0.660033343475882E-010  0.127236633957284E+003  0.761823229110797E+002
  0.799815838835562E-010  0.126845796086000E+003  0.642928231958831E+002
  0.862763071722816E-010  0.126687623279053E+003  0.643052784501703E+002
  0.112863573227142E-009  0.126143718193575E+003  0.643483095885351E+002
  0.118413671266562E-009  0.126041053793754E+003  0.643564673149187E+002
  0.126085600029604E-009  0.125908844495491E+003  0.643669894251640E+002
  0.129340557243568E-009  0.125851213189766E+003  0.643715820366560E+002
  0.136857084059407E-009  0.125731581019749E+003  0.760633543576124E+002
  0.180302101328564E-009  0.125173532268609E+003  0.760186222822318E+002
  0.192145437929410E-009  0.125039639108966E+003  0.760078382286555E+002
  0.198546973848791E-009  0.124967437245355E+003  0.760020145789111E+002
  0.229510745546888E-009  0.124670933397663E+003  0.644664439305051E+002
  0.232352307946654E-009  0.124639667940312E+003  0.759755032779893E+002
  0.267445400263966E-009  0.124351691068532E+003  0.644923720330959E+002
  0.269984101067121E-009  0.124326140212370E+003  0.759500290673809E+002
  0.281621826086519E-009  0.124235080519461E+003  0.759426091847754E+002
  0.304975191870025E-009  0.124069094326319E+003  0.759290591922743E+002
  0.340426965504269E-009  0.123842498395126E+003  0.759105093217997E+002
  0.368009822346199E-009  0.123680024778343E+003  0.758971713852226E+002
  0.403267297382637E-009  0.123490389234058E+003  0.758815638892983E+002
  0.403368445969668E-009  0.123483232071400E+003  0.758809739932943E+002
  0.531189461626793E-009  0.122926039777407E+003  0.758348597060013E+002
  0.662935236443914E-009  0.122476267109891E+003  0.757973574595724E+002
  0.723933155273903E-009  0.122293568013051E+003  0.646624296718593E+002
  0.781653355817056E-009  0.122133487828649E+003  0.757686061045157E+002
  0.967998491719616E-009  0.121699193916718E+003  0.647125180507023E+002
  0.103933682349058E-008  0.121550323156768E+003  0.647251349790957E+002
  0.106039690741583E-008  0.121503546698658E+003  0.757153760445240E+002
  0.109170784353858E-008  0.121438691078507E+003  0.757098664251345E+002
  0.148395570230306E-008  0.120818099508082E+003  0.647876179025212E+002
  0.177400194022276E-008  0.120454390560924E+003  0.648189228980312E+002
  0.187531425264880E-008  0.120336658442328E+003  0.648290952147692E+002
  0.254450513368045E-008  0.119719682986517E+003  0.755617612131344E+002
  0.292716382632498E-008  0.119432831821794E+003  0.649078363097874E+002
  0.295042352505572E-008  0.119410346739630E+003  0.755346712713151E+002
  0.330958726894909E-008  0.119173941636261E+003  0.755138747399202E+002
  0.373208131549686E-008  0.118927000892052E+003  0.649524176010412E+002
  0.388173657690126E-008  0.118841712205056E+003  0.754845096436664E+002
  0.496329240680027E-008  0.118343483250177E+003  0.754401624439030E+002
  0.652183886112866E-008  0.117790653554248E+003  0.753905099022229E+002
  0.680461492539387E-008  0.117699108619259E+003  0.650622396923423E+002
  0.720806075644684E-008  0.117577255235456E+003  0.753712153937224E+002
  0.106795724587837E-007  0.116784333952308E+003  0.651456007247492E+002
  0.131638572734167E-007  0.116359393996021E+003  0.651847936165849E+002
  0.151366581814591E-007  0.116073449401764E+003  0.752331420702316E+002
  0.166883473446974E-007  0.115871611389152E+003  0.752143194543757E+002
  0.170531150708075E-007  0.115821711454847E+003  0.652348263215255E+002
  0.183650598742853E-007  0.115666821773935E+003  0.652493325833738E+002
  0.195104760243196E-007  0.115539162966102E+003  0.652613204128968E+002
  0.201887067711327E-007  0.115464163737909E+003  0.652683767603079E+002
  0.263945072251850E-007  0.114921443054683E+003  0.751247397325690E+002
  0.302057578980883E-007  0.114645034202034E+003  0.653461098131518E+002
  0.349526009021208E-007  0.114346457984596E+003  0.750697275335533E+002
  0.394803592856551E-007  0.114096181541891E+003  0.750455861283029E+002
  0.428509783209621E-007  0.113925675639493E+003  0.750290698694809E+002
  0.428663617459769E-007  0.113918302191713E+003  0.750283543513002E+002
  0.488896290077380E-007  0.113648690854765E+003  0.750021177503367E+002
  0.496277854991549E-007  0.113612064114297E+003  0.749985423849569E+002
  0.529120293347929E-007  0.113477248849613E+003  0.749853591036903E+002
  0.549443967542819E-007  0.113395211279210E+003  0.749773189464889E+002
  0.573281217787633E-007  0.113303616540923E+003  0.749683260384160E+002
  0.615205880994828E-007  0.113155799761078E+003  0.654907042357000E+002
  0.739232801839694E-007  0.112781832347901E+003  0.749167679071538E+002
  0.790612862787050E-007  0.112640785715203E+003  0.749027334070868E+002
  0.796918542354157E-007  0.112618242039303E+003  0.749004863513255E+002
  0.105576048818767E-006  0.112049058139372E+003  0.656010908214668E+002
  0.111831153151074E-006  0.111927285284163E+003  0.656133979166981E+002
  0.116702943421915E-006  0.111835346527040E+003  0.748217697371512E+002
  0.119741534583439E-006  0.111777283386296E+003  0.748158780208260E+002
  0.127670551089685E-006  0.111642392636188E+003  0.656423200684103E+002
  0.152313209397031E-006  0.111282765330912E+003  0.747653892112446E+002
  0.157408658361718E-006  0.111210297042253E+003  0.656865381504950E+002
  0.161973421572960E-006  0.111146467633495E+003  0.656931066666184E+002
  0.173935483717985E-006  0.110997307673671E+003  0.747359877604895E+002
  0.212608715981811E-006  0.110589114063621E+003  0.746936089296362E+002
  0.212168867694618E-006  0.110586600401101E+003  0.657511346372885E+002
  0.212943526302556E-006  0.110572655835919E+003  0.657525895505513E+002
  0.223053652747282E-006  0.110473229571783E+003  0.657629769986769E+002
  0.238271502199549E-006  0.110334577089125E+003  0.657775030931072E+002
  0.244423583167591E-006  0.110276937653451E+003  0.746609256062180E+002
  0.264722794731341E-006  0.110110721065091E+003  0.746434249845006E+002
  0.285730853440154E-006  0.109951331334951E+003  0.746265778367278E+002
  0.321663966401740E-006  0.109707761510399E+003  0.658437735326372E+002
  0.332529927511110E-006  0.109634661039077E+003  0.745929138056491E+002
  0.339280169794101E-006  0.109587812734846E+003  0.745879114959359E+002
  0.339950721299108E-006  0.109577208266401E+003  0.658577029635492E+002
  0.348413911073309E-006  0.109521371680446E+003  0.658636740617701E+002
  0.351738496059089E-006  0.109495722464368E+003  0.658664197021272E+002
  0.372805438231446E-006  0.109372729524874E+003  0.745648716556974E+002
  0.436584367701121E-006  0.109050224007459E+003  0.745300937709698E+002
  0.438851489652183E-006  0.109033209578020E+003  0.659162301598228E+002
  0.542560226309862E-006  0.108602277933805E+003  0.659631636667761E+002
  0.569229193971918E-006  0.108499654235844E+003  0.659744170400606E+002
  0.611318440150352E-006  0.108350328960324E+003  0.659908450093573E+002
  0.652024624235863E-006  0.108214744727341E+003  0.744386646483338E+002
  0.665626111196313E-006  0.108166797567450E+003  0.660111239413573E+002
  0.698775013511790E-006  0.108062940581181E+003  0.744218385584523E+002
  0.792086685049608E-006  0.107805600970387E+003  0.660513215819399E+002
  0.851614871768911E-006  0.107654018271105E+003  0.743761742252760E+002
  0.899789657556492E-006  0.107537309438941E+003  0.660814323683870E+002
  0.896999504415859E-006  0.107536865283986E+003  0.743629989548845E+002
  0.956363541718510E-006  0.107402044093877E+003  0.743477846083684E+002
  0.965265932581475E-006  0.107376857460393E+003  0.743449361144800E+002
  0.108788206288021E-005  0.107131033115661E+003  0.661274509040896E+002
  0.117234461924537E-005  0.106974831641102E+003  0.661452819395006E+002
  0.144784914650350E-005  0.106546029228341E+003  0.661946372728454E+002
  0.163828483753567E-005  0.106292232136440E+003  0.742203449145964E+002
  0.166700154565995E-005  0.106250823221902E+003  0.662289701281999E+002
  0.175067686644543E-005  0.106146215715713E+003  0.662412071711250E+002
  0.175842280715273E-005  0.106130730573521E+003  0.742014595239098E+002
  0.179993314975459E-005  0.106077410492929E+003  0.662492765921578E+002
  0.189868332561234E-005  0.105963932644266E+003  0.662626211091433E+002
  0.212212925845227E-005  0.105734758479255E+003  0.741547722595912E+002
  0.226541062194983E-005  0.105597430737652E+003  0.741384505863792E+002
  0.255802601057934E-005  0.105347815479699E+003  0.741086077918019E+002
  0.257150046886676E-005  0.105330652505247E+003  0.741065474451391E+002
  0.259227589602474E-005  0.105307903633805E+003  0.663406665046857E+002
  0.295499529877293E-005  0.105039326362172E+003  0.663730746820224E+002
  0.335169679599139E-005  0.104780731454077E+003  0.664045382801574E+002
  0.409683282049560E-005  0.104372580936864E+003  0.739897482216659E+002
  0.438797361343558E-005  0.104228618683353E+003  0.664725980827003E+002
  0.458981827646728E-005  0.104132017297055E+003  0.664846336751581E+002
  0.510626199696980E-005  0.103912107322897E+003  0.739323034284567E+002
  0.550053992225434E-005  0.103756694490688E+003  0.739127136221129E+002
  0.596211027480486E-005  0.103588882437985E+003  0.738914434552878E+002
  0.618097220268516E-005  0.103510124693629E+003  0.665630630664827E+002
  0.683155839461157E-005  0.103303314627126E+003  0.665895198772143E+002
  0.725207223022835E-005  0.103177190174382E+003  0.666057497432761E+002
  0.784744745701581E-005  0.103012732471557E+003  0.738174589183242E+002
  0.786531579725885E-005  0.103001528143921E+003  0.738160050509457E+002
  0.986093978800998E-005  0.102542634985081E+003  0.737559454192417E+002
  0.110274291865077E-004  0.102312370896532E+003  0.667190606897404E+002
  0.134939688376351E-004  0.101902001113520E+003  0.736703504947988E+002
  0.135491838954251E-004  0.101887178566257E+003  0.667761364590949E+002
  0.137290986062160E-004  0.101854140486415E+003  0.736638703903396E+002
  0.138038327590868E-004  0.101836627459135E+003  0.667829851956990E+002
  0.146179599419698E-004  0.101715362647020E+003  0.736450111605486E+002
  0.151049258641743E-004  0.101643167064710E+003  0.668093224276744E+002
  0.151712158966951E-004  0.101627753415023E+003  0.668114295517798E+002
  0.166082825921175E-004  0.101440094673409E+003  0.668371886467500E+002
  0.168541950104008E-004  0.101404042962035E+003  0.736023215664781E+002
  0.193816527450471E-004  0.101117932789981E+003  0.668818735917094E+002
  0.207749080570501E-004  0.100972439147216E+003  0.669022511884103E+002
  0.215946250039809E-004  0.100888386514556E+003  0.669140806628653E+002
  0.215272039708671E-004  0.100887984944431E+003  0.735303440721019E+002
  0.228485115501762E-004  0.100762192286452E+003  0.669319209578097E+002
  0.280186980643619E-004  0.100347564505997E+003  0.734532502906899E+002
  0.299350312842876E-004  0.100208594257544E+003  0.734331262770338E+002
  0.300623635483169E-004  0.100193449478416E+003  0.734309255640905E+002
  0.303847841376645E-004  0.100165457993431E+003  0.670176272559837E+002
  0.304446442959933E-004  0.100154866148895E+003  0.734253121236623E+002
  0.318384892619459E-004  0.100058678931610E+003  0.734112749446817E+002
  0.325677001604301E-004  0.100006733166342E+003  0.734036684311308E+002
  0.328768872285387E-004  0.999811798052507E+002  0.670445614288913E+002
  0.341650903808669E-004  0.998976552678445E+002  0.733876364658485E+002
  0.342630428935713E-004  0.998852738217077E+002  0.670586698120597E+002
  0.356805782972653E-004  0.997975398238508E+002  0.733728499779578E+002
  0.359998563621923E-004  0.997730673775743E+002  0.733692249682093E+002
  0.368308639014012E-004  0.997207693211244E+002  0.670830171267028E+002
  0.385974656318193E-004  0.996204128800047E+002  0.733465178971770E+002
  0.391518351577157E-004  0.995852359412850E+002  0.671032193954850E+002
  0.394820079480176E-004  0.995617848075493E+002  0.671067282575171E+002
  0.408026042401250E-004  0.994893275560898E+002  0.671175946862584E+002
  0.417344943848133E-004  0.994375078128137E+002  0.671253894890553E+002
  0.417999089309020E-004  0.994277198916114E+002  0.671268640066569E+002
  0.419413806422622E-004  0.994143067443205E+002  0.671288857940049E+002
  0.433253742689397E-004  0.993427201045219E+002  0.671396985987741E+002
  0.448297422339737E-004  0.992677978561484E+002  0.732934253517049E+002
  0.474470835302616E-004  0.991476557743435E+002  0.671693564404045E+002
  0.525317070930313E-004  0.989373964485170E+002  0.732428307151334E+002
  0.588938153815751E-004  0.987021025659152E+002  0.672382043149358E+002
  0.598905344147241E-004  0.986618822129816E+002  0.672444975854032E+002
  0.621582953083940E-004  0.985808950089527E+002  0.731872711891874E+002
  0.710497067402858E-004  0.983068485375812E+002  0.731438438089015E+002
  0.720009182877489E-004  0.982735946655790E+002  0.673059511892273E+002
  0.747475299883366E-004  0.981920644950750E+002  0.673190200686268E+002
  0.748683412067020E-004  0.981821790103706E+002  0.731238726893892E+002
  0.763140031219371E-004  0.981372727736724E+002  0.673278360615492E+002
  0.777553332214721E-004  0.980931958043096E+002  0.673349475870299E+002
  0.777309051638663E-004  0.980871686542171E+002  0.673359213893593E+002
  0.806990076231547E-004  0.980055663741504E+002  0.730953430563929E+002
  0.844638604041177E-004  0.979077158394370E+002  0.730794138506272E+002
  0.851924168738847E-004  0.978838829178655E+002  0.673689607600163E+002
  0.908451916024770E-004  0.977487384564406E+002  0.730533426414359E+002
  0.938849539315786E-004  0.976762563328784E+002  0.674031053080037E+002
  0.945528050336597E-004  0.976554241056759E+002  0.674065540597124E+002
  0.959169140677474E-004  0.976201207726889E+002  0.674124081515046E+002
  0.974754310941732E-004  0.975812291540887E+002  0.730256099391173E+002
  0.987774204995527E-004  0.975480362064841E+002  0.674243994434180E+002
  0.101122172259382E-003  0.974944598843346E+002  0.730111360696461E+002
  0.100787955889803E-003  0.974944254019196E+002  0.730111303027474E+002
  0.100911682356708E-003  0.974853161439091E+002  0.674348749162643E+002
  0.100633434572903E-003  0.974841828599684E+002  0.674350645588980E+002
  0.101036490670068E-003  0.974695328972129E+002  0.674375172319921E+002
  0.106804044853786E-003  0.973518492097910E+002  0.729871827730564E+002
  0.110173136387823E-003  0.972830790364164E+002  0.729755574649024E+002
  0.110344160862255E-003  0.972733212141692E+002  0.729739039672736E+002
  0.113170647406133E-003  0.972160803999524E+002  0.729641842271558E+002
  0.113169751539338E-003  0.972094406519702E+002  0.729630545379202E+002
  0.117534634474979E-003  0.971270968035282E+002  0.674954757219931E+002
  0.119799624834289E-003  0.970822662184700E+002  0.729413264465866E+002
  0.120811962054037E-003  0.970587811379883E+002  0.675071864156265E+002
  0.120945564131096E-003  0.970499150439420E+002  0.729357714035217E+002
  0.120851914581770E-003  0.970448086867594E+002  0.729348935478263E+002
  0.124350758845679E-003  0.969810724604225E+002  0.675205689719193E+002
  0.126269708243452E-003  0.969437891039536E+002  0.729174680606179E+002
  0.126174401362073E-003  0.969386436700903E+002  0.675279038761887E+002
  0.133669322708298E-003  0.968165802471715E+002  0.675491179066495E+002
  0.135457563878955E-003  0.967833458660136E+002  0.675549231035406E+002
  0.137436452369730E-003  0.967476838135705E+002  0.728833149149367E+002
  0.146657213911146E-003  0.966111555536462E+002  0.675852049740971E+002
  0.146691345091507E-003  0.966040345724290E+002  0.675864647810822E+002
  0.147370569059264E-003  0.965881397790983E+002  0.675892789796770E+002
  0.149756971110906E-003  0.965493572090711E+002  0.728483232010391E+002
  0.150092061027682E-003  0.965382315119888E+002  0.675981349340036E+002
  0.152784067775965E-003  0.964960224182138E+002  0.728388332476788E+002
  0.154773142936434E-003  0.964634971419350E+002  0.728330290356263E+002
  0.159182738735114E-003  0.964006567784691E+002  0.676227030348259E+002
  0.162128942355906E-003  0.963573229650695E+002  0.728139915334584E+002
  0.167442097725065E-003  0.962861760905433E+002  0.676433254072041E+002
  0.167649564428759E-003  0.962770439732950E+002  0.727995037939441E+002
  0.170184825611704E-003  0.962403700308367E+002  0.676516231799142E+002
  0.174444843066761E-003  0.961842673503455E+002  0.676618228243098E+002
  0.174724064517845E-003  0.961744130717132E+002  0.676636185613597E+002
  0.187710779753076E-003  0.960243686567734E+002  0.676911184090415E+002
  0.190341291028394E-003  0.959898803632488E+002  0.727469996605787E+002
  0.190386396130031E-003  0.959827508999877E+002  0.727456822332688E+002
  0.193057990279068E-003  0.959482254385366E+002  0.677051887077717E+002
  0.194050763544092E-003  0.959313114962579E+002  0.677083248787744E+002
  0.203848587963066E-003  0.958261404964506E+002  0.677279140963275E+002
  0.204438498145759E-003  0.958137055456875E+002  0.677302404179311E+002
  0.204862839217777E-003  0.958029029844364E+002  0.727122182355725E+002
  0.208250074040628E-003  0.957634494875230E+002  0.677396644930337E+002
  0.208756606773832E-003  0.957519351556136E+002  0.677418287156545E+002
  0.225048104685937E-003  0.955949892444067E+002  0.726729626761407E+002
  0.227740535228501E-003  0.955645480650289E+002  0.677773190790611E+002
  0.227045525533373E-003  0.955640053391822E+002  0.726670587356336E+002
  0.230134413198970E-003  0.955303237728887E+002  0.677838568094788E+002
  0.234682112975218E-003  0.954845315042565E+002  0.677926318406297E+002
  0.236349440937543E-003  0.954637169157223E+002  0.726478503828584E+002
  0.243185611446571E-003  0.954000341494445E+002  0.726355737899298E+002
  0.263914564653759E-003  0.952297776749536E+002  0.726024412847213E+002
  0.270272138040626E-003  0.951755142187209E+002  0.678526972820181E+002
  0.270689162046099E-003  0.951657750605568E+002  0.678546151069896E+002
  0.278022441652358E-003  0.951056581268656E+002  0.678664878346594E+002
  0.300953028592849E-003  0.949404978155115E+002  0.678994183484643E+002
  0.310590928497050E-003  0.948707972302887E+002  0.725310248118938E+002
  0.309836547756987E-003  0.948690052716591E+002  0.725306627730815E+002
  0.318195980583269E-003  0.948091045095393E+002  0.679259534898837E+002
  0.323683547871177E-003  0.947682512287307E+002  0.725102147440039E+002
  0.329544765465361E-003  0.947257039103818E+002  0.679429566748654E+002
  0.346424589487711E-003  0.946191424171937E+002  0.679648681097851E+002
  0.349226275106024E-003  0.945963770272804E+002  0.679695768146346E+002
  0.352054151804726E-003  0.945735915685584E+002  0.679742995466668E+002
  0.357918945432258E-003  0.945338928938953E+002  0.679825516636752E+002
  0.371780510820686E-003  0.944512431054991E+002  0.679998302787600E+002
  0.373278810703114E-003  0.944365435918504E+002  0.680029174226979E+002
  0.374339313782943E-003  0.944242139716363E+002  0.680055101648224E+002
  0.378465740767138E-003  0.943956325646398E+002  0.680115321188648E+002
  0.377222988397233E-003  0.943955551081833E+002  0.680115484608257E+002
  0.376398078271955E-003  0.943932779111999E+002  0.680120289636538E+002
  0.376705810129179E-003  0.943849878586444E+002  0.724307022533012E+002
  0.381476787148902E-003  0.943531613499194E+002  0.680205110051094E+002
  0.380361691807020E-003  0.943523605338028E+002  0.680206806582767E+002
  0.387748006368951E-003  0.943072388737476E+002  0.724142204427898E+002
  0.386736398068408E-003  0.943058079765644E+002  0.724139159489693E+002
  0.391660233990847E-003  0.942738496065451E+002  0.724071041744089E+002
  0.396433568899080E-003  0.942429664876486E+002  0.680439800069634E+002
  0.409553543500021E-003  0.941711925778117E+002  0.680594031690441E+002
  0.415961613498760E-003  0.941334863323127E+002  0.680675499216334E+002
  0.418511189174407E-003  0.941146094617467E+002  0.723728413319220E+002
  0.421960781075185E-003  0.940915363857098E+002  0.680766499123710E+002
  0.431184773939242E-003  0.940416321371377E+002  0.723569554412335E+002
  0.440851247573796E-003  0.939906349501777E+002  0.723457837044043E+002
  0.439749567965841E-003  0.939889835905802E+002  0.723454209655193E+002
  0.439063352053365E-003  0.939854513875611E+002  0.680998364819965E+002
  0.461702129173244E-003  0.938782433503419E+002  0.681235287409114E+002
  0.462343172945265E-003  0.938688128244980E+002  0.681256256351213E+002
  0.462785272561061E-003  0.938602457274780E+002  0.723169489890370E+002
  0.461595796328196E-003  0.938587372751576E+002  0.681278682711747E+002
  0.465043113111209E-003  0.938372006764791E+002  0.723118113514480E+002
  0.481537442676554E-003  0.937608373500432E+002  0.722946959741292E+002
  0.480926923211296E-003  0.937567190878876E+002  0.722937689257645E+002
  0.480491676727541E-003  0.937518743589320E+002  0.722926778134802E+002
  0.479153017642904E-003  0.937507985936960E+002  0.722924354555103E+002
  0.486679176344695E-003  0.937129727498242E+002  0.681605857532904E+002
  0.487396760436161E-003  0.937033704415895E+002  0.722817220725005E+002
  0.501110504597836E-003  0.936412185608513E+002  0.681768835052505E+002
  0.502133715814508E-003  0.936304833695378E+002  0.722651483492045E+002
  0.501260358914557E-003  0.936273094009844E+002  0.681800577857578E+002
  0.506210655243431E-003  0.936009993152152E+002  0.681860756781885E+002
  0.510260230786954E-003  0.935784078257020E+002  0.681912572469957E+002
  0.520651168877821E-003  0.935314333975521E+002  0.722424075358530E+002
  0.531207989121666E-003  0.934846310937623E+002  0.722315726929709E+002
  0.539551957610887E-003  0.934468046151355E+002  0.682217084574024E+002
  0.541481294199200E-003  0.934330101661558E+002  0.722195541641038E+002
  0.542367184395660E-003  0.934230851607279E+002  0.722172350978863E+002
  0.543473166455780E-003  0.934123553814516E+002  0.682297564003113E+002
  0.548859705400141E-003  0.933859747421923E+002  0.682359414248862E+002
  0.553638112033096E-003  0.933619823964243E+002  0.722028980762361E+002
  0.556314808065543E-003  0.933456806369361E+002  0.682454258578083E+002
  0.560967177780112E-003  0.933223689335415E+002  0.721935475463007E+002
  0.561120411273022E-003  0.933151671090332E+002  0.721918428282844E+002
  0.584055248400934E-003  0.932283914039717E+002  0.721711852433197E+002
  0.585929611661950E-003  0.932153276558569E+002  0.682764250227888E+002
  0.588737736257998E-003  0.931991097772034E+002  0.682803163994241E+002
  0.588650074606660E-003  0.931927520144430E+002  0.721626373196240E+002
  0.591568508408828E-003  0.931762052503952E+002  0.682858255156286E+002
  0.599810042490570E-003  0.931418786481246E+002  0.682941114013324E+002
  0.599422765901377E-003  0.931365148157965E+002  0.721490719906018E+002
  0.621307962819053E-003  0.930581397594920E+002  0.683144755837731E+002
  0.629976593637152E-003  0.930237725945717E+002  0.721215849415722E+002
  0.632785367407455E-003  0.930082197606230E+002  0.721177618070033E+002
  0.650779254528091E-003  0.929454857697594E+002  0.683422194853922E+002
  0.648720728204705E-003  0.929451665591704E+002  0.683422986808224E+002
  0.651070247614009E-003  0.929312805180509E+002  0.720987343414382E+002
  0.659111888433066E-003  0.929000734145823E+002  0.720909614393210E+002
  0.684041306490425E-003  0.928191678341264E+002  0.720706576898913E+002
  0.682576402620921E-003  0.928167999326995E+002  0.683744212627478E+002
  0.681662479509632E-003  0.928128240100433E+002  0.683754251219784E+002
  0.680575653245624E-003  0.928093597264998E+002  0.683763002452757E+002
  0.678355605029453E-003  0.928092388409214E+002  0.720681505629899E+002
  0.684239626281312E-003  0.927853101698265E+002  0.720620944003749E+002
  0.692206037781214E-003  0.927555036563053E+002  0.683899587483858E+002
  0.695266091546738E-003  0.927400261079884E+002  0.720505784495795E+002
  0.717336166167756E-003  0.926708706400050E+002  0.720328505557514E+002
  0.715271044251847E-003  0.926699811158085E+002  0.720326213968168E+002
  0.719246099122245E-003  0.926522414853197E+002  0.684164361069353E+002
  0.720611771372735E-003  0.926417919955048E+002  0.684191371137861E+002
  0.746765504209116E-003  0.925638350444538E+002  0.720050646214790E+002
  0.744975525575441E-003  0.925619791700003E+002  0.720045790247924E+002
  0.746656974999678E-003  0.925508145699705E+002  0.720016549677542E+002
  0.748122351008448E-003  0.925402376712260E+002  0.719988803930394E+002
  0.748143459021861E-003  0.925335256625284E+002  0.684473639307333E+002
  0.751021727968692E-003  0.925191904149967E+002  0.684511350915681E+002
  0.773494743639157E-003  0.924535662527277E+002  0.719759790415705E+002
  0.770997228140821E-003  0.924533788645974E+002  0.719759292036542E+002
  0.772261588559693E-003  0.924434461654011E+002  0.684711958893201E+002
  0.773313484185452E-003  0.924340682437217E+002  0.719707857177176E+002
  0.781129847238603E-003  0.924072988934823E+002  0.684808509204104E+002
  0.787062695187757E-003  0.923855102831509E+002  0.719577846920329E+002
  0.797231055182475E-003  0.923531814346849E+002  0.719490746111515E+002
  0.811646758257397E-003  0.923106845028359E+002  0.719375577512759E+002
  0.812832248397298E-003  0.923011098566718E+002  0.719349522894690E+002
  0.812471587250575E-003  0.922953418918227E+002  0.719333807905675E+002
  0.812594247703848E-003  0.922883843904453E+002  0.719314832764152E+002
  0.826118409575626E-003  0.922487163870733E+002  0.685238572016685E+002
  0.836167845210510E-003  0.922178783099448E+002  0.719121340117401E+002
  0.837846542983818E-003  0.922072115376267E+002  0.685352939940829E+002
  0.840051383606774E-003  0.921952997571515E+002  0.685385906704665E+002
  0.843912282973845E-003  0.921794731806819E+002  0.719015005445105E+002
  0.847239448906407E-003  0.921649480044985E+002  0.718974612774598E+002
  0.846038964596280E-003  0.921611283064733E+002  0.685480839034680E+002
  0.845811890370822E-003  0.921550095921143E+002  0.685497894428786E+002
  0.844716866824255E-003  0.921509449733546E+002  0.685509233827787E+002
  0.854377898241062E-003  0.921215451984777E+002  0.718853330542112E+002
  0.855223628812615E-003  0.921129108398995E+002  0.718829097571329E+002
  0.853603779097073E-003  0.921100469830754E+002  0.685623761399858E+002
  0.855508261654293E-003  0.920989341565537E+002  0.685655017688802E+002
  0.857968830362063E-003  0.920865345359944E+002  0.685689963008721E+002
  0.866131625577909E-003  0.920609407177727E+002  0.718682485952701E+002
  0.876886979749509E-003  0.920296026915206E+002  0.685851369065496E+002
  0.889043243127866E-003  0.919954115830569E+002  0.685949072829016E+002
  0.894088210478301E-003  0.919774388769208E+002  0.718444146323996E+002
  0.891281911770712E-003  0.919770706227835E+002  0.686001726071881E+002
  0.895797532015241E-003  0.919603077586255E+002  0.718394814680463E+002
  0.905459202270253E-003  0.919321965741812E+002  0.718313536572766E+002
  0.908332572054628E-003  0.919192042750213E+002  0.718275832782698E+002
  0.909090287661810E-003  0.919108810242726E+002  0.686193181515929E+002
  0.908798195073359E-003  0.919048681514783E+002  0.718234126167342E+002
  0.906413716136560E-003  0.919034670108294E+002  0.718230044143331E+002
  0.917793730966692E-003  0.918718577720538E+002  0.686307136639005E+002
  0.914754526519494E-003  0.918718360302325E+002  0.718137613173762E+002
  0.912866875603218E-003  0.918693118343378E+002  0.686314599614696E+002
  0.916968899937080E-003  0.918536892610262E+002  0.686360471363930E+002
  0.923430775636558E-003  0.918329891179354E+002  0.686421457243337E+002
  0.931724631499597E-003  0.918084505914722E+002  0.686494057908373E+002
  0.928781946860950E-003  0.918081216475411E+002  0.686495033411448E+002
  0.928828274596033E-003  0.918013663096465E+002  0.686515080171087E+002
  0.928462617430815E-003  0.917954982359773E+002  0.717912298806702E+002
  0.927324208992499E-003  0.917912964043904E+002  0.717899802890810E+002
  0.928347821361472E-003  0.917824343729442E+002  0.717873415197128E+002
  0.937561112958557E-003  0.917560278471373E+002  0.717794521674547E+002
  0.937521801866776E-003  0.917494561269061E+002  0.717774825465739E+002
  0.936587524027636E-003  0.917447946201798E+002  0.686683974277303E+002
  0.939281957799851E-003  0.917323935749686E+002  0.686721243356076E+002
  0.940974949984714E-003  0.917221363749506E+002  0.686752137342580E+002
  0.948731594449634E-003  0.916990619744980E+002  0.717622951147651E+002
  0.946100494245841E-003  0.916979606635495E+002  0.717619615368032E+002
  0.944062702058007E-003  0.916956175003688E+002  0.686832297815077E+002
  0.947698429721979E-003  0.916812744123280E+002  0.686875828151867E+002
  0.951111430596884E-003  0.916674290558058E+002  0.717526848182000E+002
  0.957185385255032E-003  0.916480417556500E+002  0.717467648817456E+002
  0.956448979420070E-003  0.916429254577537E+002  0.717451987760955E+002
  0.963755128331440E-003  0.916210502784862E+002  0.687059968421145E+002
  0.960937960701072E-003  0.916202494907522E+002  0.687062431963748E+002
  0.959198015776901E-003  0.916172185401175E+002  0.687071760004750E+002
  0.957117186891104E-003  0.916149063575125E+002  0.717365933698540E+002
  0.956224684025598E-003  0.916101166287859E+002  0.687093639344026E+002
  0.968432762181375E-003  0.915780887582570E+002  0.687192705475302E+002
  0.965751565465829E-003  0.915769780444933E+002  0.687196152767077E+002
  0.964881638728209E-003  0.915721248300698E+002  0.717233588688213E+002
  0.961706291965440E-003  0.915720619406980E+002  0.717233393280534E+002
  0.966643045129492E-003  0.915551659671266E+002  0.687264011302017E+002
  0.968402657256766E-003  0.915448730307587E+002  0.717148673216633E+002
  0.970927946077752E-003  0.915330088693363E+002  0.687333259858171E+002
  0.970751884031786E-003  0.915267159896203E+002  0.687352986076394E+002
  0.970460640314270E-003  0.915206605368626E+002  0.717072820756713E+002
  0.968130021422724E-003  0.915188138522536E+002  0.687377793941501E+002
  0.100110576526353E-002  0.914451702012093E+002  0.716833798456640E+002
  0.100136759549441E-002  0.914379916073600E+002  0.716810865228822E+002
  0.100419672312331E-002  0.914256934666659E+002  0.716771492734049E+002
  0.100458348323544E-002  0.914182677472375E+002  0.687697145910695E+002
  0.100234986037333E-002  0.914160639816407E+002  0.687704224125171E+002
  0.100339388413272E-002  0.914073263331821E+002  0.716712491159275E+002
  0.102960797987866E-002  0.913490907733388E+002  0.687921004422269E+002
  0.102723944416777E-002  0.913470413427980E+002  0.716517123629043E+002
  0.103688426978862E-002  0.913216952243489E+002  0.716434181703738E+002
  0.103772138913030E-002  0.913134256133071E+002  0.688037798000276E+002
  0.104284330230909E-002  0.912969228535616E+002  0.716352646854322E+002
  0.103959184729786E-002  0.912965127646782E+002  0.688093520386178E+002
  0.103624393013460E-002  0.912963084078554E+002  0.688094195019841E+002
  0.103456836571369E-002  0.912928893639606E+002  0.688105486932229E+002
  0.103669576171058E-002  0.912821253811494E+002  0.688141095750364E+002
  0.104248420203312E-002  0.912643337658380E+002  0.716244662277763E+002
  0.104242163670896E-002  0.912577982204725E+002  0.688221907171300E+002
  0.103965898122062E-002  0.912564501333513E+002  0.716218414557808E+002
  0.103942794672900E-002  0.912502390453889E+002  0.716197700679153E+002
  0.104098757776454E-002  0.912405847732416E+002  0.716165442746716E+002
  0.103800124200613E-002  0.912396749436518E+002  0.688282414656748E+002
  0.103596339138294E-002  0.912369497126079E+002  0.688291536011329E+002
  0.104578178799838E-002  0.912114282894442E+002  0.716067565613989E+002
  0.105006815663530E-002  0.911965920193691E+002  0.716017494270239E+002
  0.105055359443003E-002  0.911890120694287E+002  0.688452971322187E+002
  0.105086552846908E-002  0.911817627304106E+002  0.688477549318785E+002
  0.106468071206158E-002  0.911489855184391E+002  0.715855584015983E+002
  0.106154019653709E-002  0.911482381066772E+002  0.715853026725804E+002
  0.106117871457050E-002  0.911422636943435E+002  0.715832567835997E+002
  0.105882627329212E-002  0.911400466739867E+002  0.715824968001817E+002
  0.105680590964125E-002  0.911372109719094E+002  0.688629572365689E+002
  0.105592550872583E-002  0.911322222405411E+002  0.715798112234202E+002
  0.105329852862423E-002  0.911305485521101E+002  0.715792360740568E+002
  0.107325603407136E-002  0.910863522631060E+002  0.715639591687692E+002
  0.107092707611048E-002  0.910840413843889E+002  0.688813257515511E+002
  0.109827114053629E-002  0.910269606974695E+002  0.715431516417540E+002
  0.109757841591163E-002  0.910215669972624E+002  0.715412457285518E+002
  0.110089945824391E-002  0.910088689730799E+002  0.689077334979694E+002
  0.110537114938133E-002  0.909941061421427E+002  0.715314991638054E+002
  0.110365051728752E-002  0.909905662080693E+002  0.689142438875215E+002
  0.110214374932180E-002  0.909866430099976E+002  0.715288377414622E+002
  0.110055080229767E-002  0.909828801546354E+002  0.689169875385909E+002
  0.110024944441983E-002  0.909767722986339E+002  0.689191719479721E+002
  0.110199993972078E-002  0.909669372498884E+002  0.715217842886974E+002
  0.111956872263760E-002  0.909286478976142E+002  0.715079684163610E+002
  0.112862112377881E-002  0.909058861152269E+002  0.714996845131847E+002
  0.113585620881790E-002  0.908864503503088E+002  0.714925683222698E+002
  0.114702087534822E-002  0.908602321653358E+002  0.689615761702876E+002
  0.116681813083461E-002  0.908193516653630E+002  0.714676884257947E+002
  0.117847377765066E-002  0.907928166957743E+002  0.689867702167233E+002
  0.117967496147011E-002  0.907841236123502E+002  0.714544249219927E+002
  0.118139212049051E-002  0.907745589080044E+002  0.689936822973219E+002
  0.118122634591571E-002  0.907681839902746E+002  0.689961049079762E+002
  0.228169642467403E-002  0.891989031647816E+002  0.690043717090292E+002
  0.228434934939434E-002  0.891965791188564E+002  0.690052620971507E+002
  0.229167321788972E-002  0.891773153813512E+002  0.690126676493126E+002
  0.229172002894952E-002  0.891772745285967E+002  0.690126834025025E+002
  0.229875338681869E-002  0.891711458680114E+002  0.690150489978463E+002
  0.230645000546136E-002  0.891644607119797E+002  0.690176346917035E+002
  0.230111248579501E-002  0.891559796165085E+002  0.690209230303749E+002
  0.228875195653868E-002  0.891536368626454E+002  0.690218329640644E+002
  0.231245942648705E-002  0.891199121153710E+002  0.690350090495436E+002
  0.239054373590920E-002  0.890403789149085E+002  0.690666770431025E+002
  0.241352592653934E-002  0.890081283663616E+002  0.690797684623887E+002
  0.245399638052050E-002  0.889487258972326E+002  0.691042827817418E+002
  0.245555009806398E-002  0.889474600225926E+002  0.691048110375739E+002
  0.245730694685355E-002  0.889460296134857E+002  0.691054082551509E+002
  0.248489966688918E-002  0.889236970734745E+002  0.691147741957460E+002
  0.249740134821786E-002  0.889136601788522E+002  0.691190094201205E+002
  0.252600716363032E-002  0.888908819201820E+002  0.691286819125649E+002
  0.254194327171006E-002  0.888648358633486E+002  0.691398479531210E+002
  0.251626207930785E-002  0.888582985379597E+002  0.691426686597618E+002
  0.252561544106021E-002  0.888508779907968E+002  0.691458794138105E+002
  0.252604529379528E-002  0.888505376253141E+002  0.691460269143604E+002
  0.253213390810836E-002  0.888457227565554E+002  0.691481156524717E+002
  0.252989299662448E-002  0.888338415887377E+002  0.691532872830326E+002
  0.254130981649007E-002  0.888248363569814E+002  0.691572238075142E+002
  0.254405265990098E-002  0.888226789149586E+002  0.691581690687535E+002
  0.252783137888619E-002  0.888216311737499E+002  0.691586284289415E+002
  0.256473169934587E-002  0.887926469740763E+002  0.691714155540031E+002
  0.258211612798524E-002  0.887791361843000E+002  0.691774296628444E+002
  0.258327521493594E-002  0.887782386050901E+002  0.691778304324473E+002
  0.264111479968584E-002  0.887339525178209E+002  0.691977988801454E+002
  0.265736597056079E-002  0.887216839279817E+002  0.692033999715158E+002
  0.264321756052221E-002  0.887180238441677E+002  0.692050769161726E+002
  0.262783083086084E-002  0.887153633077118E+002  0.692062976344478E+002
  0.265009501514768E-002  0.886984897729193E+002  0.692140740319788E+002
  0.263921322023977E-002  0.886922785650201E+002  0.692169516982704E+002
  0.262843085410464E-002  0.886860256998559E+002  0.692198570089968E+002
  0.261611262423562E-002  0.886809803038424E+002  0.692222074382415E+002
  0.261326977392641E-002  0.886687143289940E+002  0.692279447924694E+002
  0.263076401881683E-002  0.886409296705335E+002  0.692410650000553E+002
  0.259806756274985E-002  0.886371649593611E+002  0.692428562571746E+002
  0.258065221247707E-002  0.886362795025395E+002  0.692432780353981E+002
  0.257521734397919E-002  0.886261589766568E+002  0.692481118157844E+002
  0.256284541250856E-002  0.886214536086532E+002  0.692503673878374E+002
  0.257764163239614E-002  0.885813681853247E+002  0.692697993574815E+002
  0.257146268708328E-002  0.885719332677283E+002  0.692744309843510E+002
  0.260947824752677E-002  0.885425824272546E+002  0.692889863591672E+002
  0.261164110562707E-002  0.885265884409947E+002  0.692970143172146E+002
  0.259684292376549E-002  0.885236161674654E+002  0.692985138960245E+002
  0.259846828701528E-002  0.885080277806622E+002  0.693064187948980E+002
  0.258436814708197E-002  0.885045730086969E+002  0.693081799702050E+002
  0.260373879347959E-002  0.884753013056633E+002  0.693232405621918E+002
  0.258845045271506E-002  0.884727423141586E+002  0.693245691998845E+002
  0.255943328966473E-002  0.884525831714265E+002  0.693351054799068E+002
  0.254183282315049E-002  0.884522497530385E+002  0.693352807949093E+002
  0.252116403055963E-002  0.884126314348940E+002  0.693563651992100E+002
  0.251186322988036E-002  0.884061823718874E+002  0.693598460983550E+002
  0.251355502267485E-002  0.883909948974979E+002  0.693680996174409E+002
  0.251891277863373E-002  0.883867363442833E+002  0.693704282518959E+002
  0.251231413393899E-002  0.883780451601919E+002  0.693752005734016E+002
  0.250857657813915E-002  0.883670854258969E+002  0.693812571600076E+002
  0.250838030387598E-002  0.883533045759633E+002  0.693889352290761E+002
  0.249619563368381E-002  0.883491060798787E+002  0.693912885417509E+002
  0.250187306916184E-002  0.883445623744936E+002  0.693938428811850E+002
  0.249782499080648E-002  0.883337658881445E+002  0.693999441788825E+002
  0.250460130858914E-002  0.883283474599483E+002  0.694030233597971E+002
  0.249588943720958E-002  0.883211819456734E+002  0.694071132355701E+002
  0.247988668552364E-002  0.883199121826761E+002  0.694078401231810E+002
  0.245688133116391E-002  0.883103828503203E+002  0.694133161226082E+002
  0.245891371536068E-002  0.883087290919408E+002  0.694142702286915E+002
  0.246181660542314E-002  0.883063693687209E+002  0.694156335825272E+002
  0.244868103076339E-002  0.883028344533963E+002  0.694176802379909E+002
  0.242890081741450E-002  0.882906866000068E+002  0.694247536767140E+002
  0.243825043616077E-002  0.882830027375094E+002  0.694292604039453E+002
  0.244521985360618E-002  0.882772941558955E+002  0.694326252458019E+002
  0.245869714795331E-002  0.882663010430232E+002  0.694391457075900E+002
  0.245915667434893E-002  0.882659272812861E+002  0.694393683554776E+002
  0.242865693604794E-002  0.882619014117256E+002  0.694417705712331E+002
  0.242942829159054E-002  0.882612663009666E+002  0.694421502141195E+002
  0.241385029966484E-002  0.882595864850363E+002  0.694431552301879E+002
  0.241530271657691E-002  0.882583834442952E+002  0.694438757941801E+002
  0.242015893275763E-002  0.882543662743408E+002  0.694462867348593E+002
  0.242285259696462E-002  0.882373812750485E+002  0.694565643352103E+002
  0.239359883840712E-002  0.882322641433633E+002  0.694596878569757E+002
  0.237917670870340E-002  0.882296990959404E+002  0.694612583982739E+002
  0.238010244263260E-002  0.882289210504327E+002  0.694617354253475E+002
  0.237177362103624E-002  0.882211718184589E+002  0.694665029867527E+002
  0.237452116405597E-002  0.882188562915470E+002  0.694679334160059E+002
  0.238156510667743E-002  0.881980621798189E+002  0.694809027664595E+002
  0.235091383276520E-002  0.881943395319039E+002  0.694832486143933E+002
  0.235347153956553E-002  0.881921647891055E+002  0.694846224932803E+002
  0.236382700887481E-002  0.881833839279094E+002  0.694901959650822E+002
  0.232625011770004E-002  0.881708210928820E+002  0.694982445685601E+002
  0.232922132193320E-002  0.881682682217709E+002  0.694998910741235E+002
  0.234184773651824E-002  0.881574557544920E+002  0.695069067243215E+002
  0.236564045684888E-002  0.881372386689014E+002  0.695202126222742E+002
  0.236657815455287E-002  0.881364460616334E+002  0.695207394189053E+002
  0.236781709501172E-002  0.881353993045108E+002  0.695214357399131E+002
  0.236804808671660E-002  0.881352042046115E+002  0.695215656002612E+002
  0.237248251650643E-002  0.881314624875301E+002  0.695240607963798E+002
  0.237978199900787E-002  0.881253184791583E+002  0.695281774387972E+002
  0.235854224897610E-002  0.881119981420655E+002  0.695371873532494E+002
  0.233613398295743E-002  0.881000824050669E+002  0.695453488103956E+002
  0.232014291807564E-002  0.880983755781583E+002  0.695465259403293E+002
  0.232016626668502E-002  0.880983554513879E+002  0.695465398331873E+002
  0.231527523118945E-002  0.880870117284057E+002  0.695544160221127E+002
  0.231997966427877E-002  0.880829520295881E+002  0.695572574241028E+002
  0.233324546913656E-002  0.880715484628858E+002  0.695653045754967E+002
  0.233947062977666E-002  0.880662195157028E+002  0.695690990424569E+002
  0.235670263819468E-002  0.880515419603621E+002  0.695796660064748E+002
  0.235845090971729E-002  0.880339945080211E+002  0.695925318002670E+002
  0.237042910248376E-002  0.880238625373615E+002  0.696000817118574E+002
  0.237293215257581E-002  0.880217517554162E+002  0.696016661372333E+002
  0.237501250434903E-002  0.880199991217554E+002  0.696029848046928E+002
  0.237911187965953E-002  0.880165500102089E+002  0.696055881236021E+002
  0.236258538232273E-002  0.880138938802528E+002  0.696076004313821E+002
  0.234495085689909E-002  0.880122804251554E+002  0.696088260222802E+002
  0.233635234354831E-002  0.880030299386100E+002  0.696159005667099E+002
  0.230539669806436E-002  0.879966475760439E+002  0.696208301547134E+002
  0.227438976529521E-002  0.879909419235643E+002  0.696252715283355E+002
  0.227524723204404E-002  0.879901880464884E+002  0.696258608324758E+002
  0.226725416363418E-002  0.879807655285266E+002  0.696332761346369E+002
  0.225375352434420E-002  0.879762493711848E+002  0.696368635446578E+002
  0.225388695459445E-002  0.879761309675535E+002  0.696369578943961E+002
  0.225538820006612E-002  0.879747992719034E+002  0.696380201032928E+002
  0.223703970670849E-002  0.879744001257861E+002  0.696383388531390E+002
  0.225010865382693E-002  0.879627499791697E+002  0.696477203244332E+002
  0.222551099396303E-002  0.879511196549003E+002  0.696572411883582E+002
  0.221294653084783E-002  0.879457064556986E+002  0.696617277137602E+002
  0.221684145232727E-002  0.879421894273460E+002  0.696646620163802E+002
  0.220438321841870E-002  0.879365830167204E+002  0.696693717164561E+002
  0.220742112893039E-002  0.879338286688367E+002  0.696717002824809E+002
  0.221902445999288E-002  0.879233431834448E+002  0.696806564616265E+002
  0.222397084824067E-002  0.879188899801905E+002  0.696845052929667E+002
  0.222660888520013E-002  0.879165190196178E+002  0.696865657568104E+002
  0.222689808820767E-002  0.879162592665650E+002  0.696867919749826E+002
  0.222742851941984E-002  0.879157829375830E+002  0.696872070570136E+002
  0.220944519740519E-002  0.879142177381194E+002  0.696885732746634E+002
  0.219207505887426E-002  0.879122255061421E+002  0.696903173124248E+002
  0.220131072178620E-002  0.879038167963427E+002  0.696977423469801E+002
  0.220402562024787E-002  0.879013516962055E+002  0.696999390801525E+002
  0.217768843580780E-002  0.878893577891406E+002  0.697107618595315E+002
  0.218344870490096E-002  0.878840745134654E+002  0.697156026028578E+002
  0.216702262824215E-002  0.878810777160757E+002  0.697183690560292E+002
  0.214970574626226E-002  0.878790244332914E+002  0.697202733181553E+002
  0.215059802525289E-002  0.878781944649442E+002  0.697210451034147E+002
  0.212640274552794E-002  0.878644583359870E+002  0.697339954372811E+002
  0.210781888814372E-002  0.878639146441287E+002  0.697345151010328E+002
  0.210792399704576E-002  0.878638149142307E+002  0.697346104835422E+002
  0.208984933106325E-002  0.878627731521422E+002  0.697356079511501E+002
  0.209067618156979E-002  0.878619820070913E+002  0.697363668257109E+002
  0.209503222803955E-002  0.878578192249612E+002  0.697403794975621E+002
  0.207674347822044E-002  0.878567502500644E+002  0.697414153288825E+002
  0.206303412855073E-002  0.878513919732125E+002  0.697466414666724E+002
  0.206402839751208E-002  0.878504283154300E+002  0.697475874647934E+002
  0.204608972541840E-002  0.878491070054816E+002  0.697488876341561E+002
  0.204745120649900E-002  0.878477766353659E+002  0.697502003367653E+002
  0.203045276301215E-002  0.878454929505367E+002  0.697524622464028E+002
  0.201162068936330E-002  0.878451716503480E+002  0.697527813574706E+002
  0.201353228197968E-002  0.878432720030315E+002  0.697546725122516E+002
  0.201571681993460E-002  0.878411033228495E+002  0.697568408913477E+002
  0.201793107564537E-002  0.878389075378028E+002  0.697590467134976E+002
  0.249909117498213E-002  0.867523789732524E+002  0.699205677293243E+002
  0.249934645144296E-002  0.867521746882497E+002  0.699208837416899E+002
  0.250289564153345E-002  0.867493366083487E+002  0.699253088119555E+002
  0.250480543215671E-002  0.867478111253474E+002  0.699277147811593E+002
  0.250559684744055E-002  0.867471793075840E+002  0.699287170502943E+002
  0.250603626835057E-002  0.867468285868501E+002  0.699292748877721E+002
  0.250679369111226E-002  0.867462241994892E+002  0.699302386942927E+002
  0.241920861689776E-002  0.867446170187071E+002  0.699328172537637E+002
  0.242224556155420E-002  0.867421079006258E+002  0.699368894615438E+002
  0.242264688376639E-002  0.867417765643019E+002  0.699374315603828E+002
  0.239516470159503E-002  0.867400537764118E+002  0.699402670077174E+002
  0.239804338553409E-002  0.867376514736260E+002  0.699442691140211E+002
  0.236859219600190E-002  0.867375211942232E+002  0.699444878008813E+002
  0.237183981952066E-002  0.867347808329935E+002  0.699491283449047E+002
  0.237642006159190E-002  0.867309223723308E+002  0.699557992658414E+002
  0.237819259413828E-002  0.867294311613684E+002  0.699584226209526E+002
  0.234825902754127E-002  0.867289574930964E+002  0.699592613798446E+002
  0.234939119702353E-002  0.867279934626130E+002  0.699609767758276E+002
  0.232156712521087E-002  0.867256768731802E+002  0.699651457092918E+002
  0.232214516496775E-002  0.867251789614029E+002  0.699660506085285E+002
  0.229216641656099E-002  0.867246764973887E+002  0.699669670327583E+002
  0.226530058655903E-002  0.867217659326163E+002  0.699723416037928E+002
  0.226669626980238E-002  0.867205340842001E+002  0.699746514380278E+002
  0.221199985195552E-002  0.867160503238425E+002  0.699832473563611E+002
  0.218373838878418E-002  0.867152773731017E+002  0.699847606375036E+002
  0.215646803738524E-002  0.867139200193614E+002  0.699874416620203E+002
  0.215732917785127E-002  0.867131215205591E+002  0.699890332434325E+002
  0.215756284410715E-002  0.867129049067899E+002  0.699894668781649E+002
  0.212891339425570E-002  0.867124287341715E+002  0.699904229699343E+002
  0.212955947932814E-002  0.867118218639656E+002  0.699916472307297E+002
  0.212996586093263E-002  0.867114402424718E+002  0.699924204292627E+002
  0.213172143693209E-002  0.867097924668599E+002  0.699957892741226E+002
  0.210190232266951E-002  0.867095972709784E+002  0.699961916742447E+002
  0.207286278828984E-002  0.867090523235473E+002  0.699973189045015E+002
  0.207474258037785E-002  0.867072394295522E+002  0.700011102481428E+002
  0.207526491047962E-002  0.867067359797578E+002  0.700021747113130E+002
  0.204673250654229E-002  0.867052267627975E+002  0.700053970151536E+002
  0.204876625975900E-002  0.867032404324383E+002  0.700097124473434E+002
  0.204919037749718E-002  0.867028264527140E+002  0.700106229267819E+002
  0.204920799938602E-002  0.867028092539088E+002  0.700106608374571E+002
  0.201882855308970E-002  0.867021462251656E+002  0.700121275412540E+002
  0.201913149959209E-002  0.867018461266019E+002  0.700127947738607E+002
  0.201918804701808E-002  0.867017901157535E+002  0.700129195426866E+002
  0.201919041703153E-002  0.867017877682633E+002  0.700129247735401E+002
  0.202008118067943E-002  0.867009056650021E+002  0.700148996834047E+002
  0.202026124691877E-002  0.867007273967066E+002  0.700153010913495E+002
  0.198878582794105E-002  0.866990738275928E+002  0.700190622349774E+002
  0.195687460431668E-002  0.866983666335250E+002  0.700206922175592E+002
  0.195710774286203E-002  0.866981283712898E+002  0.700212443553049E+002
  0.195758859621820E-002  0.866976370398383E+002  0.700223877598885E+002
  0.192589193951555E-002  0.866960965773374E+002  0.700260158420124E+002
  0.192628091648741E-002  0.866956926733718E+002  0.700269782670818E+002
  0.192669555427003E-002  0.866952622136611E+002  0.700280092187631E+002
  0.192676546334584E-002  0.866951896460908E+002  0.700281835577003E+002
  0.192688644429770E-002  0.866950640707095E+002  0.700284856151046E+002
  0.192708655223289E-002  0.866948563806862E+002  0.700289862261431E+002
  0.192733302410150E-002  0.866946005996389E+002  0.700296045423136E+002
  0.192809068972955E-002  0.866938145219530E+002  0.700315173252128E+002
  0.192848968962661E-002  0.866934006839315E+002  0.700325320770130E+002
  0.192888613248569E-002  0.866929895828320E+002  0.700335455207106E+002
  0.192889133586772E-002  0.866929841876198E+002  0.700335588571396E+002
  0.192907315717589E-002  0.866927956723458E+002  0.700340254415521E+002
  0.192990845563733E-002  0.866919298496410E+002  0.700361834219227E+002
  0.193018755220829E-002  0.866916406375894E+002  0.700369098537342E+002
  0.193043885886845E-002  0.866913802584346E+002  0.700375663085245E+002
  0.193093099484381E-002  0.866908704538868E+002  0.700388584065901E+002
  0.188750639845756E-002  0.866903827680576E+002  0.700401030229574E+002
  0.184520236805362E-002  0.866897390035824E+002  0.700417591079095E+002
  0.180344190011198E-002  0.866895438677172E+002  0.700422641047793E+002
  0.176334656687054E-002  0.866885319187717E+002  0.700449060168563E+002
  0.176340150700919E-002  0.866884696062532E+002  0.700450699847942E+002
  0.176340230397613E-002  0.866884687023560E+002  0.700450723644079E+002
  0.172278638128409E-002  0.866868778012903E+002  0.700493113349469E+002
  0.101400113510867E-001  0.825057651568835E+002  0.700780458051722E+002
  0.101411241404917E-001  0.825055456840820E+002  0.700787574779874E+002
  0.101427048316414E-001  0.825052339695324E+002  0.700797743683885E+002
  0.101427261544898E-001  0.825052297649684E+002  0.700797881343393E+002
  0.101439722735971E-001  0.825049840632613E+002  0.700805948972642E+002
  0.101458616301945E-001  0.825046115897138E+002  0.700818267557545E+002
