  0.221818968817312E-001  0.895408097447122E+002  0.670445614288913E+002
  0.221818968817312E-001  0.872358862723400E+002  0.674031053080037E+002
  0.221818968817312E-001  0.867690705914318E+002  0.729630545379202E+002
  0.221818968817312E-001  0.866867267429898E+002  0.674954757219931E+002
  0.221818968817312E-001  0.866418961579316E+002  0.729413264465866E+002
  0.221818968817312E-001  0.866184110774499E+002  0.675071864156265E+002
  0.221818968817312E-001  0.803278139297362E+002  0.689961049079762E+002
  0.221818968817312E-001  0.860978614514504E+002  0.675981349340036E+002
  0.221818968817312E-001  0.853857704359122E+002  0.677279140963275E+002
  0.221818968817312E-001  0.853733354851491E+002  0.677302404179311E+002
  0.221818968817312E-001  0.853625329238980E+002  0.727122182355725E+002
  0.221818968817312E-001  0.841787723566553E+002  0.679648681097851E+002
  0.221818968817312E-001  0.841560069667420E+002  0.679695768146346E+002
  0.221818968817312E-001  0.841332215080200E+002  0.679742995466668E+002
  0.221818968817312E-001  0.840935228333569E+002  0.679825516636752E+002
  0.221818968817312E-001  0.839446177981060E+002  0.724307022533012E+002
  0.221818968817312E-001  0.838668688132092E+002  0.724142204427898E+002
  0.221818968817312E-001  0.838654379160260E+002  0.724139159489693E+002
  0.221818968817312E-001  0.836012620765993E+002  0.723569554412335E+002
  0.221818968817312E-001  0.834378732898035E+002  0.681235287409114E+002
  0.221818968817312E-001  0.834198756669396E+002  0.723169489890370E+002
  0.221818968817312E-001  0.834183672146192E+002  0.681278682711747E+002
  0.221818968817312E-001  0.833968306159407E+002  0.723118113514480E+002
  0.221818968817312E-001  0.833104285331576E+002  0.722924354555103E+002
  0.221818968817312E-001  0.831901133089994E+002  0.722651483492045E+002
  0.221818968817312E-001  0.831869393404460E+002  0.681800577857578E+002
  0.221818968817312E-001  0.831606292546768E+002  0.681860756781885E+002
  0.221818968817312E-001  0.830910633370137E+002  0.722424075358530E+002
  0.221818968817312E-001  0.830064345545971E+002  0.682217084574024E+002
  0.221818968817312E-001  0.829827151001895E+002  0.722172350978863E+002
  0.221818968817312E-001  0.829719853209132E+002  0.682297564003113E+002
  0.221818968817312E-001  0.829216123358859E+002  0.722028980762361E+002
  0.221818968817312E-001  0.828819988730031E+002  0.721935475463007E+002
  0.221818968817312E-001  0.828747970484947E+002  0.721918428282844E+002
  0.221818968817312E-001  0.827880213434333E+002  0.721711852433197E+002
  0.221818968817312E-001  0.827749575953185E+002  0.682764250227888E+002
  0.221818968817312E-001  0.827523819539046E+002  0.721626373196240E+002
  0.221818968817312E-001  0.827358351898568E+002  0.682858255156286E+002
  0.221818968817312E-001  0.827015085875862E+002  0.682941114013324E+002
  0.221818968817312E-001  0.826961447552581E+002  0.721490719906018E+002
  0.221818968817312E-001  0.825834025340332E+002  0.721215849415722E+002
  0.221818968817312E-001  0.825051157092210E+002  0.683422194853922E+002
  0.221818968817312E-001  0.824909104575125E+002  0.720987343414382E+002
  0.221818968817312E-001  0.824597033540439E+002  0.720909614393210E+002
  0.221818968817312E-001  0.823787977735880E+002  0.720706576898913E+002
  0.221818968817312E-001  0.823449401092880E+002  0.720620944003749E+002
  0.221818968817312E-001  0.823151335957669E+002  0.683899587483858E+002
  0.221818968817312E-001  0.822305005794666E+002  0.720328505557514E+002
  0.221818968817312E-001  0.822296110552701E+002  0.720326213968168E+002
  0.221818968817312E-001  0.822118714247813E+002  0.684164361069353E+002
  0.221818968817312E-001  0.822014219349664E+002  0.684191371137861E+002
  0.221818968817312E-001  0.821234649839154E+002  0.720050646214790E+002
  0.221818968817312E-001  0.821216091094619E+002  0.720045790247924E+002
  0.221818968817312E-001  0.820998676106876E+002  0.719988803930394E+002
  0.221818968817312E-001  0.820931556019900E+002  0.684473639307333E+002
  0.221818968817312E-001  0.820788203544583E+002  0.684511350915681E+002
  0.221818968817312E-001  0.820131961921893E+002  0.719759790415705E+002
  0.221818968817312E-001  0.820130088040590E+002  0.719759292036542E+002
  0.221818968817312E-001  0.820030761048627E+002  0.684711958893201E+002
  0.221818968817312E-001  0.818703144422975E+002  0.719375577512759E+002
  0.221818968817312E-001  0.818480143299069E+002  0.719314832764152E+002
  0.221818968817312E-001  0.818083463265349E+002  0.685238572016685E+002
  0.221818968817312E-001  0.817775082494064E+002  0.719121340117401E+002
  0.221818968817312E-001  0.817549296966131E+002  0.685385906704665E+002
  0.221818968817312E-001  0.817391031201435E+002  0.719015005445105E+002
  0.221818968817312E-001  0.803341888474660E+002  0.689936822973219E+002
  0.221818968817312E-001  0.817207582459349E+002  0.685480839034680E+002
  0.221818968817312E-001  0.817105749128162E+002  0.685509233827787E+002
  0.221818968817312E-001  0.816725407793610E+002  0.718829097571329E+002
  0.221818968817312E-001  0.816696769225370E+002  0.685623761399858E+002
  0.221818968817312E-001  0.816585640960153E+002  0.685655017688802E+002
  0.221818968817312E-001  0.815892326309822E+002  0.685851369065496E+002
  0.221818968817312E-001  0.815550415225185E+002  0.685949072829016E+002
  0.221818968817312E-001  0.803437535518118E+002  0.714544249219927E+002
  0.221818968817312E-001  0.803524466352359E+002  0.689867702167233E+002
  0.221818968817312E-001  0.815199376980871E+002  0.718394814680463E+002
  0.221818968817312E-001  0.814788342144829E+002  0.718275832782698E+002
  0.221818968817312E-001  0.814705109637342E+002  0.686193181515929E+002
  0.221818968817312E-001  0.814644980909399E+002  0.718234126167342E+002
  0.221818968817312E-001  0.814630969502909E+002  0.718230044143331E+002
  0.221818968817312E-001  0.803789816048246E+002  0.714676884257947E+002
  0.221818968817312E-001  0.814314659696941E+002  0.718137613173762E+002
  0.221818968817312E-001  0.814289417737994E+002  0.686314599614696E+002
  0.221818968817312E-001  0.814133192004878E+002  0.686360471363930E+002
  0.221818968817312E-001  0.813680805309338E+002  0.686494057908373E+002
  0.221818968817312E-001  0.813609962491081E+002  0.686515080171087E+002
  0.221818968817312E-001  0.813551281754389E+002  0.717912298806702E+002
  0.221818968817312E-001  0.813509263438520E+002  0.717899802890810E+002
  0.221818968817312E-001  0.813420643124058E+002  0.717873415197128E+002
  0.221818968817312E-001  0.813156577865989E+002  0.717794521674547E+002
  0.221818968817312E-001  0.813090860663677E+002  0.717774825465739E+002
  0.221818968817312E-001  0.804198621047974E+002  0.689615761702876E+002
  0.221818968817312E-001  0.812817663144122E+002  0.686752137342580E+002
  0.221818968817312E-001  0.812586919139596E+002  0.717622951147651E+002
  0.221818968817312E-001  0.812575906030111E+002  0.717619615368032E+002
  0.221818968817312E-001  0.812552474398304E+002  0.686832297815077E+002
  0.221818968817312E-001  0.812270589952674E+002  0.717526848182000E+002
  0.221818968817312E-001  0.812076716951116E+002  0.717467648817456E+002
  0.221818968817312E-001  0.812025553972153E+002  0.717451987760955E+002
  0.221818968817312E-001  0.804460802897704E+002  0.714925683222698E+002
  0.221818968817312E-001  0.811798794302138E+002  0.687062431963748E+002
  0.221818968817312E-001  0.811745362969741E+002  0.717365933698540E+002
  0.221818968817312E-001  0.811377186977186E+002  0.687192705475302E+002
  0.221818968817312E-001  0.811317547695314E+002  0.717233588688213E+002
  0.221818968817312E-001  0.811316918801596E+002  0.717233393280534E+002
  0.221818968817312E-001  0.804655160546885E+002  0.714996845131847E+002
  0.221818968817312E-001  0.811045029702203E+002  0.717148673216633E+002
  0.221818968817312E-001  0.810926388087979E+002  0.687333259858171E+002
  0.221818968817312E-001  0.810863459290819E+002  0.687352986076394E+002
  0.221818968817312E-001  0.810802904763242E+002  0.717072820756713E+002
  0.221818968817312E-001  0.810784437917152E+002  0.687377793941501E+002
  0.221818968817312E-001  0.809976215468216E+002  0.716810865228822E+002
  0.221818968817312E-001  0.809778976866991E+002  0.687697145910695E+002
  0.221818968817312E-001  0.809756939211023E+002  0.687704224125171E+002
  0.221818968817312E-001  0.809669562726437E+002  0.716712491159275E+002
  0.221818968817312E-001  0.809087207128004E+002  0.687921004422269E+002
  0.221818968817312E-001  0.809066712822596E+002  0.716517123629043E+002
  0.221818968817312E-001  0.808813251638105E+002  0.716434181703738E+002
  0.221818968817312E-001  0.808730555527687E+002  0.688037798000276E+002
  0.221818968817312E-001  0.808565527930232E+002  0.716352646854322E+002
  0.221818968817312E-001  0.808561427041398E+002  0.688093520386178E+002
  0.221818968817312E-001  0.808559383473170E+002  0.688094195019841E+002
  0.221818968817312E-001  0.808525193034222E+002  0.688105486932229E+002
  0.221818968817312E-001  0.808417553206110E+002  0.688141095750364E+002
  0.221818968817312E-001  0.808239637052996E+002  0.716244662277763E+002
  0.221818968817312E-001  0.808174281599341E+002  0.688221907171300E+002
  0.221818968817312E-001  0.808160800728129E+002  0.716218414557808E+002
  0.221818968817312E-001  0.808098689848505E+002  0.716197700679153E+002
  0.221818968817312E-001  0.808002147127031E+002  0.716165442746716E+002
  0.221818968817312E-001  0.807710582289058E+002  0.716067565613989E+002
  0.221818968817312E-001  0.804882778370758E+002  0.715079684163610E+002
  0.221818968817312E-001  0.807413926698722E+002  0.688477549318785E+002
  0.221818968817312E-001  0.807086154579007E+002  0.715855584015983E+002
  0.221818968817312E-001  0.807078680461388E+002  0.715853026725804E+002
  0.221818968817312E-001  0.807018936338051E+002  0.715832567835997E+002
  0.221818968817312E-001  0.806996766134483E+002  0.715824968001817E+002
  0.221818968817312E-001  0.806901784915717E+002  0.715792360740568E+002
  0.221818968817312E-001  0.806459822025676E+002  0.715639591687692E+002
  0.221818968817312E-001  0.806436713238504E+002  0.688813257515511E+002
  0.221818968817312E-001  0.805865906369311E+002  0.715431516417540E+002
  0.221818968817312E-001  0.805684989125415E+002  0.689077334979694E+002
  0.221818968817312E-001  0.805501961475309E+002  0.689142438875215E+002
  0.221818968817312E-001  0.805462729494592E+002  0.715288377414622E+002
  0.221818968817312E-001  0.805425100940970E+002  0.689169875385909E+002
  0.221818968817312E-001  0.805364022380955E+002  0.689191719479721E+002
  0.221818968817312E-001  0.805265671893500E+002  0.715217842886974E+002
  0.221818968817312E-001  0.810799662387843E+002  0.690043717090292E+002
  0.221818968817312E-001  0.810583784553539E+002  0.690126676493126E+002
  0.221818968817312E-001  0.810583376025994E+002  0.690126834025025E+002
  0.221818968817312E-001  0.810522089420141E+002  0.690150489978463E+002
  0.221818968817312E-001  0.810455237859824E+002  0.690176346917035E+002
  0.221818968817312E-001  0.810370426905112E+002  0.690209230303749E+002
  0.221818968817312E-001  0.810346999366481E+002  0.690218329640644E+002
  0.221818968817312E-001  0.810009751893736E+002  0.690350090495436E+002
  0.221818968817312E-001  0.809214419889112E+002  0.690666770431025E+002
  0.221818968817312E-001  0.808891914403642E+002  0.690797684623887E+002
  0.221818968817312E-001  0.808297889712353E+002  0.691042827817418E+002
  0.221818968817312E-001  0.808285230965953E+002  0.691048110375739E+002
  0.221818968817312E-001  0.808270926874884E+002  0.691054082551509E+002
  0.221818968817312E-001  0.808047601474772E+002  0.691147741957460E+002
  0.221818968817312E-001  0.807947232528549E+002  0.691190094201205E+002
  0.221818968817312E-001  0.807458989373513E+002  0.691398479531210E+002
  0.221818968817312E-001  0.807393616119624E+002  0.691426686597618E+002
  0.221818968817312E-001  0.807319410647995E+002  0.691458794138105E+002
  0.221818968817312E-001  0.807267858305581E+002  0.691481156524717E+002
  0.221818968817312E-001  0.807149046627404E+002  0.691532872830326E+002
  0.221818968817312E-001  0.807058994309840E+002  0.691572238075142E+002
  0.221818968817312E-001  0.807037419889613E+002  0.691581690687535E+002
  0.221818968817312E-001  0.807026942477526E+002  0.691586284289415E+002
  0.221818968817312E-001  0.806737100480790E+002  0.691714155540031E+002
  0.221818968817312E-001  0.806601992583027E+002  0.691774296628444E+002
  0.221818968817312E-001  0.806593016790928E+002  0.691778304324473E+002
  0.221818968817312E-001  0.806150155918236E+002  0.691977988801454E+002
  0.221818968817312E-001  0.806027470019844E+002  0.692033999715158E+002
  0.221818968817312E-001  0.805990869181704E+002  0.692050769161726E+002
  0.221818968817312E-001  0.805964263817145E+002  0.692062976344478E+002
  0.221818968817312E-001  0.805795528469220E+002  0.692140740319788E+002
  0.221818968817312E-001  0.805733416390228E+002  0.692169516982704E+002
  0.221818968817312E-001  0.805670887738586E+002  0.692198570089968E+002
  0.221818968817312E-001  0.805620433778451E+002  0.692222074382415E+002
  0.221818968817312E-001  0.805497774029967E+002  0.692279447924694E+002
  0.221818968817312E-001  0.805219927445362E+002  0.692410650000553E+002
  0.221818968817312E-001  0.805182280333638E+002  0.692428562571746E+002
  0.221818968817312E-001  0.805173425765421E+002  0.692432780353981E+002
  0.221818968817312E-001  0.805025166826559E+002  0.692503673878374E+002
  0.221818968817312E-001  0.804624312593274E+002  0.692697993574815E+002
  0.221818968817312E-001  0.804529963417310E+002  0.692744309843510E+002
  0.221818968817312E-001  0.804236455012573E+002  0.692889863591672E+002
  0.221818968817312E-001  0.804076515149974E+002  0.692970143172146E+002
  0.221818968817312E-001  0.804046792414680E+002  0.692985138960245E+002
  0.221818968817312E-001  0.803890908546649E+002  0.693064187948980E+002
  0.221818968817312E-001  0.803856360826995E+002  0.693081799702050E+002
  0.221818968817312E-001  0.803563643796660E+002  0.693232405621918E+002
  0.221818968817312E-001  0.803538053881613E+002  0.693245691998845E+002
  0.221818968817312E-001  0.803336462454292E+002  0.693351054799068E+002
  0.221818968817312E-001  0.803333128270412E+002  0.693352807949093E+002
  0.221818968817312E-001  0.802936945088967E+002  0.693563651992100E+002
  0.221818968817312E-001  0.802872454458901E+002  0.693598460983550E+002
  0.221818968817312E-001  0.802720579715006E+002  0.693680996174409E+002
  0.221818968817312E-001  0.802677994182860E+002  0.693704282518959E+002
  0.221818968817312E-001  0.802591082341946E+002  0.693752005734016E+002
  0.221818968817312E-001  0.802481484998996E+002  0.693812571600076E+002
  0.221818968817312E-001  0.802343676499659E+002  0.693889352290761E+002
  0.221818968817312E-001  0.802301691538813E+002  0.693912885417509E+002
  0.221818968817312E-001  0.802256254484963E+002  0.693938428811850E+002
  0.221818968817312E-001  0.802148289621472E+002  0.693999441788825E+002
  0.221818968817312E-001  0.802094105339510E+002  0.694030233597971E+002
  0.221818968817312E-001  0.802022450196761E+002  0.694071132355701E+002
  0.221818968817312E-001  0.802009752566788E+002  0.694078401231810E+002
  0.221818968817312E-001  0.801914459243230E+002  0.694133161226082E+002
  0.221818968817312E-001  0.801897921659435E+002  0.694142702286915E+002
  0.221818968817312E-001  0.801874324427235E+002  0.694156335825272E+002
  0.221818968817312E-001  0.801838975273990E+002  0.694176802379909E+002
  0.221818968817312E-001  0.801640658115121E+002  0.694292604039453E+002
  0.221818968817312E-001  0.801583572298982E+002  0.694326252458019E+002
  0.221818968817312E-001  0.801473641170259E+002  0.694391457075900E+002
  0.221818968817312E-001  0.801469903552888E+002  0.694393683554776E+002
  0.221818968817312E-001  0.801429644857283E+002  0.694417705712331E+002
  0.221818968817312E-001  0.801394465182979E+002  0.694438757941801E+002
  0.221818968817312E-001  0.801354293483435E+002  0.694462867348593E+002
  0.221818968817312E-001  0.801184443490512E+002  0.694565643352103E+002
  0.221818968817312E-001  0.801133272173660E+002  0.694596878569757E+002
  0.221818968817312E-001  0.801107621699431E+002  0.694612583982739E+002
  0.221818968817312E-001  0.801099841244354E+002  0.694617354253475E+002
  0.221818968817312E-001  0.801022348924616E+002  0.694665029867527E+002
  0.221818968817312E-001  0.800999193655497E+002  0.694679334160059E+002
  0.221818968817312E-001  0.800791252538216E+002  0.694809027664595E+002
  0.221818968817312E-001  0.800754026059066E+002  0.694832486143933E+002
  0.221818968817312E-001  0.800644470019121E+002  0.694901959650822E+002
  0.221818968817312E-001  0.800518841668846E+002  0.694982445685601E+002
  0.221818968817312E-001  0.800493312957736E+002  0.694998910741235E+002
  0.221818968817312E-001  0.800385188284947E+002  0.695069067243215E+002
  0.221818968817312E-001  0.800175091356361E+002  0.695207394189053E+002
  0.221818968817312E-001  0.800164623785135E+002  0.695214357399131E+002
  0.221818968817312E-001  0.800162672786142E+002  0.695215656002612E+002
  0.221818968817312E-001  0.800125255615328E+002  0.695240607963798E+002
  0.221818968817312E-001  0.800063815531610E+002  0.695281774387972E+002
  0.221818968817312E-001  0.799930612160682E+002  0.695371873532494E+002
  0.221818968817312E-001  0.799811454790696E+002  0.695453488103956E+002
  0.221818968817312E-001  0.799794386521610E+002  0.695465259403293E+002
  0.221818968817312E-001  0.799794185253906E+002  0.695465398331873E+002
  0.221818968817312E-001  0.799680748024084E+002  0.695544160221127E+002
  0.221818968817312E-001  0.799640151035908E+002  0.695572574241028E+002
  0.221818968817312E-001  0.799526115368885E+002  0.695653045754967E+002
  0.221818968817312E-001  0.799472825897055E+002  0.695690990424569E+002
  0.221818968817312E-001  0.799326050343648E+002  0.695796660064748E+002
  0.221818968817312E-001  0.799150575820238E+002  0.695925318002670E+002
  0.221818968817312E-001  0.799049256113642E+002  0.696000817118574E+002
  0.221818968817312E-001  0.799028148294189E+002  0.696016661372333E+002
  0.221818968817312E-001  0.799010621957580E+002  0.696029848046928E+002
  0.221818968817312E-001  0.798976130842116E+002  0.696055881236021E+002
  0.221818968817312E-001  0.798949569542555E+002  0.696076004313821E+002
  0.221818968817312E-001  0.798933434991580E+002  0.696088260222802E+002
  0.221818968817312E-001  0.798840930126127E+002  0.696159005667099E+002
  0.221818968817312E-001  0.798777106500466E+002  0.696208301547134E+002
  0.221818968817312E-001  0.798720049975669E+002  0.696252715283355E+002
  0.221818968817312E-001  0.798712511204911E+002  0.696258608324758E+002
  0.221818968817312E-001  0.798618286025293E+002  0.696332761346369E+002
  0.221818968817312E-001  0.798571940415562E+002  0.696369578943961E+002
  0.221818968817312E-001  0.798558623459061E+002  0.696380201032928E+002
  0.221818968817312E-001  0.798554631997888E+002  0.696383388531390E+002
  0.221818968817312E-001  0.798438130531724E+002  0.696477203244332E+002
  0.221818968817312E-001  0.798321827289030E+002  0.696572411883582E+002
  0.221818968817312E-001  0.798267695297013E+002  0.696617277137602E+002
  0.221818968817312E-001  0.798232525013487E+002  0.696646620163802E+002
  0.221818968817312E-001  0.798176460907231E+002  0.696693717164561E+002
  0.221818968817312E-001  0.797999530541932E+002  0.696845052929667E+002
  0.221818968817312E-001  0.797975820936205E+002  0.696865657568104E+002
  0.221818968817312E-001  0.797973223405677E+002  0.696867919749826E+002
  0.221818968817312E-001  0.797952808121221E+002  0.696885732746634E+002
  0.221818968817312E-001  0.797932885801448E+002  0.696903173124248E+002
  0.221818968817312E-001  0.797848798703454E+002  0.696977423469801E+002
  0.221818968817312E-001  0.797824147702081E+002  0.696999390801525E+002
  0.221818968817312E-001  0.797704208631432E+002  0.697107618595315E+002
  0.221818968817312E-001  0.797651375874681E+002  0.697156026028578E+002
  0.221818968817312E-001  0.797621407900784E+002  0.697183690560292E+002
  0.221818968817312E-001  0.797600875072941E+002  0.697202733181553E+002
  0.221818968817312E-001  0.797592575389469E+002  0.697210451034147E+002
  0.221818968817312E-001  0.797455214099897E+002  0.697339954372811E+002
  0.221818968817312E-001  0.797449777181314E+002  0.697345151010328E+002
  0.221818968817312E-001  0.797448779882334E+002  0.697346104835422E+002
  0.221818968817312E-001  0.797438362261449E+002  0.697356079511501E+002
  0.221818968817312E-001  0.797430450810940E+002  0.697363668257109E+002
  0.221818968817312E-001  0.797388822989639E+002  0.697403794975621E+002
  0.221818968817312E-001  0.797324550472152E+002  0.697466414666724E+002
  0.221818968817312E-001  0.797301700794843E+002  0.697488876341561E+002
  0.221818968817312E-001  0.797288397093686E+002  0.697502003367653E+002
  0.221818968817312E-001  0.797262347243507E+002  0.697527813574706E+002
  0.221818968817312E-001  0.797221663968522E+002  0.697568408913477E+002
  0.221818968817312E-001  0.797199706118055E+002  0.697590467134976E+002
  0.221818968817312E-001  0.800645797828686E+002  0.699205677293243E+002
  0.221818968817312E-001  0.800643754978658E+002  0.699208837416899E+002
  0.221818968817312E-001  0.800600119349635E+002  0.699277147811593E+002
  0.221818968817312E-001  0.800543087102419E+002  0.699368894615438E+002
  0.221818968817312E-001  0.800498522832421E+002  0.699442691140211E+002
  0.221818968817312E-001  0.800497220038393E+002  0.699444878008813E+002
  0.221818968817312E-001  0.800431231819469E+002  0.699557992658414E+002
  0.221818968817312E-001  0.800416319709846E+002  0.699584226209526E+002
  0.221818968817312E-001  0.800368773070048E+002  0.699669670327583E+002
  0.221818968817312E-001  0.800339667422324E+002  0.699723416037928E+002
  0.221818968817312E-001  0.800274781827178E+002  0.699847606375036E+002
  0.221818968817312E-001  0.800253223301752E+002  0.699890332434325E+002
  0.221818968817312E-001  0.800251057164060E+002  0.699894668781649E+002
  0.221818968817312E-001  0.800189367893739E+002  0.700021747113130E+002
  0.221818968817312E-001  0.800154412420544E+002  0.700097124473434E+002
  0.221818968817312E-001  0.800150272623301E+002  0.700106229267819E+002
  0.221818968817312E-001  0.800150100635249E+002  0.700106608374571E+002
  0.221818968817312E-001  0.800143470347817E+002  0.700121275412540E+002
  0.221818968817312E-001  0.800139909253697E+002  0.700129195426866E+002
  0.221818968817312E-001  0.800105674431411E+002  0.700206922175592E+002
  0.221818968817312E-001  0.800103291809059E+002  0.700212443553049E+002
  0.221818968817312E-001  0.800098378494545E+002  0.700223877598885E+002
  0.221818968817312E-001  0.800082973869535E+002  0.700260158420124E+002
  0.221818968817312E-001  0.800078934829879E+002  0.700269782670818E+002
  0.221818968817312E-001  0.800074630232772E+002  0.700280092187631E+002
  0.221818968817312E-001  0.800073904557069E+002  0.700281835577003E+002
  0.221818968817312E-001  0.800072648803256E+002  0.700284856151046E+002
  0.221818968817312E-001  0.800070571903023E+002  0.700289862261431E+002
  0.221818968817312E-001  0.800068014092551E+002  0.700296045423136E+002
  0.221818968817312E-001  0.800051903924481E+002  0.700335455207106E+002
  0.221818968817312E-001  0.800049964819619E+002  0.700340254415521E+002
  0.221818968817312E-001  0.800041306592571E+002  0.700361834219227E+002
  0.221818968817312E-001  0.800038414472055E+002  0.700369098537342E+002
  0.221818968817312E-001  0.800035810680507E+002  0.700375663085245E+002
  0.221818968817312E-001  0.800019398131985E+002  0.700417591079095E+002
  0.221818968817312E-001  0.800017446773333E+002  0.700422641047793E+002
  0.221818968817312E-001  0.800006704158693E+002  0.700450699847942E+002
  0.221818968817312E-001  0.825109704995681E+002  0.700620910446787E+002
