  0.756130254940509E-002  0.883927570822936E+002  0.670445614288913E+002
  0.756130254940509E-002  0.860878336099214E+002  0.674031053080037E+002
  0.756130254940509E-002  0.856210179290132E+002  0.729630545379202E+002
  0.756130254940509E-002  0.855386740805712E+002  0.674954757219931E+002
  0.756130254940509E-002  0.854938434955130E+002  0.729413264465866E+002
  0.756130254940509E-002  0.854703584150313E+002  0.675071864156265E+002
  0.756130254940509E-002  0.853926497374655E+002  0.675205689719193E+002
  0.756130254940509E-002  0.849498087890318E+002  0.675981349340036E+002
  0.756130254940509E-002  0.791797612673176E+002  0.689961049079762E+002
  0.756130254940509E-002  0.842252828227304E+002  0.677302404179311E+002
  0.756130254940509E-002  0.842144802614794E+002  0.727122182355725E+002
  0.756130254940509E-002  0.830307196942367E+002  0.679648681097851E+002
  0.756130254940509E-002  0.830079543043234E+002  0.679695768146346E+002
  0.756130254940509E-002  0.829851688456014E+002  0.679742995466668E+002
  0.756130254940509E-002  0.791861361850474E+002  0.689936822973219E+002
  0.756130254940509E-002  0.827965651356874E+002  0.724307022533012E+002
  0.756130254940509E-002  0.827188161507905E+002  0.724142204427898E+002
  0.756130254940509E-002  0.827173852536074E+002  0.724139159489693E+002
  0.756130254940509E-002  0.824532094141807E+002  0.723569554412335E+002
  0.756130254940509E-002  0.822898206273849E+002  0.681235287409114E+002
  0.756130254940509E-002  0.822718230045210E+002  0.723169489890370E+002
  0.756130254940509E-002  0.822703145522006E+002  0.681278682711747E+002
  0.756130254940509E-002  0.822487779535221E+002  0.723118113514480E+002
  0.756130254940509E-002  0.821623758707390E+002  0.722924354555103E+002
  0.756130254940509E-002  0.820420606465808E+002  0.722651483492045E+002
  0.756130254940509E-002  0.792043939728173E+002  0.689867702167233E+002
  0.756130254940509E-002  0.820125765922582E+002  0.681860756781885E+002
  0.756130254940509E-002  0.819430106745951E+002  0.722424075358530E+002
  0.756130254940509E-002  0.818583818921785E+002  0.682217084574024E+002
  0.756130254940509E-002  0.818346624377709E+002  0.722172350978863E+002
  0.756130254940509E-002  0.792309289424060E+002  0.714676884257947E+002
  0.756130254940509E-002  0.817735596734673E+002  0.722028980762361E+002
  0.756130254940509E-002  0.817339462105845E+002  0.721935475463007E+002
  0.756130254940509E-002  0.817267443860761E+002  0.721918428282844E+002
  0.756130254940509E-002  0.816399686810147E+002  0.721711852433197E+002
  0.756130254940509E-002  0.816269049328998E+002  0.682764250227888E+002
  0.756130254940509E-002  0.816043292914860E+002  0.721626373196240E+002
  0.756130254940509E-002  0.815877825274382E+002  0.682858255156286E+002
  0.756130254940509E-002  0.815534559251676E+002  0.682941114013324E+002
  0.756130254940509E-002  0.815480920928395E+002  0.721490719906018E+002
  0.756130254940509E-002  0.814353498716146E+002  0.721215849415722E+002
  0.756130254940509E-002  0.813570630468024E+002  0.683422194853922E+002
  0.756130254940509E-002  0.813428577950938E+002  0.720987343414382E+002
  0.756130254940509E-002  0.813116506916253E+002  0.720909614393210E+002
  0.756130254940509E-002  0.812307451111694E+002  0.720706576898913E+002
  0.756130254940509E-002  0.811968874468694E+002  0.720620944003749E+002
  0.756130254940509E-002  0.811670809333483E+002  0.683899587483858E+002
  0.756130254940509E-002  0.810824479170480E+002  0.720328505557514E+002
  0.756130254940509E-002  0.810815583928514E+002  0.720326213968168E+002
  0.756130254940509E-002  0.810638187623627E+002  0.684164361069353E+002
  0.756130254940509E-002  0.792718094423788E+002  0.689615761702876E+002
  0.756130254940509E-002  0.809754123214968E+002  0.720050646214790E+002
  0.756130254940509E-002  0.809735564470433E+002  0.720045790247924E+002
  0.756130254940509E-002  0.809518149482690E+002  0.719988803930394E+002
  0.756130254940509E-002  0.809451029395714E+002  0.684473639307333E+002
  0.756130254940509E-002  0.792980276273518E+002  0.714925683222698E+002
  0.756130254940509E-002  0.808651435297707E+002  0.719759790415705E+002
  0.756130254940509E-002  0.808649561416403E+002  0.719759292036542E+002
  0.756130254940509E-002  0.808550234424441E+002  0.684711958893201E+002
  0.756130254940509E-002  0.807222617798788E+002  0.719375577512759E+002
  0.756130254940509E-002  0.806999616674883E+002  0.719314832764152E+002
  0.756130254940509E-002  0.806602936641163E+002  0.685238572016685E+002
  0.756130254940509E-002  0.806294555869878E+002  0.719121340117401E+002
  0.756130254940509E-002  0.793174633922699E+002  0.714996845131847E+002
  0.756130254940509E-002  0.805910504577249E+002  0.719015005445105E+002
  0.756130254940509E-002  0.805765252815414E+002  0.718974612774598E+002
  0.756130254940509E-002  0.805727055835163E+002  0.685480839034680E+002
  0.756130254940509E-002  0.805625222503975E+002  0.685509233827787E+002
  0.756130254940509E-002  0.805244881169424E+002  0.718829097571329E+002
  0.756130254940509E-002  0.805216242601183E+002  0.685623761399858E+002
  0.756130254940509E-002  0.793402251746572E+002  0.715079684163610E+002
  0.756130254940509E-002  0.804411799685636E+002  0.685851369065496E+002
  0.756130254940509E-002  0.804069888600999E+002  0.685949072829016E+002
  0.756130254940509E-002  0.793785145269314E+002  0.715217842886974E+002
  0.756130254940509E-002  0.793883495756769E+002  0.689191719479721E+002
  0.756130254940509E-002  0.803718850356685E+002  0.718394814680463E+002
  0.756130254940509E-002  0.803307815520643E+002  0.718275832782698E+002
  0.756130254940509E-002  0.803224583013156E+002  0.686193181515929E+002
  0.756130254940509E-002  0.803164454285212E+002  0.718234126167342E+002
  0.756130254940509E-002  0.803150442878723E+002  0.718230044143331E+002
  0.756130254940509E-002  0.802834350490968E+002  0.686307136639005E+002
  0.756130254940509E-002  0.793944574316784E+002  0.689169875385909E+002
  0.756130254940509E-002  0.802808891113808E+002  0.686314599614696E+002
  0.756130254940509E-002  0.802652665380692E+002  0.686360471363930E+002
  0.756130254940509E-002  0.793982202870406E+002  0.715288377414622E+002
  0.756130254940509E-002  0.802129435866895E+002  0.686515080171087E+002
  0.756130254940509E-002  0.802070755130203E+002  0.717912298806702E+002
  0.756130254940509E-002  0.802028736814334E+002  0.717899802890810E+002
  0.756130254940509E-002  0.801940116499872E+002  0.717873415197128E+002
  0.756130254940509E-002  0.794021434851123E+002  0.689142438875215E+002
  0.756130254940509E-002  0.794204462501229E+002  0.689077334979694E+002
  0.756130254940509E-002  0.801439708520115E+002  0.686721243356076E+002
  0.756130254940509E-002  0.794385379745125E+002  0.715431516417540E+002
  0.756130254940509E-002  0.801106392515409E+002  0.717622951147651E+002
  0.756130254940509E-002  0.801095379405925E+002  0.717619615368032E+002
  0.756130254940509E-002  0.794956186614318E+002  0.688813257515511E+002
  0.756130254940509E-002  0.795421258291531E+002  0.715792360740568E+002
  0.756130254940509E-002  0.800596190326930E+002  0.717467648817456E+002
  0.756130254940509E-002  0.800545027347967E+002  0.717451987760955E+002
  0.756130254940509E-002  0.800326275555291E+002  0.687059968421145E+002
  0.756130254940509E-002  0.795516239510297E+002  0.715824968001817E+002
  0.756130254940509E-002  0.800264836345554E+002  0.717365933698540E+002
  0.756130254940509E-002  0.799896660352999E+002  0.687192705475302E+002
  0.756130254940509E-002  0.799837021071128E+002  0.717233588688213E+002
  0.756130254940509E-002  0.799836392177410E+002  0.717233393280534E+002
  0.756130254940509E-002  0.799667432441696E+002  0.687264011302017E+002
  0.756130254940509E-002  0.799564503078017E+002  0.717148673216633E+002
  0.756130254940509E-002  0.799445861463793E+002  0.687333259858171E+002
  0.756130254940509E-002  0.795538409713865E+002  0.715832567835997E+002
  0.756130254940509E-002  0.799322378139056E+002  0.717072820756713E+002
  0.756130254940509E-002  0.799303911292966E+002  0.687377793941501E+002
  0.756130254940509E-002  0.795598153837202E+002  0.715853026725804E+002
  0.756130254940509E-002  0.798298450242805E+002  0.687697145910695E+002
  0.756130254940509E-002  0.798276412586837E+002  0.687704224125171E+002
  0.756130254940509E-002  0.798189036102251E+002  0.716712491159275E+002
  0.756130254940509E-002  0.797606680503818E+002  0.687921004422269E+002
  0.756130254940509E-002  0.797586186198410E+002  0.716517123629043E+002
  0.756130254940509E-002  0.797332725013919E+002  0.716434181703738E+002
  0.756130254940509E-002  0.797250028903501E+002  0.688037798000276E+002
  0.756130254940509E-002  0.797085001306045E+002  0.716352646854322E+002
  0.756130254940509E-002  0.797080900417212E+002  0.688093520386178E+002
  0.756130254940509E-002  0.797078856848984E+002  0.688094195019841E+002
  0.756130254940509E-002  0.797044666410035E+002  0.688105486932229E+002
  0.756130254940509E-002  0.796937026581924E+002  0.688141095750364E+002
  0.756130254940509E-002  0.796759110428810E+002  0.716244662277763E+002
  0.756130254940509E-002  0.796693754975155E+002  0.688221907171300E+002
  0.756130254940509E-002  0.796680274103943E+002  0.716218414557808E+002
  0.756130254940509E-002  0.796618163224319E+002  0.716197700679153E+002
  0.756130254940509E-002  0.796521620502845E+002  0.716165442746716E+002
  0.756130254940509E-002  0.796230055664872E+002  0.716067565613989E+002
  0.756130254940509E-002  0.796005893464717E+002  0.688452971322187E+002
  0.756130254940509E-002  0.795933400074536E+002  0.688477549318785E+002
  0.756130254940509E-002  0.795605627954821E+002  0.715855584015983E+002
  0.756130254940509E-002  0.797497745446134E+002  0.714297886160055E+002
  0.756130254940509E-002  0.797391633427876E+002  0.714256830263602E+002
  0.756130254940509E-002  0.796917210716889E+002  0.714071531273287E+002
  0.756130254940509E-002  0.796370909971519E+002  0.713854502378446E+002
  0.756130254940509E-002  0.796227674102260E+002  0.713796925724240E+002
  0.756130254940509E-002  0.795951318500763E+002  0.713685021558565E+002
  0.756130254940509E-002  0.795684633930478E+002  0.713575987775785E+002
  0.756130254940509E-002  0.795370260409399E+002  0.713446096210776E+002
  0.756130254940509E-002  0.795320347961960E+002  0.713425335055771E+002
  0.756130254940509E-002  0.794588481514272E+002  0.713116371647737E+002
  0.756130254940509E-002  0.794533891296337E+002  0.713092974015091E+002
  0.756130254940509E-002  0.794363433905935E+002  0.713019588819033E+002
  0.756130254940509E-002  0.794311996476272E+002  0.712997345846069E+002
  0.756130254940509E-002  0.793960219728768E+002  0.712843979319962E+002
  0.756130254940509E-002  0.793732021312563E+002  0.712743294609452E+002
  0.756130254940509E-002  0.793662822555852E+002  0.712712572085213E+002
  0.756130254940509E-002  0.793277547999851E+002  0.712539847307924E+002
  0.756130254940509E-002  0.792645387816435E+002  0.712249996020510E+002
  0.756130254940509E-002  0.792513343780422E+002  0.712188388341108E+002
  0.756130254940509E-002  0.792479027266904E+002  0.712172314862672E+002
  0.756130254940509E-002  0.792455316466602E+002  0.712161193798474E+002
  0.756130254940509E-002  0.792350912584694E+002  0.712112076535636E+002
  0.756130254940509E-002  0.792323795149506E+002  0.712099279059291E+002
  0.756130254940509E-002  0.792162275271979E+002  0.712022707109427E+002
  0.756130254940509E-002  0.792159201893615E+002  0.712021244307624E+002
  0.756130254940509E-002  0.792061082873722E+002  0.711974428364129E+002
  0.756130254940509E-002  0.791924648956002E+002  0.711908955028687E+002
  0.756130254940509E-002  0.791880098906076E+002  0.711887479826389E+002
  0.756130254940509E-002  0.791877759156136E+002  0.711886350638781E+002
  0.756130254940509E-002  0.791719801704354E+002  0.711809811178861E+002
  0.756130254940509E-002  0.791474248729352E+002  0.711689598053746E+002
  0.756130254940509E-002  0.791350018858752E+002  0.711628194713553E+002
  0.756130254940509E-002  0.790744842249584E+002  0.711323149976507E+002
  0.756130254940509E-002  0.790651073629790E+002  0.711274965369536E+002
  0.756130254940509E-002  0.790585509173840E+002  0.711241121022158E+002
  0.756130254940509E-002  0.790471992166892E+002  0.711182221305264E+002
  0.756130254940509E-002  0.790406118217421E+002  0.711147863564804E+002
  0.756130254940509E-002  0.790399197357656E+002  0.711144246185554E+002
  0.756130254940509E-002  0.790253494896726E+002  0.711067747352495E+002
  0.756130254940509E-002  0.790225741664257E+002  0.711053100808673E+002
  0.756130254940509E-002  0.790112392899249E+002  0.710993027978009E+002
  0.756130254940509E-002  0.790094776104644E+002  0.710983654406363E+002
  0.756130254940509E-002  0.790018320503145E+002  0.710942857040457E+002
  0.756130254940509E-002  0.789872699016293E+002  0.710864619434603E+002
  0.756130254940509E-002  0.789557360301203E+002  0.710692721938169E+002
  0.756130254940509E-002  0.789375091676483E+002  0.710591753655298E+002
  0.756130254940509E-002  0.789269730166098E+002  0.710532828819219E+002
  0.756130254940509E-002  0.788889837979819E+002  0.710316808190888E+002
  0.756130254940509E-002  0.788883379155520E+002  0.710313085602325E+002
  0.756130254940509E-002  0.788783727908220E+002  0.710255432280079E+002
  0.756130254940509E-002  0.788581521945399E+002  0.710137155277310E+002
  0.756130254940509E-002  0.788478050182922E+002  0.710075942252714E+002
  0.756130254940509E-002  0.788412426958568E+002  0.710036871622318E+002
  0.756130254940509E-002  0.788372929896071E+002  0.710013261482661E+002
  0.756130254940509E-002  0.788142054890624E+002  0.709873793990469E+002
  0.756130254940509E-002  0.787840851432995E+002  0.709687926498606E+002
  0.756130254940509E-002  0.787830487425749E+002  0.709681448623792E+002
  0.756130254940509E-002  0.787672543590783E+002  0.709582022561592E+002
  0.756130254940509E-002  0.787584477722242E+002  0.709525997143369E+002
  0.756130254940509E-002  0.787558190882697E+002  0.709509190601220E+002
  0.756130254940509E-002  0.787547944989962E+002  0.709502629361301E+002
  0.756130254940509E-002  0.787445892920849E+002  0.709436951805440E+002
  0.756130254940509E-002  0.787058360544998E+002  0.709181904537170E+002
  0.756130254940509E-002  0.786998735087773E+002  0.709141828710982E+002
  0.756130254940509E-002  0.786937973707038E+002  0.709100749193325E+002
  0.756130254940509E-002  0.786877926255332E+002  0.709059909880929E+002
  0.756130254940509E-002  0.786874193047714E+002  0.709057362804749E+002
  0.756130254940509E-002  0.786777664994488E+002  0.708991171297526E+002
  0.756130254940509E-002  0.786738174984088E+002  0.708963904766699E+002
  0.756130254940509E-002  0.786678109598802E+002  0.708922218875397E+002
  0.756130254940509E-002  0.786590026113997E+002  0.708860614785612E+002
  0.756130254940509E-002  0.786483276013781E+002  0.708785180551636E+002
  0.756130254940509E-002  0.786374545158329E+002  0.708707444666070E+002
  0.756130254940509E-002  0.786318253276775E+002  0.708666831043297E+002
  0.756130254940509E-002  0.786255007404791E+002  0.708620892717512E+002
  0.756130254940509E-002  0.786207431482681E+002  0.708586117632365E+002
  0.756130254940509E-002  0.786104338347554E+002  0.708510102974939E+002
  0.756130254940509E-002  0.786093180916529E+002  0.708501820975337E+002
  0.756130254940509E-002  0.785945415318917E+002  0.708391088030548E+002
  0.756130254940509E-002  0.785902963076576E+002  0.708358905581781E+002
  0.756130254940509E-002  0.785878211882211E+002  0.708340063920922E+002
  0.756130254940509E-002  0.785724743867099E+002  0.708221916783904E+002
  0.756130254940509E-002  0.785711171071695E+002  0.708211355605694E+002
  0.756130254940509E-002  0.785699270901251E+002  0.708202080573350E+002
  0.756130254940509E-002  0.785689803738192E+002  0.708194691547207E+002
  0.756130254940509E-002  0.785635216500386E+002  0.708151907148001E+002
  0.756130254940509E-002  0.785549476306407E+002  0.708084075240737E+002
  0.756130254940509E-002  0.785500924977291E+002  0.708045314274746E+002
  0.756130254940509E-002  0.785389863474070E+002  0.707955663038091E+002
  0.756130254940509E-002  0.785349129303520E+002  0.707922428124535E+002
  0.756130254940509E-002  0.785333423974582E+002  0.707909562306790E+002
  0.756130254940509E-002  0.785317141686750E+002  0.707896193042226E+002
  0.756130254940509E-002  0.785221629467173E+002  0.707817125349316E+002
  0.756130254940509E-002  0.785090524446923E+002  0.707706736991709E+002
  0.756130254940509E-002  0.785022527422949E+002  0.707648600243870E+002
  0.756130254940509E-002  0.784951762811054E+002  0.707587428310267E+002
  0.756130254940509E-002  0.784944697390879E+002  0.707581282321225E+002
  0.756130254940509E-002  0.784925679096429E+002  0.707564703768094E+002
  0.756130254940509E-002  0.784836791125097E+002  0.707486526455900E+002
  0.756130254940509E-002  0.784825378322330E+002  0.707476404586743E+002
  0.756130254940509E-002  0.784783914704335E+002  0.707439465759401E+002
  0.756130254940509E-002  0.784774134845443E+002  0.707430714961497E+002
  0.756130254940509E-002  0.784767910432671E+002  0.707425137832027E+002
  0.756130254940509E-002  0.784727105390073E+002  0.707388427035995E+002
  0.756130254940509E-002  0.784604572914463E+002  0.707276586760646E+002
  0.756130254940509E-002  0.784602105796428E+002  0.707274309495995E+002
  0.756130254940509E-002  0.784560698841410E+002  0.707235934586569E+002
  0.756130254940509E-002  0.784552078431933E+002  0.707227908410780E+002
  0.756130254940509E-002  0.784417334058102E+002  0.707100736339279E+002
  0.756130254940509E-002  0.784361023028785E+002  0.707046596698862E+002
  0.756130254940509E-002  0.784356953251631E+002  0.707042660292875E+002
  0.756130254940509E-002  0.784318961800178E+002  0.707005757600633E+002
  0.756130254940509E-002  0.784297732047628E+002  0.706985011716921E+002
  0.756130254940509E-002  0.784264843403408E+002  0.706952693016201E+002
  0.756130254940509E-002  0.784243493290042E+002  0.706931594163869E+002
  0.756130254940509E-002  0.784229890846713E+002  0.706918102362030E+002
  0.756130254940509E-002  0.784218276174241E+002  0.706906551405439E+002
  0.756130254940509E-002  0.784194464054918E+002  0.706882780399636E+002
  0.756130254940509E-002  0.784187283357509E+002  0.706875588269090E+002
  0.756130254940509E-002  0.784177444783368E+002  0.706865715941681E+002
  0.756130254940509E-002  0.784174735512784E+002  0.706862993688362E+002
  0.756130254940509E-002  0.784167923151158E+002  0.706856141615699E+002
  0.756130254940509E-002  0.784158110667245E+002  0.706846254085846E+002
  0.756130254940509E-002  0.796511012547323E+002  0.701394191761598E+002
  0.756130254940509E-002  0.796495040609685E+002  0.701489639598110E+002
  0.756130254940509E-002  0.796493312596798E+002  0.701500722517753E+002
  0.756130254940509E-002  0.796492581219995E+002  0.701505464934097E+002
  0.756130254940509E-002  0.796486573541887E+002  0.701545676642089E+002
  0.756130254940509E-002  0.796486123595157E+002  0.701548784925037E+002
  0.756130254940509E-002  0.796485855765586E+002  0.701550641950400E+002
  0.756130254940509E-002  0.796483983116602E+002  0.701563772437847E+002
  0.756130254940509E-002  0.796478567815893E+002  0.701603308088504E+002
  0.756130254940509E-002  0.796477723225584E+002  0.701609704138656E+002
  0.756130254940509E-002  0.796476682868545E+002  0.701617675702335E+002
  0.756130254940509E-002  0.796470999514990E+002  0.701663225978000E+002
  0.756130254940509E-002  0.796469271846173E+002  0.701677827299704E+002
  0.756130254940509E-002  0.796468529149095E+002  0.701684225912201E+002
  0.756130254940509E-002  0.796464751222832E+002  0.701718029245083E+002
  0.756130254940509E-002  0.796463841437660E+002  0.701726513775576E+002
  0.756130254940509E-002  0.796461584968103E+002  0.701748212035006E+002
  0.756130254940509E-002  0.796461006280166E+002  0.701753938603290E+002
  0.756130254940509E-002  0.796457296837867E+002  0.701792454075109E+002
  0.756130254940509E-002  0.796454194518506E+002  0.701827540093089E+002
  0.756130254940509E-002  0.796451585139230E+002  0.701859669399767E+002
  0.756130254940509E-002  0.796451279135174E+002  0.702581187858383E+002
  0.756130254940509E-002  0.796450407987474E+002  0.702569678233036E+002
  0.756130254940509E-002  0.796448026500831E+002  0.701908747634949E+002
  0.756130254940509E-002  0.796447169354274E+002  0.702523049838522E+002
  0.756130254940509E-002  0.796443814124418E+002  0.701979327797932E+002
