  0.617861135645174E-025  0.198616506112503E+003  0.600607346292869E+002
  0.341322961598626E-024  0.195191549550484E+003  0.602191774420285E+002
  0.499534355674855E-023  0.189818029293661E+003  0.799715302873673E+002
  0.562175310623133E-023  0.189575098981460E+003  0.604845801162412E+002
  0.917208344490996E-023  0.188589401587536E+003  0.799125728063065E+002
  0.996782361194187E-023  0.188416350399920E+003  0.605402415033681E+002
  0.118908083726381E-022  0.188056887960654E+003  0.798869076451321E+002
  0.123866771358153E-022  0.187968520831520E+003  0.605618392686589E+002
  0.126366433896928E-022  0.187921906594599E+003  0.605640901387724E+002
  0.151691470412421E-022  0.187549925481897E+003  0.605820708888239E+002
  0.360322560834202E-022  0.185812967952702E+003  0.606664794397058E+002
  0.662087050023624E-022  0.184589517552118E+003  0.797180972083874E+002
  0.132344327127570E-021  0.183197671741339E+003  0.607949969635284E+002
  0.147847980799122E-021  0.182969461113123E+003  0.796381867459128E+002
  0.271888138989838E-021  0.181744393255178E+003  0.795773061500627E+002
  0.619126884914795E-021  0.180091898660210E+003  0.794945510447047E+002
  0.756972087161574E-021  0.179683210791221E+003  0.794739702346701E+002
  0.863021839225322E-021  0.179414327976743E+003  0.609840765950098E+002
  0.214247565961751E-020  0.177589117811088E+003  0.610766926105939E+002
  0.218868382992771E-020  0.177539785507755E+003  0.610792088840471E+002
  0.327307309141432E-020  0.176728272018297E+003  0.611207012795149E+002
  0.332655738191934E-020  0.176689199191926E+003  0.793217775197569E+002
  0.453720224320951E-020  0.176061798359506E+003  0.792895615134019E+002
  0.584393839507801E-020  0.175548954027004E+003  0.792631425265067E+002
  0.114700240693525E-019  0.174193634292148E+003  0.791929492292671E+002
  0.117205405397320E-019  0.174143766962718E+003  0.612541252793171E+002
  0.120096417424816E-019  0.174088377579554E+003  0.612570064669323E+002
  0.132608457474689E-019  0.173883510081625E+003  0.791768102451348E+002
  0.146862239119740E-019  0.173672666219526E+003  0.791658212180903E+002
  0.210042958155281E-019  0.172950376491527E+003  0.791280732200538E+002
  0.282165644246479E-019  0.172353356477352E+003  0.613477305443688E+002
  0.432859120446141E-019  0.171490864839789E+003  0.613931770371817E+002
  0.575360788937453E-019  0.170915039289756E+003  0.614236491670767E+002
  0.741216179727861E-019  0.170401793669126E+003  0.614508988569805E+002
  0.181278554695298E-018  0.168606482900550E+003  0.788975909547936E+002
  0.188208344593914E-018  0.168524797839036E+003  0.615512832041893E+002
  0.253811742626622E-018  0.167920055746216E+003  0.615838741163776E+002
  0.258187739332156E-018  0.167879211824686E+003  0.788584016319428E+002
  0.317149606225378E-018  0.167461183015803E+003  0.788357952687626E+002
  0.372519334192350E-018  0.167132696767879E+003  0.616264918365125E+002
  0.405672696485342E-018  0.166955525732018E+003  0.616361108049787E+002
  0.648272563728700E-018  0.166011341026291E+003  0.616875553044625E+002
  0.961568291328307E-018  0.165216176731354E+003  0.617311221051011E+002
  0.100173083930782E-017  0.165127683083600E+003  0.787084968781121E+002
  0.127340302163500E-017  0.164641100466707E+003  0.617627701636183E+002
  0.173003486658720E-017  0.164021547484686E+003  0.617969989273141E+002
  0.400669800823690E-017  0.162335240103780E+003  0.785536058837506E+002
  0.108623078597507E-016  0.160333921845052E+003  0.784408013564609E+002
  0.110917549478843E-016  0.160285459799297E+003  0.620064307717276E+002
  0.389776535720006E-016  0.157765231295596E+003  0.782937068637205E+002
  0.419207411232695E-016  0.157612991269918E+003  0.782849046944364E+002
  0.463138848336284E-016  0.157407013519280E+003  0.782729802143471E+002
  0.461759436525008E-016  0.157406323623567E+003  0.782729402451727E+002
  0.571443210746341E-016  0.156973425934948E+003  0.621966603269086E+002
  0.581414075136500E-016  0.156932174180067E+003  0.621990580956398E+002
  0.890866936966742E-016  0.156072054843444E+003  0.781952643414376E+002
  0.101354027841424E-015  0.155807379999440E+003  0.622647154646458E+002
  0.101176094241851E-015  0.155804238635185E+003  0.781795817595853E+002
  0.154985959012555E-015  0.154944639015482E+003  0.623154455255409E+002
  0.158811268128610E-015  0.154889219478329E+003  0.781257659713402E+002
  0.180197006585234E-015  0.154629895439889E+003  0.781104473585903E+002
  0.192647179872900E-015  0.154489620461805E+003  0.623423326332776E+002
  0.495188736357935E-015  0.152594807795403E+003  0.624552981176844E+002
  0.522736261330070E-015  0.152479876053290E+003  0.624622030498521E+002
  0.533798374641822E-015  0.152431338201804E+003  0.624651209794602E+002
  0.717059911652992E-015  0.151834400213986E+003  0.779433843291036E+002
  0.988301526584389E-015  0.151186087745524E+003  0.625403601434807E+002
  0.135504228692631E-014  0.150548231963633E+003  0.778652945257842E+002
  0.187215021867505E-014  0.149895066467556E+003  0.626191508919532E+002
  0.200972463365488E-014  0.149746590698071E+003  0.778162166028434E+002
  0.216580119460497E-014  0.149590349827317E+003  0.626378670779723E+002
  0.238999944337519E-014  0.149386688700617E+003  0.777940792879935E+002
  0.285561426386291E-014  0.149024045439157E+003  0.626727736496016E+002
  0.298900742910535E-014  0.148926081068777E+003  0.626788284869436E+002
  0.327686960320563E-014  0.148735531071333E+003  0.777538616908056E+002
  0.432075797912696E-014  0.148175790955975E+003  0.627253634588390E+002
  0.678976316117457E-014  0.147265164944926E+003  0.776622474699118E+002
  0.932959436931677E-014  0.146622958409683E+003  0.628226037830719E+002
  0.102744651558706E-013  0.146423362493270E+003  0.776092857836708E+002
  0.165836550636156E-013  0.145459195174087E+003  0.628963261878976E+002
  0.178012891265359E-013  0.145310832990011E+003  0.629057780647840E+002
  0.198043208567066E-013  0.145090918886897E+003  0.629198108874699E+002
  0.275925633986520E-013  0.144420970995992E+003  0.774817535865260E+002
  0.283888466939797E-013  0.144357415312507E+003  0.629668123289209E+002
  0.303026800331084E-013  0.144220280107217E+003  0.629756335035983E+002
  0.469309569899024E-013  0.143338741801201E+003  0.774118848065335E+002
  0.523683308172437E-013  0.143112837194123E+003  0.630472667937007E+002
  0.689630829313603E-013  0.142555643020869E+003  0.773609014813017E+002
  0.771790660878375E-013  0.142323873592371E+003  0.630987391037071E+002
  0.916317984887734E-013  0.141973917810346E+003  0.631216898205373E+002
  0.125820599667181E-012  0.141333104782782E+003  0.772805724514425E+002
  0.147522624719184E-012  0.141008200259114E+003  0.631854115595234E+002
  0.188484337034113E-012  0.140511477961260E+003  0.772260683712325E+002
  0.306981405553887E-012  0.139529277847582E+003  0.771603505324603E+002
  0.357382555274063E-012  0.139218583039556E+003  0.633050490268155E+002
  0.554070295908132E-012  0.138334957909024E+003  0.770795915386426E+002
  0.592002417113561E-012  0.138195864026400E+003  0.633743571547037E+002
  0.610041145066654E-012  0.138129177070247E+003  0.633789008067329E+002
  0.780092751131323E-012  0.137630748653062E+003  0.770315245885894E+002
  0.791890162997585E-012  0.137594073323293E+003  0.634154693979692E+002
  0.115578387618518E-011  0.136831194994462E+003  0.769765350898527E+002
  0.127855294958232E-011  0.136622639142611E+003  0.769621178349139E+002
  0.175924960318392E-011  0.135977666710389E+003  0.635271462750631E+002
  0.192883955893354E-011  0.135786948728247E+003  0.769040353443340E+002
  0.225874865533070E-011  0.135464508327411E+003  0.768814895221575E+002
  0.268238497364207E-011  0.135114062053801E+003  0.635875827773258E+002
  0.342313845136105E-011  0.134619703490049E+003  0.768220534599818E+002
  0.412506851228567E-011  0.134239998264697E+003  0.636493170383216E+002
  0.411800364888256E-011  0.134236770952514E+003  0.636495460546177E+002
  0.560850779602681E-011  0.133612282973421E+003  0.636940121103766E+002
  0.592720144581449E-011  0.133495092441418E+003  0.767420910107518E+002
  0.610172511341968E-011  0.133430398127979E+003  0.767374612437396E+002
  0.614509135446365E-011  0.133409578402389E+003  0.767359706064108E+002
  0.865274959457638E-011  0.132718475755683E+003  0.637581869563497E+002
  0.867017760218276E-011  0.132707795910248E+003  0.637589576154833E+002
  0.864385368276453E-011  0.132707221857644E+003  0.637589990418015E+002
  0.110720941478467E-010  0.132205407496250E+003  0.637953144507304E+002
  0.141909448480735E-010  0.131702399571332E+003  0.766125580076648E+002
  0.207039462768305E-010  0.130940303493045E+003  0.638877917589164E+002
  0.213824550766717E-010  0.130869155100785E+003  0.638930327374674E+002
  0.216899748559076E-010  0.130833940648483E+003  0.638956283332790E+002
  0.217706901376652E-010  0.130819856247356E+003  0.765478145849530E+002
  0.272539883258218E-010  0.130363930077331E+003  0.765141068402314E+002
  0.302127950506431E-010  0.130151143215449E+003  0.639461683329538E+002
  0.322404070800320E-010  0.130014577570700E+003  0.764881556441086E+002
  0.396035547509308E-010  0.129596525317397E+003  0.764569592088010E+002
  0.397715528332499E-010  0.129581403690952E+003  0.764558278574790E+002
  0.474192564745389E-010  0.129222995116487E+003  0.640155288374170E+002
  0.520031566226971E-010  0.129031787496136E+003  0.640299142930984E+002
  0.689538868169069E-010  0.128460864809636E+003  0.763714135819428E+002
  0.724288692329779E-010  0.128355875245358E+003  0.640810364687611E+002
  0.767493114428767E-010  0.128233340767626E+003  0.640903499197837E+002
  0.828194280889802E-010  0.128074448672191E+003  0.763420334508628E+002
  0.926365153668656E-010  0.127843751640577E+003  0.641200557771545E+002
  0.965177007156956E-010  0.127755010019808E+003  0.641268424981759E+002
  0.965412263844914E-010  0.127747867009815E+003  0.763170922479953E+002
  0.981709399398064E-010  0.127707731208153E+003  0.641304613419985E+002
  0.119841453661611E-009  0.127302156817081E+003  0.641615938392977E+002
  0.144118507511402E-009  0.126926568676422E+003  0.762539134989636E+002
  0.200189828237935E-009  0.126262652840965E+003  0.642421277313663E+002
  0.226814691802454E-009  0.126006262679104E+003  0.761823229110797E+002
  0.274849725059138E-009  0.125615424807819E+003  0.642928231958831E+002
  0.296480991673563E-009  0.125457252000873E+003  0.643052784501703E+002
  0.387845808553054E-009  0.124913346915395E+003  0.643483095885351E+002
  0.406918235555828E-009  0.124810682515574E+003  0.643564673149187E+002
  0.433282148456900E-009  0.124678473217310E+003  0.643669894251640E+002
  0.444467524538467E-009  0.124620841911585E+003  0.643715820366560E+002
  0.470297412225368E-009  0.124501209741569E+003  0.760633543576124E+002
  0.619592418298288E-009  0.123943160990428E+003  0.760186222822318E+002
  0.660291009779851E-009  0.123809267830786E+003  0.760078382286555E+002
  0.682289328667354E-009  0.123737065967175E+003  0.760020145789111E+002
  0.788693624816412E-009  0.123440562119482E+003  0.644664439305051E+002
  0.798458405737121E-009  0.123409296662131E+003  0.759755032779893E+002
  0.919052751417113E-009  0.123121319790351E+003  0.644923720330959E+002
  0.927776774921969E-009  0.123095768934189E+003  0.759500290673809E+002
  0.967768800168071E-009  0.123004709241280E+003  0.759426091847754E+002
  0.104802060130954E-008  0.122838723048138E+003  0.759290591922743E+002
  0.116984752399735E-008  0.122612127116946E+003  0.759105093217997E+002
  0.126463360163227E-008  0.122449653500162E+003  0.758971713852226E+002
  0.138579283416448E-008  0.122260017955877E+003  0.758815638892983E+002
  0.138614042244653E-008  0.122252860793220E+003  0.758809739932943E+002
  0.182538617508489E-008  0.121695668499227E+003  0.758348597060013E+002
  0.227811901967201E-008  0.121245895831710E+003  0.757973574595724E+002
  0.248773303836928E-008  0.121063196734870E+003  0.646624296718593E+002
  0.268608346454660E-008  0.120903116550468E+003  0.757686061045157E+002
  0.332644224318113E-008  0.120468822638538E+003  0.647125180507023E+002
  0.357159018751258E-008  0.120319951878587E+003  0.647251349790957E+002
  0.364396132591114E-008  0.120273175420478E+003  0.757153760445240E+002
  0.375155862227395E-008  0.120208319800327E+003  0.757098664251345E+002
  0.509948411839071E-008  0.119587728229902E+003  0.647876179025212E+002
  0.609620267378627E-008  0.119224019282743E+003  0.648189228980312E+002
  0.644435358382511E-008  0.119106287164147E+003  0.648290952147692E+002
  0.874396957956983E-008  0.118489311708336E+003  0.755617612131344E+002
  0.100589427441168E-007  0.118202460543614E+003  0.649078363097874E+002
  0.101388726666150E-007  0.118179975461449E+003  0.755346712713151E+002
  0.113731074925224E-007  0.117943570358081E+003  0.755138747399202E+002
  0.128249713703600E-007  0.117696629613871E+003  0.649524176010412E+002
  0.133392486008600E-007  0.117611340926875E+003  0.754845096436664E+002
  0.170559207152389E-007  0.117113111971996E+003  0.754401624439030E+002
  0.224117294360027E-007  0.116560282276068E+003  0.753905099022229E+002
  0.233834646748262E-007  0.116468737341078E+003  0.650622396923423E+002
  0.247698710243507E-007  0.116346883957276E+003  0.753712153937224E+002
  0.366994176849414E-007  0.115553962674128E+003  0.651456007247492E+002
  0.452364453995287E-007  0.115129022717840E+003  0.651847936165849E+002
  0.520158033572466E-007  0.114843078123584E+003  0.752331420702316E+002
  0.573480475962969E-007  0.114641240110972E+003  0.752143194543757E+002
  0.586015400174752E-007  0.114591340176667E+003  0.652348263215255E+002
  0.631099237105707E-007  0.114436450495754E+003  0.652493325833738E+002
  0.670460462356463E-007  0.114308791687922E+003  0.652613204128968E+002
  0.693767269403399E-007  0.114233792459728E+003  0.652683767603079E+002
  0.907024180025636E-007  0.113691071776503E+003  0.751247397325690E+002
  0.103799447952659E-006  0.113414662923853E+003  0.653461098131518E+002
  0.120111559206378E-006  0.113116086706415E+003  0.750697275335533E+002
  0.135670805303083E-006  0.112865810263710E+003  0.750455861283029E+002
  0.147253643128377E-006  0.112695304361312E+003  0.750290698694809E+002
  0.147306506924395E-006  0.112687930913532E+003  0.750283543513002E+002
  0.168004938619160E-006  0.112418319576584E+003  0.750021177503367E+002
  0.170541548909495E-006  0.112381692836116E+003  0.749985423849569E+002
  0.181827565907691E-006  0.112246877571433E+003  0.749853591036903E+002
  0.188811618977695E-006  0.112164840001029E+003  0.749773189464889E+002
  0.197003081759289E-006  0.112073245262743E+003  0.749683260384160E+002
  0.211410125976456E-006  0.111925428482897E+003  0.654907042357000E+002
  0.254030893706905E-006  0.111551461069720E+003  0.749167679071538E+002
  0.271687202746070E-006  0.111410414437022E+003  0.749027334070868E+002
  0.273854094436854E-006  0.111387870761122E+003  0.749004863513255E+002
  0.362802867631554E-006  0.110818686861191E+003  0.656010908214668E+002
  0.384297987163740E-006  0.110696914005982E+003  0.656133979166981E+002
  0.401039468783259E-006  0.110604975248860E+003  0.748217697371512E+002
  0.411481321829430E-006  0.110546912108116E+003  0.748158780208260E+002
  0.438728694298368E-006  0.110412021358008E+003  0.656423200684103E+002
  0.523411036553073E-006  0.110052394052732E+003  0.747653892112446E+002
  0.540921101733030E-006  0.109979925764073E+003  0.656865381504950E+002
  0.556607511687051E-006  0.109916096355315E+003  0.656931066666184E+002
  0.597714093128193E-006  0.109766936395491E+003  0.747359877604895E+002
  0.730611276939106E-006  0.109358742785441E+003  0.746936089296362E+002
  0.729099776729518E-006  0.109356229122920E+003  0.657511346372885E+002
  0.731761823354105E-006  0.109342284557739E+003  0.657525895505513E+002
  0.766504389563985E-006  0.109242858293602E+003  0.657629769986769E+002
  0.818799199629721E-006  0.109104205810944E+003  0.657775030931072E+002
  0.839940288371728E-006  0.109046566375271E+003  0.746609256062180E+002
  0.909696755377128E-006  0.108880349786911E+003  0.746434249845006E+002
  0.981889113664877E-006  0.108720960056770E+003  0.746265778367278E+002
  0.110537011689670E-005  0.108477390232218E+003  0.658437735326372E+002
  0.114271004289468E-005  0.108404289760897E+003  0.745929138056491E+002
  0.116590666073441E-005  0.108357441456666E+003  0.745879114959359E+002
  0.116821095239557E-005  0.108346836988221E+003  0.658577029635492E+002
  0.119729396462934E-005  0.108291000402266E+003  0.658636740617701E+002
  0.120871861046541E-005  0.108265351186188E+003  0.658664197021272E+002
  0.128111331663101E-005  0.108142358246694E+003  0.745648716556974E+002
  0.150028403541582E-005  0.107819852729278E+003  0.745300937709698E+002
  0.150807480192317E-005  0.107802838299840E+003  0.659162301598228E+002
  0.186446081445942E-005  0.107371906655625E+003  0.659631636667761E+002
  0.195610639177378E-005  0.107269282957663E+003  0.659744170400606E+002
  0.210074240894656E-005  0.107119957682144E+003  0.659908450093573E+002
  0.224062565407457E-005  0.106984373449160E+003  0.744386646483338E+002
  0.228736597565807E-005  0.106936426289269E+003  0.660111239413573E+002
  0.240127928225982E-005  0.106832569303000E+003  0.744218385584523E+002
  0.272193668889880E-005  0.106575229692206E+003  0.660513215819399E+002
  0.292650010160751E-005  0.106423646992925E+003  0.743761742252760E+002
  0.309204854395614E-005  0.106306938160761E+003  0.660814323683870E+002
  0.308246042646284E-005  0.106306494005805E+003  0.743629989548845E+002
  0.328645975404288E-005  0.106171672815696E+003  0.743477846083684E+002
  0.331705204244541E-005  0.106146486182212E+003  0.743449361144800E+002
  0.373841166129824E-005  0.105900661837480E+003  0.661274509040896E+002
  0.402865985678979E-005  0.105744460362921E+003  0.661452819395006E+002
  0.497540709399985E-005  0.105315657950160E+003  0.661946372728454E+002
  0.562982270794720E-005  0.105061860858260E+003  0.742203449145964E+002
  0.572850516644982E-005  0.105020451943722E+003  0.662289701281999E+002
  0.601604809565221E-005  0.104915844437532E+003  0.662412071711250E+002
  0.604266634413328E-005  0.104900359295341E+003  0.742014595239098E+002
  0.618531300974378E-005  0.104847039214749E+003  0.662492765921578E+002
  0.652465936131839E-005  0.104733561366085E+003  0.662626211091433E+002
  0.729251178714743E-005  0.104504387201074E+003  0.741547722595912E+002
  0.778488567437554E-005  0.104367059459471E+003  0.741384505863792E+002
  0.879043289171969E-005  0.104117444201519E+003  0.741086077918019E+002
  0.883673669036677E-005  0.104100281227067E+003  0.741065474451391E+002
  0.890812963065500E-005  0.104077532355625E+003  0.663406665046857E+002
  0.101545831675603E-004  0.103808955083992E+003  0.663730746820224E+002
  0.115178132031119E-004  0.103550360175896E+003  0.664045382801574E+002
  0.140784080491054E-004  0.103142209658684E+003  0.739897482216659E+002
  0.150788879471974E-004  0.102998247405173E+003  0.664725980827003E+002
  0.157725094966240E-004  0.102901646018874E+003  0.664846336751581E+002
  0.175472232206645E-004  0.102681736044717E+003  0.739323034284567E+002
  0.189021248630115E-004  0.102526323212508E+003  0.739127136221129E+002
  0.204882710523475E-004  0.102358511159804E+003  0.738914434552878E+002
  0.212403709456354E-004  0.102279753415448E+003  0.665630630664827E+002
  0.234760535527536E-004  0.102072943348946E+003  0.665895198772143E+002
  0.249211126087371E-004  0.101946818896201E+003  0.666057497432761E+002
  0.269670675579138E-004  0.101782361193376E+003  0.738174589183242E+002
  0.270284705480096E-004  0.101771156865741E+003  0.738160050509457E+002
  0.338862580354133E-004  0.101312263706900E+003  0.737559454192417E+002
  0.378947969376718E-004  0.101081999618351E+003  0.667190606897404E+002
  0.463708449482591E-004  0.100671629835340E+003  0.736703504947988E+002
  0.465605866702380E-004  0.100656807288076E+003  0.667761364590949E+002
  0.471788478548002E-004  0.100623769208234E+003  0.736638703903396E+002
  0.474356652416499E-004  0.100606256180955E+003  0.667829851956990E+002
  0.502333421756841E-004  0.100484991368840E+003  0.736450111605486E+002
  0.519067580213364E-004  0.100412795786530E+003  0.668093224276744E+002
  0.521345579263619E-004  0.100397382136842E+003  0.668114295517798E+002
  0.570729120692797E-004  0.100209723395228E+003  0.668371886467500E+002
  0.579179686094476E-004  0.100173671683855E+003  0.736023215664781E+002
  0.666033562916602E-004  0.998875615118003E+002  0.668818735917094E+002
  0.713911564432394E-004  0.997420678690356E+002  0.669022511884103E+002
  0.742080421130490E-004  0.996580152363759E+002  0.669140806628653E+002
  0.739763556233001E-004  0.996576136662504E+002  0.735303440721019E+002
  0.785169136775194E-004  0.995318210082712E+002  0.669319209578097E+002
  0.962838079165382E-004  0.991171932278169E+002  0.734532502906899E+002
  0.102869119597601E-003  0.989782229793640E+002  0.734331262770338E+002
  0.103306685797972E-003  0.989630782002353E+002  0.734309255640905E+002
  0.104414655983517E-003  0.989350867152507E+002  0.670176272559837E+002
  0.104620360187657E-003  0.989244948707149E+002  0.734253121236623E+002
  0.109410186633516E-003  0.988283076534294E+002  0.734112749446817E+002
  0.111916056175313E-003  0.987763618881619E+002  0.734036684311308E+002
  0.112978550521328E-003  0.987508085270702E+002  0.670445614288913E+002
  0.117405348104545E-003  0.986672839896640E+002  0.733876364658485E+002
  0.117741953356385E-003  0.986549025435273E+002  0.670586698120597E+002
  0.122613189921719E-003  0.985671685456703E+002  0.733728499779578E+002
  0.123710361096652E-003  0.985426960993938E+002  0.733692249682093E+002
  0.126566045900371E-003  0.984903980429439E+002  0.670830171267028E+002
  0.132636818399717E-003  0.983900416018242E+002  0.733465178971770E+002
  0.134541860840432E-003  0.983548646631046E+002  0.671032193954850E+002
  0.135676470787250E-003  0.983314135293688E+002  0.671067282575171E+002
  0.140214584565144E-003  0.982589562779093E+002  0.671175946862584E+002
  0.143416943628523E-003  0.982071365346333E+002  0.671253894890553E+002
  0.143641735000916E-003  0.981973486134309E+002  0.671268640066569E+002
  0.144127890176682E-003  0.981839354661400E+002  0.671288857940049E+002
  0.148883863355830E-003  0.981123488263414E+002  0.671396985987741E+002
  0.154053492431685E-003  0.980374265779680E+002  0.732934253517049E+002
  0.163047757120391E-003  0.979172844961630E+002  0.671693564404045E+002
  0.180520621752466E-003  0.977070251703365E+002  0.732428307151334E+002
  0.202383451031374E-003  0.974717312877347E+002  0.672382043149358E+002
  0.205808588905876E-003  0.974315109348011E+002  0.672444975854032E+002
  0.213601551083675E-003  0.973505237307723E+002  0.731872711891874E+002
  0.244156109630567E-003  0.970764772594007E+002  0.731438438089015E+002
  0.247424865006477E-003  0.970432233873985E+002  0.673059511892273E+002
  0.256863356145259E-003  0.969616932168945E+002  0.673190200686268E+002
  0.257278513341948E-003  0.969518077321901E+002  0.731238726893892E+002
  0.262246404206793E-003  0.969069014954919E+002  0.673278360615492E+002
  0.267199409165450E-003  0.968628245261291E+002  0.673349475870299E+002
  0.267115464279757E-003  0.968567973760366E+002  0.673359213893593E+002
  0.277315089059261E-003  0.967751950959700E+002  0.730953430563929E+002
  0.290252676707465E-003  0.966773445612565E+002  0.730794138506272E+002
  0.292756297362155E-003  0.966535116396851E+002  0.673689607600163E+002
  0.312181563836457E-003  0.965183671782601E+002  0.730533426414359E+002
  0.322627441497683E-003  0.964458850546980E+002  0.674031053080037E+002
  0.324922453460122E-003  0.964250528274954E+002  0.674065540597124E+002
  0.329610094974141E-003  0.963897494945085E+002  0.674124081515046E+002
  0.334965802568488E-003  0.963508578759083E+002  0.730256099391173E+002
  0.339439975405818E-003  0.963176649283036E+002  0.674243994434180E+002
  0.347497509968517E-003  0.962640886061542E+002  0.730111360696461E+002
  0.346349004614797E-003  0.962640541237391E+002  0.730111303027474E+002
  0.346774179808389E-003  0.962549448657287E+002  0.674348749162643E+002
  0.345818005609734E-003  0.962538115817879E+002  0.674350645588980E+002
  0.347203072672805E-003  0.962391616190325E+002  0.674375172319921E+002
  0.367022768716412E-003  0.961214779316106E+002  0.729871827730564E+002
  0.378600357417045E-003  0.960527077582359E+002  0.729755574649024E+002
  0.379188068081097E-003  0.960429499359887E+002  0.729739039672736E+002
  0.388901042140211E-003  0.959857091217719E+002  0.729641842271558E+002
  0.388897963572247E-003  0.959790693737897E+002  0.729630545379202E+002
  0.403897502422624E-003  0.958967255253477E+002  0.674954757219931E+002
  0.411680943901158E-003  0.958518949402895E+002  0.729413264465866E+002
  0.415159752309353E-003  0.958284098598079E+002  0.675071864156265E+002
  0.415618864174409E-003  0.958195437657615E+002  0.729357714035217E+002
  0.415297045680273E-003  0.958144374085789E+002  0.729348935478263E+002
  0.427320518300672E-003  0.957507011822421E+002  0.675205689719193E+002
  0.433914820248327E-003  0.957134178257732E+002  0.729174680606179E+002
  0.433587306477393E-003  0.957082723919098E+002  0.675279038761887E+002
  0.459342948855631E-003  0.955862089689911E+002  0.675491179066495E+002
  0.465488083400729E-003  0.955529745878331E+002  0.675549231035406E+002
  0.472288360804634E-003  0.955173125353900E+002  0.728833149149367E+002
  0.503974702227730E-003  0.953807842754657E+002  0.675852049740971E+002
  0.504091991047013E-003  0.953736632942485E+002  0.675864647810822E+002
  0.506426084868704E-003  0.953577685009179E+002  0.675892789796770E+002
  0.514626747020248E-003  0.953189859308906E+002  0.728483232010391E+002
  0.515778254242585E-003  0.953078602338084E+002  0.675981349340036E+002
  0.525029100233583E-003  0.952656511400333E+002  0.728388332476788E+002
  0.531864383237891E-003  0.952331258637545E+002  0.728330290356263E+002
  0.547017573935562E-003  0.951702855002886E+002  0.676227030348259E+002
  0.557141945269864E-003  0.951269516868890E+002  0.728139915334584E+002
  0.575400139487872E-003  0.950558048123628E+002  0.676433254072041E+002
  0.576113080688840E-003  0.950466726951145E+002  0.727995037939441E+002
  0.584825284239340E-003  0.950099987526562E+002  0.676516231799142E+002
  0.599464462027750E-003  0.949538960721650E+002  0.676618228243098E+002
  0.600423982148940E-003  0.949440417935327E+002  0.676636185613597E+002
  0.645051694411069E-003  0.947939973785929E+002  0.676911184090415E+002
  0.654091216582062E-003  0.947595090850683E+002  0.727469996605787E+002
  0.654246216323017E-003  0.947523796218073E+002  0.727456822332688E+002
  0.663426916200150E-003  0.947178541603561E+002  0.677051887077717E+002
  0.666838494787227E-003  0.947009402180774E+002  0.677083248787744E+002
  0.700507862371309E-003  0.945957692182701E+002  0.677279140963275E+002
  0.702535037173936E-003  0.945833342675070E+002  0.677302404179311E+002
  0.703993248193431E-003  0.945725317062560E+002  0.727122182355725E+002
  0.715633184720901E-003  0.945330782093425E+002  0.677396644930337E+002
  0.717373840203016E-003  0.945215638774332E+002  0.677418287156545E+002
  0.773358149396769E-003  0.943646179662262E+002  0.726729626761407E+002
  0.782610451719788E-003  0.943341767868484E+002  0.677773190790611E+002
  0.780222111625180E-003  0.943336340610017E+002  0.726670587356336E+002
  0.790836804213206E-003  0.942999524947082E+002  0.677838568094788E+002
  0.806464577163707E-003  0.942541602260760E+002  0.677926318406297E+002
  0.812194204032508E-003  0.942333456375418E+002  0.726478503828584E+002
  0.835686106713494E-003  0.941696628712640E+002  0.726355737899298E+002
  0.906919343330247E-003  0.939994063967732E+002  0.726024412847213E+002
  0.928766588815746E-003  0.939451429405404E+002  0.678526972820181E+002
  0.930199655375345E-003  0.939354037823763E+002  0.678546151069896E+002
  0.955399830036758E-003  0.938752868486851E+002  0.678664878346594E+002
  0.103419878862219E-002  0.937101265373310E+002  0.678994183484643E+002
  0.106731858958380E-002  0.936404259521082E+002  0.725310248118938E+002
  0.106472622608050E-002  0.936386339934786E+002  0.725306627730815E+002
  0.109345268662796E-002  0.935787332313589E+002  0.679259534898837E+002
  0.111231023216646E-002  0.935378799505502E+002  0.725102147440039E+002
  0.113245179433679E-002  0.934953326322013E+002  0.679429566748654E+002
  0.119045783480661E-002  0.933887711390132E+002  0.679648681097851E+002
  0.120008558265187E-002  0.933660057490999E+002  0.679695768146346E+002
  0.120980333385659E-002  0.933432202903780E+002  0.679742995466668E+002
  0.122995718475309E-002  0.933035216157148E+002  0.679825516636752E+002
  0.127759124313140E-002  0.932208718273187E+002  0.679998302787600E+002
  0.128274001977154E-002  0.932061723136699E+002  0.680029174226979E+002
  0.128638434594968E-002  0.931938426934558E+002  0.680055101648224E+002
  0.130056445175671E-002  0.931652612864593E+002  0.680115321188648E+002
  0.129629384181627E-002  0.931651838300028E+002  0.680115484608257E+002
  0.129345911024279E-002  0.931629066330194E+002  0.680120289636538E+002
  0.129451660388374E-002  0.931546165804640E+002  0.724307022533012E+002
  0.131091164957380E-002  0.931227900717389E+002  0.680205110051094E+002
  0.130707972185683E-002  0.931219892556224E+002  0.680206806582767E+002
  0.133246214650977E-002  0.930768675955671E+002  0.724142204427898E+002
  0.132898584296875E-002  0.930754366983840E+002  0.724139159489693E+002
  0.134590617492276E-002  0.930434783283646E+002  0.724071041744089E+002
  0.136230932329068E-002  0.930125952094682E+002  0.680439800069634E+002
  0.140739496972026E-002  0.929408212996313E+002  0.680594031690441E+002
  0.142941574240058E-002  0.929031150541323E+002  0.680675499216334E+002
  0.143817713645462E-002  0.928842381835662E+002  0.723728413319220E+002
  0.145003135763228E-002  0.928611651075293E+002  0.680766499123710E+002
  0.148172880321330E-002  0.928112608589572E+002  0.723569554412335E+002
  0.151494679530280E-002  0.927602636719972E+002  0.723457837044043E+002
  0.151116096958333E-002  0.927586123123998E+002  0.723454209655193E+002
  0.150880284855450E-002  0.927550801093806E+002  0.680998364819965E+002
  0.158659902818671E-002  0.926478720721615E+002  0.681235287409114E+002
  0.158880191910152E-002  0.926384415463176E+002  0.681256256351213E+002
  0.159032115580517E-002  0.926298744492976E+002  0.723169489890370E+002
  0.158623362465495E-002  0.926283659969772E+002  0.681278682711747E+002
  0.159808002758919E-002  0.926068293982987E+002  0.723118113514480E+002
  0.165476135003798E-002  0.925304660718627E+002  0.722946959741292E+002
  0.165266335323646E-002  0.925263478097071E+002  0.722937689257645E+002
  0.165116766672233E-002  0.925215030807515E+002  0.722926778134802E+002
  0.164656748173605E-002  0.925204273155155E+002  0.722924354555103E+002
  0.167243046855748E-002  0.924826014716437E+002  0.681605857532904E+002
  0.167489638359280E-002  0.924729991634090E+002  0.722817220725005E+002
  0.172202246724045E-002  0.924108472826708E+002  0.681768835052505E+002
  0.172553864318901E-002  0.924001120913573E+002  0.722651483492045E+002
  0.172253742850716E-002  0.923969381228039E+002  0.681800577857578E+002
  0.173954868933606E-002  0.923706280370347E+002  0.681860756781885E+002
  0.175346470188169E-002  0.923480365475215E+002  0.681912572469957E+002
  0.178917225277915E-002  0.923010621193717E+002  0.722424075358530E+002
  0.182544984320228E-002  0.922542598155818E+002  0.722315726929709E+002
  0.185412316190652E-002  0.922164333369550E+002  0.682217084574024E+002
  0.186075315852695E-002  0.922026388879753E+002  0.722195541641038E+002
  0.186379744278723E-002  0.921927138825474E+002  0.722172350978863E+002
  0.186759805350767E-002  0.921819841032711E+002  0.682297564003113E+002
  0.188610842397036E-002  0.921556034640118E+002  0.682359414248862E+002
  0.190252900087717E-002  0.921316111182439E+002  0.722028980762361E+002
  0.191172723293089E-002  0.921153093587556E+002  0.682454258578083E+002
  0.192771469497947E-002  0.920919976553610E+002  0.721935475463007E+002
  0.192824126848990E-002  0.920847958308527E+002  0.721918428282844E+002
  0.200705483247307E-002  0.919980201257912E+002  0.721711852433197E+002
  0.201349591805724E-002  0.919849563776764E+002  0.682764250227888E+002
  0.202314579288690E-002  0.919687384990230E+002  0.682803163994241E+002
  0.202284455128106E-002  0.919623807362626E+002  0.721626373196240E+002
  0.203287349405990E-002  0.919458339722147E+002  0.682858255156286E+002
  0.206119480587250E-002  0.919115073699441E+002  0.682941114013324E+002
  0.205986396370992E-002  0.919061435376160E+002  0.721490719906018E+002
  0.213507053081725E-002  0.918277684813115E+002  0.683144755837731E+002
  0.216485952324909E-002  0.917934013163912E+002  0.721215849415722E+002
  0.217451162890937E-002  0.917778484824426E+002  0.721177618070033E+002
  0.223634604988125E-002  0.917151144915789E+002  0.683422194853922E+002
  0.222927210402348E-002  0.917147952809899E+002  0.683422986808224E+002
  0.223734602219705E-002  0.917009092398704E+002  0.720987343414382E+002
  0.226498041827702E-002  0.916697021364018E+002  0.720909614393210E+002
  0.235064818535855E-002  0.915887965559460E+002  0.720706576898913E+002
  0.234561417119904E-002  0.915864286545191E+002  0.683744212627478E+002
  0.234247355427616E-002  0.915824527318628E+002  0.683754251219784E+002
  0.233873877077545E-002  0.915789884483193E+002  0.683763002452757E+002
  0.233110976904525E-002  0.915788675627410E+002  0.720681505629899E+002
  0.235132969399283E-002  0.915549388916460E+002  0.720620944003749E+002
  0.237870557109029E-002  0.915251323781248E+002  0.683899587483858E+002
  0.238922117849993E-002  0.915096548298079E+002  0.720505784495795E+002
  0.246506306168208E-002  0.914404993618245E+002  0.720328505557514E+002
  0.245796645064689E-002  0.914396098376280E+002  0.720326213968168E+002
  0.247162637941017E-002  0.914218702071392E+002  0.684164361069353E+002
  0.247631939278078E-002  0.914114207173243E+002  0.684191371137861E+002
  0.256619441063259E-002  0.913334637662734E+002  0.720050646214790E+002
  0.256004330544762E-002  0.913316078918198E+002  0.720045790247924E+002
  0.256582145948649E-002  0.913204432917900E+002  0.720016549677542E+002
  0.257085709611136E-002  0.913098663930456E+002  0.719988803930394E+002
  0.257092963195527E-002  0.913031543843479E+002  0.684473639307333E+002
  0.258082055171791E-002  0.912888191368162E+002  0.684511350915681E+002
  0.265804710661172E-002  0.912231949745473E+002  0.719759790415705E+002
  0.264946461280855E-002  0.912230075864169E+002  0.719759292036542E+002
  0.265380947692135E-002  0.912130748872206E+002  0.684711958893201E+002
  0.265742422433562E-002  0.912036969655412E+002  0.719707857177176E+002
  0.268428447305549E-002  0.911769276153018E+002  0.684808509204104E+002
  0.270467218668237E-002  0.911551390049705E+002  0.719577846920329E+002
  0.273961486739895E-002  0.911228101565045E+002  0.719490746111515E+002
  0.278915317152214E-002  0.910803132246554E+002  0.719375577512759E+002
  0.279322700481214E-002  0.910707385784914E+002  0.719349522894690E+002
  0.279198762429224E-002  0.910649706136423E+002  0.719333807905675E+002
  0.279240913622314E-002  0.910580131122649E+002  0.719314832764152E+002
  0.283888373689526E-002  0.910183451088929E+002  0.685238572016685E+002
  0.287341774443965E-002  0.909875070317643E+002  0.719121340117401E+002
  0.287918644267052E-002  0.909768402594462E+002  0.685352939940829E+002
  0.288676318483535E-002  0.909649284789710E+002  0.685385906704665E+002
  0.290003082818514E-002  0.909491019025014E+002  0.719015005445105E+002
  0.291146434321933E-002  0.909345767263180E+002  0.718974612774598E+002
  0.290733898377338E-002  0.909307570282928E+002  0.685480839034680E+002
  0.290655866303699E-002  0.909246383139338E+002  0.685497894428786E+002
  0.290279571029093E-002  0.909205736951741E+002  0.685509233827787E+002
  0.293599500067462E-002  0.908911739202972E+002  0.718853330542112E+002
  0.293890127989264E-002  0.908825395617190E+002  0.718829097571329E+002
  0.293333480787073E-002  0.908796757048949E+002  0.685623761399858E+002
  0.293987939578482E-002  0.908685628783733E+002  0.685655017688802E+002
  0.294833492517023E-002  0.908561632578139E+002  0.685689963008721E+002
  0.297638565774957E-002  0.908305694395922E+002  0.718682485952701E+002
  0.301334549266961E-002  0.907992314133402E+002  0.685851369065496E+002
  0.305511942968179E-002  0.907650403048765E+002  0.685949072829016E+002
  0.307245601920493E-002  0.907470675987404E+002  0.718444146323996E+002
  0.306281241888141E-002  0.907466993446030E+002  0.686001726071881E+002
  0.307832995332395E-002  0.907299364804450E+002  0.718394814680463E+002
  0.311153143901929E-002  0.907018252960008E+002  0.718313536572766E+002
  0.312140552323821E-002  0.906888329968408E+002  0.718275832782698E+002
  0.312400934672100E-002  0.906805097460921E+002  0.686193181515929E+002
  0.312300559606077E-002  0.906744968732978E+002  0.718234126167342E+002
  0.311481154252539E-002  0.906730957326489E+002  0.718230044143331E+002
  0.315391796922211E-002  0.906414864938733E+002  0.686307136639005E+002
  0.314347400867331E-002  0.906414647520520E+002  0.718137613173762E+002
  0.313698726122276E-002  0.906389405561574E+002  0.686314599614696E+002
  0.315108350945399E-002  0.906233179828458E+002  0.686360471363930E+002
  0.317328918072394E-002  0.906026178397550E+002  0.686421457243337E+002
  0.320179029176664E-002  0.905780793132917E+002  0.686494057908373E+002
  0.319167801310700E-002  0.905777503693607E+002  0.686495033411448E+002
  0.319183721432100E-002  0.905709950314661E+002  0.686515080171087E+002
  0.319058066542004E-002  0.905651269577968E+002  0.717912298806702E+002
  0.318666862428402E-002  0.905609251262100E+002  0.717899802890810E+002
  0.319018617875744E-002  0.905520630947637E+002  0.717873415197128E+002
  0.322184685036947E-002  0.905256565689568E+002  0.717794521674547E+002
  0.322171176123715E-002  0.905190848487256E+002  0.717774825465739E+002
  0.321850119707041E-002  0.905144233419993E+002  0.686683974277303E+002
  0.322776038331712E-002  0.905020222967881E+002  0.686721243356076E+002
  0.323357820304438E-002  0.904917650967701E+002  0.686752137342580E+002
  0.326023323405337E-002  0.904686906963175E+002  0.717622951147651E+002
  0.325119168808114E-002  0.904675893853690E+002  0.717619615368032E+002
  0.324418899326870E-002  0.904652462221883E+002  0.686832297815077E+002
  0.325668285373394E-002  0.904509031341476E+002  0.686875828151867E+002
  0.326841133304813E-002  0.904370577776253E+002  0.717526848182000E+002
  0.328928394755204E-002  0.904176704774696E+002  0.717467648817456E+002
  0.328675335323968E-002  0.904125541795733E+002  0.717451987760955E+002
  0.331186029563848E-002  0.903906790003057E+002  0.687059968421145E+002
  0.330217934521145E-002  0.903898782125717E+002  0.687062431963748E+002
  0.329620017649778E-002  0.903868472619370E+002  0.687071760004750E+002
  0.328904958983289E-002  0.903845350793320E+002  0.717365933698540E+002
  0.328598258171315E-002  0.903797453506054E+002  0.687093639344026E+002
  0.332793457568092E-002  0.903477174800765E+002  0.687192705475302E+002
  0.331872087742295E-002  0.903466067663128E+002  0.687196152767077E+002
  0.331573145019427E-002  0.903417535518894E+002  0.717233588688213E+002
  0.330481964847268E-002  0.903416906625175E+002  0.717233393280534E+002
  0.332178436939893E-002  0.903247946889462E+002  0.687264011302017E+002
  0.332783112273775E-002  0.903145017525782E+002  0.717148673216633E+002
  0.333650905713765E-002  0.903026375911558E+002  0.687333259858171E+002
  0.333590403529917E-002  0.902963447114398E+002  0.687352986076394E+002
  0.333490320170977E-002  0.902902892586822E+002  0.717072820756713E+002
  0.332689423351415E-002  0.902884425740732E+002  0.687377793941501E+002
  0.344021249614645E-002  0.902147989230288E+002  0.716833798456640E+002
  0.344111225285888E-002  0.902076203291795E+002  0.716810865228822E+002
  0.345083430277595E-002  0.901953221884854E+002  0.716771492734049E+002
  0.345216337011022E-002  0.901878964690570E+002  0.687697145910695E+002
  0.344448772029523E-002  0.901856927034602E+002  0.687704224125171E+002
  0.344807541672846E-002  0.901769550550017E+002  0.716712491159275E+002
  0.353815786644510E-002  0.901187194951583E+002  0.687921004422269E+002
  0.353001860041258E-002  0.901166700646175E+002  0.716517123629043E+002
  0.356316220099436E-002  0.900913239461684E+002  0.716434181703738E+002
  0.356603888847326E-002  0.900830543351266E+002  0.688037798000276E+002
  0.358363989561280E-002  0.900665515753811E+002  0.716352646854322E+002
  0.357246655454494E-002  0.900661414864977E+002  0.688093520386178E+002
  0.356096172971952E-002  0.900659371296749E+002  0.688094195019841E+002
  0.355520379898040E-002  0.900625180857801E+002  0.688105486932229E+002
  0.356251440945402E-002  0.900517541029689E+002  0.688141095750364E+002
  0.358240587888890E-002  0.900339624876576E+002  0.716244662277763E+002
  0.358219087861875E-002  0.900274269422921E+002  0.688221907171300E+002
  0.357269725440504E-002  0.900260788551708E+002  0.716218414557808E+002
  0.357190332455997E-002  0.900198677672084E+002  0.716197700679153E+002
  0.357726286034934E-002  0.900102134950611E+002  0.716165442746716E+002
  0.356700057843039E-002  0.900093036654714E+002  0.688282414656748E+002
  0.355999768280997E-002  0.900065784344274E+002  0.688291536011329E+002
  0.359373774494982E-002  0.899810570112638E+002  0.716067565613989E+002
  0.360846747627239E-002  0.899662207411886E+002  0.716017494270239E+002
  0.361013564084147E-002  0.899586407912482E+002  0.688452971322187E+002
  0.361120757491316E-002  0.899513914522302E+002  0.688477549318785E+002
  0.365868224630212E-002  0.899186142402587E+002  0.715855584015983E+002
  0.364789013908769E-002  0.899178668284967E+002  0.715853026725804E+002
  0.364664793789205E-002  0.899118924161630E+002  0.715832567835997E+002
  0.363856397897067E-002  0.899096753958063E+002  0.715824968001817E+002
  0.363162117580277E-002  0.899068396937289E+002  0.688629572365689E+002
  0.362859575497718E-002  0.899018509623606E+002  0.715798112234202E+002
  0.361956836737616E-002  0.899001772739296E+002  0.715792360740568E+002
  0.368815059116650E-002  0.898559809849255E+002  0.715639591687692E+002
  0.368014733061402E-002  0.898536701062084E+002  0.688813257515511E+002
  0.377411281897412E-002  0.897965894192890E+002  0.715431516417540E+002
  0.377173233132451E-002  0.897911957190820E+002  0.715412457285518E+002
  0.378314480314135E-002  0.897784976948994E+002  0.689077334979694E+002
  0.379851137904537E-002  0.897637348639622E+002  0.715314991638054E+002
  0.379259857718588E-002  0.897601949298889E+002  0.689142438875215E+002
  0.378742070071731E-002  0.897562717318171E+002  0.715288377414622E+002
  0.378194667744403E-002  0.897525088764549E+002  0.689169875385909E+002
  0.378091108742632E-002  0.897464010204534E+002  0.689191719479721E+002
  0.378692651158804E-002  0.897365659717079E+002  0.715217842886974E+002
  0.384730009910463E-002  0.896982766194337E+002  0.715079684163610E+002
  0.387840788472199E-002  0.896755148370465E+002  0.714996845131847E+002
  0.390327062233257E-002  0.896560790721283E+002  0.714925683222698E+002
  0.394163702341189E-002  0.896298608871553E+002  0.689615761702876E+002
  0.400966856221315E-002  0.895889803871825E+002  0.714676884257947E+002
  0.404972217414762E-002  0.895624454175938E+002  0.689867702167233E+002
  0.405384993739624E-002  0.895537523341698E+002  0.714544249219927E+002
  0.405975080434239E-002  0.895441876298240E+002  0.689936822973219E+002
  0.405918113449972E-002  0.895378127120942E+002  0.689961049079762E+002
  0.784085041255357E-002  0.879685318866011E+002  0.690043717090292E+002
  0.784996695657004E-002  0.879662078406759E+002  0.690052620971507E+002
  0.787513479077115E-002  0.879469441031708E+002  0.690126676493126E+002
  0.787529565288828E-002  0.879469032504163E+002  0.690126834025025E+002
  0.789946517270422E-002  0.879407745898309E+002  0.690150489978463E+002
  0.792591393021949E-002  0.879340894337992E+002  0.690176346917035E+002
  0.790757201022289E-002  0.879256083383281E+002  0.690209230303749E+002
  0.786509613136766E-002  0.879232655844650E+002  0.690218329640644E+002
  0.794656478053378E-002  0.878895408371905E+002  0.690350090495436E+002
  0.821489468767031E-002  0.878100076367280E+002  0.690666770431025E+002
  0.829387097782665E-002  0.877777570881811E+002  0.690797684623887E+002
  0.843294415704667E-002  0.877183546190522E+002  0.691042827817418E+002
  0.843828337163722E-002  0.877170887444121E+002  0.691048110375739E+002
  0.844432062900743E-002  0.877156583353052E+002  0.691054082551509E+002
  0.853914060064578E-002  0.876933257952941E+002  0.691147741957460E+002
  0.858210153626524E-002  0.876832889006717E+002  0.691190094201205E+002
  0.868040292165233E-002  0.876605106420015E+002  0.691286819125649E+002
  0.873516596473740E-002  0.876344645851681E+002  0.691398479531210E+002
  0.864691479080198E-002  0.876279272597792E+002  0.691426686597618E+002
  0.867905680126475E-002  0.876205067126163E+002  0.691458794138105E+002
  0.868053395263279E-002  0.876201663471336E+002  0.691460269143604E+002
  0.870145694376008E-002  0.876153514783750E+002  0.691481156524717E+002
  0.869375624723319E-002  0.876034703105572E+002  0.691532872830326E+002
  0.873298915121861E-002  0.875944650788009E+002  0.691572238075142E+002
  0.874241469295917E-002  0.875923076367781E+002  0.691581690687535E+002
  0.868667167799821E-002  0.875912598955694E+002  0.691586284289415E+002
  0.881347640529272E-002  0.875622756958958E+002  0.691714155540031E+002
  0.887321647544182E-002  0.875487649061196E+002  0.691774296628444E+002
  0.887719957647900E-002  0.875478673269096E+002  0.691778304324473E+002
  0.907596025605227E-002  0.875035812396405E+002  0.691977988801454E+002
  0.913180598490623E-002  0.874913126498012E+002  0.692033999715158E+002
  0.908318620994916E-002  0.874876525659873E+002  0.692050769161726E+002
  0.903031105779983E-002  0.874849920295313E+002  0.692062976344478E+002
  0.910681998188933E-002  0.874681184947389E+002  0.692140740319788E+002
  0.906942564442604E-002  0.874619072868396E+002  0.692169516982704E+002
  0.903237298525338E-002  0.874556544216754E+002  0.692198570089968E+002
  0.899004246454695E-002  0.874506090256620E+002  0.692222074382415E+002
  0.898027325783796E-002  0.874383430508135E+002  0.692279447924694E+002
  0.904039070193923E-002  0.874105583923530E+002  0.692410650000553E+002
  0.892803218734040E-002  0.874067936811807E+002  0.692428562571746E+002
  0.886818585769976E-002  0.874059082243590E+002  0.692432780353981E+002
  0.884950940694885E-002  0.873957876984764E+002  0.692481118157844E+002
  0.880699434538043E-002  0.873910823304727E+002  0.692503673878374E+002
  0.885784026228465E-002  0.873509969071442E+002  0.692697993574815E+002
  0.883660685656882E-002  0.873415619895478E+002  0.692744309843510E+002
  0.896724400862965E-002  0.873122111490741E+002  0.692889863591672E+002
  0.897467648152327E-002  0.872962171628143E+002  0.692970143172146E+002
  0.892382382246682E-002  0.872932448892849E+002  0.692985138960245E+002
  0.892940924126738E-002  0.872776565024817E+002  0.693064187948980E+002
  0.888095534230981E-002  0.872742017305164E+002  0.693081799702050E+002
  0.894752087625021E-002  0.872449300274829E+002  0.693232405621918E+002
  0.889498382894863E-002  0.872423710359781E+002  0.693245691998845E+002
  0.879526888334333E-002  0.872222118932461E+002  0.693351054799068E+002
  0.873478641791230E-002  0.872218784748580E+002  0.693352807949093E+002
  0.866375991799742E-002  0.871822601567135E+002  0.693563651992100E+002
  0.863179852907009E-002  0.871758110937070E+002  0.693598460983550E+002
  0.863761222719708E-002  0.871606236193174E+002  0.693680996174409E+002
  0.865602368744493E-002  0.871563650661029E+002  0.693704282518959E+002
  0.863334802147220E-002  0.871476738820114E+002  0.693752005734016E+002
  0.862050423751469E-002  0.871367141477164E+002  0.693812571600076E+002
  0.861982975815770E-002  0.871229332977828E+002  0.693889352290761E+002
  0.857795820361172E-002  0.871187348016982E+002  0.693912885417509E+002
  0.859746821459688E-002  0.871141910963132E+002  0.693938428811850E+002
  0.858355734700760E-002  0.871033946099640E+002  0.693999441788825E+002
  0.860684357102361E-002  0.870979761817679E+002  0.694030233597971E+002
  0.857690598618030E-002  0.870908106674929E+002  0.694071132355701E+002
  0.852191392816512E-002  0.870895409044956E+002  0.694078401231810E+002
  0.844285803787587E-002  0.870800115721398E+002  0.694133161226082E+002
  0.844984214859951E-002  0.870783578137603E+002  0.694142702286915E+002
  0.845981767667491E-002  0.870759980905404E+002  0.694156335825272E+002
  0.841467842200620E-002  0.870724631752158E+002  0.694176802379909E+002
  0.834670544702151E-002  0.870603153218263E+002  0.694247536767140E+002
  0.837883459497087E-002  0.870526314593289E+002  0.694292604039453E+002
  0.840278438910701E-002  0.870469228777150E+002  0.694326252458019E+002
  0.844909793362550E-002  0.870359297648428E+002  0.694391457075900E+002
  0.845067705593541E-002  0.870355560031056E+002  0.694393683554776E+002
  0.834586737001320E-002  0.870315301335452E+002  0.694417705712331E+002
  0.834851806594221E-002  0.870308950227862E+002  0.694421502141195E+002
  0.829498565773210E-002  0.870292152068558E+002  0.694431552301879E+002
  0.829997676155336E-002  0.870280121661148E+002  0.694438757941801E+002
  0.831666472417287E-002  0.870239949961603E+002  0.694462867348593E+002
  0.832592126587597E-002  0.870070099968680E+002  0.694565643352103E+002
  0.822539328048148E-002  0.870018928651828E+002  0.694596878569757E+002
  0.817583289180986E-002  0.869993278177599E+002  0.694612583982739E+002
  0.817901409557660E-002  0.869985497722522E+002  0.694617354253475E+002
  0.815039282784632E-002  0.869908005402784E+002  0.694665029867527E+002
  0.815983451938187E-002  0.869884850133666E+002  0.694679334160059E+002
  0.818404041277428E-002  0.869676909016384E+002  0.694809027664595E+002
  0.807870998796360E-002  0.869639682537234E+002  0.694832486143933E+002
  0.808749932391720E-002  0.869617935109250E+002  0.694846224932803E+002
  0.812308498944561E-002  0.869530126497290E+002  0.694901959650822E+002
  0.799395528600035E-002  0.869404498147015E+002  0.694982445685601E+002
  0.800416556975488E-002  0.869378969435905E+002  0.694998910741235E+002
  0.804755514031195E-002  0.869270844763115E+002  0.695069067243215E+002
  0.812931674496827E-002  0.869068673907209E+002  0.695202126222742E+002
  0.813253906120192E-002  0.869060747834529E+002  0.695207394189053E+002
  0.813679657184295E-002  0.869050280263303E+002  0.695214357399131E+002
  0.813759035465513E-002  0.869048329264310E+002  0.695215656002612E+002
  0.815282888519375E-002  0.869010912093496E+002  0.695240607963798E+002
  0.817791291905718E-002  0.868949472009779E+002  0.695281774387972E+002
  0.810492437378096E-002  0.868816268638850E+002  0.695371873532494E+002
  0.802792032540836E-002  0.868697111268864E+002  0.695453488103956E+002
  0.797296842807458E-002  0.868680042999778E+002  0.695465259403293E+002
  0.797304866353075E-002  0.868679841732074E+002  0.695465398331873E+002
  0.795624104737790E-002  0.868566404502252E+002  0.695544160221127E+002
  0.797240742066503E-002  0.868525807514076E+002  0.695572574241028E+002
  0.801799420003113E-002  0.868411771847053E+002  0.695653045754967E+002
  0.803938642068122E-002  0.868358482375224E+002  0.695690990424569E+002
  0.809860271205656E-002  0.868211706821816E+002  0.695796660064748E+002
  0.810461049439828E-002  0.868036232298406E+002  0.695925318002670E+002
  0.814577250731070E-002  0.867934912591811E+002  0.696000817118574E+002
  0.815437402026159E-002  0.867913804772357E+002  0.696016661372333E+002
  0.816152296737082E-002  0.867896278435749E+002  0.696029848046928E+002
  0.817561011246470E-002  0.867861787320285E+002  0.696055881236021E+002
  0.811881824827976E-002  0.867835226020723E+002  0.696076004313821E+002
  0.805821874238242E-002  0.867819091469749E+002  0.696088260222802E+002
  0.802867070250083E-002  0.867726586604295E+002  0.696159005667099E+002
  0.792229433137673E-002  0.867662762978634E+002  0.696208301547134E+002
  0.781574171597798E-002  0.867605706453838E+002  0.696252715283355E+002
  0.781868832554383E-002  0.867598167683079E+002  0.696258608324758E+002
  0.779122084430429E-002  0.867503942503462E+002  0.696332761346369E+002
  0.774482707692930E-002  0.867458780930043E+002  0.696368635446578E+002
  0.774528559832652E-002  0.867457596893731E+002  0.696369578943961E+002
  0.775044449722674E-002  0.867444279937230E+002  0.696380201032928E+002
  0.768739150290336E-002  0.867440288476056E+002  0.696383388531390E+002
  0.773230179784758E-002  0.867323787009892E+002  0.696477203244332E+002
  0.764777408881218E-002  0.867207483767198E+002  0.696572411883582E+002
  0.760459740906855E-002  0.867153351775181E+002  0.696617277137602E+002
  0.761798196643502E-002  0.867118181491656E+002  0.696646620163802E+002
  0.757517033407884E-002  0.867062117385399E+002  0.696693717164561E+002
  0.758560984813132E-002  0.867034573906563E+002  0.696717002824809E+002
  0.762548368154951E-002  0.866929719052643E+002  0.696806564616265E+002
  0.764248151259920E-002  0.866885187020100E+002  0.696845052929667E+002
  0.765154689612625E-002  0.866861477414373E+002  0.696865657568104E+002
  0.765254071699410E-002  0.866858879883846E+002  0.696867919749826E+002
  0.765436349751118E-002  0.866854116594025E+002  0.696872070570136E+002
  0.759256538260297E-002  0.866838464599389E+002  0.696885732746634E+002
  0.753287441916293E-002  0.866818542279616E+002  0.696903173124248E+002
  0.756461196784391E-002  0.866734455181623E+002  0.696977423469801E+002
  0.757394147920802E-002  0.866709804180250E+002  0.696999390801525E+002
  0.748343604594818E-002  0.866589865109601E+002  0.697107618595315E+002
  0.750323070741459E-002  0.866537032352849E+002  0.697156026028578E+002
  0.744678393011588E-002  0.866507064378952E+002  0.697183690560292E+002
  0.738727597816055E-002  0.866486531551110E+002  0.697202733181553E+002
  0.739034221695380E-002  0.866478231867638E+002  0.697210451034147E+002
  0.730719725211019E-002  0.866340870578065E+002  0.697339954372811E+002
  0.724333544987298E-002  0.866335433659483E+002  0.697345151010328E+002
  0.724369664743150E-002  0.866334436360502E+002  0.697346104835422E+002
  0.718158463695848E-002  0.866324018739617E+002  0.697356079511501E+002
  0.718442603648264E-002  0.866316107289109E+002  0.697363668257109E+002
  0.719939520959004E-002  0.866274479467807E+002  0.697403794975621E+002
  0.713654751871693E-002  0.866263789718839E+002  0.697414153288825E+002
  0.708943653635694E-002  0.866210206950321E+002  0.697466414666724E+002
  0.709285325477379E-002  0.866200570372495E+002  0.697475874647934E+002
  0.703120857541795E-002  0.866187357273011E+002  0.697488876341561E+002
  0.703588718619941E-002  0.866174053571854E+002  0.697502003367653E+002
  0.697747352030357E-002  0.866151216723563E+002  0.697524622464028E+002
  0.691275874455956E-002  0.866148003721675E+002  0.697527813574706E+002
  0.691932776557062E-002  0.866129007248511E+002  0.697546725122516E+002
  0.692683473939065E-002  0.866107320446690E+002  0.697568408913477E+002
  0.693444383568215E-002  0.866085362596223E+002  0.697590467134976E+002
  0.858790847830121E-002  0.855220076950720E+002  0.699205677293243E+002
  0.858878571355545E-002  0.855218034100692E+002  0.699208837416899E+002
  0.860098219521021E-002  0.855189653301682E+002  0.699253088119555E+002
  0.860754502382944E-002  0.855174398471669E+002  0.699277147811593E+002
  0.861026465330675E-002  0.855168080294036E+002  0.699287170502943E+002
  0.861177468487201E-002  0.855164573086696E+002  0.699292748877721E+002
  0.861437750201686E-002  0.855158529213087E+002  0.699302386942927E+002
  0.831339904674914E-002  0.855142457405266E+002  0.699328172537637E+002
  0.832383524172443E-002  0.855117366224453E+002  0.699368894615438E+002
  0.832521435044327E-002  0.855114052861214E+002  0.699374315603828E+002
  0.823077423251786E-002  0.855096824982313E+002  0.699402670077174E+002
  0.824066657836508E-002  0.855072801954455E+002  0.699442691140211E+002
  0.813946013867549E-002  0.855071499160427E+002  0.699444878008813E+002
  0.815062031315426E-002  0.855044095548130E+002  0.699491283449047E+002
  0.816635991485829E-002  0.855005510941503E+002  0.699557992658414E+002
  0.817245106808851E-002  0.854990598831880E+002  0.699584226209526E+002
  0.806958698176073E-002  0.854985862149159E+002  0.699592613798446E+002
  0.807347758326945E-002  0.854976221844325E+002  0.699609767758276E+002
  0.797786259146241E-002  0.854953055949997E+002  0.699651457092918E+002
  0.797984897458386E-002  0.854948076832224E+002  0.699660506085285E+002
  0.787682962491447E-002  0.854943052192082E+002  0.699669670327583E+002
  0.778450754736867E-002  0.854913946544358E+002  0.699723416037928E+002
  0.778930369089432E-002  0.854901628060196E+002  0.699746514380278E+002
  0.760134422976612E-002  0.854856790456621E+002  0.699832473563611E+002
  0.750422618076973E-002  0.854849060949212E+002  0.699847606375036E+002
  0.741051400078611E-002  0.854835487411809E+002  0.699874416620203E+002
  0.741347323476028E-002  0.854827502423786E+002  0.699890332434325E+002
  0.741427620843329E-002  0.854825336286094E+002  0.699894668781649E+002
  0.731582487710892E-002  0.854820574559910E+002  0.699904229699343E+002
  0.731804509201210E-002  0.854814505857851E+002  0.699916472307297E+002
  0.731944158689063E-002  0.854810689642914E+002  0.699924204292627E+002
  0.732547447042877E-002  0.854794211886795E+002  0.699957892741226E+002
  0.722300368954873E-002  0.854792259927979E+002  0.699961916742447E+002
  0.712321186682458E-002  0.854786810453668E+002  0.699973189045015E+002
  0.712967160809839E-002  0.854768681513717E+002  0.700011102481428E+002
  0.713146654985738E-002  0.854763647015773E+002  0.700021747113130E+002
  0.703341743659073E-002  0.854748554846170E+002  0.700053970151536E+002
  0.704040625183171E-002  0.854728691542578E+002  0.700097124473434E+002
  0.704186369538397E-002  0.854724551745335E+002  0.700106229267819E+002
  0.704192425146545E-002  0.854724379757283E+002  0.700106608374571E+002
  0.693752793850731E-002  0.854717749469851E+002  0.700121275412540E+002
  0.693856898769448E-002  0.854714748484215E+002  0.700127947738607E+002
  0.693876330798336E-002  0.854714188375731E+002  0.700129195426866E+002
  0.693877145232751E-002  0.854714164900829E+002  0.700129247735401E+002
  0.694183248377787E-002  0.854705343868216E+002  0.700148996834047E+002
  0.694245126567707E-002  0.854703561185261E+002  0.700153010913495E+002
  0.683428873835398E-002  0.854687025494123E+002  0.700190622349774E+002
  0.672462860643877E-002  0.854679953553445E+002  0.700206922175592E+002
  0.672542976668066E-002  0.854677570931093E+002  0.700212443553049E+002
  0.672708217722718E-002  0.854672657616579E+002  0.700223877598885E+002
  0.661815938579183E-002  0.854657252991569E+002  0.700260158420124E+002
  0.661949607117088E-002  0.854653213951913E+002  0.700269782670818E+002
  0.662092093768413E-002  0.854648909354806E+002  0.700280092187631E+002
  0.662116117411524E-002  0.854648183679103E+002  0.700281835577003E+002
  0.662157691458626E-002  0.854646927925290E+002  0.700284856151046E+002
  0.662226456802218E-002  0.854644851025057E+002  0.700289862261431E+002
  0.662311154706453E-002  0.854642293214585E+002  0.700296045423136E+002
  0.662571519879839E-002  0.854634432437726E+002  0.700315173252128E+002
  0.662708632708420E-002  0.854630294057511E+002  0.700325320770130E+002
  0.662844866833237E-002  0.854626183046515E+002  0.700335455207106E+002
  0.662846654930009E-002  0.854626129094393E+002  0.700335588571396E+002
  0.662909136233998E-002  0.854624243941654E+002  0.700340254415521E+002
  0.663196179252308E-002  0.854615585714605E+002  0.700361834219227E+002
  0.663292088350465E-002  0.854612693594089E+002  0.700369098537342E+002
  0.663378447688564E-002  0.854610089802541E+002  0.700375663085245E+002
  0.663547565916732E-002  0.854604991757063E+002  0.700388584065901E+002
  0.648625082767434E-002  0.854600114898771E+002  0.700401030229574E+002
  0.634087672327619E-002  0.854593677254019E+002  0.700417591079095E+002
  0.619737052378894E-002  0.854591725895367E+002  0.700422641047793E+002
  0.605958641421680E-002  0.854581606405912E+002  0.700449060168563E+002
  0.605977521120319E-002  0.854580983280727E+002  0.700450699847942E+002
  0.605977794991044E-002  0.854580974241756E+002  0.700450723644079E+002
  0.592020488017500E-002  0.854565065231098E+002  0.700493113349469E+002
  0.244314014703439E-001  0.825025111779184E+002  0.700889863170421E+002
  0.244347429556387E-001  0.825022376564168E+002  0.700899471658933E+002
  0.244426449502168E-001  0.825015909774525E+002  0.700922471152590E+002
  0.244430349936634E-001  0.825015590627120E+002  0.700923616763960E+002
  0.244467775603333E-001  0.825012528584963E+002  0.700934660065890E+002
  0.244488400801985E-001  0.825010841300936E+002  0.700940785944564E+002
  0.244505059031427E-001  0.825009478646355E+002  0.700945754673830E+002
  0.244642934515846E-001  0.824998203900071E+002  0.700987633345874E+002
  0.244651679157537E-001  0.824997489022658E+002  0.700990336659284E+002
