  0.137120256150228E-001  0.890553019289306E+002  0.670445614288913E+002
  0.137120256150228E-001  0.867503784565583E+002  0.674031053080037E+002
  0.137120256150228E-001  0.862835627756501E+002  0.729630545379202E+002
  0.137120256150228E-001  0.862012189272081E+002  0.674954757219931E+002
  0.137120256150228E-001  0.861563883421499E+002  0.729413264465866E+002
  0.137120256150228E-001  0.861329032616682E+002  0.675071864156265E+002
  0.137120256150228E-001  0.798423061139545E+002  0.689961049079762E+002
  0.137120256150228E-001  0.856123536356687E+002  0.675981349340036E+002
  0.137120256150228E-001  0.849002626201305E+002  0.677279140963275E+002
  0.137120256150228E-001  0.848878276693674E+002  0.677302404179311E+002
  0.137120256150228E-001  0.848770251081163E+002  0.727122182355725E+002
  0.137120256150228E-001  0.836932645408736E+002  0.679648681097851E+002
  0.137120256150228E-001  0.836704991509603E+002  0.679695768146346E+002
  0.137120256150228E-001  0.836477136922383E+002  0.679742995466668E+002
  0.137120256150228E-001  0.836080150175752E+002  0.679825516636752E+002
  0.137120256150228E-001  0.834591099823243E+002  0.724307022533012E+002
  0.137120256150228E-001  0.833813609974275E+002  0.724142204427898E+002
  0.137120256150228E-001  0.833799301002443E+002  0.724139159489693E+002
  0.137120256150228E-001  0.831157542608176E+002  0.723569554412335E+002
  0.137120256150228E-001  0.829523654740219E+002  0.681235287409114E+002
  0.137120256150228E-001  0.829343678511579E+002  0.723169489890370E+002
  0.137120256150228E-001  0.829328593988375E+002  0.681278682711747E+002
  0.137120256150228E-001  0.829113228001590E+002  0.723118113514480E+002
  0.137120256150228E-001  0.828249207173759E+002  0.722924354555103E+002
  0.137120256150228E-001  0.827046054932177E+002  0.722651483492045E+002
  0.137120256150228E-001  0.827014315246643E+002  0.681800577857578E+002
  0.137120256150228E-001  0.826751214388951E+002  0.681860756781885E+002
  0.137120256150228E-001  0.826055555212320E+002  0.722424075358530E+002
  0.137120256150228E-001  0.825209267388154E+002  0.682217084574024E+002
  0.137120256150228E-001  0.824972072844078E+002  0.722172350978863E+002
  0.137120256150228E-001  0.824864775051315E+002  0.682297564003113E+002
  0.137120256150228E-001  0.824361045201042E+002  0.722028980762361E+002
  0.137120256150228E-001  0.823964910572214E+002  0.721935475463007E+002
  0.137120256150228E-001  0.823892892327131E+002  0.721918428282844E+002
  0.137120256150228E-001  0.823025135276516E+002  0.721711852433197E+002
  0.137120256150228E-001  0.822894497795368E+002  0.682764250227888E+002
  0.137120256150228E-001  0.822668741381229E+002  0.721626373196240E+002
  0.137120256150228E-001  0.822503273740751E+002  0.682858255156286E+002
  0.137120256150228E-001  0.822160007718045E+002  0.682941114013324E+002
  0.137120256150228E-001  0.822106369394764E+002  0.721490719906018E+002
  0.137120256150228E-001  0.820978947182516E+002  0.721215849415722E+002
  0.137120256150228E-001  0.820196078934393E+002  0.683422194853922E+002
  0.137120256150228E-001  0.820054026417308E+002  0.720987343414382E+002
  0.137120256150228E-001  0.819741955382622E+002  0.720909614393210E+002
  0.137120256150228E-001  0.818932899578063E+002  0.720706576898913E+002
  0.137120256150228E-001  0.818594322935064E+002  0.720620944003749E+002
  0.137120256150228E-001  0.818296257799852E+002  0.683899587483858E+002
  0.137120256150228E-001  0.817449927636849E+002  0.720328505557514E+002
  0.137120256150228E-001  0.817441032394884E+002  0.720326213968168E+002
  0.137120256150228E-001  0.817263636089996E+002  0.684164361069353E+002
  0.137120256150228E-001  0.817159141191847E+002  0.684191371137861E+002
  0.137120256150228E-001  0.816379571681337E+002  0.720050646214790E+002
  0.137120256150228E-001  0.816361012936802E+002  0.720045790247924E+002
  0.137120256150228E-001  0.816143597949059E+002  0.719988803930394E+002
  0.137120256150228E-001  0.816076477862083E+002  0.684473639307333E+002
  0.137120256150228E-001  0.815933125386766E+002  0.684511350915681E+002
  0.137120256150228E-001  0.815276883764076E+002  0.719759790415705E+002
  0.137120256150228E-001  0.815275009882773E+002  0.719759292036542E+002
  0.137120256150228E-001  0.815175682890810E+002  0.684711958893201E+002
  0.137120256150228E-001  0.813848066265158E+002  0.719375577512759E+002
  0.137120256150228E-001  0.813625065141252E+002  0.719314832764152E+002
  0.137120256150228E-001  0.813228385107532E+002  0.685238572016685E+002
  0.137120256150228E-001  0.812920004336247E+002  0.719121340117401E+002
  0.137120256150228E-001  0.812694218808314E+002  0.685385906704665E+002
  0.137120256150228E-001  0.812535953043618E+002  0.719015005445105E+002
  0.137120256150228E-001  0.798486810316843E+002  0.689936822973219E+002
  0.137120256150228E-001  0.812352504301532E+002  0.685480839034680E+002
  0.137120256150228E-001  0.812250670970345E+002  0.685509233827787E+002
  0.137120256150228E-001  0.811870329635794E+002  0.718829097571329E+002
  0.137120256150228E-001  0.811841691067553E+002  0.685623761399858E+002
  0.137120256150228E-001  0.811730562802337E+002  0.685655017688802E+002
  0.137120256150228E-001  0.811037248152005E+002  0.685851369065496E+002
  0.137120256150228E-001  0.810695337067368E+002  0.685949072829016E+002
  0.137120256150228E-001  0.798582457360301E+002  0.714544249219927E+002
  0.137120256150228E-001  0.798669388194542E+002  0.689867702167233E+002
  0.137120256150228E-001  0.810344298823054E+002  0.718394814680463E+002
  0.137120256150228E-001  0.809933263987012E+002  0.718275832782698E+002
  0.137120256150228E-001  0.809850031479525E+002  0.686193181515929E+002
  0.137120256150228E-001  0.809789902751582E+002  0.718234126167342E+002
  0.137120256150228E-001  0.809775891345093E+002  0.718230044143331E+002
  0.137120256150228E-001  0.798934737890429E+002  0.714676884257947E+002
  0.137120256150228E-001  0.809459581539124E+002  0.718137613173762E+002
  0.137120256150228E-001  0.809434339580177E+002  0.686314599614696E+002
  0.137120256150228E-001  0.809278113847062E+002  0.686360471363930E+002
  0.137120256150228E-001  0.808825727151521E+002  0.686494057908373E+002
  0.137120256150228E-001  0.808754884333264E+002  0.686515080171087E+002
  0.137120256150228E-001  0.808696203596572E+002  0.717912298806702E+002
  0.137120256150228E-001  0.808654185280703E+002  0.717899802890810E+002
  0.137120256150228E-001  0.808565564966241E+002  0.717873415197128E+002
  0.137120256150228E-001  0.808301499708172E+002  0.717794521674547E+002
  0.137120256150228E-001  0.808235782505860E+002  0.717774825465739E+002
  0.137120256150228E-001  0.799343542890157E+002  0.689615761702876E+002
  0.137120256150228E-001  0.807962584986305E+002  0.686752137342580E+002
  0.137120256150228E-001  0.807731840981779E+002  0.717622951147651E+002
  0.137120256150228E-001  0.807720827872294E+002  0.717619615368032E+002
  0.137120256150228E-001  0.807697396240487E+002  0.686832297815077E+002
  0.137120256150228E-001  0.807415511794857E+002  0.717526848182000E+002
  0.137120256150228E-001  0.807221638793299E+002  0.717467648817456E+002
  0.137120256150228E-001  0.807170475814336E+002  0.717451987760955E+002
  0.137120256150228E-001  0.799605724739887E+002  0.714925683222698E+002
  0.137120256150228E-001  0.806943716144321E+002  0.687062431963748E+002
  0.137120256150228E-001  0.806890284811924E+002  0.717365933698540E+002
  0.137120256150228E-001  0.806522108819369E+002  0.687192705475302E+002
  0.137120256150228E-001  0.806462469537497E+002  0.717233588688213E+002
  0.137120256150228E-001  0.806461840643779E+002  0.717233393280534E+002
  0.137120256150228E-001  0.799800082389068E+002  0.714996845131847E+002
  0.137120256150228E-001  0.806189951544386E+002  0.717148673216633E+002
  0.137120256150228E-001  0.806071309930162E+002  0.687333259858171E+002
  0.137120256150228E-001  0.806008381133002E+002  0.687352986076394E+002
  0.137120256150228E-001  0.805947826605425E+002  0.717072820756713E+002
  0.137120256150228E-001  0.805929359759335E+002  0.687377793941501E+002
  0.137120256150228E-001  0.805121137310399E+002  0.716810865228822E+002
  0.137120256150228E-001  0.804923898709174E+002  0.687697145910695E+002
  0.137120256150228E-001  0.804901861053206E+002  0.687704224125171E+002
  0.137120256150228E-001  0.804814484568620E+002  0.716712491159275E+002
  0.137120256150228E-001  0.804232128970187E+002  0.687921004422269E+002
  0.137120256150228E-001  0.804211634664779E+002  0.716517123629043E+002
  0.137120256150228E-001  0.803958173480288E+002  0.716434181703738E+002
  0.137120256150228E-001  0.803875477369870E+002  0.688037798000276E+002
  0.137120256150228E-001  0.803710449772415E+002  0.716352646854322E+002
  0.137120256150228E-001  0.803706348883581E+002  0.688093520386178E+002
  0.137120256150228E-001  0.803704305315353E+002  0.688094195019841E+002
  0.137120256150228E-001  0.803670114876405E+002  0.688105486932229E+002
  0.137120256150228E-001  0.803562475048293E+002  0.688141095750364E+002
  0.137120256150228E-001  0.803384558895179E+002  0.716244662277763E+002
  0.137120256150228E-001  0.803319203441524E+002  0.688221907171300E+002
  0.137120256150228E-001  0.803305722570312E+002  0.716218414557808E+002
  0.137120256150228E-001  0.803243611690688E+002  0.716197700679153E+002
  0.137120256150228E-001  0.803147068969215E+002  0.716165442746716E+002
  0.137120256150228E-001  0.802855504131241E+002  0.716067565613989E+002
  0.137120256150228E-001  0.800027700212941E+002  0.715079684163610E+002
  0.137120256150228E-001  0.802558848540905E+002  0.688477549318785E+002
  0.137120256150228E-001  0.802231076421190E+002  0.715855584015983E+002
  0.137120256150228E-001  0.802223602303571E+002  0.715853026725804E+002
  0.137120256150228E-001  0.802163858180234E+002  0.715832567835997E+002
  0.137120256150228E-001  0.802141687976666E+002  0.715824968001817E+002
  0.137120256150228E-001  0.802046706757900E+002  0.715792360740568E+002
  0.137120256150228E-001  0.801604743867859E+002  0.715639591687692E+002
  0.137120256150228E-001  0.801581635080688E+002  0.688813257515511E+002
  0.137120256150228E-001  0.801010828211494E+002  0.715431516417540E+002
  0.137120256150228E-001  0.800829910967598E+002  0.689077334979694E+002
  0.137120256150228E-001  0.800646883317492E+002  0.689142438875215E+002
  0.137120256150228E-001  0.800607651336775E+002  0.715288377414622E+002
  0.137120256150228E-001  0.800570022783153E+002  0.689169875385909E+002
  0.137120256150228E-001  0.800508944223138E+002  0.689191719479721E+002
  0.137120256150228E-001  0.800410593735683E+002  0.715217842886974E+002
  0.137120256150228E-001  0.805944584230026E+002  0.690043717090292E+002
  0.137120256150228E-001  0.805728706395722E+002  0.690126676493126E+002
  0.137120256150228E-001  0.805728297868177E+002  0.690126834025025E+002
  0.137120256150228E-001  0.805667011262323E+002  0.690150489978463E+002
  0.137120256150228E-001  0.805600159702007E+002  0.690176346917035E+002
  0.137120256150228E-001  0.805515348747295E+002  0.690209230303749E+002
  0.137120256150228E-001  0.805491921208664E+002  0.690218329640644E+002
  0.137120256150228E-001  0.805154673735919E+002  0.690350090495436E+002
  0.137120256150228E-001  0.804359341731295E+002  0.690666770431025E+002
  0.137120256150228E-001  0.804036836245826E+002  0.690797684623887E+002
  0.137120256150228E-001  0.803442811554536E+002  0.691042827817418E+002
  0.137120256150228E-001  0.803430152808136E+002  0.691048110375739E+002
  0.137120256150228E-001  0.803415848717067E+002  0.691054082551509E+002
  0.137120256150228E-001  0.803192523316955E+002  0.691147741957460E+002
  0.137120256150228E-001  0.803092154370732E+002  0.691190094201205E+002
  0.137120256150228E-001  0.802603911215696E+002  0.691398479531210E+002
  0.137120256150228E-001  0.802538537961807E+002  0.691426686597618E+002
  0.137120256150228E-001  0.802464332490178E+002  0.691458794138105E+002
  0.137120256150228E-001  0.802412780147764E+002  0.691481156524717E+002
  0.137120256150228E-001  0.802293968469587E+002  0.691532872830326E+002
  0.137120256150228E-001  0.802203916152023E+002  0.691572238075142E+002
  0.137120256150228E-001  0.802182341731796E+002  0.691581690687535E+002
  0.137120256150228E-001  0.802171864319709E+002  0.691586284289415E+002
  0.137120256150228E-001  0.801882022322973E+002  0.691714155540031E+002
  0.137120256150228E-001  0.801746914425210E+002  0.691774296628444E+002
  0.137120256150228E-001  0.801737938633111E+002  0.691778304324473E+002
  0.137120256150228E-001  0.801295077760419E+002  0.691977988801454E+002
  0.137120256150228E-001  0.801172391862027E+002  0.692033999715158E+002
  0.137120256150228E-001  0.801135791023887E+002  0.692050769161726E+002
  0.137120256150228E-001  0.801109185659328E+002  0.692062976344478E+002
  0.137120256150228E-001  0.800940450311403E+002  0.692140740319788E+002
  0.137120256150228E-001  0.800878338232411E+002  0.692169516982704E+002
  0.137120256150228E-001  0.800815809580769E+002  0.692198570089968E+002
  0.137120256150228E-001  0.800765355620634E+002  0.692222074382415E+002
  0.137120256150228E-001  0.800642695872150E+002  0.692279447924694E+002
  0.137120256150228E-001  0.800364849287545E+002  0.692410650000553E+002
  0.137120256150228E-001  0.800327202175821E+002  0.692428562571746E+002
  0.137120256150228E-001  0.800318347607605E+002  0.692432780353981E+002
  0.137120256150228E-001  0.800170088668742E+002  0.692503673878374E+002
  0.137120256150228E-001  0.799769234435457E+002  0.692697993574815E+002
  0.137120256150228E-001  0.799674885259493E+002  0.692744309843510E+002
  0.137120256150228E-001  0.799381376854756E+002  0.692889863591672E+002
  0.137120256150228E-001  0.799221436992157E+002  0.692970143172146E+002
  0.137120256150228E-001  0.799191714256864E+002  0.692985138960245E+002
  0.137120256150228E-001  0.799035830388832E+002  0.693064187948980E+002
  0.137120256150228E-001  0.799001282669178E+002  0.693081799702050E+002
  0.137120256150228E-001  0.798708565638843E+002  0.693232405621918E+002
  0.137120256150228E-001  0.798682975723796E+002  0.693245691998845E+002
  0.137120256150228E-001  0.798481384296475E+002  0.693351054799068E+002
  0.137120256150228E-001  0.798478050112595E+002  0.693352807949093E+002
  0.137120256150228E-001  0.798081866931149E+002  0.693563651992100E+002
  0.137120256150228E-001  0.798017376301084E+002  0.693598460983550E+002
  0.137120256150228E-001  0.797865501557189E+002  0.693680996174409E+002
  0.137120256150228E-001  0.797822916025043E+002  0.693704282518959E+002
  0.137120256150228E-001  0.797736004184129E+002  0.693752005734016E+002
  0.137120256150228E-001  0.797626406841179E+002  0.693812571600076E+002
  0.137120256150228E-001  0.797488598341843E+002  0.693889352290761E+002
  0.137120256150228E-001  0.797446613380996E+002  0.693912885417509E+002
  0.137120256150228E-001  0.797401176327146E+002  0.693938428811850E+002
  0.137120256150228E-001  0.797293211463654E+002  0.693999441788825E+002
  0.137120256150228E-001  0.797239027181693E+002  0.694030233597971E+002
  0.137120256150228E-001  0.797167372038944E+002  0.694071132355701E+002
  0.137120256150228E-001  0.797154674408971E+002  0.694078401231810E+002
  0.137120256150228E-001  0.797059381085413E+002  0.694133161226082E+002
  0.137120256150228E-001  0.797042843501617E+002  0.694142702286915E+002
  0.137120256150228E-001  0.797019246269418E+002  0.694156335825272E+002
  0.137120256150228E-001  0.796983897116172E+002  0.694176802379909E+002
  0.137120256150228E-001  0.796785579957304E+002  0.694292604039453E+002
  0.137120256150228E-001  0.796728494141165E+002  0.694326252458019E+002
  0.137120256150228E-001  0.796618563012442E+002  0.694391457075900E+002
  0.137120256150228E-001  0.796614825395070E+002  0.694393683554776E+002
  0.137120256150228E-001  0.796574566699466E+002  0.694417705712331E+002
  0.137120256150228E-001  0.796539387025162E+002  0.694438757941801E+002
  0.137120256150228E-001  0.796499215325618E+002  0.694462867348593E+002
  0.137120256150228E-001  0.796329365332695E+002  0.694565643352103E+002
  0.137120256150228E-001  0.796278194015843E+002  0.694596878569757E+002
  0.137120256150228E-001  0.796252543541614E+002  0.694612583982739E+002
  0.137120256150228E-001  0.796244763086537E+002  0.694617354253475E+002
  0.137120256150228E-001  0.796167270766799E+002  0.694665029867527E+002
  0.137120256150228E-001  0.796144115497680E+002  0.694679334160059E+002
  0.137120256150228E-001  0.795936174380399E+002  0.694809027664595E+002
  0.137120256150228E-001  0.795898947901248E+002  0.694832486143933E+002
  0.137120256150228E-001  0.795789391861304E+002  0.694901959650822E+002
  0.137120256150228E-001  0.795663763511029E+002  0.694982445685601E+002
  0.137120256150228E-001  0.795638234799919E+002  0.694998910741235E+002
  0.137120256150228E-001  0.795530110127129E+002  0.695069067243215E+002
  0.137120256150228E-001  0.795320013198543E+002  0.695207394189053E+002
  0.137120256150228E-001  0.795309545627318E+002  0.695214357399131E+002
  0.137120256150228E-001  0.795307594628325E+002  0.695215656002612E+002
  0.137120256150228E-001  0.795270177457510E+002  0.695240607963798E+002
  0.137120256150228E-001  0.795208737373793E+002  0.695281774387972E+002
  0.137120256150228E-001  0.795075534002865E+002  0.695371873532494E+002
  0.137120256150228E-001  0.794956376632879E+002  0.695453488103956E+002
  0.137120256150228E-001  0.794939308363793E+002  0.695465259403293E+002
  0.137120256150228E-001  0.794939107096089E+002  0.695465398331873E+002
  0.137120256150228E-001  0.794825669866267E+002  0.695544160221127E+002
  0.137120256150228E-001  0.794785072878091E+002  0.695572574241028E+002
  0.137120256150228E-001  0.794671037211068E+002  0.695653045754967E+002
  0.137120256150228E-001  0.794617747739238E+002  0.695690990424569E+002
  0.137120256150228E-001  0.794470972185831E+002  0.695796660064748E+002
  0.137120256150228E-001  0.794295497662421E+002  0.695925318002670E+002
  0.137120256150228E-001  0.794194177955825E+002  0.696000817118574E+002
  0.137120256150228E-001  0.794173070136372E+002  0.696016661372333E+002
  0.137120256150228E-001  0.794155543799764E+002  0.696029848046928E+002
  0.137120256150228E-001  0.794121052684299E+002  0.696055881236021E+002
  0.137120256150228E-001  0.794094491384738E+002  0.696076004313821E+002
  0.137120256150228E-001  0.794078356833763E+002  0.696088260222802E+002
  0.137120256150228E-001  0.793985851968310E+002  0.696159005667099E+002
  0.137120256150228E-001  0.793922028342649E+002  0.696208301547134E+002
  0.137120256150228E-001  0.793864971817852E+002  0.696252715283355E+002
  0.137120256150228E-001  0.793857433047093E+002  0.696258608324758E+002
  0.137120256150228E-001  0.793763207867476E+002  0.696332761346369E+002
  0.137120256150228E-001  0.793716862257745E+002  0.696369578943961E+002
  0.137120256150228E-001  0.793703545301244E+002  0.696380201032928E+002
  0.137120256150228E-001  0.793699553840071E+002  0.696383388531390E+002
  0.137120256150228E-001  0.793583052373907E+002  0.696477203244332E+002
  0.137120256150228E-001  0.793466749131213E+002  0.696572411883582E+002
  0.137120256150228E-001  0.793412617139196E+002  0.696617277137602E+002
  0.137120256150228E-001  0.793377446855670E+002  0.696646620163802E+002
  0.137120256150228E-001  0.793321382749414E+002  0.696693717164561E+002
  0.137120256150228E-001  0.793144452384115E+002  0.696845052929667E+002
  0.137120256150228E-001  0.793120742778387E+002  0.696865657568104E+002
  0.137120256150228E-001  0.793118145247860E+002  0.696867919749826E+002
  0.137120256150228E-001  0.793097729963404E+002  0.696885732746634E+002
  0.137120256150228E-001  0.793077807643631E+002  0.696903173124248E+002
  0.137120256150228E-001  0.792993720545637E+002  0.696977423469801E+002
  0.137120256150228E-001  0.792969069544264E+002  0.696999390801525E+002
  0.137120256150228E-001  0.792849130473616E+002  0.697107618595315E+002
  0.137120256150228E-001  0.792796297716864E+002  0.697156026028578E+002
  0.137120256150228E-001  0.792766329742967E+002  0.697183690560292E+002
  0.137120256150228E-001  0.792745796915124E+002  0.697202733181553E+002
  0.137120256150228E-001  0.792737497231652E+002  0.697210451034147E+002
  0.137120256150228E-001  0.792600135942080E+002  0.697339954372811E+002
  0.137120256150228E-001  0.792594699023497E+002  0.697345151010328E+002
  0.137120256150228E-001  0.792593701724517E+002  0.697346104835422E+002
  0.137120256150228E-001  0.792583284103632E+002  0.697356079511501E+002
  0.137120256150228E-001  0.792575372653123E+002  0.697363668257109E+002
  0.137120256150228E-001  0.792533744831822E+002  0.697403794975621E+002
  0.137120256150228E-001  0.792469472314335E+002  0.697466414666724E+002
  0.137120256150228E-001  0.792446622637026E+002  0.697488876341561E+002
  0.137120256150228E-001  0.792433318935869E+002  0.697502003367653E+002
  0.137120256150228E-001  0.792407269085690E+002  0.697527813574706E+002
  0.137120256150228E-001  0.792366585810705E+002  0.697568408913477E+002
  0.137120256150228E-001  0.792344627960238E+002  0.697590467134976E+002
  0.137120256150228E-001  0.795790719670869E+002  0.699205677293243E+002
  0.137120256150228E-001  0.795788676820841E+002  0.699208837416899E+002
  0.137120256150228E-001  0.795745041191818E+002  0.699277147811593E+002
  0.137120256150228E-001  0.795688008944602E+002  0.699368894615438E+002
  0.137120256150228E-001  0.795643444674604E+002  0.699442691140211E+002
  0.137120256150228E-001  0.795642141880576E+002  0.699444878008813E+002
  0.137120256150228E-001  0.795576153661652E+002  0.699557992658414E+002
  0.137120256150228E-001  0.795561241552029E+002  0.699584226209526E+002
  0.137120256150228E-001  0.795513694912231E+002  0.699669670327583E+002
  0.137120256150228E-001  0.795484589264507E+002  0.699723416037928E+002
  0.137120256150228E-001  0.795419703669361E+002  0.699847606375036E+002
  0.137120256150228E-001  0.795398145143935E+002  0.699890332434325E+002
  0.137120256150228E-001  0.795395979006243E+002  0.699894668781649E+002
  0.137120256150228E-001  0.795334289735922E+002  0.700021747113130E+002
  0.137120256150228E-001  0.795299334262727E+002  0.700097124473434E+002
  0.137120256150228E-001  0.795295194465484E+002  0.700106229267819E+002
  0.137120256150228E-001  0.795295022477432E+002  0.700106608374571E+002
  0.137120256150228E-001  0.795288392190000E+002  0.700121275412540E+002
  0.137120256150228E-001  0.795284831095879E+002  0.700129195426866E+002
  0.137120256150228E-001  0.795250596273594E+002  0.700206922175592E+002
  0.137120256150228E-001  0.795248213651242E+002  0.700212443553049E+002
  0.137120256150228E-001  0.795243300336728E+002  0.700223877598885E+002
  0.137120256150228E-001  0.795227895711718E+002  0.700260158420124E+002
  0.137120256150228E-001  0.795223856672062E+002  0.700269782670818E+002
  0.137120256150228E-001  0.795219552074955E+002  0.700280092187631E+002
  0.137120256150228E-001  0.795218826399252E+002  0.700281835577003E+002
  0.137120256150228E-001  0.795217570645439E+002  0.700284856151046E+002
  0.137120256150228E-001  0.795215493745206E+002  0.700289862261431E+002
  0.137120256150228E-001  0.795212935934734E+002  0.700296045423136E+002
  0.137120256150228E-001  0.795196825766664E+002  0.700335455207106E+002
  0.137120256150228E-001  0.795194886661803E+002  0.700340254415521E+002
  0.137120256150228E-001  0.795186228434754E+002  0.700361834219227E+002
  0.137120256150228E-001  0.795183336314238E+002  0.700369098537342E+002
  0.137120256150228E-001  0.795180732522690E+002  0.700375663085245E+002
  0.137120256150228E-001  0.795164319974168E+002  0.700417591079095E+002
  0.137120256150228E-001  0.795162368615516E+002  0.700422641047793E+002
  0.137120256150228E-001  0.795151626000876E+002  0.700450699847942E+002
  0.137120256150228E-001  0.825124050378036E+002  0.700579662203107E+002
