  0.702248676854118E+002 -0.412417417102827E+002
  0.702221548755895E+002 -0.412417380152087E+002
  0.702213687854568E+002 -0.412417384187257E+002
  0.702227296761386E+002 -0.412417381394311E+002
  0.702235515269604E+002 -0.412417389322845E+002
  0.702239982127287E+002 -0.412417396669266E+002
  0.702209756508124E+002 -0.412417388690159E+002
  0.702226584702460E+002 -0.412417381048222E+002
  0.702228330240610E+002 -0.412417381993316E+002
  0.702199122906079E+002 -0.412417409171149E+002
  0.702237932509320E+002 -0.412417393032804E+002
  0.702197129470709E+002 -0.412417414359803E+002
  0.702246349869531E+002 -0.412417410839935E+002
  0.702195478404832E+002 -0.412417418979841E+002
  0.702243724821862E+002 -0.412417404471592E+002
  0.702214956924242E+002 -0.412417383087427E+002
  0.702235242162015E+002 -0.412417388943065E+002
  0.702230646025598E+002 -0.412417383751276E+002
  0.702207527278765E+002 -0.412417391979588E+002
  0.702198022779050E+002 -0.412417411981962E+002
  0.702238854728404E+002 -0.412417394613290E+002
  0.702214481796951E+002 -0.412417383478973E+002
  0.702244519104831E+002 -0.412417406320573E+002
  0.702224095670508E+002 -0.412417380265516E+002
  0.702243357318930E+002 -0.412417403638980E+002
  0.702203478643999E+002 -0.412417399316049E+002
  0.702234677434966E+002 -0.412417388183122E+002
  0.702200346607638E+002 -0.412417406197025E+002
  0.702241492271937E+002 -0.412417399636726E+002
  0.702246692891058E+002 -0.412417411726673E+002
  0.702221363322613E+002 -0.412417380170986E+002
  0.702236990603312E+002 -0.412417391512691E+002
  0.702206981069951E+002 -0.412417392866824E+002
  0.702200364024956E+002 -0.412417406155852E+002
  0.702223694668193E+002 -0.412417380201534E+002
  0.702249692397853E+002 -0.412417420018025E+002
  0.702234024992418E+002 -0.412417387347708E+002
  0.702226625464486E+002 -0.412417381066567E+002
  0.702200388159963E+002 -0.412417406098853E+002
  0.702208663881891E+002 -0.412417390235862E+002
  0.702204759672766E+002 -0.412417396804687E+002
  0.702200498751409E+002 -0.412417405838469E+002
  0.702209116886001E+002 -0.412417389579481E+002
  0.702234579428811E+002 -0.412417388054718E+002
  0.702230308041615E+002 -0.412417383458876E+002
  0.702206893935550E+002 -0.412417393011319E+002
  0.702238044516600E+002 -0.412417393219896E+002
  0.702244104802157E+002 -0.412417405347695E+002
  0.702195036893472E+002 -0.412417420264806E+002
  0.702202281177110E+002 -0.412417401822674E+002
  0.702229508421088E+002 -0.412417382815857E+002
  0.702237481295964E+002 -0.412417392292737E+002
  0.702227841737183E+002 -0.412417381695910E+002
  0.702238814068219E+002 -0.412417394541686E+002
  0.702244112112889E+002 -0.412417405364703E+002
  0.702203399808102E+002 -0.412417399476347E+002
  0.702248620268416E+002 -0.412417416943645E+002
  0.702205087825693E+002 -0.412417396189671E+002
  0.702221963036806E+002 -0.412417380123182E+002
  0.702247605766300E+002 -0.412417414147979E+002
  0.702253234912082E+002 -0.412417431052567E+002
  0.702214798692545E+002 -0.412417383215136E+002
  0.702221254339231E+002 -0.412417380183813E+002
  0.702246911206384E+002 -0.412417412297604E+002
  0.702226700509242E+002 -0.412417381100808E+002
  0.702253239755451E+002 -0.412417431068574E+002
  0.702252178634372E+002 -0.412417427621616E+002
  0.702196041693621E+002 -0.412417417370795E+002
  0.702241671352712E+002 -0.412417400004837E+002
  0.702237868220850E+002 -0.412417392926027E+002
  0.702194747919698E+002 -0.412417421117143E+002
  0.702215317153925E+002 -0.412417382806695E+002
  0.702251328505006E+002 -0.412417424947136E+002
  0.702229524213794E+002 -0.412417382827893E+002
  0.702196442950438E+002 -0.412417416245342E+002
  0.702200363167680E+002 -0.412417406157878E+002
  0.702217442454233E+002 -0.412417381433563E+002
  0.702208691582321E+002 -0.412417390195094E+002
  0.702224818795105E+002 -0.412417380424466E+002
  0.702222010534452E+002 -0.412417380121043E+002
  0.702197806137503E+002 -0.412417412550769E+002
  0.702212269347421E+002 -0.412417385620937E+002
  0.702222966886504E+002 -0.412417380129444E+002
  0.702208175964066E+002 -0.412417390967439E+002
  0.702207004904324E+002 -0.412417392827441E+002
  0.702219488588353E+002 -0.412417380569071E+002
  0.702209123539712E+002 -0.412417389570004E+002
  0.702207075167572E+002 -0.412417392711695E+002
  0.702197522425824E+002 -0.412417413303282E+002
  0.702232752740466E+002 -0.412417385849913E+002
  0.702251974582335E+002 -0.412417426972609E+002
  0.702238957345142E+002 -0.412417394794790E+002
  0.702212610264566E+002 -0.412417385256682E+002
  0.702219010501674E+002 -0.412417380730881E+002
  0.702203681228586E+002 -0.412417398907186E+002
  0.702197949361635E+002 -0.412417412174161E+002
  0.702201486214983E+002 -0.412417403571644E+002
  0.702237338539070E+002 -0.412417392063137E+002
  0.702233207694868E+002 -0.412417386365591E+002
  0.702204015444129E+002 -0.412417398242278E+002
  0.702213804875754E+002 -0.412417384078615E+002
  0.702223677663848E+002 -0.412417380199202E+002
  0.702244653454801E+002 -0.412417406640009E+002
  0.702208969052132E+002 -0.412417389791267E+002
  0.702200275569241E+002 -0.412417406365290E+002
  0.702232206427039E+002 -0.412417385260002E+002
  0.702212814912692E+002 -0.412417385044009E+002
  0.702240782925251E+002 -0.412417398212400E+002
  0.702221112580381E+002 -0.412417380202403E+002
  0.702211468856641E+002 -0.412417386525199E+002
  0.702232454995663E+002 -0.412417385524441E+002
  0.702226720866180E+002 -0.412417381110200E+002
  0.702251813192187E+002 -0.412417426462453E+002
  0.702245012858559E+002 -0.412417407504052E+002
  0.702237648281040E+002 -0.412417392564077E+002
  0.702252312971309E+002 -0.412417428051325E+002
  0.702211911795066E+002 -0.412417386016351E+002
  0.702221031194588E+002 -0.412417380214049E+002
  0.702195751992746E+002 -0.412417418194083E+002
  0.702231882117945E+002 -0.412417384924946E+002
  0.702203173378781E+002 -0.412417399940454E+002
  0.702207622618467E+002 -0.412417391828001E+002
  0.702234647873851E+002 -0.412417388144284E+002
  0.702221390128297E+002 -0.412417380168026E+002
  0.702205833190753E+002 -0.412417394835616E+002
  0.702201511107582E+002 -0.412417403515851E+002
  0.702237124348913E+002 -0.412417391722745E+002
  0.702241721717698E+002 -0.412417400108984E+002
  0.702216084263496E+002 -0.412417382255230E+002
  0.702220880699727E+002 -0.412417380237455E+002
  0.702246987139507E+002 -0.412417412497379E+002
  0.702218764902115E+002 -0.412417380823532E+002
  0.702221431178403E+002 -0.412417380163643E+002
  0.702207132384339E+002 -0.412417392617833E+002
  0.702245770774346E+002 -0.412417409371550E+002
  0.702233468432435E+002 -0.412417386671132E+002
  0.702221389768871E+002 -0.412417380168065E+002
  0.702194411845103E+002 -0.412417422119664E+002
  0.702228286546463E+002 -0.412417381965673E+002
  0.702236109689469E+002 -0.412417390177079E+002
  0.702218093824446E+002 -0.412417381109663E+002
  0.702227102653854E+002 -0.412417381294578E+002
  0.702215544526293E+002 -0.412417382636662E+002
  0.702232989096673E+002 -0.412417386115047E+002
  0.702212745719484E+002 -0.412417385115413E+002
  0.702207062893110E+002 -0.412417392731877E+002
  0.702234417172045E+002 -0.412417387844400E+002
  0.702225890204911E+002 -0.412417380763028E+002
  0.702219278512497E+002 -0.412417380637154E+002
  0.702237737293320E+002 -0.412417392709938E+002
  0.702233724244597E+002 -0.412417386977983E+002
  0.702253626250651E+002 -0.412417432354059E+002
  0.702197305333936E+002 -0.412417413884921E+002
  0.702206271904470E+002 -0.412417394066477E+002
  0.702199664145905E+002 -0.412417407835904E+002
  0.702209386982929E+002 -0.412417389198592E+002
  0.702246406739613E+002 -0.412417410986076E+002
  0.702219849745622E+002 -0.412417380463083E+002
  0.702232130914041E+002 -0.412417385180980E+002
  0.702247938512739E+002 -0.412417415052770E+002
  0.702213680126995E+002 -0.412417384194483E+002
  0.702226913451479E+002 -0.412417381201253E+002
  0.702194590342391E+002 -0.412417421585693E+002
  0.702220978351586E+002 -0.412417380221991E+002
  0.702215948055122E+002 -0.412417382348542E+002
  0.702229670603554E+002 -0.412417382940736E+002
  0.702205092356837E+002 -0.412417396181259E+002
  0.702234030850814E+002 -0.412417387355006E+002
  0.702235589520722E+002 -0.412417389427480E+002
  0.702242475115979E+002 -0.412417401699362E+002
  0.702216798978954E+002 -0.412417381798197E+002
  0.702222262755272E+002 -0.412417380113740E+002
  0.702194433341297E+002 -0.412417422055178E+002
  0.702236799836878E+002 -0.412417391216401E+002
  0.702221275731352E+002 -0.412417380181195E+002
  0.702226631595162E+002 -0.412417381069342E+002
  0.702212949416269E+002 -0.412417384906676E+002
  0.702247823559519E+002 -0.412417414738852E+002
  0.702209367341688E+002 -0.412417389226027E+002
  0.702194404727531E+002 -0.412417422141027E+002
  0.702197142484129E+002 -0.412417414324549E+002
  0.702239342746105E+002 -0.412417395486536E+002
  0.702205383775453E+002 -0.412417395644910E+002
  0.702240439376042E+002 -0.412417397541962E+002
  0.702234185253455E+002 -0.412417387548685E+002
  0.702209862521788E+002 -0.412417388546996E+002
  0.702253819965615E+002 -0.412417433004380E+002
  0.702200273881336E+002 -0.412417406369295E+002
  0.702202830841570E+002 -0.412417400652990E+002
  0.702204271720553E+002 -0.412417397740538E+002
  0.702199285512027E+002 -0.412417408766698E+002
  0.702247134255104E+002 -0.412417412886190E+002
  0.702242559378657E+002 -0.412417401881019E+002
  0.702198788436756E+002 -0.412417410011988E+002
  0.702237184683312E+002 -0.412417391818131E+002
  0.702249951911288E+002 -0.412417420780715E+002
  0.702196801256553E+002 -0.412417415254945E+002
  0.702208755341637E+002 -0.412417390101569E+002
  0.702224237657080E+002 -0.412417380292304E+002
  0.702233796095440E+002 -0.412417387065431E+002
  0.702233893496667E+002 -0.412417387184860E+002
  0.702235143931382E+002 -0.412417388808421E+002
  0.702197591033363E+002 -0.412417413120517E+002
  0.702230066401335E+002 -0.412417383257333E+002
  0.702227563341692E+002 -0.412417381537863E+002
  0.702220239527100E+002 -0.412417380364382E+002
  0.702207628075888E+002 -0.412417391819353E+002
  0.702215443180262E+002 -0.412417382711766E+002
  0.702211559331940E+002 -0.412417386419551E+002
  0.702252489471463E+002 -0.412417428618843E+002
  0.702216922823656E+002 -0.412417381724569E+002
  0.702241897562127E+002 -0.412417400474738E+002
  0.702204327146116E+002 -0.412417397632952E+002
  0.702237576807112E+002 -0.412417392447571E+002
  0.702243345424534E+002 -0.412417403612274E+002
  0.702232175405851E+002 -0.412417385227466E+002
  0.702231243098564E+002 -0.412417384297747E+002
  0.702213382713243E+002 -0.412417384477452E+002
  0.702234233461573E+002 -0.412417387609679E+002
  0.702240352582522E+002 -0.412417397374586E+002
  0.702223931315346E+002 -0.412417380237208E+002
  0.702193699798474E+002 -0.412417424283725E+002
  0.702233553816191E+002 -0.412417386772771E+002
  0.702222356568726E+002 -0.412417380112763E+002
  0.702209297809888E+002 -0.412417389323479E+002
  0.702246660504057E+002 -0.412417411642410E+002
  0.702224424994466E+002 -0.412417380330954E+002
  0.702214231880911E+002 -0.412417383694638E+002
  0.702214004149174E+002 -0.412417383896990E+002
  0.702248430507173E+002 -0.412417416412331E+002
  0.702240667096682E+002 -0.412417397984946E+002
  0.702231092985968E+002 -0.412417384156760E+002
  0.702205908606403E+002 -0.412417394701931E+002
  0.702232989894076E+002 -0.412417386115952E+002
  0.702230952838595E+002 -0.412417384027313E+002
  0.702198418425059E+002 -0.412417410956151E+002
  0.702238380285922E+002 -0.412417393788810E+002
  0.702216911919468E+002 -0.412417381730986E+002
  0.702231643636474E+002 -0.412417384685756E+002
  0.702226566261293E+002 -0.412417381039981E+002
  0.702225365380745E+002 -0.412417380581809E+002
  0.702217413416776E+002 -0.412417381449061E+002
  0.702222413100010E+002 -0.412417380112630E+002
  0.702228429966752E+002 -0.412417382057175E+002
  0.702205641484957E+002 -0.412417395178186E+002
  0.702230969103102E+002 -0.412417384042228E+002
  0.702240413229200E+002 -0.412417397491455E+002
  0.702228053069926E+002 -0.412417381821432E+002
  0.702219240914133E+002 -0.412417380649839E+002
  0.702205141267336E+002 -0.412417396090605E+002
  0.702193759629222E+002 -0.412417424099796E+002
  0.702229908405506E+002 -0.412417383128939E+002
  0.702216067123509E+002 -0.412417382266863E+002
  0.702194600984919E+002 -0.412417421553964E+002
  0.702226184220495E+002 -0.412417380877453E+002
  0.702222884227570E+002 -0.412417380124847E+002
  0.702238610848427E+002 -0.412417394186465E+002
  0.702203952109887E+002 -0.412417398367360E+002
  0.702219947339371E+002 -0.412417380436842E+002
  0.702240291931054E+002 -0.412417397258103E+002
  0.702248981125597E+002 -0.412417417964662E+002
  0.702245986088750E+002 -0.412417409913314E+002
  0.702202849957256E+002 -0.412417400612895E+002
  0.702234362297565E+002 -0.412417387773909E+002
  0.702201969564307E+002 -0.412417402500170E+002
  0.702213749173583E+002 -0.412417384130145E+002
  0.702216744992378E+002 -0.412417381830807E+002
  0.702252064974344E+002 -0.412417427259559E+002
  0.702248344478630E+002 -0.412417416172730E+002
  0.702217364759746E+002 -0.412417381475234E+002
  0.702245846212814E+002 -0.412417409560799E+002
  0.702225255244834E+002 -0.412417380547528E+002
  0.702199371495274E+002 -0.412417408553977E+002
  0.702196169542988E+002 -0.412417417010327E+002
  0.702220070487391E+002 -0.412417380405186E+002
  0.702221038035658E+002 -0.412417380213043E+002
  0.702210077203970E+002 -0.412417388260774E+002
  0.702225179599313E+002 -0.412417380524736E+002
  0.702236091443387E+002 -0.412417390150294E+002
  0.702213423958213E+002 -0.412417384437644E+002
  0.702247425008177E+002 -0.412417413661444E+002
  0.702246918850652E+002 -0.412417412317687E+002
  0.702209906099345E+002 -0.412417388488497E+002
  0.702195151796892E+002 -0.412417419928382E+002
  0.702213787871222E+002 -0.412417384094311E+002
  0.702253953568560E+002 -0.412417433455242E+002
  0.702197360288238E+002 -0.412417413737208E+002
  0.702240980615220E+002 -0.412417398603928E+002
  0.702222608172063E+002 -0.412417380114802E+002
  0.702249869912900E+002 -0.412417420538948E+002
  0.702243611806325E+002 -0.412417404214003E+002
  0.702221993339776E+002 -0.412417380121789E+002
  0.702239682056359E+002 -0.412417396108736E+002
  0.702241131518008E+002 -0.412417398905613E+002
