  0.226206639656321E-023  0.194941119778659E+003  0.600607346292869E+002
  0.124962577716021E-022  0.191516163216641E+003  0.602191774420285E+002
  0.182885735112796E-021  0.186142642959817E+003  0.799715302873673E+002
  0.205819367131772E-021  0.185899712647617E+003  0.604845801162412E+002
  0.335801372674777E-021  0.184914015253693E+003  0.799125728063065E+002
  0.364934409022158E-021  0.184740964066077E+003  0.605402415033681E+002
  0.435337270722332E-021  0.184381501626810E+003  0.798869076451321E+002
  0.453491642337198E-021  0.184293134497676E+003  0.605618392686589E+002
  0.462643217514049E-021  0.184246520260756E+003  0.605640901387724E+002
  0.555361323231466E-021  0.183874539148054E+003  0.605820708888239E+002
  0.131918567096076E-020  0.182137581618859E+003  0.606664794397058E+002
  0.242398296486834E-020  0.180914131218275E+003  0.797180972083874E+002
  0.484529027478708E-020  0.179522285407496E+003  0.607949969635284E+002
  0.541289830143131E-020  0.179294074779280E+003  0.796381867459128E+002
  0.995416263220382E-020  0.178069006921335E+003  0.795773061500627E+002
  0.226670046192856E-019  0.176416512326367E+003  0.794945510447047E+002
  0.277136887678896E-019  0.176007824457378E+003  0.794739702346701E+002
  0.315963019744440E-019  0.175738941642899E+003  0.609840765950098E+002
  0.784386962616563E-019  0.173913731477244E+003  0.610766926105939E+002
  0.801304347976338E-019  0.173864399173911E+003  0.610792088840471E+002
  0.119831273184911E-018  0.173052885684454E+003  0.611207012795149E+002
  0.121789399522945E-018  0.173013812858083E+003  0.793217775197569E+002
  0.166112612311476E-018  0.172386412025663E+003  0.792895615134019E+002
  0.213953846656625E-018  0.171873567693161E+003  0.792631425265067E+002
  0.419931834488353E-018  0.170518247958305E+003  0.791929492292671E+002
  0.429103553775073E-018  0.170468380628874E+003  0.612541252793171E+002
  0.439687908061461E-018  0.170412991245711E+003  0.612570064669323E+002
  0.485496041501859E-018  0.170208123747781E+003  0.791768102451348E+002
  0.537680907360999E-018  0.169997279885682E+003  0.791658212180903E+002
  0.768993370948409E-018  0.169274990157684E+003  0.791280732200538E+002
  0.103304348710666E-017  0.168677970143508E+003  0.613477305443688E+002
  0.158475102950873E-017  0.167815478505946E+003  0.613931770371817E+002
  0.210646734592956E-017  0.167239652955913E+003  0.614236491670767E+002
  0.271368454175477E-017  0.166726407335282E+003  0.614508988569805E+002
  0.663683315451764E-017  0.164931096566707E+003  0.788975909547936E+002
  0.689054137406009E-017  0.164849411505193E+003  0.615512832041893E+002
  0.929236329858025E-017  0.164244669412373E+003  0.615838741163776E+002
  0.945257397583420E-017  0.164203825490842E+003  0.788584016319428E+002
  0.116112411921905E-016  0.163785796681960E+003  0.788357952687626E+002
  0.136383957386590E-016  0.163457310434036E+003  0.616264918365125E+002
  0.148521815304738E-016  0.163280139398175E+003  0.616361108049787E+002
  0.237340641387537E-016  0.162335954692448E+003  0.616875553044625E+002
  0.352042100454043E-016  0.161540790397511E+003  0.617311221051011E+002
  0.366746108352185E-016  0.161452296749756E+003  0.787084968781121E+002
  0.466208670256423E-016  0.160965714132863E+003  0.617627701636183E+002
  0.633387263062467E-016  0.160346161150842E+003  0.617969989273141E+002
  0.146690193034158E-015  0.158659853769936E+003  0.785536058837506E+002
  0.397682588871835E-015  0.156658535511209E+003  0.784408013564609E+002
  0.406082931892510E-015  0.156610073465454E+003  0.620064307717276E+002
  0.142702033313743E-014  0.154089844961753E+003  0.782937068637205E+002
  0.153477042563867E-014  0.153937604936075E+003  0.782849046944364E+002
  0.169560887604710E-014  0.153731627185437E+003  0.782729802143471E+002
  0.169055867799240E-014  0.153730937289724E+003  0.782729402451727E+002
  0.209212460535118E-014  0.153298039601105E+003  0.621966603269086E+002
  0.212862917892031E-014  0.153256787846223E+003  0.621990580956398E+002
  0.326157456046719E-014  0.152396668509601E+003  0.781952643414376E+002
  0.371069690759905E-014  0.152131993665596E+003  0.622647154646458E+002
  0.370418253740818E-014  0.152128852301341E+003  0.781795817595853E+002
  0.567422855388595E-014  0.151269252681639E+003  0.623154455255409E+002
  0.581427787417309E-014  0.151213833144485E+003  0.781257659713402E+002
  0.659723633421449E-014  0.150954509106046E+003  0.781104473585903E+002
  0.705305264957492E-014  0.150814234127962E+003  0.623423326332776E+002
  0.181294749879715E-013  0.148919421461559E+003  0.624552981176844E+002
  0.191380241093349E-013  0.148804489719446E+003  0.624622030498521E+002
  0.195430218240942E-013  0.148755951867960E+003  0.624651209794602E+002
  0.262524544253634E-013  0.148159013880143E+003  0.779433843291036E+002
  0.361829470083799E-013  0.147510701411681E+003  0.625403601434807E+002
  0.496097819775878E-013  0.146872845629790E+003  0.778652945257842E+002
  0.685417459468651E-013  0.146219680133712E+003  0.626191508919532E+002
  0.735785162371305E-013  0.146071204364228E+003  0.778162166028434E+002
  0.792926730831938E-013  0.145914963493473E+003  0.626378670779723E+002
  0.875008495722664E-013  0.145711302366774E+003  0.777940792879935E+002
  0.104547586749987E-012  0.145348659105314E+003  0.626727736496016E+002
  0.109431276291505E-012  0.145250694734934E+003  0.626788284869436E+002
  0.119970268199354E-012  0.145060144737489E+003  0.777538616908056E+002
  0.158188318837365E-012  0.144500404622132E+003  0.627253634588390E+002
  0.248581666679488E-012  0.143589778611082E+003  0.776622474699118E+002
  0.341568043349413E-012  0.142947572075840E+003  0.628226037830719E+002
  0.376160936995749E-012  0.142747976159426E+003  0.776092857836708E+002
  0.607148219679306E-012  0.141783808840244E+003  0.628963261878976E+002
  0.651727315824701E-012  0.141635446656168E+003  0.629057780647840E+002
  0.725060796548288E-012  0.141415532553054E+003  0.629198108874699E+002
  0.101019803412551E-011  0.140745584662148E+003  0.774817535865260E+002
  0.103935095507472E-011  0.140682028978664E+003  0.629668123289209E+002
  0.110941877185923E-011  0.140544893773373E+003  0.629756335035983E+002
  0.171820065449752E-011  0.139663355467358E+003  0.774118848065335E+002
  0.191726966710886E-011  0.139437450860280E+003  0.630472667937007E+002
  0.252482416359685E-011  0.138880256687025E+003  0.773609014813017E+002
  0.282562151660708E-011  0.138648487258527E+003  0.630987391037071E+002
  0.335475400959904E-011  0.138298531476503E+003  0.631216898205373E+002
  0.460644850570455E-011  0.137657718448939E+003  0.772805724514425E+002
  0.540098661103865E-011  0.137332813925271E+003  0.631854115595234E+002
  0.690064580025980E-011  0.136836091627416E+003  0.772260683712325E+002
  0.112389707300182E-010  0.135853891513739E+003  0.771603505324603E+002
  0.130842194526315E-010  0.135543196705713E+003  0.633050490268155E+002
  0.202852020527052E-010  0.134659571575180E+003  0.770795915386426E+002
  0.216739441466640E-010  0.134520477692556E+003  0.633743571547037E+002
  0.223343643929840E-010  0.134453790736403E+003  0.633789008067329E+002
  0.285601650068844E-010  0.133955362319219E+003  0.770315245885894E+002
  0.289920829154485E-010  0.133918686989449E+003  0.634154693979692E+002
  0.423146839504325E-010  0.133155808660618E+003  0.769765350898527E+002
  0.468094122873892E-010  0.132947252808768E+003  0.769621178349139E+002
  0.644083141169587E-010  0.132302280376546E+003  0.635271462750631E+002
  0.706172131391519E-010  0.132111562394403E+003  0.769040353443340E+002
  0.826955951222051E-010  0.131789121993568E+003  0.768814895221575E+002
  0.982054471703561E-010  0.131438675719958E+003  0.635875827773258E+002
  0.125325352492379E-009  0.130944317156206E+003  0.768220534599818E+002
  0.151023884281357E-009  0.130564611930853E+003  0.636493170383216E+002
  0.150765230852964E-009  0.130561384618671E+003  0.636495460546177E+002
  0.205334439865803E-009  0.129936896639578E+003  0.636940121103766E+002
  0.217002210411526E-009  0.129819706107575E+003  0.767420910107518E+002
  0.223391738755665E-009  0.129755011794135E+003  0.767374612437396E+002
  0.224979430729662E-009  0.129734192068545E+003  0.767359706064108E+002
  0.316787915060055E-009  0.129043089421840E+003  0.637581869563497E+002
  0.317425976075565E-009  0.129032409576404E+003  0.637589576154833E+002
  0.316462224674053E-009  0.129031835523800E+003  0.637589990418015E+002
  0.405363125571498E-009  0.128530021162407E+003  0.637953144507304E+002
  0.519548125369456E-009  0.128027013237489E+003  0.766125580076648E+002
  0.757997201105139E-009  0.127264917159201E+003  0.638877917589164E+002
  0.782838251421251E-009  0.127193768766941E+003  0.638930327374674E+002
  0.794096932680793E-009  0.127158554314639E+003  0.638956283332790E+002
  0.797052019447363E-009  0.127144469913512E+003  0.765478145849530E+002
  0.997802379976415E-009  0.126688543743488E+003  0.765141068402314E+002
  0.110612797095494E-008  0.126475756881606E+003  0.639461683329538E+002
  0.118036136697780E-008  0.126339191236857E+003  0.764881556441086E+002
  0.144993535307877E-008  0.125921138983554E+003  0.764569592088010E+002
  0.145608597163650E-008  0.125906017357108E+003  0.764558278574790E+002
  0.173607790541899E-008  0.125547608782644E+003  0.640155288374170E+002
  0.190390018606016E-008  0.125356401162293E+003  0.640299142930984E+002
  0.252448748241909E-008  0.124785478475793E+003  0.763714135819428E+002
  0.265171090688378E-008  0.124680488911515E+003  0.640810364687611E+002
  0.280988766501735E-008  0.124557954433783E+003  0.640903499197837E+002
  0.303212217850599E-008  0.124399062338348E+003  0.763420334508628E+002
  0.339153794302478E-008  0.124168365306733E+003  0.641200557771545E+002
  0.353363296162882E-008  0.124079623685965E+003  0.641268424981759E+002
  0.353449426559778E-008  0.124072480675972E+003  0.763170922479953E+002
  0.359416010403334E-008  0.124032344874309E+003  0.641304613419985E+002
  0.438754454041110E-008  0.123626770483237E+003  0.641615938392977E+002
  0.527635764991058E-008  0.123251182342579E+003  0.762539134989636E+002
  0.732919837914606E-008  0.122587266507122E+003  0.642421277313663E+002
  0.830396771982468E-008  0.122330876345260E+003  0.761823229110797E+002
  0.100625899784375E-007  0.121940038473976E+003  0.642928231958831E+002
  0.108545375294434E-007  0.121781865667030E+003  0.643052784501703E+002
  0.141995170105600E-007  0.121237960581552E+003  0.643483095885351E+002
  0.148977822636225E-007  0.121135296181730E+003  0.643564673149187E+002
  0.158629978762401E-007  0.121003086883467E+003  0.643669894251640E+002
  0.162725083941757E-007  0.120945455577742E+003  0.643715820366560E+002
  0.172181726800921E-007  0.120825823407726E+003  0.760633543576124E+002
  0.226840483749537E-007  0.120267774656585E+003  0.760186222822318E+002
  0.241740743834963E-007  0.120133881496942E+003  0.760078382286555E+002
  0.249794601743398E-007  0.120061679633331E+003  0.760020145789111E+002
  0.288750536804342E-007  0.119765175785639E+003  0.644664439305051E+002
  0.292325544442178E-007  0.119733910328288E+003  0.759755032779893E+002
  0.336476632970086E-007  0.119445933456508E+003  0.644923720330959E+002
  0.339670606384930E-007  0.119420382600346E+003  0.759500290673809E+002
  0.354312183791357E-007  0.119329322907437E+003  0.759426091847754E+002
  0.383693365444130E-007  0.119163336714295E+003  0.759290591922743E+002
  0.428295715731309E-007  0.118936740783102E+003  0.759105093217997E+002
  0.462998076619582E-007  0.118774267166319E+003  0.758971713852226E+002
  0.507355977243698E-007  0.118584631622034E+003  0.758815638892983E+002
  0.507483233633085E-007  0.118577474459377E+003  0.758809739932943E+002
  0.668296561993482E-007  0.118020282165384E+003  0.758348597060013E+002
  0.834047682314657E-007  0.117570509497867E+003  0.757973574595724E+002
  0.910789979343671E-007  0.117387810401027E+003  0.646624296718593E+002
  0.983408535183278E-007  0.117227730216625E+003  0.757686061045157E+002
  0.121785184150661E-006  0.116793436304694E+003  0.647125180507023E+002
  0.130760355027523E-006  0.116644565544744E+003  0.647251349790957E+002
  0.133409952336819E-006  0.116597789086635E+003  0.757153760445240E+002
  0.137349223063229E-006  0.116532933466483E+003  0.757098664251345E+002
  0.186698450485547E-006  0.115912341896058E+003  0.647876179025212E+002
  0.223189555378186E-006  0.115548632948900E+003  0.648189228980312E+002
  0.235935792826981E-006  0.115430900830304E+003  0.648290952147692E+002
  0.320127592065846E-006  0.114813925374493E+003  0.755617612131344E+002
  0.368270393680937E-006  0.114527074209770E+003  0.649078363097874E+002
  0.371196727469107E-006  0.114504589127606E+003  0.755346712713151E+002
  0.416383598176510E-006  0.114268184024238E+003  0.755138747399202E+002
  0.469538138913420E-006  0.114021243280028E+003  0.649524176010412E+002
  0.488366467392389E-006  0.113935954593032E+003  0.754845096436664E+002
  0.624438452049604E-006  0.113437725638153E+003  0.754401624439030E+002
  0.820521264751667E-006  0.112884895942224E+003  0.753905099022229E+002
  0.856097699378909E-006  0.112793351007235E+003  0.650622396923423E+002
  0.906855758662999E-006  0.112671497623433E+003  0.753712153937224E+002
  0.134361128624570E-005  0.111878576340285E+003  0.651456007247492E+002
  0.165616247947670E-005  0.111453636383997E+003  0.651847936165849E+002
  0.190436319872753E-005  0.111167691789740E+003  0.752331420702316E+002
  0.209958328647151E-005  0.110965853777129E+003  0.752143194543757E+002
  0.214547520167237E-005  0.110915953842823E+003  0.652348263215255E+002
  0.231053273105259E-005  0.110761064161911E+003  0.652493325833738E+002
  0.245463906794706E-005  0.110633405354079E+003  0.652613204128968E+002
  0.253996818478335E-005  0.110558406125885E+003  0.652683767603079E+002
  0.332072823509746E-005  0.110015685442660E+003  0.751247397325690E+002
  0.380022677669056E-005  0.109739276590010E+003  0.653461098131518E+002
  0.439743344005365E-005  0.109440700372572E+003  0.750697275335533E+002
  0.496707677446504E-005  0.109190423929867E+003  0.750455861283029E+002
  0.539113886074725E-005  0.109019918027469E+003  0.750290698694809E+002
  0.539307427001109E-005  0.109012544579689E+003  0.750283543513002E+002
  0.615086957541404E-005  0.108742933242741E+003  0.750021177503367E+002
  0.624373803028057E-005  0.108706306502273E+003  0.749985423849569E+002
  0.665693313723610E-005  0.108571491237589E+003  0.749853591036903E+002
  0.691262799891365E-005  0.108489453667186E+003  0.749773189464889E+002
  0.721252763052903E-005  0.108397858928899E+003  0.749683260384160E+002
  0.773998742233840E-005  0.108250042149054E+003  0.654907042357000E+002
  0.930038669195912E-005  0.107876074735877E+003  0.749167679071538E+002
  0.994680610662468E-005  0.107735028103179E+003  0.749027334070868E+002
  0.100261387041280E-004  0.107712484427279E+003  0.749004863513255E+002
  0.132826638236300E-004  0.107143300527348E+003  0.656010908214668E+002
  0.140696268607709E-004  0.107021527672139E+003  0.656133979166981E+002
  0.146825533067863E-004  0.106929588915017E+003  0.748217697371512E+002
  0.150648425224517E-004  0.106871525774272E+003  0.748158780208260E+002
  0.160624026876863E-004  0.106736635024164E+003  0.656423200684103E+002
  0.191627284687634E-004  0.106377007718889E+003  0.747653892112446E+002
  0.198037937140123E-004  0.106304539430229E+003  0.656865381504950E+002
  0.203780926752613E-004  0.106240710021472E+003  0.656931066666184E+002
  0.218830557032156E-004  0.106091550061647E+003  0.747359877604895E+002
  0.267485867481913E-004  0.105683356451597E+003  0.746936089296362E+002
  0.266932488472415E-004  0.105680842789077E+003  0.657511346372885E+002
  0.267907096821793E-004  0.105666898223896E+003  0.657525895505513E+002
  0.280626782042272E-004  0.105567471959759E+003  0.657629769986769E+002
  0.299772561852623E-004  0.105428819477101E+003  0.657775030931072E+002
  0.307512577152358E-004  0.105371180041428E+003  0.746609256062180E+002
  0.333051286556878E-004  0.105204963453068E+003  0.746434249845006E+002
  0.359481806029647E-004  0.105045573722927E+003  0.746265778367278E+002
  0.404689735758540E-004  0.104802003898375E+003  0.658437735326372E+002
  0.418360346673725E-004  0.104728903427053E+003  0.745929138056491E+002
  0.426852916719320E-004  0.104682055122822E+003  0.745879114959359E+002
  0.427696546530920E-004  0.104671450654378E+003  0.658577029635492E+002
  0.438344198711883E-004  0.104615614068423E+003  0.658636740617701E+002
  0.442526903521665E-004  0.104589964852344E+003  0.658664197021272E+002
  0.469031505067005E-004  0.104466971912850E+003  0.745648716556974E+002
  0.549272628755104E-004  0.104144466395435E+003  0.745300937709698E+002
  0.552124925185976E-004  0.104127451965996E+003  0.659162301598228E+002
  0.682602273032363E-004  0.103696520321782E+003  0.659631636667761E+002
  0.716154857727626E-004  0.103593896623820E+003  0.659744170400606E+002
  0.769107900944633E-004  0.103444571348301E+003  0.659908450093573E+002
  0.820320895255383E-004  0.103308987115317E+003  0.744386646483338E+002
  0.837433107809129E-004  0.103261039955426E+003  0.660111239413573E+002
  0.879138184908070E-004  0.103157182969157E+003  0.744218385584523E+002
  0.996534846151334E-004  0.102899843358363E+003  0.660513215819399E+002
  0.107142805356621E-003  0.102748260659082E+003  0.743761742252760E+002
  0.113203739550988E-003  0.102631551826917E+003  0.660814323683870E+002
  0.112852706654814E-003  0.102631107671962E+003  0.743629989548845E+002
  0.120321375538777E-003  0.102496286481853E+003  0.743477846083684E+002
  0.121441397232924E-003  0.102471099848369E+003  0.743449361144800E+002
  0.136867896484741E-003  0.102225275503637E+003  0.661274509040896E+002
  0.147494243600731E-003  0.102069074029078E+003  0.661452819395006E+002
  0.182155836437375E-003  0.101640271616317E+003  0.661946372728454E+002
  0.206114805278340E-003  0.101386474524416E+003  0.742203449145964E+002
  0.209727692712600E-003  0.101345065609879E+003  0.662289701281999E+002
  0.220254996668025E-003  0.101240458103689E+003  0.662412071711250E+002
  0.221229523822278E-003  0.101224972961498E+003  0.742014595239098E+002
  0.226451995511202E-003  0.101171652880906E+003  0.662492765921578E+002
  0.238875887133576E-003  0.101058175032242E+003  0.662626211091433E+002
  0.266987918620614E-003  0.100829000867231E+003  0.741547722595912E+002
  0.285014338484049E-003  0.100691673125628E+003  0.741384505863792E+002
  0.321828671661628E-003  0.100442057867676E+003  0.741086077918019E+002
  0.323523911269852E-003  0.100424894893224E+003  0.741065474451391E+002
  0.326137695530764E-003  0.100402146021782E+003  0.663406665046857E+002
  0.371771908431477E-003  0.100133568750149E+003  0.663730746820224E+002
  0.421681454060801E-003  0.998749738420531E+002  0.664045382801574E+002
  0.515428013314552E-003  0.994668233248404E+002  0.739897482216659E+002
  0.552056825637366E-003  0.993228610713297E+002  0.664725980827003E+002
  0.577451172495771E-003  0.992262596850309E+002  0.664846336751581E+002
  0.642425647293891E-003  0.990063497108734E+002  0.739323034284567E+002
  0.692030280098656E-003  0.988509368786646E+002  0.739127136221129E+002
  0.750101063126417E-003  0.986831248259610E+002  0.738914434552878E+002
  0.777636374822127E-003  0.986043670816050E+002  0.665630630664827E+002
  0.859487493256078E-003  0.983975570151022E+002  0.665895198772143E+002
  0.912392901008846E-003  0.982714325623580E+002  0.666057497432761E+002
  0.987297854119098E-003  0.981069748595328E+002  0.738174589183242E+002
  0.989545893889380E-003  0.980957705318977E+002  0.738160050509457E+002
  0.124061801568304E-002  0.976368773730567E+002  0.737559454192417E+002
  0.138737560613493E-002  0.974066132845077E+002  0.667190606897404E+002
  0.169769425662563E-002  0.969962435014966E+002  0.736703504947988E+002
  0.170464093685122E-002  0.969814209542331E+002  0.667761364590949E+002
  0.172727624710483E-002  0.969483828743912E+002  0.736638703903396E+002
  0.173667865077340E-002  0.969308698471116E+002  0.667829851956990E+002
  0.183910507988211E-002  0.968096050349964E+002  0.736450111605486E+002
  0.190037091347389E-002  0.967374094526867E+002  0.668093224276744E+002
  0.190871095107409E-002  0.967219958029989E+002  0.668114295517798E+002
  0.208951023292823E-002  0.965343370613847E+002  0.668371886467500E+002
  0.212044880297947E-002  0.964982853500114E+002  0.736023215664781E+002
  0.243843163898585E-002  0.962121751779570E+002  0.668818735917094E+002
  0.261371895213006E-002  0.960666815351922E+002  0.669022511884103E+002
  0.271684863692538E-002  0.959826289025326E+002  0.669140806628653E+002
  0.270836630662876E-002  0.959822273324071E+002  0.735303440721019E+002
  0.287460177935143E-002  0.958564346744278E+002  0.669319209578097E+002
  0.352506985560307E-002  0.954418068939735E+002  0.734532502906899E+002
  0.376616629953254E-002  0.953028366455207E+002  0.734331262770338E+002
  0.378218614187296E-002  0.952876918663920E+002  0.734309255640905E+002
  0.382275030719303E-002  0.952597003814074E+002  0.670176272559837E+002
  0.383028139372643E-002  0.952491085368715E+002  0.734253121236623E+002
  0.400564289202221E-002  0.951529213195861E+002  0.734112749446817E+002
  0.409738588988454E-002  0.951009755543186E+002  0.734036684311308E+002
  0.413628512820849E-002  0.950754221932269E+002  0.670445614288913E+002
  0.429835568872251E-002  0.949918976558207E+002  0.733876364658485E+002
  0.431067922527734E-002  0.949795162096839E+002  0.670586698120597E+002
  0.448902124921198E-002  0.948917822118270E+002  0.733728499779578E+002
  0.452919004933407E-002  0.948673097655505E+002  0.733692249682093E+002
  0.463374021863586E-002  0.948150117091006E+002  0.670830171267028E+002
  0.485599874372680E-002  0.947146552679809E+002  0.733465178971770E+002
  0.492574471479630E-002  0.946794783292612E+002  0.671032193954850E+002
  0.496728419488067E-002  0.946560271955255E+002  0.671067282575171E+002
  0.513343017960967E-002  0.945835699440660E+002  0.671175946862584E+002
  0.525067252435491E-002  0.945317502007899E+002  0.671253894890553E+002
  0.525890241583685E-002  0.945219622795876E+002  0.671268640066569E+002
  0.527670116094591E-002  0.945085491322967E+002  0.671288857940049E+002
  0.545082324907942E-002  0.944369624924981E+002  0.671396985987741E+002
  0.564008979362387E-002  0.943620402441246E+002  0.732934253517049E+002
  0.596938100066625E-002  0.942418981623197E+002  0.671693564404045E+002
  0.660908428762964E-002  0.940316388364932E+002  0.732428307151334E+002
  0.740950963553526E-002  0.937963449538914E+002  0.672382043149358E+002
  0.753490818939343E-002  0.937561246009578E+002  0.672444975854032E+002
  0.782021821870414E-002  0.936751373969289E+002  0.731872711891874E+002
  0.893885857595167E-002  0.934010909255574E+002  0.731438438089015E+002
  0.905853177220652E-002  0.933678370535552E+002  0.673059511892273E+002
  0.940408666160744E-002  0.932863068830512E+002  0.673190200686268E+002
  0.941928608247633E-002  0.932764213983468E+002  0.731238726893892E+002
  0.960116674042426E-002  0.932315151616486E+002  0.673278360615492E+002
  0.978250240684855E-002  0.931874381922858E+002  0.673349475870299E+002
  0.977942908026860E-002  0.931814110421933E+002  0.673359213893593E+002
  0.101528500180846E-001  0.930998087621266E+002  0.730953430563929E+002
  0.106265111788734E-001  0.930019582274132E+002  0.730794138506272E+002
  0.107181718421841E-001  0.929781253058417E+002  0.673689607600163E+002
  0.114293549867578E-001  0.928429808444168E+002  0.730533426414359E+002
  0.118117915485816E-001  0.927704987208546E+002  0.674031053080037E+002
  0.118958147884400E-001  0.927496664936521E+002  0.674065540597124E+002
  0.120674351694002E-001  0.927143631606651E+002  0.674124081515046E+002
  0.122635142797385E-001  0.926754715420649E+002  0.730256099391173E+002
  0.124273193071768E-001  0.926422785944603E+002  0.674243994434180E+002
  0.127223156602715E-001  0.925887022723108E+002  0.730111360696461E+002
  0.126802674520732E-001  0.925886677898958E+002  0.730111303027474E+002
  0.126958336442577E-001  0.925795585318853E+002  0.674348749162643E+002
  0.126608269186481E-001  0.925784252479446E+002  0.674350645588980E+002
  0.127115359449908E-001  0.925637752851891E+002  0.674375172319921E+002
  0.134371596462376E-001  0.924460915977672E+002  0.729871827730564E+002
  0.138610295555432E-001  0.923773214243926E+002  0.729755574649024E+002
  0.138825463732771E-001  0.923675636021454E+002  0.729739039672736E+002
  0.142381504234795E-001  0.923103227879286E+002  0.729641842271558E+002
  0.142380377132808E-001  0.923036830399464E+002  0.729630545379202E+002
  0.147871894698798E-001  0.922213391915044E+002  0.674954757219931E+002
  0.150721509345594E-001  0.921765086064462E+002  0.729413264465866E+002
  0.151995144333502E-001  0.921530235259645E+002  0.675071864156265E+002
  0.152163230892486E-001  0.921441574319182E+002  0.729357714035217E+002
  0.152045409142682E-001  0.921390510747356E+002  0.729348935478263E+002
  0.156447351879572E-001  0.920753148483987E+002  0.675205689719193E+002
  0.158861607767185E-001  0.920380314919298E+002  0.729174680606179E+002
  0.158741700905772E-001  0.920328860580665E+002  0.675279038761887E+002
  0.168171161634820E-001  0.919108226351477E+002  0.675491179066495E+002
  0.170420971754744E-001  0.918775882539898E+002  0.675549231035406E+002
  0.172910637816459E-001  0.918419262015467E+002  0.728833149149367E+002
  0.184511401164095E-001  0.917053979416224E+002  0.675852049740971E+002
  0.184554342058333E-001  0.916982769604052E+002  0.675864647810822E+002
  0.185408882811241E-001  0.916823821670745E+002  0.675892789796770E+002
  0.188411247131050E-001  0.916435995970473E+002  0.728483232010391E+002
  0.188832828234436E-001  0.916324738999650E+002  0.675981349340036E+002
  0.192219677908056E-001  0.915902648061900E+002  0.728388332476788E+002
  0.194722159955077E-001  0.915577395299111E+002  0.728330290356263E+002
  0.200269931371728E-001  0.914948991664453E+002  0.676227030348259E+002
  0.203976589528457E-001  0.914515653530457E+002  0.728139915334584E+002
  0.210661141318457E-001  0.913804184785195E+002  0.676433254072041E+002
  0.210922157951547E-001  0.913712863612712E+002  0.727995037939441E+002
  0.214111803934220E-001  0.913346124188129E+002  0.676516231799142E+002
  0.219471388837371E-001  0.912785097383217E+002  0.676618228243098E+002
  0.219822681077286E-001  0.912686554596894E+002  0.676636185613597E+002
  0.236161441105984E-001  0.911186110447496E+002  0.676911184090415E+002
  0.239470922503069E-001  0.910841227512250E+002  0.727469996605787E+002
  0.239527669834348E-001  0.910769932879639E+002  0.727456822332688E+002
  0.242888838144005E-001  0.910424678265128E+002  0.677051887077717E+002
  0.244137859458965E-001  0.910255538842341E+002  0.677083248787744E+002
  0.256464633326358E-001  0.909203828844268E+002  0.677279140963275E+002
  0.257206807212436E-001  0.909079479336637E+002  0.677302404179311E+002
  0.257740676387239E-001  0.908971453724126E+002  0.727122182355725E+002
  0.262002201794469E-001  0.908576918754992E+002  0.677396644930337E+002
  0.262639477396854E-001  0.908461775435898E+002  0.677418287156545E+002
  0.283136028685803E-001  0.906892316323829E+002  0.726729626761407E+002
  0.286523411540672E-001  0.906587904530051E+002  0.677773190790611E+002
  0.285649010553153E-001  0.906582477271584E+002  0.726670587356336E+002
  0.289535181413884E-001  0.906245661608649E+002  0.677838568094788E+002
  0.295256703290726E-001  0.905787738922327E+002  0.677926318406297E+002
  0.297354390887022E-001  0.905579593036985E+002  0.726478503828584E+002
  0.305955068382379E-001  0.904942765374207E+002  0.726355737899298E+002
  0.332034441492801E-001  0.903240200629298E+002  0.726024412847213E+002
  0.340032989551437E-001  0.902697566066971E+002  0.678526972820181E+002
  0.340557653027013E-001  0.902600174485330E+002  0.678546151069896E+002
  0.349783750122371E-001  0.901999005148418E+002  0.678664878346594E+002
  0.378633028061525E-001  0.900347402034877E+002  0.678994183484643E+002
  0.390758598759201E-001  0.899650396182649E+002  0.725310248118938E+002
  0.389809502266447E-001  0.899632476596353E+002  0.725306627730815E+002
  0.400326616444335E-001  0.899033468975155E+002  0.679259534898837E+002
  0.407230598200650E-001  0.898624936167069E+002  0.725102147440039E+002
  0.414604674401806E-001  0.898199462983580E+002  0.679429566748654E+002
  0.435841406634113E-001  0.897133848051699E+002  0.679648681097851E+002
  0.439366244760176E-001  0.896906194152566E+002  0.679695768146346E+002
  0.442924034234571E-001  0.896678339565346E+002  0.679742995466668E+002
  0.450302609491083E-001  0.896281352818715E+002  0.679825516636752E+002
  0.467742030191494E-001  0.895454854934753E+002  0.679998302787600E+002
  0.469627061301102E-001  0.895307859798265E+002  0.680029174226979E+002
  0.470961294401405E-001  0.895184563596125E+002  0.680055101648224E+002
  0.476152807347478E-001  0.894898749526160E+002  0.680115321188648E+002
  0.474589283979236E-001  0.894897974961595E+002  0.680115484608257E+002
  0.473551453524188E-001  0.894875202991761E+002  0.680120289636538E+002
  0.473938615087159E-001  0.894792302466206E+002  0.724307022533012E+002
  0.479941045048528E-001  0.894474037378956E+002  0.680205110051094E+002
  0.478538128693613E-001  0.894466029217790E+002  0.680206806582767E+002
  0.487830949775612E-001  0.894014812617238E+002  0.724142204427898E+002
  0.486558231850704E-001  0.894000503645406E+002  0.724139159489693E+002
  0.492752975640812E-001  0.893680919945213E+002  0.724071041744089E+002
  0.498758372093231E-001  0.893372088756248E+002  0.680439800069634E+002
  0.515264787511184E-001  0.892654349657879E+002  0.680594031690441E+002
  0.523326866032195E-001  0.892277287202889E+002  0.680675499216334E+002
  0.526534521269482E-001  0.892088518497229E+002  0.723728413319220E+002
  0.530874498949970E-001  0.891857787736860E+002  0.680766499123710E+002
  0.542479327667812E-001  0.891358745251139E+002  0.723569554412335E+002
  0.554640847357587E-001  0.890848773381538E+002  0.723457837044043E+002
  0.553254809516847E-001  0.890832259785564E+002  0.723454209655193E+002
  0.552391472104828E-001  0.890796937755373E+002  0.680998364819965E+002
  0.580873620208100E-001  0.889724857383181E+002  0.681235287409114E+002
  0.581680125946400E-001  0.889630552124742E+002  0.681256256351213E+002
  0.582236337382510E-001  0.889544881154542E+002  0.723169489890370E+002
  0.580739841434412E-001  0.889529796631338E+002  0.681278682711747E+002
  0.585076956758828E-001  0.889314430644553E+002  0.723118113514480E+002
  0.605828693261933E-001  0.888550797380194E+002  0.722946959741292E+002
  0.605060590561985E-001  0.888509614758638E+002  0.722937689257645E+002
  0.604513001142904E-001  0.888461167469082E+002  0.722926778134802E+002
  0.602828816254891E-001  0.888450409816722E+002  0.722924354555103E+002
  0.612297577118515E-001  0.888072151378004E+002  0.681605857532904E+002
  0.613200379255820E-001  0.887976128295657E+002  0.722817220725005E+002
  0.630453824094951E-001  0.887354609488275E+002  0.681768835052505E+002
  0.631741139803740E-001  0.887247257575140E+002  0.722651483492045E+002
  0.630642357813900E-001  0.887215517889606E+002  0.681800577857578E+002
  0.636870391795036E-001  0.886952417031914E+002  0.681860756781885E+002
  0.641965216916341E-001  0.886726502136782E+002  0.681912572469957E+002
  0.655038195022396E-001  0.886256757855283E+002  0.722424075358530E+002
  0.668319871682435E-001  0.885788734817385E+002  0.722315726929709E+002
  0.678817529971152E-001  0.885410470031117E+002  0.682217084574024E+002
  0.681244854122028E-001  0.885272525541319E+002  0.722195541641038E+002
  0.682359404419741E-001  0.885173275487041E+002  0.722172350978863E+002
  0.683750855233061E-001  0.885065977694278E+002  0.682297564003113E+002
  0.690527731879922E-001  0.884802171301685E+002  0.682359414248862E+002
  0.696539509137006E-001  0.884562247844005E+002  0.722028980762361E+002
  0.699907096194377E-001  0.884399230249123E+002  0.682454258578083E+002
  0.705760304719730E-001  0.884166113215177E+002  0.721935475463007E+002
  0.705953089825402E-001  0.884094094970093E+002  0.721918428282844E+002
  0.734807714982164E-001  0.883226337919479E+002  0.721711852433197E+002
  0.737165876455149E-001  0.883095700438331E+002  0.682764250227888E+002
  0.740698815545165E-001  0.882933521651796E+002  0.682803163994241E+002
  0.740588527249863E-001  0.882869944024192E+002  0.721626373196240E+002
  0.744260247826588E-001  0.882704476383714E+002  0.682858255156286E+002
  0.754629032018036E-001  0.882361210361008E+002  0.682941114013324E+002
  0.754141794164506E-001  0.882307572037727E+002  0.721490719906018E+002
  0.781675852942412E-001  0.881523821474682E+002  0.683144755837731E+002
  0.792581973246802E-001  0.881180149825478E+002  0.721215849415722E+002
  0.796115729071630E-001  0.881024621485992E+002  0.721177618070033E+002
  0.818754078979392E-001  0.880397281577356E+002  0.683422194853922E+002
  0.816164219495956E-001  0.880394089471466E+002  0.683422986808224E+002
  0.819120181270435E-001  0.880255229060271E+002  0.720987343414382E+002
  0.829237477076160E-001  0.879943158025585E+002  0.720909614393210E+002
  0.860601511161485E-001  0.879134102221026E+002  0.720706576898913E+002
  0.858758496022142E-001  0.879110423206757E+002  0.683744212627478E+002
  0.857608677139572E-001  0.879070663980195E+002  0.683754251219784E+002
  0.856241326489399E-001  0.879036021144760E+002  0.683763002452757E+002
  0.853448254153626E-001  0.879034812288976E+002  0.720681505629899E+002
  0.860851019941313E-001  0.878795525578027E+002  0.720620944003749E+002
  0.870873668735032E-001  0.878497460442815E+002  0.683899587483858E+002
  0.874723563280665E-001  0.878342684959646E+002  0.720505784495795E+002
  0.902490219168363E-001  0.877651130279812E+002  0.720328505557514E+002
  0.899892061681824E-001  0.877642235037847E+002  0.720326213968168E+002
  0.904893131348167E-001  0.877464838732959E+002  0.684164361069353E+002
  0.906611301861221E-001  0.877360343834810E+002  0.684191371137861E+002
  0.939515662735256E-001  0.876580774324300E+002  0.720050646214790E+002
  0.937263666689878E-001  0.876562215579765E+002  0.720045790247924E+002
  0.939379120686164E-001  0.876450569579467E+002  0.720016549677542E+002
  0.941222729830234E-001  0.876344800592022E+002  0.719988803930394E+002
  0.941249286104063E-001  0.876277680505046E+002  0.684473639307333E+002
  0.944870474739404E-001  0.876134328029729E+002  0.684511350915681E+002
  0.973144076147463E-001  0.875478086407039E+002  0.719759790415705E+002
  0.970001918515134E-001  0.875476212525735E+002  0.719759292036542E+002
  0.971592627258605E-001  0.875376885533773E+002  0.684711958893201E+002
  0.972916031205892E-001  0.875283106316979E+002  0.719707857177176E+002
  0.982749902043081E-001  0.875015412814585E+002  0.684808509204104E+002
  0.990214097351299E-001  0.874797526711271E+002  0.719577846920329E+002
  0.100300704697942E+000  0.874474238226611E+002  0.719490746111515E+002
  0.102114363571028E+000  0.874049268908121E+002  0.719375577512759E+002
  0.102263511670154E+000  0.873953522446480E+002  0.719349522894690E+002
  0.102218136409195E+000  0.873895842797989E+002  0.719333807905675E+002
  0.102233568484780E+000  0.873826267784215E+002  0.719314832764152E+002
  0.103935061367389E+000  0.873429587750495E+002  0.685238572016685E+002
  0.105199394297526E+000  0.873121206979210E+002  0.719121340117401E+002
  0.105410593508273E+000  0.873014539256029E+002  0.685352939940829E+002
  0.105687987454222E+000  0.872895421451277E+002  0.685385906704665E+002
  0.106173732364392E+000  0.872737155686581E+002  0.719015005445105E+002
  0.106592327557735E+000  0.872591903924747E+002  0.718974612774598E+002
  0.106441293022010E+000  0.872553706944495E+002  0.685480839034680E+002
  0.106412724510180E+000  0.872492519800904E+002  0.685497894428786E+002
  0.106274958134086E+000  0.872451873613308E+002  0.685509233827787E+002
  0.107490425410374E+000  0.872157875864539E+002  0.718853330542112E+002
  0.107596827904055E+000  0.872071532278757E+002  0.718829097571329E+002
  0.107393032446116E+000  0.872042893710516E+002  0.685623761399858E+002
  0.107632637942330E+000  0.871931765445299E+002  0.685655017688802E+002
  0.107942205380456E+000  0.871807769239706E+002  0.685689963008721E+002
  0.108969177557634E+000  0.871551831057489E+002  0.718682485952701E+002
  0.110322323042465E+000  0.871238450794968E+002  0.685851369065496E+002
  0.111851718787170E+000  0.870896539710331E+002  0.685949072829016E+002
  0.112486432873052E+000  0.870716812648970E+002  0.718444146323996E+002
  0.112133368681518E+000  0.870713130107597E+002  0.686001726071881E+002
  0.112701484900437E+000  0.870545501466017E+002  0.718394814680463E+002
  0.113917032549812E+000  0.870264389621574E+002  0.718313536572766E+002
  0.114278535043170E+000  0.870134466629975E+002  0.718275832782698E+002
  0.114373864256535E+000  0.870051234122488E+002  0.686193181515929E+002
  0.114337115697546E+000  0.869991105394544E+002  0.718234126167342E+002
  0.114037121215215E+000  0.869977093988056E+002  0.718230044143331E+002
  0.115468856092470E+000  0.869661001600300E+002  0.686307136639005E+002
  0.115086489718514E+000  0.869660784182087E+002  0.718137613173762E+002
  0.114849001833545E+000  0.869635542223140E+002  0.686314599614696E+002
  0.115365082998096E+000  0.869479316490024E+002  0.686360471363930E+002
  0.116178060217329E+000  0.869272315059116E+002  0.686421457243337E+002
  0.117221521309717E+000  0.869026929794484E+002  0.686494057908373E+002
  0.116851298221890E+000  0.869023640355173E+002  0.686495033411448E+002
  0.116857126776167E+000  0.868956086976227E+002  0.686515080171087E+002
  0.116811122959443E+000  0.868897406239535E+002  0.717912298806702E+002
  0.116667898272127E+000  0.868855387923666E+002  0.717899802890810E+002
  0.116796680312514E+000  0.868766767609204E+002  0.717873415197128E+002
  0.117955816843596E+000  0.868502702351135E+002  0.717794521674547E+002
  0.117950871062592E+000  0.868436985148822E+002  0.717774825465739E+002
  0.117833328318816E+000  0.868390370081560E+002  0.686683974277303E+002
  0.118172318633304E+000  0.868266359629448E+002  0.686721243356076E+002
  0.118385316243075E+000  0.868163787629268E+002  0.686752137342580E+002
  0.119361190051384E+000  0.867933043624741E+002  0.717622951147651E+002
  0.119030167817797E+000  0.867922030515257E+002  0.717619615368032E+002
  0.118773790458764E+000  0.867898598883450E+002  0.686832297815077E+002
  0.119231206215984E+000  0.867755168003042E+002  0.686875828151867E+002
  0.119660600418157E+000  0.867616714437820E+002  0.717526848182000E+002
  0.120424772772652E+000  0.867422841436262E+002  0.717467648817456E+002
  0.120332124570215E+000  0.867371678457299E+002  0.717451987760955E+002
  0.121251320930761E+000  0.867152926664623E+002  0.687059968421145E+002
  0.120896889305523E+000  0.867144918787284E+002  0.687062431963748E+002
  0.120677984508858E+000  0.867114609280937E+002  0.687071760004750E+002
  0.120416192645328E+000  0.867091487454886E+002  0.717365933698540E+002
  0.120303905666824E+000  0.867043590167621E+002  0.687093639344026E+002
  0.121839820297936E+000  0.866723311462332E+002  0.687192705475302E+002
  0.121502495355242E+000  0.866712204324695E+002  0.687196152767077E+002
  0.121393048709567E+000  0.866663672180460E+002  0.717233588688213E+002
  0.120993554088909E+000  0.866663043286742E+002  0.717233393280534E+002
  0.121614653603354E+000  0.866494083551028E+002  0.687264011302017E+002
  0.121836032757130E+000  0.866391154187349E+002  0.717148673216633E+002
  0.122153742719209E+000  0.866272512573125E+002  0.687333259858171E+002
  0.122131592117868E+000  0.866209583775965E+002  0.687352986076394E+002
  0.122094950356466E+000  0.866149029248388E+002  0.717072820756713E+002
  0.121801732078422E+000  0.866130562402298E+002  0.687377793941501E+002
  0.125950454489159E+000  0.865394125891855E+002  0.716833798456640E+002
  0.125983395700490E+000  0.865322339953362E+002  0.716810865228822E+002
  0.126339332029131E+000  0.865199358546421E+002  0.716771492734049E+002
  0.126387990835813E+000  0.865125101352137E+002  0.687697145910695E+002
  0.126106975757884E+000  0.865103063696169E+002  0.687704224125171E+002
  0.126238325782582E+000  0.865015687211583E+002  0.716712491159275E+002
  0.129536356208323E+000  0.864433331613150E+002  0.687921004422269E+002
  0.129238367564555E+000  0.864412837307742E+002  0.716517123629043E+002
  0.130451795967991E+000  0.864159376123251E+002  0.716434181703738E+002
  0.130557115071331E+000  0.864076680012833E+002  0.688037798000276E+002
  0.131201509814729E+000  0.863911652415378E+002  0.716352646854322E+002
  0.130792439913601E+000  0.863907551526544E+002  0.688093520386178E+002
  0.130371233980188E+000  0.863905507958316E+002  0.688094195019841E+002
  0.130160428980694E+000  0.863871317519367E+002  0.688105486932229E+002
  0.130428079514717E+000  0.863763677691256E+002  0.688141095750364E+002
  0.131156330929007E+000  0.863585761538142E+002  0.716244662277763E+002
  0.131148459501946E+000  0.863520406084487E+002  0.688221907171300E+002
  0.130800886122160E+000  0.863506925213275E+002  0.716218414557808E+002
  0.130771819363950E+000  0.863444814333651E+002  0.716197700679153E+002
  0.130968038629265E+000  0.863348271612177E+002  0.716165442746716E+002
  0.130592323735712E+000  0.863339173316280E+002  0.688282414656748E+002
  0.130335939024849E+000  0.863311921005840E+002  0.688291536011329E+002
  0.131571204627124E+000  0.863056706774204E+002  0.716067565613989E+002
  0.132110478394852E+000  0.862908344073453E+002  0.716017494270239E+002
  0.132171551972683E+000  0.862832544574049E+002  0.688452971322187E+002
  0.132210796811094E+000  0.862760051183868E+002  0.688477549318785E+002
  0.133948903525392E+000  0.862432279064153E+002  0.715855584015983E+002
  0.133553791069381E+000  0.862424804946534E+002  0.715853026725804E+002
  0.133508312539978E+000  0.862365060823197E+002  0.715832567835997E+002
  0.133212348758275E+000  0.862342890619629E+002  0.715824968001817E+002
  0.132958164106773E+000  0.862314533598856E+002  0.688629572365689E+002
  0.132847399690787E+000  0.862264646285173E+002  0.715798112234202E+002
  0.132516895812765E+000  0.862247909400863E+002  0.715792360740568E+002
  0.135027776249931E+000  0.861805946510821E+002  0.715639591687692E+002
  0.134734766935795E+000  0.861782837723650E+002  0.688813257515511E+002
  0.138174960231560E+000  0.861212030854457E+002  0.715431516417540E+002
  0.138087807620577E+000  0.861158093852386E+002  0.715412457285518E+002
  0.138505632395583E+000  0.861031113610561E+002  0.689077334979694E+002
  0.139068221834817E+000  0.860883485301189E+002  0.715314991638054E+002
  0.138851746811155E+000  0.860848085960455E+002  0.689142438875215E+002
  0.138662178319315E+000  0.860808853979738E+002  0.715288377414622E+002
  0.138461767524945E+000  0.860771225426116E+002  0.689169875385909E+002
  0.138423853287513E+000  0.860710146866101E+002  0.689191719479721E+002
  0.138644085441184E+000  0.860611796378646E+002  0.715217842886974E+002
  0.140854437503847E+000  0.860228902855904E+002  0.715079684163610E+002
  0.141993332191616E+000  0.860001285032031E+002  0.714996845131847E+002
  0.142903587911402E+000  0.859806927382850E+002  0.714925683222698E+002
  0.144308229531205E+000  0.859544745533120E+002  0.689615761702876E+002
  0.146798948706609E+000  0.859135940533392E+002  0.714676884257947E+002
  0.148265361212444E+000  0.858870590837505E+002  0.689867702167233E+002
  0.148416483754371E+000  0.858783660003264E+002  0.714544249219927E+002
  0.148632521826025E+000  0.858688012959806E+002  0.689936822973219E+002
  0.148611665505181E+000  0.858624263782508E+002  0.689961049079762E+002
  0.308633269469034E+000  0.845769183694280E+002  0.714297886160055E+002
  0.305463048851068E+000  0.845705407782703E+002  0.714273227335119E+002
  0.302028868321158E+000  0.845663071676022E+002  0.714256830263602E+002
  0.307217126692711E+000  0.845188648965036E+002  0.714071531273287E+002
  0.313619604160741E+000  0.844642348219665E+002  0.713854502378446E+002
  0.315873745203158E+000  0.844499112350406E+002  0.713796925724240E+002
  0.315998464056917E+000  0.844222756748909E+002  0.713685021558565E+002
  0.320240277592371E+000  0.843956072178624E+002  0.713575987775785E+002
  0.325313800847458E+000  0.843641698657546E+002  0.713446096210776E+002
  0.323923116522701E+000  0.843591786210107E+002  0.713425335055771E+002
  0.318293412891655E+000  0.843405492279992E+002  0.713347503660316E+002
  0.320681891000308E+000  0.842859919762418E+002  0.713116371647737E+002
  0.319456702548116E+000  0.842805329544483E+002  0.713092974015091E+002
  0.320085202231481E+000  0.842634872154081E+002  0.713019588819033E+002
  0.318812032168791E+000  0.842583434724418E+002  0.712997345846069E+002
  0.312147556484002E+000  0.842231657976914E+002  0.712843979319962E+002
  0.313731243375900E+000  0.842003459560709E+002  0.712743294609452E+002
  0.310858631441552E+000  0.841934260803998E+002  0.712712572085213E+002
  0.310999916408527E+000  0.841548986247997E+002  0.712539847307924E+002
  0.313158057767988E+000  0.840916826064581E+002  0.712249996020510E+002
  0.313310281672712E+000  0.840784782028568E+002  0.712188388341108E+002
  0.313848328964203E+000  0.840750465515050E+002  0.712172314862672E+002
  0.312292895439298E+000  0.840726754714749E+002  0.712161193798474E+002
  0.312001452546880E+000  0.840622350832840E+002  0.712112076535636E+002
  0.310508057023448E+000  0.840595233397653E+002  0.712099279059291E+002
  0.309208482756750E+000  0.840433713520125E+002  0.712022707109427E+002
  0.309256002140818E+000  0.840430640141761E+002  0.712021244307624E+002
  0.310776924667309E+000  0.840332521121868E+002  0.711974428364129E+002
  0.310972690497403E+000  0.840196087204148E+002  0.711908955028687E+002
  0.309742289847657E+000  0.840151537154222E+002  0.711887479826389E+002
  0.307866314807069E+000  0.840149197404283E+002  0.711886350638781E+002
  0.308391952890428E+000  0.839991239952500E+002  0.711809811178861E+002
  0.310274449492997E+000  0.839745686977498E+002  0.711689598053746E+002
  0.310280507127722E+000  0.839621457106899E+002  0.711628194713553E+002
  0.315888639451217E+000  0.839016280497730E+002  0.711323149976507E+002
  0.317373138804816E+000  0.838922511877936E+002  0.711274965369536E+002
  0.316449739560197E+000  0.838856947421986E+002  0.711241121022158E+002
  0.316286455692746E+000  0.838743430415038E+002  0.711182221305264E+002
  0.317329925085692E+000  0.838677556465567E+002  0.711147863564804E+002
  0.315468078392919E+000  0.838670635605802E+002  0.711144246185554E+002
  0.317774693948749E+000  0.838524933144872E+002  0.711067747352495E+002
  0.318215963792248E+000  0.838497179912403E+002  0.711053100808673E+002
  0.318011820271386E+000  0.838383831147395E+002  0.710993027978009E+002
  0.316290224260476E+000  0.838366214352790E+002  0.710983654406363E+002
  0.317501646252343E+000  0.838289758751291E+002  0.710942857040457E+002
  0.318278815976045E+000  0.838240863249968E+002  0.710916665616894E+002
  0.317784754071920E+000  0.838144137264439E+002  0.710864619434603E+002
  0.318748435934012E+000  0.837828798549350E+002  0.710692721938169E+002
  0.317620484138528E+000  0.837646529924630E+002  0.710591753655298E+002
  0.317289983532656E+000  0.837541168414244E+002  0.710532828819219E+002
  0.319332205475958E+000  0.837161276227965E+002  0.710316808190888E+002
  0.319435347659905E+000  0.837154817403666E+002  0.710313085602325E+002
  0.315048983215090E+000  0.837055166156366E+002  0.710255432280079E+002
  0.314321361605394E+000  0.836852960193545E+002  0.710137155277310E+002
  0.312075036173694E+000  0.836749488431068E+002  0.710075942252714E+002
  0.309282385367204E+000  0.836683865206715E+002  0.710036871622318E+002
  0.306137487961378E+000  0.836644368144217E+002  0.710013261482661E+002
  0.305960710866398E+000  0.836413493138771E+002  0.709873793990469E+002
  0.305056914838417E+000  0.836112289681141E+002  0.709687926498606E+002
  0.303398280238908E+000  0.836101925673895E+002  0.709681448623792E+002
  0.305030329686893E+000  0.835994629380741E+002  0.709614050993672E+002
  0.302163239444337E+000  0.835943981838930E+002  0.709582022561592E+002
  0.301690158579565E+000  0.835855915970388E+002  0.709525997143369E+002
  0.302086943317405E+000  0.835829629130843E+002  0.709509190601220E+002
  0.300431909704432E+000  0.835819383238108E+002  0.709502629361301E+002
  0.298373945558915E+000  0.835717331168995E+002  0.709436951805440E+002
  0.291973394298732E+000  0.835329798793144E+002  0.709181904537170E+002
  0.291162127396308E+000  0.835270173335919E+002  0.709141828710982E+002
  0.290369606066060E+000  0.835209411955184E+002  0.709100749193325E+002
  0.291242713852485E+000  0.835149364503479E+002  0.709059909880929E+002
  0.289613284238282E+000  0.835145631295861E+002  0.709057362804749E+002
  0.291014453146840E+000  0.835049103242634E+002  0.708991171297526E+002
  0.288218650621689E+000  0.835009613232234E+002  0.708963904766699E+002
  0.287414535211369E+000  0.834949547846948E+002  0.708922218875397E+002
  0.283734296446538E+000  0.834861464362143E+002  0.708860614785612E+002
  0.282011269676551E+000  0.834754714261927E+002  0.708785180551636E+002
  0.280344672022487E+000  0.834645983406475E+002  0.708707444666070E+002
  0.279546507526298E+000  0.834589691524921E+002  0.708666831043297E+002
  0.277280994486987E+000  0.834526445652937E+002  0.708620892717512E+002
  0.275954773450076E+000  0.834509657789823E+002  0.708608643438279E+002
  0.274827210081523E+000  0.834478869730827E+002  0.708586117632365E+002
  0.274695555155649E+000  0.834375776595700E+002  0.708510102974939E+002
  0.273304748122376E+000  0.834364619164676E+002  0.708501820975337E+002
  0.268829516861318E+000  0.834247874265015E+002  0.708414498620358E+002
  0.267759252948282E+000  0.834216853567063E+002  0.708391088030548E+002
  0.265379544002295E+000  0.834174401324722E+002  0.708358905581781E+002
  0.264248235339542E+000  0.834149650130357E+002  0.708340063920922E+002
  0.263860403157170E+000  0.834068832201273E+002  0.708278133672897E+002
  0.264543492614550E+000  0.834017122526657E+002  0.708238174435905E+002
  0.264820620146935E+000  0.833996182115245E+002  0.708221916783904E+002
  0.263528174508764E+000  0.833982609319841E+002  0.708211355605694E+002
  0.262220105884152E+000  0.833970709149397E+002  0.708202080573350E+002
  0.262344259291338E+000  0.833961241986338E+002  0.708194691547207E+002
  0.259538135387006E+000  0.833952855155154E+002  0.708188138064355E+002
  0.257263909671562E+000  0.833906654748532E+002  0.708151907148001E+002
  0.258369169985611E+000  0.833820914554553E+002  0.708084075240737E+002
  0.253336000550145E+000  0.833772363225437E+002  0.708045314274746E+002
  0.251977721705570E+000  0.833661301722216E+002  0.707955663038091E+002
  0.252491449859768E+000  0.833620567551667E+002  0.707922428124535E+002
  0.252689800792447E+000  0.833604862222729E+002  0.707909562306790E+002
  0.251506066677779E+000  0.833588579934897E+002  0.707896193042226E+002
  0.249948176064462E+000  0.833493067715320E+002  0.707817125349316E+002
  0.247360587219358E+000  0.833374214181065E+002  0.707717146486246E+002
  0.246174256808438E+000  0.833361962695069E+002  0.707706736991709E+002
  0.245677433583567E+000  0.833293965671096E+002  0.707648600243870E+002
  0.242592917333697E+000  0.833223201059200E+002  0.707587428310267E+002
  0.241380886814646E+000  0.833216135639025E+002  0.707581282321225E+002
  0.237775440865334E+000  0.833197117344576E+002  0.707564703768094E+002
  0.236320513511617E+000  0.833108229373243E+002  0.707486526455900E+002
  0.235210903829339E+000  0.833096816570476E+002  0.707476404586743E+002
  0.232016246840704E+000  0.833055352952481E+002  0.707439465759401E+002
  0.232129728892134E+000  0.833045573093589E+002  0.707430714961497E+002
  0.230986266505483E+000  0.833039348680817E+002  0.707425137832027E+002
  0.231458017809853E+000  0.832998543638219E+002  0.707388427035995E+002
  0.230441888338277E+000  0.832876011162609E+002  0.707276586760646E+002
  0.229263665587055E+000  0.832873544044574E+002  0.707274309495995E+002
  0.228272385352351E+000  0.832855219543595E+002  0.707257362893673E+002
  0.226155408534600E+000  0.832832137089556E+002  0.707235934586569E+002
  0.223908317444927E+000  0.832823516680079E+002  0.707227908410780E+002
  0.222927803061222E+000  0.832807394442481E+002  0.707212862886347E+002
  0.223176496341801E+000  0.832785095324837E+002  0.707191977929793E+002
  0.223269045514840E+000  0.832776803234028E+002  0.707184189282693E+002
  0.222673529605291E+000  0.832725232524315E+002  0.707135472443186E+002
  0.220756087822854E+000  0.832688772306248E+002  0.707100736339279E+002
  0.219723863134940E+000  0.832678069958804E+002  0.707090493024124E+002
  0.216819951702291E+000  0.832632461276931E+002  0.707046596698862E+002
  0.215746220570775E+000  0.832628391499777E+002  0.707042660292875E+002
  0.213580883336626E+000  0.832623948238287E+002  0.707038358968108E+002
  0.212693476231843E+000  0.832604391349794E+002  0.707019380962617E+002
  0.212842321216483E+000  0.832590400048324E+002  0.707005757600633E+002
  0.211970080089771E+000  0.832569170295774E+002  0.706985011716921E+002
  0.209069157622449E+000  0.832536281651554E+002  0.706952693016201E+002
  0.207116748087316E+000  0.832519847453001E+002  0.706936460593696E+002
  0.206116050257552E+000  0.832514931538188E+002  0.706931594163869E+002
  0.205076581738766E+000  0.832514267789955E+002  0.706930936711717E+002
  0.205209295830933E+000  0.832501329094859E+002  0.706918102362030E+002
  0.203243949055529E+000  0.832489714422387E+002  0.706906551405439E+002
  0.201430661709123E+000  0.832465902303064E+002  0.706882780399636E+002
  0.200425789756251E+000  0.832464659448198E+002  0.706881536360395E+002
  0.198470375756786E+000  0.832458721605655E+002  0.706875588269090E+002
  0.197570203738542E+000  0.832448883031515E+002  0.706865715941681E+002
  0.196604019514927E+000  0.832446173760930E+002  0.706862993688362E+002
  0.195682701333805E+000  0.832439361399304E+002  0.706856141615699E+002
  0.193820944241624E+000  0.832429548915392E+002  0.706846254085846E+002
  0.241517156251000E+000  0.827089191251795E+002  0.706808276237030E+002
  0.241881224100731E+000  0.827059065547336E+002  0.706777532961758E+002
  0.240532498976652E+000  0.827044713860923E+002  0.706762813863854E+002
  0.235260632680437E+000  0.826987912546536E+002  0.706704084145011E+002
  0.235328241261931E+000  0.826982165824868E+002  0.706698099394167E+002
  0.233946062452170E+000  0.826975369318797E+002  0.706691011031523E+002
  0.232540578667183E+000  0.826971275218713E+002  0.706686735690177E+002
  0.231304362612737E+000  0.826953270451031E+002  0.706667885070137E+002
  0.230197721526083E+000  0.826924576093949E+002  0.706637676334757E+002
  0.230235290977180E+000  0.826921312257503E+002  0.706634227143622E+002
  0.229489085519693E+000  0.826860846387996E+002  0.706569832461921E+002
  0.227188176754402E+000  0.826812379615941E+002  0.706517519513066E+002
  0.226012593873916E+000  0.826791527095615E+002  0.706494815125285E+002
  0.224757944290399E+000  0.826778250157931E+002  0.706480296009807E+002
  0.225275735445909E+000  0.826732227701630E+002  0.706429579885506E+002
  0.223900624799159E+000  0.826729292014270E+002  0.706426324038955E+002
  0.222544121811358E+000  0.826725438392105E+002  0.706422046318351E+002
  0.221388254668462E+000  0.826704194404509E+002  0.706398385727998E+002
  0.220047267320351E+000  0.826700314021400E+002  0.706394049438437E+002
  0.218797595825620E+000  0.826688827606002E+002  0.706381186982647E+002
  0.217437316022188E+000  0.826688164859608E+002  0.706380443626992E+002
  0.216176162357223E+000  0.826679111900026E+002  0.706370276225382E+002
  0.214954584535116E+000  0.826667057053056E+002  0.706356698580549E+002
  0.213731540276333E+000  0.826655785358521E+002  0.706343962553617E+002
  0.211619749592464E+000  0.826604376355646E+002  0.706285368638743E+002
  0.210412134157434E+000  0.826594222943338E+002  0.706273695974168E+002
  0.210491940692191E+000  0.826586638646536E+002  0.706264954850270E+002
  0.209372534496285E+000  0.826567891164699E+002  0.706243266288531E+002
  0.209459102476279E+000  0.826559623596198E+002  0.706233664454606E+002
  0.209497391813054E+000  0.826555967909996E+002  0.706229411457654E+002
  0.209667513311937E+000  0.826539733582537E+002  0.706210469773887E+002
  0.210367364614371E+000  0.826473086550413E+002  0.706131746535352E+002
  0.210613555637028E+000  0.826449694416577E+002  0.706103737287887E+002
  0.210851905036442E+000  0.826427073400426E+002  0.706076457763338E+002
  0.209491492142072E+000  0.826426237518928E+002  0.706075446042507E+002
  0.209696068518548E+000  0.826406716291495E+002  0.706051742237907E+002
  0.210122453505387E+000  0.826366090629589E+002  0.706001935621960E+002
  0.209007492205671E+000  0.826340484419119E+002  0.705970202625356E+002
  0.207644232460601E+000  0.826339348834439E+002  0.705968789105431E+002
  0.206472854349112E+000  0.826320480085321E+002  0.705945223668793E+002
  0.205791786776670E+000  0.826254547084343E+002  0.705861681051618E+002
  0.205805113663190E+000  0.826253251944704E+002  0.705860020787002E+002
  0.205922769093724E+000  0.826241821537519E+002  0.705845334937494E+002
  0.204883363084143E+000  0.826209248465073E+002  0.705803154509261E+002
  0.203809858898106E+000  0.826180535935586E+002  0.705765556903089E+002
  0.202529624577357E+000  0.826172782671000E+002  0.705755335786367E+002
  0.202568174103122E+000  0.826168976229592E+002  0.705750306922608E+002
  0.202894908550074E+000  0.826136743009686E+002  0.705707431250151E+002
  0.201532048789811E+000  0.826135943936298E+002  0.705706361643945E+002
  0.201540345916103E+000  0.826135120548103E+002  0.705705259147326E+002
  0.201693666134605E+000  0.826119911491197E+002  0.705684831463189E+002
  0.200346280174242E+000  0.826116509341201E+002  0.705680245429295E+002
  0.200622351393257E+000  0.826088968906274E+002  0.705642895102898E+002
  0.198153839595982E+000  0.826060714370649E+002  0.705604147634051E+002
  0.196820260245428E+000  0.826058312163834E+002  0.705600832818248E+002
  0.194262894428939E+000  0.826045906478464E+002  0.705583662125370E+002
  0.194316298517192E+000  0.826040409108604E+002  0.705576025112302E+002
  0.194319521321415E+000  0.826040077404313E+002  0.705575563748246E+002
  0.194325496388951E+000  0.826039462440296E+002  0.705574708233194E+002
  0.193024325493398E+000  0.826034456048995E+002  0.705567735387429E+002
  0.193167399984462E+000  0.826019637036761E+002  0.705547009922094E+002
  0.193232281375433E+000  0.826012920531059E+002  0.705537573730079E+002
  0.190657300757181E+000  0.825999534055086E+002  0.705518686154724E+002
  0.190665812807870E+000  0.825998641158706E+002  0.705517422475830E+002
  0.190677747372327E+000  0.825997389314888E+002  0.705515649977169E+002
  0.190733523293581E+000  0.825991539889248E+002  0.705507355039274E+002
  0.190765441468810E+000  0.825988193282494E+002  0.705502599858557E+002
  0.190856094879727E+000  0.825978691364600E+002  0.705489060892709E+002
  0.188457607260138E+000  0.825941763772607E+002  0.705435902435392E+002
  0.188494397366256E+000  0.825937859816052E+002  0.705430231077038E+002
  0.188591073369029E+000  0.825927604739960E+002  0.705415285329384E+002
  0.188592527601333E+000  0.825927450519861E+002  0.705415060035020E+002
  0.187349942595401E+000  0.825912058978394E+002  0.705392494569782E+002
  0.186115530224221E+000  0.825896668986587E+002  0.705369769618771E+002
  0.184804191889720E+000  0.825890482216498E+002  0.705360587824917E+002
  0.184820462545136E+000  0.825888721440507E+002  0.705357969739946E+002
  0.185053133102668E+000  0.825863559267164E+002  0.705320314566902E+002
  0.185224359237393E+000  0.825845062204774E+002  0.705292339181872E+002
  0.185350967461469E+000  0.825831396078631E+002  0.705271505347975E+002
  0.184118468028749E+000  0.825812739107316E+002  0.705242831035177E+002
  0.183001894230925E+000  0.825782305012284E+002  0.705195462741603E+002
  0.179254100318642E+000  0.825743298471258E+002  0.705133625382386E+002
  0.179262037038083E+000  0.825742412963621E+002  0.705132206325579E+002
  0.179301502687191E+000  0.825738010324212E+002  0.705125140643735E+002
  0.178033168779155E+000  0.825727896077342E+002  0.705108843043502E+002
  0.178078997150899E+000  0.825722748443941E+002  0.705100512963121E+002
  0.176784240740501E+000  0.825715435907252E+002  0.705088637937777E+002
  0.175572589330791E+000  0.825699727219061E+002  0.705062960312595E+002
  0.175614658473726E+000  0.825694935570914E+002  0.705055081494259E+002
  0.173031027060732E+000  0.825683661766725E+002  0.705036457181159E+002
  0.171833683620138E+000  0.825669281757324E+002  0.705012521008521E+002
  0.170594744044659E+000  0.825660748849979E+002  0.704998220024869E+002
  0.170628532252867E+000  0.825656788017214E+002  0.704991556649676E+002
  0.169349427732907E+000  0.825652840445589E+002  0.704984899591949E+002
  0.169470521757943E+000  0.825638544471533E+002  0.704960655891749E+002
  0.166921331775030E+000  0.825631588031795E+002  0.704948780902469E+002
  0.165730652663846E+000  0.825620321869344E+002  0.704929438505750E+002
  0.164494905167585E+000  0.825615566910322E+002  0.704921233317544E+002
  0.164600977639863E+000  0.825602674318042E+002  0.704898859212986E+002
  0.163473764638754E+000  0.825584465732744E+002  0.704866937163115E+002
  0.161002759606535E+000  0.825579002227748E+002  0.704857283489397E+002
  0.161234287549984E+000  0.825550262145212E+002  0.704805907649524E+002
  0.160114707996376E+000  0.825533979857059E+002  0.704776342821455E+002
  0.160140815418510E+000  0.825530719033088E+002  0.704770380697673E+002
  0.160295082778375E+000  0.825511461843410E+002  0.704734882177268E+002
  0.160326878834612E+000  0.825507495046353E+002  0.704727507339863E+002
  0.157911634796749E+000  0.825493610478059E+002  0.704701521183981E+002
  0.157915570429476E+000  0.825493112024137E+002  0.704700583218100E+002
  0.156663162604008E+000  0.825492998359245E+002  0.704700369279429E+002
  0.155485395660967E+000  0.825484559582238E+002  0.704684433992436E+002
  0.155503296093192E+000  0.825482257192123E+002  0.704680068354604E+002
  0.155697673025174E+000  0.825457273085189E+002  0.704632186659540E+002
  0.155711783088634E+000  0.825455460672214E+002  0.704628676129708E+002
  0.155717628286433E+000  0.825454709914888E+002  0.704627220458978E+002
  0.154448929237514E+000  0.825453716040192E+002  0.704625292042685E+002
  0.154502569541350E+000  0.825446771221399E+002  0.704611773568081E+002
  0.153297914870806E+000  0.825437346032612E+002  0.704593303628491E+002
  0.148671107083311E+000  0.825394482635761E+002  0.704507424424118E+002
  0.148701107545728E+000  0.825390447226796E+002  0.704499172422061E+002
  0.148799060815680E+000  0.825377277046217E+002  0.704472030145140E+002
  0.147645327243689E+000  0.825368344073232E+002  0.704453432347155E+002
  0.147694394075104E+000  0.825361698596403E+002  0.704439495754428E+002
  0.146541004726465E+000  0.825352521519575E+002  0.704420104717033E+002
  0.146590846422228E+000  0.825345720253039E+002  0.704405622618034E+002
  0.146598842531769E+000  0.825344629340249E+002  0.704403290761749E+002
  0.146623864348168E+000  0.825341215987071E+002  0.704395978465531E+002
  0.146624978720979E+000  0.825341063983360E+002  0.704395652261563E+002
  0.145380143583389E+000  0.825339912512536E+002  0.704393179582700E+002
  0.145455493408514E+000  0.825329549294659E+002  0.704370797452922E+002
  0.144507444028779E+000  0.825287170651719E+002  0.704276733487762E+002
  0.144525301745365E+000  0.825284699275466E+002  0.704271114732624E+002
  0.143344980017198E+000  0.825274034039211E+002  0.704246688097971E+002
  0.143354629693210E+000  0.825272687727505E+002  0.704243583650416E+002
  0.140886443193198E+000  0.825269147329810E+002  0.704235397031284E+002
  0.140888544337973E+000  0.825268849057094E+002  0.704234705800842E+002
  0.138487731073824E+000  0.825261710358240E+002  0.704218090829152E+002
  0.137285301314912E+000  0.825261446470877E+002  0.704217473992236E+002
  0.136117476033273E+000  0.825257631762617E+002  0.704208535707656E+002
  0.136129500351684E+000  0.825255865084643E+002  0.704204382528202E+002
  0.136162577366507E+000  0.825251006035454E+002  0.704192914529038E+002
  0.135011141497540E+000  0.825243072866237E+002  0.704174046382756E+002
  0.133879343895536E+000  0.825233660497972E+002  0.704151420764428E+002
  0.132736803771404E+000  0.825227296091187E+002  0.704135970293646E+002
  0.132742958276669E+000  0.825226368788071E+002  0.704133708713518E+002
  0.131604072832551E+000  0.825219328323022E+002  0.704116449788624E+002
  0.131651150629747E+000  0.825212175143370E+002  0.704098751980343E+002
  0.129465282752476E+000  0.825186662385839E+002  0.704034223136038E+002
  0.129478199458171E+000  0.825184667092411E+002  0.704029079313813E+002
  0.129478310610504E+000  0.825184649923145E+002  0.704029034988271E+002
  0.129494358193321E+000  0.825182171270411E+002  0.704022624449634E+002
  0.124951204564255E+000  0.825169098717216E+002  0.703988429956558E+002
  0.124952892595696E+000  0.825168828528538E+002  0.703987716224931E+002
  0.124965572078070E+000  0.825166799149492E+002  0.703982346156528E+002
  0.124971124720335E+000  0.825165910501713E+002  0.703979989483943E+002
  0.124983202044742E+000  0.825163977776711E+002  0.703974853001698E+002
  0.123842995288020E+000  0.825161224889940E+002  0.703967510723794E+002
  0.122716429615139E+000  0.825157944093880E+002  0.703958719899433E+002
  0.122721411526544E+000  0.825157132171582E+002  0.703956537491803E+002
  0.121598249206380E+000  0.825153222726729E+002  0.703945990407871E+002
  0.120481201353657E+000  0.825150004640889E+002  0.703937259829491E+002
  0.120484270056684E+000  0.825149495239602E+002  0.703935873759684E+002
  0.119359067583751E+000  0.825147577977201E+002  0.703930646848109E+002
  0.119368558250138E+000  0.825145987768886E+002  0.703926299398761E+002
  0.119370784864511E+000  0.825145614706894E+002  0.703925277882197E+002
  0.118229112004644E+000  0.825144578869458E+002  0.703922438338881E+002
  0.118232699033774E+000  0.825143972085789E+002  0.703920772756473E+002
  0.118238730842170E+000  0.825142951783522E+002  0.703917968403345E+002
  0.118252365721033E+000  0.825140645586109E+002  0.703911612546978E+002
  0.116020050736490E+000  0.825125753158655E+002  0.703869978884392E+002
  0.116027089538623E+000  0.825124539818620E+002  0.703866540392950E+002
  0.113830588124937E+000  0.825110735679268E+002  0.703826902034809E+002
  0.113840420714400E+000  0.825109008170874E+002  0.703821872366004E+002
  0.112723765089630E+000  0.825107149159063E+002  0.703816442094708E+002
  0.110556582280352E+000  0.825099353061920E+002  0.703793464893390E+002
  0.109488142489870E+000  0.825096530955219E+002  0.703785064100168E+002
  0.108442667456215E+000  0.825091377683330E+002  0.703769606250195E+002
  0.107388442710036E+000  0.825089712879919E+002  0.703764579362706E+002
  0.107394277648805E+000  0.825088626211725E+002  0.703761289301999E+002
  0.107408019559397E+000  0.825086067224081E+002  0.703753513633486E+002
  0.107449510879554E+000  0.825078342790018E+002  0.703729799133924E+002
  0.106364340732260E+000  0.825078309235991E+002  0.703729695307062E+002
  0.106373571192829E+000  0.825076573680632E+002  0.703724315158283E+002
  0.106385134948451E+000  0.825074399620479E+002  0.703717548348055E+002
  0.106394851712450E+000  0.825072572989289E+002  0.703711839152123E+002
  0.106404070889235E+000  0.825070840052547E+002  0.703706402498165E+002
  0.105290231556246E+000  0.825069661652397E+002  0.703702694158273E+002
  0.105291026551885E+000  0.825069510642635E+002  0.703702218269756E+002
  0.105328686169617E+000  0.825062358488139E+002  0.703679501149197E+002
  0.105334717867365E+000  0.825061213211335E+002  0.703675830468672E+002
  0.105347949478594E+000  0.825058701070890E+002  0.703667746258372E+002
  0.104216475339135E+000  0.825053673280852E+002  0.703651429190943E+002
  0.100875550814338E+000  0.825049529675193E+002  0.703637840249201E+002
  0.998172063958344E-001  0.825044251547264E+002  0.703620339360982E+002
  0.998195277087436E-001  0.825043786439894E+002  0.703618786671278E+002
  0.987411000065586E-001  0.825042456217198E+002  0.703614336366040E+002
  0.987759894933280E-001  0.825035390603338E+002  0.703590455467861E+002
  0.977283147152971E-001  0.825027658359349E+002  0.703563834329420E+002
  0.977396691491104E-001  0.825025334821018E+002  0.703555730826240E+002
  0.966604932055688E-001  0.825023923567931E+002  0.703550784851709E+002
  0.966606836471464E-001  0.825023884163747E+002  0.703550646488802E+002
  0.966648093803860E-001  0.825023030529149E+002  0.703547645510422E+002
  0.966806290006435E-001  0.825019757709180E+002  0.703536076285925E+002
  0.966947537173215E-001  0.825016835989464E+002  0.703525661416293E+002
  0.923936243433927E-001  0.825007157167655E+002  0.703490549074629E+002
  0.913845923094287E-001  0.825000787776568E+002  0.703466902160795E+002
  0.914210175482780E-001  0.824992817509275E+002  0.703436663358352E+002
  0.914326203759860E-001  0.824990279342060E+002  0.703426874313545E+002
  0.914333167061647E-001  0.824990127027158E+002  0.703426284343318E+002
  0.914412021892466E-001  0.824988402241631E+002  0.703419583344073E+002
  0.914497945801442E-001  0.824986523004040E+002  0.703412239320946E+002
  0.903643342056724E-001  0.824985808626202E+002  0.703409435627426E+002
  0.903691949127360E-001  0.824984732853026E+002  0.703405201039045E+002
  0.903827655357980E-001  0.824981729704833E+002  0.703393298636392E+002
  0.903858407291197E-001  0.824981049234172E+002  0.703390584869023E+002
  0.904125347045744E-001  0.824975143434281E+002  0.703366761828868E+002
  0.904291613929900E-001  0.824971465811516E+002  0.703351673001999E+002
  0.904386033553754E-001  0.824969377664431E+002  0.703343015169262E+002
  0.904472986486791E-001  0.824967454840548E+002  0.703334983214390E+002
  0.892921155451559E-001  0.824963096279043E+002  0.703316558500076E+002
  0.892987614751759E-001  0.824961607752836E+002  0.703310194646427E+002
  0.893027312071187E-001  0.824960718682563E+002  0.703306375807860E+002
  0.893189067752488E-001  0.824957096373787E+002  0.703290675737611E+002
  0.881179600057071E-001  0.824955719652641E+002  0.703284647798867E+002
  0.881204820045897E-001  0.824955147246563E+002  0.703282131441606E+002
  0.881226175325705E-001  0.824954662568755E+002  0.703279996065904E+002
  0.881253603593218E-001  0.824954040076109E+002  0.703277247169428E+002
  0.881364052951583E-001  0.824951533591323E+002  0.703266105392804E+002
  0.881427181621444E-001  0.824950101120622E+002  0.703259684060902E+002
  0.868834580488562E-001  0.824945917934211E+002  0.703240700346675E+002
  0.868996002756191E-001  0.824942202445033E+002  0.703223537279900E+002
  0.869020158112949E-001  0.824941646515640E+002  0.703220943887435E+002
  0.869072583757200E-001  0.824940440005929E+002  0.703215292256251E+002
  0.869133036395326E-001  0.824939048855482E+002  0.703208735519956E+002
  0.869145309955845E-001  0.824938766425213E+002  0.703207399046589E+002
  0.869156441347701E-001  0.824938510281150E+002  0.703206185390784E+002
  0.869246350542533E-001  0.824936441504101E+002  0.703196327725537E+002
  0.869264420116596E-001  0.824936025755764E+002  0.703194334631224E+002
  0.869450101310504E-001  0.824931754066713E+002  0.703173614324051E+002
  0.869453236056432E-001  0.824931681958140E+002  0.703173260678032E+002
  0.869548334398509E-001  0.824929494534189E+002  0.703162469546336E+002
  0.869624278905835E-001  0.824927747852881E+002  0.703153762936666E+002
  0.869706889396274E-001  0.824925848030880E+002  0.703144199609909E+002
  0.869707811351565E-001  0.824925826829374E+002  0.703144092325877E+002
  0.869726513396881E-001  0.824925396757481E+002  0.703141913370342E+002
  0.853698830202634E-001  0.824923560818525E+002  0.703132552936381E+002
  0.853735583285472E-001  0.824922699805474E+002  0.703128129787076E+002
  0.853763949002311E-001  0.824922035308265E+002  0.703124701344081E+002
  0.853803695491345E-001  0.824921104241454E+002  0.703119875515703E+002
  0.853865685882804E-001  0.824919652194772E+002  0.703112297156638E+002
  0.853867689461017E-001  0.824919605265239E+002  0.703112051150370E+002
  0.853957546150374E-001  0.824917500677778E+002  0.703100948017276E+002
  0.836219973812967E-001  0.824916228008654E+002  0.703094165209400E+002
  0.836247958438126E-001  0.824915558707327E+002  0.703090576843639E+002
  0.836340538653495E-001  0.824913344648923E+002  0.703078599323926E+002
  0.836431152990992E-001  0.824911177841868E+002  0.703066712923460E+002
  0.836478586036308E-001  0.824910043697109E+002  0.703060424158100E+002
  0.836484344289508E-001  0.824909906019146E+002  0.703059657526840E+002
  0.836502619232898E-001  0.824909469077465E+002  0.703057219844870E+002
  0.836592171248699E-001  0.824907328086617E+002  0.703045170943285E+002
  0.816349133935911E-001  0.824903367384245E+002  0.703022402977216E+002
  0.816396751618494E-001  0.824902200817347E+002  0.703015572419393E+002
  0.816443824454043E-001  0.824901047665318E+002  0.703008762098244E+002
  0.816468916078008E-001  0.824900433018293E+002  0.703005107887081E+002
  0.816573777229263E-001  0.824897864533052E+002  0.702989649379373E+002
  0.816769660234866E-001  0.824893067427873E+002  0.702959910655873E+002
  0.816877080140893E-001  0.824890437240979E+002  0.702943084636953E+002
  0.816883848415073E-001  0.824890271530707E+002  0.702942011368960E+002
  0.816984199880920E-001  0.824887814748078E+002  0.702925907279376E+002
  0.816989156455615E-001  0.824887693410122E+002  0.702925102351047E+002
  0.817036789695949E-001  0.824886527376242E+002  0.702917319618962E+002
  0.766038964399341E-001  0.824884778718787E+002  0.702905481962901E+002
  0.766045649737426E-001  0.824884604176519E+002  0.702904289107232E+002
  0.766054832633434E-001  0.824884364429946E+002  0.702902647222851E+002
  0.766072609410079E-001  0.824883900322949E+002  0.702899457510596E+002
  0.766149063612170E-001  0.824881904418479E+002  0.702885565228978E+002
  0.766267714114996E-001  0.824878807336672E+002  0.702863412521046E+002
  0.766279825818298E-001  0.824878491217192E+002  0.702861108178268E+002
  0.766289722085449E-001  0.824878232925040E+002  0.702859219176059E+002
  0.766392073496607E-001  0.824875561753200E+002  0.702839344630290E+002
  0.734502330689509E-001  0.824874383771117E+002  0.702830373589878E+002
  0.734530017222542E-001  0.824873629899820E+002  0.702824562275678E+002
  0.734532715661576E-001  0.824873556426061E+002  0.702823992891489E+002
  0.701158253030004E-001  0.824873174537719E+002  0.702821024728646E+002
  0.701166145220736E-001  0.824872949420314E+002  0.702819268126417E+002
  0.701185668858015E-001  0.824872392537595E+002  0.702814900367314E+002
  0.701208702676127E-001  0.824871735552126E+002  0.702809705714339E+002
  0.701228765308888E-001  0.824871163330313E+002  0.702805143541738E+002
  0.701272120402810E-001  0.824869926822175E+002  0.702795161099742E+002
  0.701293207976542E-001  0.824869325422061E+002  0.702790242512927E+002
  0.701299076293144E-001  0.824869158065754E+002  0.702788866183402E+002
  0.701359261104336E-001  0.824867441758664E+002  0.702774553394726E+002
  0.701379753671907E-001  0.824866857399996E+002  0.702769594830051E+002
  0.701395703022385E-001  0.824866402605883E+002  0.702765704366972E+002
  0.701397953332130E-001  0.824866338439361E+002  0.702765153219929E+002
  0.701432970556792E-001  0.824865339966229E+002  0.702756503734962E+002
  0.701475959287079E-001  0.824864114263566E+002  0.702745690385931E+002
  0.701504176630231E-001  0.824863309766269E+002  0.702738469830960E+002
  0.701528150894379E-001  0.824862626267716E+002  0.702732254929581E+002
  0.701528891844142E-001  0.824862605143849E+002  0.702732061647618E+002
  0.701612788822855E-001  0.824860213454400E+002  0.702709682355666E+002
  0.701618290488161E-001  0.824860056625909E+002  0.702708178877045E+002
  0.701637614172553E-001  0.824859505801663E+002  0.702702860971595E+002
  0.701648704887436E-001  0.824859189666183E+002  0.702699782100980E+002
