  0.424084786892875E+000  0.924244714668166E+002  0.670445614288913E+002
  0.424084786892875E+000  0.901195479944444E+002  0.674031053080037E+002
  0.424084786892875E+000  0.896527323135361E+002  0.729630545379202E+002
  0.424084786892875E+000  0.895703884650941E+002  0.674954757219931E+002
  0.424084786892875E+000  0.895255578800359E+002  0.729413264465866E+002
  0.424084786892875E+000  0.895020727995543E+002  0.675071864156265E+002
  0.424084786892875E+000  0.894243641219885E+002  0.675205689719193E+002
  0.424084786892875E+000  0.889815231735548E+002  0.675981349340036E+002
  0.424084786892875E+000  0.832114756518406E+002  0.689961049079762E+002
  0.424084786892875E+000  0.882569972072534E+002  0.677302404179311E+002
  0.424084786892875E+000  0.882461946460024E+002  0.727122182355725E+002
  0.424084786892875E+000  0.870624340787597E+002  0.679648681097851E+002
  0.424084786892875E+000  0.870396686888463E+002  0.679695768146346E+002
  0.424084786892875E+000  0.870168832301244E+002  0.679742995466668E+002
  0.424084786892875E+000  0.832178505695704E+002  0.689936822973219E+002
  0.424084786892875E+000  0.868282795202104E+002  0.724307022533012E+002
  0.424084786892875E+000  0.867505305353135E+002  0.724142204427898E+002
  0.424084786892875E+000  0.867490996381304E+002  0.724139159489693E+002
  0.424084786892875E+000  0.864849237987036E+002  0.723569554412335E+002
  0.424084786892875E+000  0.863215350119079E+002  0.681235287409114E+002
  0.424084786892875E+000  0.863035373890440E+002  0.723169489890370E+002
  0.424084786892875E+000  0.863020289367236E+002  0.681278682711747E+002
  0.424084786892875E+000  0.862804923380451E+002  0.723118113514480E+002
  0.424084786892875E+000  0.861940902552619E+002  0.722924354555103E+002
  0.424084786892875E+000  0.860737750311038E+002  0.722651483492045E+002
  0.424084786892875E+000  0.832361083573403E+002  0.689867702167233E+002
  0.424084786892875E+000  0.860442909767812E+002  0.681860756781885E+002
  0.424084786892875E+000  0.859747250591181E+002  0.722424075358530E+002
  0.424084786892875E+000  0.858900962767015E+002  0.682217084574024E+002
  0.424084786892875E+000  0.858663768222939E+002  0.722172350978863E+002
  0.424084786892875E+000  0.832626433269290E+002  0.714676884257947E+002
  0.424084786892875E+000  0.858052740579903E+002  0.722028980762361E+002
  0.424084786892875E+000  0.857656605951075E+002  0.721935475463007E+002
  0.424084786892875E+000  0.857584587705991E+002  0.721918428282844E+002
  0.424084786892875E+000  0.856716830655376E+002  0.721711852433197E+002
  0.424084786892875E+000  0.856586193174228E+002  0.682764250227888E+002
  0.424084786892875E+000  0.856360436760090E+002  0.721626373196240E+002
  0.424084786892875E+000  0.856194969119612E+002  0.682858255156286E+002
  0.424084786892875E+000  0.855851703096905E+002  0.682941114013324E+002
  0.424084786892875E+000  0.855798064773625E+002  0.721490719906018E+002
  0.424084786892875E+000  0.854670642561376E+002  0.721215849415722E+002
  0.424084786892875E+000  0.853887774313254E+002  0.683422194853922E+002
  0.424084786892875E+000  0.853745721796168E+002  0.720987343414382E+002
  0.424084786892875E+000  0.853433650761482E+002  0.720909614393210E+002
  0.424084786892875E+000  0.852624594956924E+002  0.720706576898913E+002
  0.424084786892875E+000  0.852286018313924E+002  0.720620944003749E+002
  0.424084786892875E+000  0.851987953178712E+002  0.683899587483858E+002
  0.424084786892875E+000  0.851141623015709E+002  0.720328505557514E+002
  0.424084786892875E+000  0.851132727773744E+002  0.720326213968168E+002
  0.424084786892875E+000  0.850955331468857E+002  0.684164361069353E+002
  0.424084786892875E+000  0.833035238269018E+002  0.689615761702876E+002
  0.424084786892875E+000  0.850071267060198E+002  0.720050646214790E+002
  0.424084786892875E+000  0.850052708315663E+002  0.720045790247924E+002
  0.424084786892875E+000  0.849835293327920E+002  0.719988803930394E+002
  0.424084786892875E+000  0.849768173240944E+002  0.684473639307333E+002
  0.424084786892875E+000  0.833297420118748E+002  0.714925683222698E+002
  0.424084786892875E+000  0.848968579142937E+002  0.719759790415705E+002
  0.424084786892875E+000  0.848966705261633E+002  0.719759292036542E+002
  0.424084786892875E+000  0.848867378269670E+002  0.684711958893201E+002
  0.424084786892875E+000  0.847539761644018E+002  0.719375577512759E+002
  0.424084786892875E+000  0.847316760520113E+002  0.719314832764152E+002
  0.424084786892875E+000  0.846920080486393E+002  0.685238572016685E+002
  0.424084786892875E+000  0.846611699715107E+002  0.719121340117401E+002
  0.424084786892875E+000  0.833491777767929E+002  0.714996845131847E+002
  0.424084786892875E+000  0.846227648422478E+002  0.719015005445105E+002
  0.424084786892875E+000  0.846082396660644E+002  0.718974612774598E+002
  0.424084786892875E+000  0.846044199680392E+002  0.685480839034680E+002
  0.424084786892875E+000  0.845942366349205E+002  0.685509233827787E+002
  0.424084786892875E+000  0.845562025014654E+002  0.718829097571329E+002
  0.424084786892875E+000  0.845533386446413E+002  0.685623761399858E+002
  0.424084786892875E+000  0.833719395591802E+002  0.715079684163610E+002
  0.424084786892875E+000  0.844728943530866E+002  0.685851369065496E+002
  0.424084786892875E+000  0.844387032446229E+002  0.685949072829016E+002
  0.424084786892875E+000  0.834102289114543E+002  0.715217842886974E+002
  0.424084786892875E+000  0.834200639601998E+002  0.689191719479721E+002
  0.424084786892875E+000  0.844035994201914E+002  0.718394814680463E+002
  0.424084786892875E+000  0.843624959365873E+002  0.718275832782698E+002
  0.424084786892875E+000  0.843541726858386E+002  0.686193181515929E+002
  0.424084786892875E+000  0.843481598130442E+002  0.718234126167342E+002
  0.424084786892875E+000  0.843467586723953E+002  0.718230044143331E+002
  0.424084786892875E+000  0.843151494336197E+002  0.686307136639005E+002
  0.424084786892875E+000  0.834261718162014E+002  0.689169875385909E+002
  0.424084786892875E+000  0.843126034959038E+002  0.686314599614696E+002
  0.424084786892875E+000  0.842969809225922E+002  0.686360471363930E+002
  0.424084786892875E+000  0.834299346715636E+002  0.715288377414622E+002
  0.424084786892875E+000  0.842446579712125E+002  0.686515080171087E+002
  0.424084786892875E+000  0.842387898975433E+002  0.717912298806702E+002
  0.424084786892875E+000  0.842345880659564E+002  0.717899802890810E+002
  0.424084786892875E+000  0.842257260345102E+002  0.717873415197128E+002
  0.424084786892875E+000  0.834338578696353E+002  0.689142438875215E+002
  0.424084786892875E+000  0.834521606346458E+002  0.689077334979694E+002
  0.424084786892875E+000  0.841756852365345E+002  0.686721243356076E+002
  0.424084786892875E+000  0.834702523590355E+002  0.715431516417540E+002
  0.424084786892875E+000  0.841423536360639E+002  0.717622951147651E+002
  0.424084786892875E+000  0.841412523251154E+002  0.717619615368032E+002
  0.424084786892875E+000  0.835273330459548E+002  0.688813257515511E+002
  0.424084786892875E+000  0.835738402136760E+002  0.715792360740568E+002
  0.424084786892875E+000  0.840913334172160E+002  0.717467648817456E+002
  0.424084786892875E+000  0.840862171193197E+002  0.717451987760955E+002
  0.424084786892875E+000  0.840643419400521E+002  0.687059968421145E+002
  0.424084786892875E+000  0.835833383355527E+002  0.715824968001817E+002
  0.424084786892875E+000  0.840581980190784E+002  0.717365933698540E+002
  0.424084786892875E+000  0.840213804198229E+002  0.687192705475302E+002
  0.424084786892875E+000  0.840154164916358E+002  0.717233588688213E+002
  0.424084786892875E+000  0.840153536022640E+002  0.717233393280534E+002
  0.424084786892875E+000  0.839984576286926E+002  0.687264011302017E+002
  0.424084786892875E+000  0.839881646923247E+002  0.717148673216633E+002
  0.424084786892875E+000  0.839763005309022E+002  0.687333259858171E+002
  0.424084786892875E+000  0.835855553559094E+002  0.715832567835997E+002
  0.424084786892875E+000  0.839639521984286E+002  0.717072820756713E+002
  0.424084786892875E+000  0.839621055138196E+002  0.687377793941501E+002
  0.424084786892875E+000  0.835915297682431E+002  0.715853026725804E+002
  0.424084786892875E+000  0.838615594088034E+002  0.687697145910695E+002
  0.424084786892875E+000  0.838593556432067E+002  0.687704224125171E+002
  0.424084786892875E+000  0.838506179947481E+002  0.716712491159275E+002
  0.424084786892875E+000  0.837923824349047E+002  0.687921004422269E+002
  0.424084786892875E+000  0.837903330043640E+002  0.716517123629043E+002
  0.424084786892875E+000  0.837649868859148E+002  0.716434181703738E+002
  0.424084786892875E+000  0.837567172748730E+002  0.688037798000276E+002
  0.424084786892875E+000  0.837402145151275E+002  0.716352646854322E+002
  0.424084786892875E+000  0.837398044262441E+002  0.688093520386178E+002
  0.424084786892875E+000  0.837396000694214E+002  0.688094195019841E+002
  0.424084786892875E+000  0.837361810255265E+002  0.688105486932229E+002
  0.424084786892875E+000  0.837254170427153E+002  0.688141095750364E+002
  0.424084786892875E+000  0.837076254274040E+002  0.716244662277763E+002
  0.424084786892875E+000  0.837010898820385E+002  0.688221907171300E+002
  0.424084786892875E+000  0.836997417949173E+002  0.716218414557808E+002
  0.424084786892875E+000  0.836935307069548E+002  0.716197700679153E+002
  0.424084786892875E+000  0.836838764348075E+002  0.716165442746716E+002
  0.424084786892875E+000  0.836547199510102E+002  0.716067565613989E+002
  0.424084786892875E+000  0.836323037309946E+002  0.688452971322187E+002
  0.424084786892875E+000  0.836250543919766E+002  0.688477549318785E+002
  0.424084786892875E+000  0.835922771800051E+002  0.715855584015983E+002
  0.424084786892875E+000  0.837814889291364E+002  0.714297886160055E+002
  0.424084786892875E+000  0.837708777273106E+002  0.714256830263602E+002
  0.424084786892875E+000  0.837234354562119E+002  0.714071531273287E+002
  0.424084786892875E+000  0.836688053816749E+002  0.713854502378446E+002
  0.424084786892875E+000  0.836544817947490E+002  0.713796925724240E+002
  0.424084786892875E+000  0.836268462345992E+002  0.713685021558565E+002
  0.424084786892875E+000  0.836001777775707E+002  0.713575987775785E+002
  0.424084786892875E+000  0.835687404254629E+002  0.713446096210776E+002
  0.424084786892875E+000  0.835637491807190E+002  0.713425335055771E+002
  0.424084786892875E+000  0.834905625359501E+002  0.713116371647737E+002
  0.424084786892875E+000  0.834851035141567E+002  0.713092974015091E+002
  0.424084786892875E+000  0.834680577751165E+002  0.713019588819033E+002
  0.424084786892875E+000  0.834629140321502E+002  0.712997345846069E+002
  0.424084786892875E+000  0.834277363573998E+002  0.712843979319962E+002
  0.424084786892875E+000  0.834049165157793E+002  0.712743294609452E+002
  0.424084786892875E+000  0.833979966401082E+002  0.712712572085213E+002
  0.424084786892875E+000  0.833594691845081E+002  0.712539847307924E+002
  0.424084786892875E+000  0.832962531661665E+002  0.712249996020510E+002
  0.424084786892875E+000  0.832830487625652E+002  0.712188388341108E+002
  0.424084786892875E+000  0.832796171112134E+002  0.712172314862672E+002
  0.424084786892875E+000  0.832772460311832E+002  0.712161193798474E+002
  0.424084786892875E+000  0.832668056429924E+002  0.712112076535636E+002
  0.424084786892875E+000  0.832640938994736E+002  0.712099279059291E+002
  0.424084786892875E+000  0.832479419117208E+002  0.712022707109427E+002
  0.424084786892875E+000  0.832476345738845E+002  0.712021244307624E+002
  0.424084786892875E+000  0.832378226718951E+002  0.711974428364129E+002
  0.424084786892875E+000  0.832241792801232E+002  0.711908955028687E+002
  0.424084786892875E+000  0.832197242751306E+002  0.711887479826389E+002
  0.424084786892875E+000  0.832194903001366E+002  0.711886350638781E+002
  0.424084786892875E+000  0.832036945549583E+002  0.711809811178861E+002
  0.424084786892875E+000  0.831791392574582E+002  0.711689598053746E+002
  0.424084786892875E+000  0.831667162703982E+002  0.711628194713553E+002
  0.424084786892875E+000  0.831061986094814E+002  0.711323149976507E+002
  0.424084786892875E+000  0.830968217475020E+002  0.711274965369536E+002
  0.424084786892875E+000  0.830902653019070E+002  0.711241121022158E+002
  0.424084786892875E+000  0.830789136012122E+002  0.711182221305264E+002
  0.424084786892875E+000  0.830723262062651E+002  0.711147863564804E+002
  0.424084786892875E+000  0.830716341202886E+002  0.711144246185554E+002
  0.424084786892875E+000  0.830570638741956E+002  0.711067747352495E+002
  0.424084786892875E+000  0.830542885509487E+002  0.711053100808673E+002
  0.424084786892875E+000  0.830429536744479E+002  0.710993027978009E+002
  0.424084786892875E+000  0.830411919949874E+002  0.710983654406363E+002
  0.424084786892875E+000  0.830335464348374E+002  0.710942857040457E+002
  0.424084786892875E+000  0.830189842861522E+002  0.710864619434603E+002
  0.424084786892875E+000  0.829874504146433E+002  0.710692721938169E+002
  0.424084786892875E+000  0.829692235521713E+002  0.710591753655298E+002
  0.424084786892875E+000  0.829586874011328E+002  0.710532828819219E+002
  0.424084786892875E+000  0.829206981825049E+002  0.710316808190888E+002
  0.424084786892875E+000  0.829200523000750E+002  0.710313085602325E+002
  0.424084786892875E+000  0.829100871753450E+002  0.710255432280079E+002
  0.424084786892875E+000  0.828898665790628E+002  0.710137155277310E+002
  0.424084786892875E+000  0.828795194028152E+002  0.710075942252714E+002
  0.424084786892875E+000  0.828729570803798E+002  0.710036871622318E+002
  0.424084786892875E+000  0.828690073741300E+002  0.710013261482661E+002
  0.424084786892875E+000  0.828459198735854E+002  0.709873793990469E+002
  0.424084786892875E+000  0.828157995278225E+002  0.709687926498606E+002
  0.424084786892875E+000  0.828147631270978E+002  0.709681448623792E+002
  0.424084786892875E+000  0.827989687436013E+002  0.709582022561592E+002
  0.424084786892875E+000  0.827901621567471E+002  0.709525997143369E+002
  0.424084786892875E+000  0.827875334727926E+002  0.709509190601220E+002
  0.424084786892875E+000  0.827865088835192E+002  0.709502629361301E+002
  0.424084786892875E+000  0.827763036766079E+002  0.709436951805440E+002
  0.424084786892875E+000  0.827375504390228E+002  0.709181904537170E+002
  0.424084786892875E+000  0.827315878933003E+002  0.709141828710982E+002
  0.424084786892875E+000  0.827255117552268E+002  0.709100749193325E+002
  0.424084786892875E+000  0.827195070100562E+002  0.709059909880929E+002
  0.424084786892875E+000  0.827191336892944E+002  0.709057362804749E+002
  0.424084786892875E+000  0.827094808839717E+002  0.708991171297526E+002
  0.424084786892875E+000  0.827055318829318E+002  0.708963904766699E+002
  0.424084786892875E+000  0.826995253444031E+002  0.708922218875397E+002
  0.424084786892875E+000  0.826907169959226E+002  0.708860614785612E+002
  0.424084786892875E+000  0.826800419859010E+002  0.708785180551636E+002
  0.424084786892875E+000  0.826691689003559E+002  0.708707444666070E+002
  0.424084786892875E+000  0.826635397122005E+002  0.708666831043297E+002
  0.424084786892875E+000  0.826572151250021E+002  0.708620892717512E+002
  0.424084786892875E+000  0.826524575327911E+002  0.708586117632365E+002
  0.424084786892875E+000  0.826421482192784E+002  0.708510102974939E+002
  0.424084786892875E+000  0.826410324761759E+002  0.708501820975337E+002
  0.424084786892875E+000  0.826262559164146E+002  0.708391088030548E+002
  0.424084786892875E+000  0.826220106921805E+002  0.708358905581781E+002
  0.424084786892875E+000  0.826195355727440E+002  0.708340063920922E+002
  0.424084786892875E+000  0.826041887712329E+002  0.708221916783904E+002
  0.424084786892875E+000  0.826028314916924E+002  0.708211355605694E+002
  0.424084786892875E+000  0.826016414746481E+002  0.708202080573350E+002
  0.424084786892875E+000  0.826006947583422E+002  0.708194691547207E+002
  0.424084786892875E+000  0.825952360345616E+002  0.708151907148001E+002
  0.424084786892875E+000  0.825866620151637E+002  0.708084075240737E+002
  0.424084786892875E+000  0.825818068822520E+002  0.708045314274746E+002
  0.424084786892875E+000  0.825707007319299E+002  0.707955663038091E+002
  0.424084786892875E+000  0.825666273148750E+002  0.707922428124535E+002
  0.424084786892875E+000  0.825650567819812E+002  0.707909562306790E+002
  0.424084786892875E+000  0.825634285531980E+002  0.707896193042226E+002
  0.424084786892875E+000  0.825538773312403E+002  0.707817125349316E+002
  0.424084786892875E+000  0.825407668292152E+002  0.707706736991709E+002
  0.424084786892875E+000  0.825339671268179E+002  0.707648600243870E+002
  0.424084786892875E+000  0.825268906656284E+002  0.707587428310267E+002
  0.424084786892875E+000  0.825261841236108E+002  0.707581282321225E+002
  0.424084786892875E+000  0.825242822941659E+002  0.707564703768094E+002
  0.424084786892875E+000  0.825153934970326E+002  0.707486526455900E+002
  0.424084786892875E+000  0.825142522167560E+002  0.707476404586743E+002
  0.424084786892875E+000  0.825101058549564E+002  0.707439465759401E+002
  0.424084786892875E+000  0.825091278690673E+002  0.707430714961497E+002
  0.424084786892875E+000  0.825085054277900E+002  0.707425137832027E+002
  0.424084786892875E+000  0.825044249235302E+002  0.707388427035995E+002
  0.424084786892875E+000  0.824921716759692E+002  0.707276586760646E+002
  0.424084786892875E+000  0.824919249641657E+002  0.707274309495995E+002
  0.424084786892875E+000  0.824877842686640E+002  0.707235934586569E+002
  0.424084786892875E+000  0.824869222277163E+002  0.707227908410780E+002
  0.424084786892875E+000  0.824734477903332E+002  0.707100736339279E+002
  0.424084786892875E+000  0.824678166874015E+002  0.707046596698862E+002
  0.424084786892875E+000  0.824674097096860E+002  0.707042660292875E+002
  0.424084786892875E+000  0.824636105645407E+002  0.707005757600633E+002
  0.424084786892875E+000  0.824614875892857E+002  0.706985011716921E+002
  0.424084786892875E+000  0.824581987248638E+002  0.706952693016201E+002
  0.424084786892875E+000  0.824560637135271E+002  0.706931594163869E+002
  0.424084786892875E+000  0.824547034691943E+002  0.706918102362030E+002
  0.424084786892875E+000  0.824535420019471E+002  0.706906551405439E+002
  0.424084786892875E+000  0.824511607900147E+002  0.706882780399636E+002
  0.424084786892875E+000  0.824504427202738E+002  0.706875588269090E+002
  0.424084786892875E+000  0.824494588628598E+002  0.706865715941681E+002
  0.424084786892875E+000  0.824491879358014E+002  0.706862993688362E+002
  0.424084786892875E+000  0.824485066996388E+002  0.706856141615699E+002
  0.424084786892875E+000  0.824475254512475E+002  0.706846254085846E+002
  0.424084786892875E+000  0.827059065547336E+002  0.706777532961758E+002
  0.424084786892875E+000  0.827044713860923E+002  0.706762813863854E+002
  0.424084786892875E+000  0.826987912546536E+002  0.706704084145011E+002
  0.424084786892875E+000  0.826953270451031E+002  0.706667885070137E+002
  0.424084786892875E+000  0.826860846387996E+002  0.706569832461921E+002
  0.424084786892875E+000  0.826812379615941E+002  0.706517519513066E+002
  0.424084786892875E+000  0.826778250157931E+002  0.706480296009807E+002
  0.424084786892875E+000  0.826732227701630E+002  0.706429579885506E+002
  0.424084786892875E+000  0.826725438392105E+002  0.706422046318351E+002
  0.424084786892875E+000  0.826704194404509E+002  0.706398385727998E+002
  0.424084786892875E+000  0.826688164859608E+002  0.706380443626992E+002
  0.424084786892875E+000  0.826667057053056E+002  0.706356698580549E+002
  0.424084786892875E+000  0.826655785358521E+002  0.706343962553617E+002
  0.424084786892875E+000  0.826594222943338E+002  0.706273695974168E+002
  0.424084786892875E+000  0.826567891164699E+002  0.706243266288531E+002
  0.424084786892875E+000  0.826555967909996E+002  0.706229411457654E+002
  0.424084786892875E+000  0.826427073400426E+002  0.706076457763338E+002
  0.424084786892875E+000  0.826426237518928E+002  0.706075446042507E+002
  0.424084786892875E+000  0.826366090629589E+002  0.706001935621960E+002
  0.424084786892875E+000  0.826320480085321E+002  0.705945223668793E+002
  0.424084786892875E+000  0.826253251944704E+002  0.705860020787002E+002
  0.424084786892875E+000  0.826241821537519E+002  0.705845334937494E+002
  0.424084786892875E+000  0.826168976229592E+002  0.705750306922608E+002
  0.424084786892875E+000  0.826135120548103E+002  0.705705259147326E+002
  0.424084786892875E+000  0.826060714370649E+002  0.705604147634051E+002
  0.424084786892875E+000  0.826058312163834E+002  0.705600832818248E+002
  0.424084786892875E+000  0.826045906478464E+002  0.705583662125370E+002
  0.424084786892875E+000  0.826040409108604E+002  0.705576025112302E+002
  0.424084786892875E+000  0.826040077404313E+002  0.705575563748246E+002
  0.424084786892875E+000  0.826034456048995E+002  0.705567735387429E+002
  0.424084786892875E+000  0.825999534055086E+002  0.705518686154724E+002
  0.424084786892875E+000  0.825997389314888E+002  0.705515649977169E+002
  0.424084786892875E+000  0.825991539889248E+002  0.705507355039274E+002
  0.424084786892875E+000  0.825988193282494E+002  0.705502599858557E+002
  0.424084786892875E+000  0.825927450519861E+002  0.705415060035020E+002
  0.424084786892875E+000  0.825912058978394E+002  0.705392494569782E+002
  0.424084786892875E+000  0.825896668986587E+002  0.705369769618771E+002
  0.424084786892875E+000  0.825890482216498E+002  0.705360587824917E+002
  0.424084786892875E+000  0.825888721440507E+002  0.705357969739946E+002
  0.424084786892875E+000  0.825831396078631E+002  0.705271505347975E+002
  0.424084786892875E+000  0.825743298471258E+002  0.705133625382386E+002
  0.424084786892875E+000  0.825742412963621E+002  0.705132206325579E+002
  0.424084786892875E+000  0.825727896077342E+002  0.705108843043502E+002
  0.424084786892875E+000  0.825722748443941E+002  0.705100512963121E+002
  0.424084786892875E+000  0.825699727219061E+002  0.705062960312595E+002
  0.424084786892875E+000  0.825656788017214E+002  0.704991556649676E+002
  0.424084786892875E+000  0.825652840445589E+002  0.704984899591949E+002
  0.424084786892875E+000  0.825638544471533E+002  0.704960655891749E+002
  0.424084786892875E+000  0.825631588031795E+002  0.704948780902469E+002
  0.424084786892875E+000  0.825602674318042E+002  0.704898859212986E+002
  0.424084786892875E+000  0.825579002227748E+002  0.704857283489397E+002
  0.424084786892875E+000  0.825511461843410E+002  0.704734882177268E+002
  0.424084786892875E+000  0.825493112024137E+002  0.704700583218100E+002
  0.424084786892875E+000  0.825492998359245E+002  0.704700369279429E+002
  0.424084786892875E+000  0.825457273085189E+002  0.704632186659540E+002
  0.424084786892875E+000  0.825437346032612E+002  0.704593303628491E+002
  0.424084786892875E+000  0.825352521519575E+002  0.704420104717033E+002
  0.424084786892875E+000  0.825344629340249E+002  0.704403290761749E+002
  0.424084786892875E+000  0.825329549294659E+002  0.704370797452922E+002
  0.424084786892875E+000  0.825261710358240E+002  0.704218090829152E+002
  0.424084786892875E+000  0.825257631762617E+002  0.704208535707656E+002
  0.424084786892875E+000  0.825226368788071E+002  0.704133708713518E+002
  0.424084786892875E+000  0.825219328323022E+002  0.704116449788624E+002
  0.424084786892875E+000  0.825184649923145E+002  0.704029034988271E+002
  0.424084786892875E+000  0.825153222726729E+002  0.703945990407871E+002
  0.424084786892875E+000  0.825142951783522E+002  0.703917968403345E+002
  0.424084786892875E+000  0.825109008170874E+002  0.703821872366004E+002
  0.424084786892875E+000  0.825107149159063E+002  0.703816442094708E+002
  0.424084786892875E+000  0.825099353061920E+002  0.703793464893390E+002
  0.424084786892875E+000  0.825088626211725E+002  0.703761289301999E+002
  0.424084786892875E+000  0.825078342790018E+002  0.703729799133924E+002
  0.424084786892875E+000  0.825074399620479E+002  0.703717548348055E+002
  0.424084786892875E+000  0.825062358488139E+002  0.703679501149197E+002
  0.424084786892875E+000  0.825058701070890E+002  0.703667746258372E+002
  0.424084786892875E+000  0.824981729704833E+002  0.703393298636392E+002
  0.424084786892875E+000  0.824971465811516E+002  0.703351673001999E+002
  0.424084786892875E+000  0.824960718682563E+002  0.703306375807860E+002
  0.424084786892875E+000  0.824954662568755E+002  0.703279996065904E+002
  0.424084786892875E+000  0.824945917934211E+002  0.703240700346675E+002
  0.424084786892875E+000  0.824931754066713E+002  0.703173614324051E+002
  0.424084786892875E+000  0.824919652194772E+002  0.703112297156638E+002
  0.424084786892875E+000  0.824917500677778E+002  0.703100948017276E+002
  0.424084786892875E+000  0.824909469077465E+002  0.703057219844870E+002
  0.424084786892875E+000  0.824903367384245E+002  0.703022402977216E+002
  0.424084786892875E+000  0.824874383771117E+002  0.702830373589878E+002
  0.424084786892875E+000  0.824873629899820E+002  0.702824562275678E+002
  0.424084786892875E+000  0.824872949420314E+002  0.702819268126417E+002
  0.424084786892875E+000  0.824869325422061E+002  0.702790242512927E+002
  0.424084786892875E+000  0.824862626267716E+002  0.702732254929581E+002
  0.424084786892875E+000  0.824860213454400E+002  0.702709682355666E+002
  0.424084786892875E+000  0.824859505801663E+002  0.702702860971595E+002
