  0.752093704947035E-026  0.200708443222868E+003  0.600607346292869E+002
  0.415476611106395E-025  0.197283486660850E+003  0.602191774420285E+002
  0.608060003507952E-024  0.191909966404026E+003  0.799715302873673E+002
  0.684309932772845E-024  0.191667036091825E+003  0.604845801162412E+002
  0.111647517899997E-023  0.190681338697901E+003  0.799125728063065E+002
  0.121333693900908E-023  0.190508287510285E+003  0.605402415033681E+002
  0.144741295541340E-023  0.190148825071019E+003  0.798869076451321E+002
  0.150777276018992E-023  0.190060457941885E+003  0.605618392686589E+002
  0.153819999296840E-023  0.190013843704964E+003  0.605640901387724E+002
  0.184646991709896E-023  0.189641862592262E+003  0.605820708888239E+002
  0.438603942082913E-023  0.187904905063068E+003  0.606664794397058E+002
  0.805927859388270E-023  0.186681454662484E+003  0.797180972083874E+002
  0.161096611480768E-022  0.185289608851704E+003  0.607949969635284E+002
  0.179968490058918E-022  0.185061398223489E+003  0.796381867459128E+002
  0.330956821827767E-022  0.183836330365544E+003  0.795773061500627E+002
  0.753634442829390E-022  0.182183835770576E+003  0.794945510447047E+002
  0.921427014470425E-022  0.181775147901586E+003  0.794739702346701E+002
  0.105051645922900E-021  0.181506265087108E+003  0.609840765950098E+002
  0.260793625564101E-021  0.179681054921453E+003  0.610766926105939E+002
  0.266418331829391E-021  0.179631722618120E+003  0.610792088840471E+002
  0.398416007395216E-021  0.178820209128663E+003  0.611207012795149E+002
  0.404926402026266E-021  0.178781136302292E+003  0.793217775197569E+002
  0.552292586201622E-021  0.178153735469872E+003  0.792895615134019E+002
  0.711355517522068E-021  0.177640891137369E+003  0.792631425265067E+002
  0.139619283370900E-020  0.176285571402513E+003  0.791929492292671E+002
  0.142668704179044E-020  0.176235704073083E+003  0.612541252793171E+002
  0.146187799039308E-020  0.176180314689919E+003  0.612570064669323E+002
  0.161418125102346E-020  0.175975447191990E+003  0.791768102451348E+002
  0.178768592429827E-020  0.175764603329891E+003  0.791658212180903E+002
  0.255675551484696E-020  0.175042313601892E+003  0.791280732200538E+002
  0.343467152321379E-020  0.174445293587717E+003  0.613477305443688E+002
  0.526899331961560E-020  0.173582801950155E+003  0.613931770371817E+002
  0.700360004002135E-020  0.173006976400122E+003  0.614236491670767E+002
  0.902248079086747E-020  0.172493730779491E+003  0.614508988569805E+002
  0.220661977202799E-019  0.170698420010915E+003  0.788975909547936E+002
  0.229097289053110E-019  0.170616734949401E+003  0.615512832041893E+002
  0.308953262891007E-019  0.170011992856581E+003  0.615838741163776E+002
  0.314279960728483E-019  0.169971148935051E+003  0.788584016319428E+002
  0.386051506734547E-019  0.169553120126169E+003  0.788357952687626E+002
  0.453450508623710E-019  0.169224633878245E+003  0.616264918365125E+002
  0.493806558939694E-019  0.169047462842383E+003  0.616361108049787E+002
  0.789112125916638E-019  0.168103278136657E+003  0.616875553044625E+002
  0.117047248493715E-018  0.167308113841720E+003  0.617311221051011E+002
  0.121936049191381E-018  0.167219620193965E+003  0.787084968781121E+002
  0.155005443971187E-018  0.166733037577072E+003  0.617627701636183E+002
  0.210589120667131E-018  0.166113484595051E+003  0.617969989273141E+002
  0.487716766077571E-018  0.164427177214145E+003  0.785536058837506E+002
  0.132221835801091E-017  0.162425858955418E+003  0.784408013564609E+002
  0.135014788790820E-017  0.162377396909662E+003  0.620064307717276E+002
  0.474456899680172E-017  0.159857168405961E+003  0.782937068637205E+002
  0.510281739481854E-017  0.159704928380283E+003  0.782849046944364E+002
  0.563757440393815E-017  0.159498950629646E+003  0.782729802143471E+002
  0.562078346371002E-017  0.159498260733932E+003  0.782729402451727E+002
  0.695591317761502E-017  0.159065363045314E+003  0.621966603269086E+002
  0.707728388549890E-017  0.159024111290432E+003  0.621990580956398E+002
  0.108441100529571E-016  0.158163991953810E+003  0.781952643414376E+002
  0.123373557443396E-016  0.157899317109805E+003  0.622647154646458E+002
  0.123156967124929E-016  0.157896175745550E+003  0.781795817595853E+002
  0.188657219889393E-016  0.157036576125848E+003  0.623154455255409E+002
  0.193313591264261E-016  0.156981156588694E+003  0.781257659713402E+002
  0.219345458848998E-016  0.156721832550254E+003  0.781104473585903E+002
  0.234500477371689E-016  0.156581557572170E+003  0.623423326332776E+002
  0.602770282656779E-016  0.154686744905768E+003  0.624552981176844E+002
  0.636302607192421E-016  0.154571813163655E+003  0.624622030498521E+002
  0.649768004682573E-016  0.154523275312169E+003  0.624651209794602E+002
  0.872843774290734E-016  0.153926337324352E+003  0.779433843291036E+002
  0.120301361236698E-015  0.153278024855890E+003  0.625403601434807E+002
  0.164943013104416E-015  0.152640169073999E+003  0.778652945257842E+002
  0.227888163367072E-015  0.151987003577921E+003  0.626191508919532E+002
  0.244634458853041E-015  0.151838527808437E+003  0.778162166028434E+002
  0.263632934757787E-015  0.151682286937682E+003  0.626378670779723E+002
  0.290923547782696E-015  0.151478625810982E+003  0.777940792879935E+002
  0.347600680428885E-015  0.151115982549523E+003  0.626727736496016E+002
  0.363838011776331E-015  0.151018018179142E+003  0.626788284869436E+002
  0.398878139167919E-015  0.150827468181698E+003  0.777538616908056E+002
  0.525945829770924E-015  0.150267728066340E+003  0.627253634588390E+002
  0.826486379705434E-015  0.149357102055291E+003  0.776622474699118E+002
  0.113564825331594E-014  0.148714895520049E+003  0.628226037830719E+002
  0.125066299199399E-014  0.148515299603635E+003  0.776092857836708E+002
  0.201865141838618E-014  0.147551132284453E+003  0.628963261878976E+002
  0.216686836566111E-014  0.147402770100377E+003  0.629057780647840E+002
  0.241068812841370E-014  0.147182855997263E+003  0.629198108874699E+002
  0.335871477234259E-014  0.146512908106357E+003  0.774817535865260E+002
  0.345564264484021E-014  0.146449352422873E+003  0.629668123289209E+002
  0.368860470114003E-014  0.146312217217582E+003  0.629756335035983E+002
  0.571268773563316E-014  0.145430678911566E+003  0.774118848065335E+002
  0.637455403391020E-014  0.145204774304488E+003  0.630472667937007E+002
  0.839455624478742E-014  0.144647580131234E+003  0.773609014813017E+002
  0.939464976992637E-014  0.144415810702736E+003  0.630987391037071E+002
  0.111539138554846E-013  0.144065854920712E+003  0.631216898205373E+002
  0.153155580603942E-013  0.143425041893148E+003  0.772805724514425E+002
  0.179572449192336E-013  0.143100137369480E+003  0.631854115595234E+002
  0.229433241850448E-013  0.142603415071625E+003  0.772260683712325E+002
  0.373674227643055E-013  0.141621214957948E+003  0.771603505324603E+002
  0.435025209667609E-013  0.141310520149922E+003  0.633050490268155E+002
  0.674444074258715E-013  0.140426895019389E+003  0.770795915386426E+002
  0.720617086167129E-013  0.140287801136765E+003  0.633743571547037E+002
  0.742574793095251E-013  0.140221114180612E+003  0.633789008067329E+002
  0.949570726419042E-013  0.139722685763428E+003  0.770315245885894E+002
  0.963931168737555E-013  0.139686010433658E+003  0.634154693979692E+002
  0.140688210895556E-012  0.138923132104827E+003  0.769765350898527E+002
  0.155632320815619E-012  0.138714576252977E+003  0.769621178349139E+002
  0.214145295059478E-012  0.138069603820755E+003  0.635271462750631E+002
  0.234788693840070E-012  0.137878885838612E+003  0.769040353443340E+002
  0.274946998075532E-012  0.137556445437777E+003  0.768814895221575E+002
  0.326514282341798E-012  0.137205999164167E+003  0.635875827773258E+002
  0.416682767680874E-012  0.136711640600415E+003  0.768220534599818E+002
  0.502125458550764E-012  0.136331935375062E+003  0.636493170383216E+002
  0.501265485494481E-012  0.136328708062879E+003  0.636495460546177E+002
  0.682697642591413E-012  0.135704220083787E+003  0.636940121103766E+002
  0.721490742526664E-012  0.135587029551783E+003  0.767420910107518E+002
  0.742734699169620E-012  0.135522335238344E+003  0.767374612437396E+002
  0.748013470565772E-012  0.135501515512754E+003  0.767359706064108E+002
  0.105325907799146E-011  0.134810412866048E+003  0.637581869563497E+002
  0.105538050852889E-011  0.134799733020613E+003  0.637589576154833E+002
  0.105217621990451E-011  0.134799158968009E+003  0.637589990418015E+002
  0.134775466990347E-011  0.134297344606616E+003  0.637953144507304E+002
  0.172739790087979E-011  0.133794336681698E+003  0.766125580076648E+002
  0.252019535847747E-011  0.133032240603410E+003  0.638877917589164E+002
  0.260278708785997E-011  0.132961092211150E+003  0.638930327374674E+002
  0.264022004435573E-011  0.132925877758848E+003  0.638956283332790E+002
  0.265004514125870E-011  0.132911793357721E+003  0.765478145849530E+002
  0.331750159898748E-011  0.132455867187697E+003  0.765141068402314E+002
  0.367766341909766E-011  0.132243080325815E+003  0.639461683329538E+002
  0.392447522767435E-011  0.132106514681065E+003  0.764881556441086E+002
  0.482075704447707E-011  0.131688462427763E+003  0.764569592088010E+002
  0.484120667188784E-011  0.131673340801317E+003  0.764558278574790E+002
  0.577212616723811E-011  0.131314932226852E+003  0.640155288374170E+002
  0.633010307283134E-011  0.131123724606502E+003  0.640299142930984E+002
  0.839343684442533E-011  0.130552801920001E+003  0.763714135819428E+002
  0.881643033748581E-011  0.130447812355724E+003  0.640810364687611E+002
  0.934233773013309E-011  0.130325277877992E+003  0.640903499197837E+002
  0.100812248771715E-010  0.130166385782556E+003  0.763420334508628E+002
  0.112762133813286E-010  0.129935688750942E+003  0.641200557771545E+002
  0.117486520734855E-010  0.129846947130173E+003  0.641268424981759E+002
  0.117515157440393E-010  0.129839804120181E+003  0.763170922479953E+002
  0.119498932167605E-010  0.129799668318518E+003  0.641304613419985E+002
  0.145877443475199E-010  0.129394093927446E+003  0.641615938392977E+002
  0.175428775193159E-010  0.129018505786788E+003  0.762539134989636E+002
  0.243681793409715E-010  0.128354589951330E+003  0.642421277313663E+002
  0.276091005005520E-010  0.128098199789469E+003  0.761823229110797E+002
  0.334561823196001E-010  0.127707361918184E+003  0.642928231958831E+002
  0.360892560820006E-010  0.127549189111238E+003  0.643052784501703E+002
  0.472106715044076E-010  0.127005284025760E+003  0.643483095885351E+002
  0.495322695883968E-010  0.126902619625939E+003  0.643564673149187E+002
  0.527414264339651E-010  0.126770410327676E+003  0.643669894251640E+002
  0.541029703882766E-010  0.126712779021951E+003  0.643715820366560E+002
  0.572471228212537E-010  0.126593146851934E+003  0.760633543576124E+002
  0.754201115026386E-010  0.126035098100794E+003  0.760186222822318E+002
  0.803741622897192E-010  0.125901204941151E+003  0.760078382286555E+002
  0.830519156229877E-010  0.125829003077540E+003  0.760020145789111E+002
  0.960040171060264E-010  0.125532499229848E+003  0.644664439305051E+002
  0.971926385999134E-010  0.125501233772497E+003  0.759755032779893E+002
  0.111872029001032E-009  0.125213256900716E+003  0.644923720330959E+002
  0.112933963921562E-009  0.125187706044555E+003  0.759500290673809E+002
  0.117802007677750E-009  0.125096646351646E+003  0.759426091847754E+002
  0.127570687234869E-009  0.124930660158504E+003  0.759290591922743E+002
  0.142400113518640E-009  0.124704064227311E+003  0.759105093217997E+002
  0.153937983145510E-009  0.124541590610528E+003  0.758971713852226E+002
  0.168686134603290E-009  0.124351955066243E+003  0.758815638892983E+002
  0.168728444912798E-009  0.124344797903585E+003  0.758809739932943E+002
  0.222195793225470E-009  0.123787605609592E+003  0.758348597060013E+002
  0.277304862689957E-009  0.123337832942075E+003  0.757973574595724E+002
  0.302820205027555E-009  0.123155133845235E+003  0.646624296718593E+002
  0.326964482486564E-009  0.122995053660834E+003  0.757686061045157E+002
  0.404912386721660E-009  0.122560759748903E+003  0.647125180507023E+002
  0.434753109025688E-009  0.122411888988952E+003  0.647251349790957E+002
  0.443562512056452E-009  0.122365112530843E+003  0.757153760445240E+002
  0.456659831922550E-009  0.122300256910692E+003  0.757098664251345E+002
  0.620736551088338E-009  0.121679665340267E+003  0.647876179025212E+002
  0.742062478205302E-009  0.121315956393108E+003  0.648189228980312E+002
  0.784441273812557E-009  0.121198224274512E+003  0.648290952147692E+002
  0.106436286370010E-008  0.120581248818702E+003  0.755617612131344E+002
  0.122442844837186E-008  0.120294397653979E+003  0.649078363097874E+002
  0.123415794713457E-008  0.120271912571815E+003  0.755346712713151E+002
  0.138439562829604E-008  0.120035507468446E+003  0.755138747399202E+002
  0.156112428461806E-008  0.119788566724237E+003  0.649524176010412E+002
  0.162372486674610E-008  0.119703278037241E+003  0.754845096436664E+002
  0.207613812586095E-008  0.119205049082362E+003  0.754401624439030E+002
  0.272807588200105E-008  0.118652219386433E+003  0.753905099022229E+002
  0.284636070586062E-008  0.118560674451444E+003  0.650622396923423E+002
  0.301512152084325E-008  0.118438821067641E+003  0.753712153937224E+002
  0.446724990838680E-008  0.117645899784493E+003  0.651456007247492E+002
  0.550642269862787E-008  0.117220959828206E+003  0.651847936165849E+002
  0.633164250117430E-008  0.116935015233949E+003  0.752331420702316E+002
  0.698071186224406E-008  0.116733177221337E+003  0.752143194543757E+002
  0.713329368116393E-008  0.116683277287032E+003  0.652348263215255E+002
  0.768207831891639E-008  0.116528387606120E+003  0.652493325833738E+002
  0.816120425874715E-008  0.116400728798287E+003  0.652613204128968E+002
  0.844490721158157E-008  0.116325729570094E+003  0.652683767603079E+002
  0.110407846792259E-007  0.115783008886868E+003  0.751247397325690E+002
  0.126350253929881E-007  0.115506600034219E+003  0.653461098131518E+002
  0.146206230427753E-007  0.115208023816781E+003  0.750697275335533E+002
  0.165145779086748E-007  0.114957747374076E+003  0.750455861283029E+002
  0.179245030376812E-007  0.114787241471678E+003  0.750290698694809E+002
  0.179309379023961E-007  0.114779868023898E+003  0.750283543513002E+002
  0.204504619963746E-007  0.114510256686950E+003  0.750021177503367E+002
  0.207592318025986E-007  0.114473629946482E+003  0.749985423849569E+002
  0.221330263089327E-007  0.114338814681798E+003  0.749853591036903E+002
  0.229831626981528E-007  0.114256777111395E+003  0.749773189464889E+002
  0.239802714717790E-007  0.114165182373108E+003  0.749683260384160E+002
  0.257339741466220E-007  0.114017365593263E+003  0.654907042357000E+002
  0.309220025337141E-007  0.113643398180086E+003  0.749167679071538E+002
  0.330712231457355E-007  0.113502351547388E+003  0.749027334070868E+002
  0.333349888215352E-007  0.113479807871488E+003  0.749004863513255E+002
  0.441623104514422E-007  0.112910623971557E+003  0.656010908214668E+002
  0.467788116609504E-007  0.112788851116348E+003  0.656133979166981E+002
  0.488166745740115E-007  0.112696912359225E+003  0.748217697371512E+002
  0.500877129175718E-007  0.112638849218481E+003  0.748158780208260E+002
  0.534044091989842E-007  0.112503958468373E+003  0.656423200684103E+002
  0.637123979776328E-007  0.112144331163097E+003  0.747653892112446E+002
  0.658438170029298E-007  0.112071862874438E+003  0.656865381504950E+002
  0.677532509354135E-007  0.112008033465680E+003  0.656931066666184E+002
  0.727569644480763E-007  0.111858873505856E+003  0.747359877604895E+002
  0.889339222761512E-007  0.111450679895806E+003  0.746936089296362E+002
  0.887499343657490E-007  0.111448166233286E+003  0.657511346372885E+002
  0.890739729551865E-007  0.111434221668104E+003  0.657525895505513E+002
  0.933030244090988E-007  0.111334795403967E+003  0.657629769986769E+002
  0.996686291029056E-007  0.111196142921310E+003  0.657775030931072E+002
  0.102242035786268E-006  0.111138503485636E+003  0.746609256062180E+002
  0.110733166994791E-006  0.110972286897276E+003  0.746434249845006E+002
  0.119520807951818E-006  0.110812897167136E+003  0.746265778367278E+002
  0.134551577788832E-006  0.110569327342583E+003  0.658437735326372E+002
  0.139096793803584E-006  0.110496226871262E+003  0.745929138056491E+002
  0.141920410510777E-006  0.110449378567031E+003  0.745879114959359E+002
  0.142200901247729E-006  0.110438774098586E+003  0.658577029635492E+002
  0.145741041444293E-006  0.110382937512631E+003  0.658636740617701E+002
  0.147131710596122E-006  0.110357288296553E+003  0.658664197021272E+002
  0.155943982421858E-006  0.110234295357059E+003  0.745648716556974E+002
  0.182622617538574E-006  0.109911789839644E+003  0.745300937709698E+002
  0.183570951413108E-006  0.109894775410205E+003  0.659162301598228E+002
  0.226952167854211E-006  0.109463843765990E+003  0.659631636667761E+002
  0.238107758942229E-006  0.109361220068029E+003  0.659744170400606E+002
  0.255713630512494E-006  0.109211894792509E+003  0.659908450093573E+002
  0.272740969184393E-006  0.109076310559526E+003  0.744386646483338E+002
  0.278430451756141E-006  0.109028363399635E+003  0.660111239413573E+002
  0.292296590255922E-006  0.108924506413366E+003  0.744218385584523E+002
  0.331328729205069E-006  0.108667166802572E+003  0.660513215819399E+002
  0.356229284699641E-006  0.108515584103290E+003  0.743761742252760E+002
  0.376380728797866E-006  0.108398875271126E+003  0.660814323683870E+002
  0.375213611723659E-006  0.108398431116171E+003  0.743629989548845E+002
  0.400045503751661E-006  0.108263609926062E+003  0.743477846083684E+002
  0.403769361136447E-006  0.108238423292578E+003  0.743449361144800E+002
  0.455059513336619E-006  0.107992598947846E+003  0.661274509040896E+002
  0.490390080046154E-006  0.107836397473286E+003  0.661452819395006E+002
  0.605633230359889E-006  0.107407595060526E+003  0.661946372728454E+002
  0.685292207964119E-006  0.107153797968625E+003  0.742203449145964E+002
  0.697304365963184E-006  0.107112389054087E+003  0.662289701281999E+002
  0.732305633153963E-006  0.107007781547897E+003  0.662412071711250E+002
  0.735545749090120E-006  0.106992296405706E+003  0.742014595239098E+002
  0.752909466121017E-006  0.106938976325114E+003  0.662492765921578E+002
  0.794216523660654E-006  0.106825498476450E+003  0.662626211091433E+002
  0.887683638272307E-006  0.106596324311440E+003  0.741547722595912E+002
  0.947618028008253E-006  0.106458996569837E+003  0.741384505863792E+002
  0.107001862719822E-005  0.106209381311884E+003  0.741086077918019E+002
  0.107565497385744E-005  0.106192218337432E+003  0.741065474451391E+002
  0.108434530536897E-005  0.106169469465990E+003  0.663406665046857E+002
  0.123607031355169E-005  0.105900892194357E+003  0.663730746820224E+002
  0.140200998332270E-005  0.105642297286262E+003  0.664045382801574E+002
  0.171369931827021E-005  0.105234146769049E+003  0.739897482216659E+002
  0.183548309618906E-005  0.105090184515538E+003  0.664725980827003E+002
  0.191991443048795E-005  0.104993583129240E+003  0.664846336751581E+002
  0.213594210125901E-005  0.104773673155082E+003  0.739323034284567E+002
  0.230086799435107E-005  0.104618260322873E+003  0.739127136221129E+002
  0.249394221367054E-005  0.104450448270170E+003  0.738914434552878E+002
  0.258549184555384E-005  0.104371690525814E+003  0.665630630664827E+002
  0.285763112055736E-005  0.104164880459311E+003  0.665895198772143E+002
  0.303353145747482E-005  0.104038756006567E+003  0.666057497432761E+002
  0.328257606460556E-005  0.103874298303741E+003  0.738174589183242E+002
  0.329005036581207E-005  0.103863093976106E+003  0.738160050509457E+002
  0.412481703126272E-005  0.103404200817265E+003  0.737559454192417E+002
  0.461275788083175E-005  0.103173936728716E+003  0.667190606897404E+002
  0.564450789451971E-005  0.102763566945705E+003  0.736703504947988E+002
  0.566760427434256E-005  0.102748744398442E+003  0.667761364590949E+002
  0.574286234093653E-005  0.102715706318600E+003  0.736638703903396E+002
  0.577412353035717E-005  0.102698193291320E+003  0.667829851956990E+002
  0.611467176833067E-005  0.102576928479205E+003  0.736450111605486E+002
  0.631836891816988E-005  0.102504732896895E+003  0.668093224276744E+002
  0.634609794410686E-005  0.102489319247208E+003  0.668114295517798E+002
  0.694722089057755E-005  0.102301660505593E+003  0.668371886467500E+002
  0.705008570396657E-005  0.102265608794220E+003  0.736023215664781E+002
  0.810731766499548E-005  0.101979498622166E+003  0.668818735917094E+002
  0.869011437234734E-005  0.101834004979401E+003  0.669022511884103E+002
  0.903300080063953E-005  0.101749952346741E+003  0.669140806628653E+002
  0.900479867876962E-005  0.101749550776616E+003  0.735303440721019E+002
  0.955749975228166E-005  0.101623758118637E+003  0.669319209578097E+002
  0.117201813878037E-004  0.101209130338182E+003  0.734532502906899E+002
  0.125217808370505E-004  0.101070160089729E+003  0.734331262770338E+002
  0.125750437412552E-004  0.101055015310601E+003  0.734309255640905E+002
  0.127099118133418E-004  0.101027023825616E+003  0.670176272559837E+002
  0.127349512320865E-004  0.101016431981080E+003  0.734253121236623E+002
  0.133179945908434E-004  0.100920244763795E+003  0.734112749446817E+002
  0.136230224683189E-004  0.100868298998527E+003  0.734036684311308E+002
  0.137523549773695E-004  0.100842745637436E+003  0.670445614288913E+002
  0.142912085163507E-004  0.100759221100029E+003  0.733876364658485E+002
  0.143321819125324E-004  0.100746839653893E+003  0.670586698120597E+002
  0.149251349475651E-004  0.100659105656036E+003  0.733728499779578E+002
  0.150586885061743E-004  0.100634633209759E+003  0.733692249682093E+002
  0.154062977730926E-004  0.100582335153309E+003  0.670830171267028E+002
  0.161452647541047E-004  0.100481978712190E+003  0.733465178971770E+002
  0.163771567351115E-004  0.100446801773470E+003  0.671032193954850E+002
  0.165152675417866E-004  0.100423350639734E+003  0.671067282575171E+002
  0.170676710848779E-004  0.100350893388275E+003  0.671175946862584E+002
  0.174574794016014E-004  0.100299073644999E+003  0.671253894890553E+002
  0.174848422128141E-004  0.100289285723796E+003  0.671268640066569E+002
  0.175440196276453E-004  0.100275872576505E+003  0.671288857940049E+002
  0.181229421852518E-004  0.100204285936707E+003  0.671396985987741E+002
  0.187522171566905E-004  0.100129363688333E+003  0.732934253517049E+002
  0.198470472831945E-004  0.100009221606528E+003  0.671693564404045E+002
  0.219739380583287E-004  0.997989622807019E+002  0.732428307151334E+002
  0.246351988699231E-004  0.995636683981001E+002  0.672382043149358E+002
  0.250521250181099E-004  0.995234480451665E+002  0.672444975854032E+002
  0.260007261614223E-004  0.994424608411376E+002  0.731872711891874E+002
  0.297199908658702E-004  0.991684143697661E+002  0.731438438089015E+002
  0.301178812977822E-004  0.991351604977639E+002  0.673059511892273E+002
  0.312667850497983E-004  0.990536303272599E+002  0.673190200686268E+002
  0.313173202099143E-004  0.990437448425555E+002  0.731238726893892E+002
  0.319220385245581E-004  0.989988386058573E+002  0.673278360615492E+002
  0.325249448468807E-004  0.989547616364945E+002  0.673349475870299E+002
  0.325147266252691E-004  0.989487344864020E+002  0.673359213893593E+002
  0.337562796453465E-004  0.988671322063354E+002  0.730953430563929E+002
  0.353311121871693E-004  0.987692816716219E+002  0.730794138506272E+002
  0.356358663180469E-004  0.987454487500505E+002  0.673689607600163E+002
  0.380004139144880E-004  0.986103042886255E+002  0.730533426414359E+002
  0.392719421557733E-004  0.985378221650633E+002  0.674031053080037E+002
  0.395513033180391E-004  0.985169899378608E+002  0.674065540597124E+002
  0.401219081789618E-004  0.984816866048739E+002  0.674124081515046E+002
  0.407738336254523E-004  0.984427949862736E+002  0.730256099391173E+002
  0.413184539343972E-004  0.984096020386690E+002  0.674243994434180E+002
  0.422992602470760E-004  0.983560257165195E+002  0.730111360696461E+002
  0.421594580169637E-004  0.983559912341045E+002  0.730111303027474E+002
  0.422112126213808E-004  0.983468819760941E+002  0.674348749162643E+002
  0.420948219707712E-004  0.983457486921533E+002  0.674350645588980E+002
  0.422634197606250E-004  0.983310987293978E+002  0.674375172319921E+002
  0.446759794392327E-004  0.982134150419759E+002  0.729871827730564E+002
  0.460852656166388E-004  0.981446448686013E+002  0.729755574649024E+002
  0.461568049100599E-004  0.981348870463541E+002  0.729739039672736E+002
  0.473391201949575E-004  0.980776462321373E+002  0.729641842271558E+002
  0.473387454551569E-004  0.980710064841551E+002  0.729630545379202E+002
  0.491645697537992E-004  0.979886626357131E+002  0.674954757219931E+002
  0.501120119865456E-004  0.979438320506549E+002  0.729413264465866E+002
  0.505354711998827E-004  0.979203469701733E+002  0.675071864156265E+002
  0.505913567579243E-004  0.979114808761269E+002  0.729357714035217E+002
  0.505521832851790E-004  0.979063745189443E+002  0.729348935478263E+002
  0.520157448441954E-004  0.978426382926074E+002  0.675205689719193E+002
  0.528184386368994E-004  0.978053549361385E+002  0.729174680606179E+002
  0.527785719045230E-004  0.978002095022752E+002  0.675279038761887E+002
  0.559136868004151E-004  0.976781460793565E+002  0.675491179066495E+002
  0.566617055283765E-004  0.976449116981985E+002  0.675549231035406E+002
  0.574894717580865E-004  0.976092496457554E+002  0.728833149149367E+002
  0.613465031430150E-004  0.974727213858311E+002  0.675852049740971E+002
  0.613607801670183E-004  0.974656004046139E+002  0.675864647810822E+002
  0.616448985827554E-004  0.974497056112832E+002  0.675892789796770E+002
  0.626431271530199E-004  0.974109230412560E+002  0.728483232010391E+002
  0.627832947866774E-004  0.973997973441737E+002  0.675981349340036E+002
  0.639093573651239E-004  0.973575882503987E+002  0.728388332476788E+002
  0.647413846642197E-004  0.973250629741199E+002  0.728330290356263E+002
  0.665859122896183E-004  0.972622226106540E+002  0.676227030348259E+002
  0.678183050568260E-004  0.972188887972544E+002  0.728139915334584E+002
  0.700407903602146E-004  0.971477419227282E+002  0.676433254072041E+002
  0.701275733860939E-004  0.971386098054799E+002  0.727995037939441E+002
  0.711880695184020E-004  0.971019358630216E+002  0.676516231799142E+002
  0.729700287362712E-004  0.970458331825304E+002  0.676618228243098E+002
  0.730868266705131E-004  0.970359789038981E+002  0.676636185613597E+002
  0.785191511075384E-004  0.968859344889583E+002  0.676911184090415E+002
  0.796194902174633E-004  0.968514461954337E+002  0.727469996605787E+002
  0.796383576170647E-004  0.968443167321727E+002  0.727456822332688E+002
  0.807558816343975E-004  0.968097912707215E+002  0.677051887077717E+002
  0.811711572734120E-004  0.967928773284428E+002  0.677083248787744E+002
  0.852695732359401E-004  0.966877063286355E+002  0.677279140963275E+002
  0.855163318229303E-004  0.966752713778724E+002  0.677302404179311E+002
  0.856938330873692E-004  0.966644688166213E+002  0.727122182355725E+002
  0.871107085765763E-004  0.966250153197079E+002  0.677396644930337E+002
  0.873225904955142E-004  0.966135009877985E+002  0.677418287156545E+002
  0.941373008068315E-004  0.964565550765916E+002  0.726729626761407E+002
  0.952635406578206E-004  0.964261138972138E+002  0.677773190790611E+002
  0.949728190948675E-004  0.964255711713671E+002  0.726670587356336E+002
  0.962648963942546E-004  0.963918896050736E+002  0.677838568094788E+002
  0.981671927162487E-004  0.963460973364414E+002  0.677926318406297E+002
  0.988646336218368E-004  0.963252827479072E+002  0.726478503828584E+002
  0.101724193983268E-003  0.962615999816294E+002  0.726355737899298E+002
  0.110395085507545E-003  0.960913435071385E+002  0.726024412847213E+002
  0.113054449376244E-003  0.960370800509058E+002  0.678526972820181E+002
  0.113228889922196E-003  0.960273408927417E+002  0.678546151069896E+002
  0.116296390309095E-003  0.959672239590505E+002  0.678664878346594E+002
  0.125888222079936E-003  0.958020636476964E+002  0.678994183484643E+002
  0.129919741846317E-003  0.957323630624736E+002  0.725310248118938E+002
  0.129604185460054E-003  0.957305711038440E+002  0.725306627730815E+002
  0.133100924273475E-003  0.956706703417242E+002  0.679259534898837E+002
  0.135396365833404E-003  0.956298170609156E+002  0.725102147440039E+002
  0.137848104782853E-003  0.955872697425667E+002  0.679429566748654E+002
  0.144908911065918E-003  0.954807082493786E+002  0.679648681097851E+002
  0.146080852159069E-003  0.954579428594653E+002  0.679695768146346E+002
  0.147263748943745E-003  0.954351574007433E+002  0.679742995466668E+002
  0.149716983742835E-003  0.953954587260802E+002  0.679825516636752E+002
  0.155515256749600E-003  0.953128089376841E+002  0.679998302787600E+002
  0.156141993450751E-003  0.952981094240353E+002  0.680029174226979E+002
  0.156585600374576E-003  0.952857798038212E+002  0.680055101648224E+002
  0.158311678889259E-003  0.952571983968247E+002  0.680115321188648E+002
  0.157791837347659E-003  0.952571209403682E+002  0.680115484608257E+002
  0.157446778620280E-003  0.952548437433848E+002  0.680120289636538E+002
  0.157575502416696E-003  0.952465536908293E+002  0.724307022533012E+002
  0.159571195290781E-003  0.952147271821043E+002  0.680205110051094E+002
  0.159104752501700E-003  0.952139263659877E+002  0.680206806582767E+002
  0.162194437334820E-003  0.951688047059325E+002  0.724142204427898E+002
  0.161771283027345E-003  0.951673738087493E+002  0.724139159489693E+002
  0.163830916562144E-003  0.951354154387300E+002  0.724071041744089E+002
  0.165827595737626E-003  0.951045323198335E+002  0.680439800069634E+002
  0.171315662377024E-003  0.950327584099966E+002  0.680594031690441E+002
  0.173996148906357E-003  0.949950521644977E+002  0.680675499216334E+002
  0.175062632770521E-003  0.949761752939316E+002  0.723728413319220E+002
  0.176505592136375E-003  0.949531022178947E+002  0.680766499123710E+002
  0.180363975178950E-003  0.949031979693226E+002  0.723569554412335E+002
  0.184407447295932E-003  0.948522007823626E+002  0.723457837044043E+002
  0.183946616289195E-003  0.948505494227651E+002  0.723454209655193E+002
  0.183659573152967E-003  0.948470172197460E+002  0.680998364819965E+002
  0.193129341292569E-003  0.947398091825269E+002  0.681235287409114E+002
  0.193397488986954E-003  0.947303786566829E+002  0.681256256351213E+002
  0.193582418624894E-003  0.947218115596629E+002  0.723169489890370E+002
  0.193084862415336E-003  0.947203031073425E+002  0.681278682711747E+002
  0.194526870102678E-003  0.946987665086641E+002  0.723118113514480E+002
  0.201426424604890E-003  0.946224031822281E+002  0.722946959741292E+002
  0.201171045184434E-003  0.946182849200725E+002  0.722937689257645E+002
  0.200988982201839E-003  0.946134401911169E+002  0.722926778134802E+002
  0.200429023018427E-003  0.946123644258809E+002  0.722924354555103E+002
  0.203577204455543E-003  0.945745385820091E+002  0.681605857532904E+002
  0.203877368856247E-003  0.945649362737744E+002  0.722817220725005E+002
  0.209613808454959E-003  0.945027843930362E+002  0.681768835052505E+002
  0.210041816245681E-003  0.944920492017227E+002  0.722651483492045E+002
  0.209676492301642E-003  0.944888752331693E+002  0.681800577857578E+002
  0.211747194186666E-003  0.944625651474001E+002  0.681860756781885E+002
  0.213441125853464E-003  0.944399736578869E+002  0.681912572469957E+002
  0.217787640417940E-003  0.943929992297371E+002  0.722424075358530E+002
  0.222203543250117E-003  0.943461969259472E+002  0.722315726929709E+002
  0.225693813353429E-003  0.943083704473204E+002  0.682217084574024E+002
  0.226500852093103E-003  0.942945759983407E+002  0.722195541641038E+002
  0.226871418697173E-003  0.942846509929128E+002  0.722172350978863E+002
  0.227334049413507E-003  0.942739212136365E+002  0.682297564003113E+002
  0.229587230961606E-003  0.942475405743772E+002  0.682359414248862E+002
  0.231586031632297E-003  0.942235482286092E+002  0.722028980762361E+002
  0.232705689760174E-003  0.942072464691210E+002  0.682454258578083E+002
  0.234651769367892E-003  0.941839347657264E+002  0.721935475463007E+002
  0.234715866719149E-003  0.941767329412181E+002  0.721918428282844E+002
  0.244309476337319E-003  0.940899572361566E+002  0.721711852433197E+002
  0.245093519812690E-003  0.940768934880418E+002  0.682764250227888E+002
  0.246268154321032E-003  0.940606756093884E+002  0.682803163994241E+002
  0.246231485577464E-003  0.940543178466280E+002  0.721626373196240E+002
  0.247452262269198E-003  0.940377710825801E+002  0.682858255156286E+002
  0.250899684206145E-003  0.940034444803095E+002  0.682941114013324E+002
  0.250737686961942E-003  0.939980806479814E+002  0.721490719906018E+002
  0.259892233579125E-003  0.939197055916769E+002  0.683144755837731E+002
  0.263518309470968E-003  0.938853384267566E+002  0.721215849415722E+002
  0.264693215527975E-003  0.938697855928079E+002  0.721177618070033E+002
  0.272220032814099E-003  0.938070516019443E+002  0.683422194853922E+002
  0.271358954192735E-003  0.938067323913553E+002  0.683422986808224E+002
  0.272341754806381E-003  0.937928463502358E+002  0.720987343414382E+002
  0.275705561677008E-003  0.937616392467672E+002  0.720909614393210E+002
  0.286133501649574E-003  0.936807336663113E+002  0.720706576898913E+002
  0.285520734452939E-003  0.936783657648844E+002  0.683744212627478E+002
  0.285138441720628E-003  0.936743898422282E+002  0.683754251219784E+002
  0.284683823846452E-003  0.936709255586847E+002  0.683763002452757E+002
  0.283755180848000E-003  0.936708046731063E+002  0.720681505629899E+002
  0.286216458534889E-003  0.936468760020114E+002  0.720620944003749E+002
  0.289548797088745E-003  0.936170694884902E+002  0.683899587483858E+002
  0.290828813208909E-003  0.936015919401733E+002  0.720505784495795E+002
  0.300060693905382E-003  0.935324364721899E+002  0.720328505557514E+002
  0.299196856357085E-003  0.935315469479934E+002  0.720326213968168E+002
  0.300859616132737E-003  0.935138073175046E+002  0.684164361069353E+002
  0.301430874884848E-003  0.935033578276897E+002  0.684191371137861E+002
  0.312370943981079E-003  0.934254008766387E+002  0.720050646214790E+002
  0.311622198474818E-003  0.934235450021852E+002  0.720045790247924E+002
  0.312325546367757E-003  0.934123804021554E+002  0.720016549677542E+002
  0.312938511059574E-003  0.934018035034109E+002  0.719988803930394E+002
  0.312947340511441E-003  0.933950914947133E+002  0.684473639307333E+002
  0.314151316301545E-003  0.933807562471816E+002  0.684511350915681E+002
  0.323551746663576E-003  0.933151320849126E+002  0.719759790415705E+002
  0.322507039497237E-003  0.933149446967823E+002  0.719759292036542E+002
  0.323035919654862E-003  0.933050119975860E+002  0.684711958893201E+002
  0.323475926092942E-003  0.932956340759066E+002  0.719707857177176E+002
  0.326745499595801E-003  0.932688647256672E+002  0.684808509204104E+002
  0.329227201420441E-003  0.932470761153359E+002  0.719577846920329E+002
  0.333480611885153E-003  0.932147472668698E+002  0.719490746111515E+002
  0.339510679894834E-003  0.931722503350208E+002  0.719375577512759E+002
  0.340006568727398E-003  0.931626756888568E+002  0.719349522894690E+002
  0.339855704684771E-003  0.931569077240076E+002  0.719333807905675E+002
  0.339907013377208E-003  0.931499502226303E+002  0.719314832764152E+002
  0.345564150974792E-003  0.931102822192582E+002  0.685238572016685E+002
  0.349767815549618E-003  0.930794441421297E+002  0.719121340117401E+002
  0.350470012430903E-003  0.930687773698116E+002  0.685352939940829E+002
  0.351392294114830E-003  0.930568655893364E+002  0.685385906704665E+002
  0.353007302806461E-003  0.930410390128668E+002  0.719015005445105E+002
  0.354399051564643E-003  0.930265138366834E+002  0.718974612774598E+002
  0.353896890692086E-003  0.930226941386582E+002  0.685480839034680E+002
  0.353801905867854E-003  0.930165754242992E+002  0.685497894428786E+002
  0.353343859082090E-003  0.930125108055395E+002  0.685509233827787E+002
  0.357385054727161E-003  0.929831110306626E+002  0.718853330542112E+002
  0.357738822617483E-003  0.929744766720844E+002  0.718829097571329E+002
  0.357061241794722E-003  0.929716128152603E+002  0.685623761399858E+002
  0.357857884128683E-003  0.929604999887386E+002  0.685655017688802E+002
  0.358887136505291E-003  0.929481003681793E+002  0.685689963008721E+002
  0.362301622087078E-003  0.929225065499576E+002  0.718682485952701E+002
  0.366800571377715E-003  0.928911685237055E+002  0.685851369065496E+002
  0.371885518988949E-003  0.928569774152419E+002  0.685949072829016E+002
  0.373995821627095E-003  0.928390047091058E+002  0.718444146323996E+002
  0.372821950885287E-003  0.928386364549684E+002  0.686001726071881E+002
  0.374710828384975E-003  0.928218735908104E+002  0.718394814680463E+002
  0.378752291255154E-003  0.927937624063661E+002  0.718313536572766E+002
  0.379954217732600E-003  0.927807701072062E+002  0.718275832782698E+002
  0.380271169089017E-003  0.927724468564575E+002  0.686193181515929E+002
  0.380148987176395E-003  0.927664339836632E+002  0.718234126167342E+002
  0.379151563042323E-003  0.927650328430143E+002  0.718230044143331E+002
  0.383911806994367E-003  0.927334236042387E+002  0.686307136639005E+002
  0.382640512114286E-003  0.927334018624174E+002  0.718137613173762E+002
  0.381850910431695E-003  0.927308776665227E+002  0.686314599614696E+002
  0.383566781352593E-003  0.927152550932112E+002  0.686360471363930E+002
  0.386269774729707E-003  0.926945549501203E+002  0.686421457243337E+002
  0.389739082793052E-003  0.926700164236571E+002  0.686494057908373E+002
  0.388508162011050E-003  0.926696874797261E+002  0.686495033411448E+002
  0.388527540836477E-003  0.926629321418314E+002  0.686515080171087E+002
  0.388374586966448E-003  0.926570640681622E+002  0.717912298806702E+002
  0.387898392342422E-003  0.926528622365753E+002  0.717899802890810E+002
  0.388326567934578E-003  0.926440002051291E+002  0.717873415197128E+002
  0.392180474652461E-003  0.926175936793222E+002  0.717794521674547E+002
  0.392164030878907E-003  0.926110219590910E+002  0.717774825465739E+002
  0.391773223793005E-003  0.926063604523647E+002  0.686683974277303E+002
  0.392900301592096E-003  0.925939594071535E+002  0.686721243356076E+002
  0.393608477805321E-003  0.925837022071355E+002  0.686752137342580E+002
  0.396853071108006E-003  0.925606278066829E+002  0.717622951147651E+002
  0.395752485650141E-003  0.925595264957344E+002  0.717619615368032E+002
  0.394900080088069E-003  0.925571833325537E+002  0.686832297815077E+002
  0.396420899777854E-003  0.925428402445129E+002  0.686875828151867E+002
  0.397848553169840E-003  0.925289948879907E+002  0.717526848182000E+002
  0.400389279729342E-003  0.925096075878349E+002  0.717467648817456E+002
  0.400081242220213E-003  0.925044912899386E+002  0.717451987760955E+002
  0.403137393876184E-003  0.924826161106711E+002  0.687059968421145E+002
  0.401958976679499E-003  0.924818153229371E+002  0.687062431963748E+002
  0.401231160202473E-003  0.924787843723024E+002  0.687071760004750E+002
  0.400360752451103E-003  0.924764721896974E+002  0.717365933698540E+002
  0.399987419777013E-003  0.924716824609708E+002  0.687093639344026E+002
  0.405094041435647E-003  0.924396545904419E+002  0.687192705475302E+002
  0.403972500678457E-003  0.924385438766782E+002  0.687196152767077E+002
  0.403608611566422E-003  0.924336906622547E+002  0.717233588688213E+002
  0.402280368550157E-003  0.924336277728829E+002  0.717233393280534E+002
  0.404345405348676E-003  0.924167317993115E+002  0.687264011302017E+002
  0.405081448588675E-003  0.924064388629436E+002  0.717148673216633E+002
  0.406137773296217E-003  0.923945747015212E+002  0.687333259858171E+002
  0.406064126793817E-003  0.923882818218052E+002  0.687352986076394E+002
  0.405942299962695E-003  0.923822263690475E+002  0.717072820756713E+002
  0.404967405408637E-003  0.923803796844385E+002  0.687377793941501E+002
  0.418761111965745E-003  0.923067360333942E+002  0.716833798456640E+002
  0.418870635177409E-003  0.922995574395449E+002  0.716810865228822E+002
  0.420054055224404E-003  0.922872592988508E+002  0.716771492734049E+002
  0.420215836426988E-003  0.922798335794224E+002  0.687697145910695E+002
  0.419281515173527E-003  0.922776298138256E+002  0.687704224125171E+002
  0.419718228821143E-003  0.922688921653670E+002  0.716712491159275E+002
  0.430683547636242E-003  0.922106566055237E+002  0.687921004422269E+002
  0.429692792530800E-003  0.922086071749829E+002  0.716517123629043E+002
  0.433727209314563E-003  0.921832610565338E+002  0.716434181703738E+002
  0.434077375139727E-003  0.921749914454920E+002  0.688037798000276E+002
  0.436219864107989E-003  0.921584886857465E+002  0.716352646854322E+002
  0.434859785120081E-003  0.921580785968631E+002  0.688093520386178E+002
  0.433459356151733E-003  0.921578742400403E+002  0.688094195019841E+002
  0.432758469947283E-003  0.921544551961455E+002  0.688105486932229E+002
  0.433648356654721E-003  0.921436912133343E+002  0.688141095750364E+002
  0.436069652975373E-003  0.921258995980230E+002  0.716244662277763E+002
  0.436043481989624E-003  0.921193640526574E+002  0.688221907171300E+002
  0.434887867144100E-003  0.921180159655362E+002  0.716218414557808E+002
  0.434791225746187E-003  0.921118048775738E+002  0.716197700679153E+002
  0.435443617181103E-003  0.921021506054265E+002  0.716165442746716E+002
  0.434194437198038E-003  0.921012407758367E+002  0.688282414656748E+002
  0.433342007192542E-003  0.920985155447928E+002  0.688291536011329E+002
  0.437449028475472E-003  0.920729941216291E+002  0.716067565613989E+002
  0.439242010355082E-003  0.920581578515540E+002  0.716017494270239E+002
  0.439445068291382E-003  0.920505779016136E+002  0.688452971322187E+002
  0.439575549854456E-003  0.920433285625955E+002  0.688477549318785E+002
  0.445354421422220E-003  0.920105513506240E+002  0.715855584015983E+002
  0.444040748263184E-003  0.920098039388621E+002  0.715853026725804E+002
  0.443889540872779E-003  0.920038295265284E+002  0.715832567835997E+002
  0.442905518045473E-003  0.920016125061717E+002  0.715824968001817E+002
  0.442060402815525E-003  0.919987768040943E+002  0.688629572365689E+002
  0.441692132369875E-003  0.919937880727260E+002  0.715798112234202E+002
  0.440593270344871E-003  0.919921143842950E+002  0.715792360740568E+002
  0.448941466372792E-003  0.919479180952909E+002  0.715639591687692E+002
  0.447967266583663E-003  0.919456072165738E+002  0.688813257515511E+002
  0.459405249683880E-003  0.918885265296544E+002  0.715431516417540E+002
  0.459115483962641E-003  0.918831328294473E+002  0.715412457285518E+002
  0.460504671227567E-003  0.918704348052648E+002  0.689077334979694E+002
  0.462375173244486E-003  0.918556719743276E+002  0.715314991638054E+002
  0.461655435296820E-003  0.918521320402542E+002  0.689142438875215E+002
  0.461025156408519E-003  0.918482088421825E+002  0.715288377414622E+002
  0.460358828943159E-003  0.918444459868203E+002  0.689169875385909E+002
  0.460232771373216E-003  0.918383381308188E+002  0.689191719479721E+002
  0.460965001057786E-003  0.918285030820733E+002  0.715217842886974E+002
  0.468313997862529E-003  0.917902137297991E+002  0.715079684163610E+002
  0.472100604332478E-003  0.917674519474118E+002  0.714996845131847E+002
  0.475127030072161E-003  0.917480161824937E+002  0.714925683222698E+002
  0.479797194137927E-003  0.917217979975207E+002  0.689615761702876E+002
  0.488078357836115E-003  0.916809174975479E+002  0.714676884257947E+002
  0.492953898254250E-003  0.916543825279592E+002  0.689867702167233E+002
  0.493456351730558E-003  0.916456894445352E+002  0.714544249219927E+002
  0.494174636896576E-003  0.916361247401893E+002  0.689936822973219E+002
  0.494105293628675E-003  0.916297498224595E+002  0.689961049079762E+002
  0.954430356030601E-003  0.900604689969665E+002  0.690043717090292E+002
  0.955540070652560E-003  0.900581449510413E+002  0.690052620971507E+002
  0.958603634385217E-003  0.900388812135362E+002  0.690126676493126E+002
  0.958623215384681E-003  0.900388403607816E+002  0.690126834025025E+002
  0.961565258937263E-003  0.900327117001963E+002  0.690150489978463E+002
  0.964784743524221E-003  0.900260265441646E+002  0.690176346917035E+002
  0.962552066670113E-003  0.900175454486935E+002  0.690209230303749E+002
  0.957381674933828E-003  0.900152026948304E+002  0.690218329640644E+002
  0.967298475757424E-003  0.899814779475559E+002  0.690350090495436E+002
  0.999961030879250E-003  0.899019447470934E+002  0.690666770431025E+002
  0.100957444839978E-002  0.898696941985465E+002  0.690797684623887E+002
  0.102650318150566E-002  0.898102917294176E+002  0.691042827817418E+002
  0.102715309933529E-002  0.898090258547775E+002  0.691048110375739E+002
  0.102788798667507E-002  0.898075954456706E+002  0.691054082551509E+002
  0.103942998206179E-002  0.897852629056594E+002  0.691147741957460E+002
  0.104465941750836E-002  0.897752260110371E+002  0.691190094201205E+002
  0.105662518924443E-002  0.897524477523669E+002  0.691286819125649E+002
  0.106329124049639E-002  0.897264016955335E+002  0.691398479531210E+002
  0.105254883438895E-002  0.897198643701446E+002  0.691426686597618E+002
  0.105646133225276E-002  0.897124438229817E+002  0.691458794138105E+002
  0.105664113903798E-002  0.897121034574990E+002  0.691460269143604E+002
  0.105918799771021E-002  0.897072885887404E+002  0.691481156524717E+002
  0.105825062763667E-002  0.896954074209226E+002  0.691532872830326E+002
  0.106302626708248E-002  0.896864021891663E+002  0.691572238075142E+002
  0.106417359456431E-002  0.896842447471435E+002  0.691581690687535E+002
  0.105738825588086E-002  0.896831970059348E+002  0.691586284289415E+002
  0.107282360723310E-002  0.896542128062612E+002  0.691714155540031E+002
  0.108009548890685E-002  0.896407020164850E+002  0.691774296628444E+002
  0.108058033332308E-002  0.896398044372750E+002  0.691778304324473E+002
  0.110477454902528E-002  0.895955183500058E+002  0.691977988801454E+002
  0.111157239059455E-002  0.895832497601666E+002  0.692033999715158E+002
  0.110565413088026E-002  0.895795896763527E+002  0.692050769161726E+002
  0.109921788383615E-002  0.895769291398967E+002  0.692062976344478E+002
  0.110853096032864E-002  0.895600556051043E+002  0.692140740319788E+002
  0.110397912105857E-002  0.895538443972050E+002  0.692169516982704E+002
  0.109946887270216E-002  0.895475915320408E+002  0.692198570089968E+002
  0.109431617473918E-002  0.895425461360273E+002  0.692222074382415E+002
  0.109312701451461E-002  0.895302801611789E+002  0.692279447924694E+002
  0.110044483216936E-002  0.895024955027184E+002  0.692410650000553E+002
  0.108676795128921E-002  0.894987307915460E+002  0.692428562571746E+002
  0.107948313514035E-002  0.894978453347244E+002  0.692432780353981E+002
  0.107720973740903E-002  0.894877248088417E+002  0.692481118157844E+002
  0.107203457614279E-002  0.894830194408381E+002  0.692503673878374E+002
  0.107822381379180E-002  0.894429340175096E+002  0.692697993574815E+002
  0.107563916979137E-002  0.894334990999132E+002  0.692744309843510E+002
  0.109154102443619E-002  0.894041482594395E+002  0.692889863591672E+002
  0.109244574489085E-002  0.893881542731797E+002  0.692970143172146E+002
  0.108625568655091E-002  0.893851819996503E+002  0.692985138960245E+002
  0.108693557367717E-002  0.893695936128471E+002  0.693064187948980E+002
  0.108103750527899E-002  0.893661388408818E+002  0.693081799702050E+002
  0.108914021900457E-002  0.893368671378482E+002  0.693232405621918E+002
  0.108274512789551E-002  0.893343081463435E+002  0.693245691998845E+002
  0.107060729002995E-002  0.893141490036114E+002  0.693351054799068E+002
  0.106324504002165E-002  0.893138155852234E+002  0.693352807949093E+002
  0.105459931359727E-002  0.892741972670789E+002  0.693563651992100E+002
  0.105070880195528E-002  0.892677482040723E+002  0.693598460983550E+002
  0.105141647646522E-002  0.892525607296828E+002  0.693680996174409E+002
  0.105365761813160E-002  0.892483021764682E+002  0.693704282518959E+002
  0.105089741447908E-002  0.892396109923768E+002  0.693752005734016E+002
  0.104933400022548E-002  0.892286512580818E+002  0.693812571600076E+002
  0.104925189898149E-002  0.892148704081482E+002  0.693889352290761E+002
  0.104415506884060E-002  0.892106719120636E+002  0.693912885417509E+002
  0.104652993199332E-002  0.892061282066785E+002  0.693938428811850E+002
  0.104483662659819E-002  0.891953317203294E+002  0.693999441788825E+002
  0.104767115064965E-002  0.891899132921333E+002  0.694030233597971E+002
  0.104402698729270E-002  0.891827477778583E+002  0.694071132355701E+002
  0.103733305911544E-002  0.891814780148610E+002  0.694078401231810E+002
  0.102770995223991E-002  0.891719486825052E+002  0.694133161226082E+002
  0.102856009564704E-002  0.891702949241257E+002  0.694142702286915E+002
  0.102977437041465E-002  0.891679352009058E+002  0.694156335825272E+002
  0.102427977829293E-002  0.891644002855812E+002  0.694176802379909E+002
  0.101600574329652E-002  0.891522524321917E+002  0.694247536767140E+002
  0.101991667546622E-002  0.891445685696943E+002  0.694292604039453E+002
  0.102283197283085E-002  0.891388599880804E+002  0.694326252458019E+002
  0.102846950580981E-002  0.891278668752081E+002  0.694391457075900E+002
  0.102866172504486E-002  0.891274931134710E+002  0.694393683554776E+002
  0.101590372806916E-002  0.891234672439105E+002  0.694417705712331E+002
  0.101622638499109E-002  0.891228321331515E+002  0.694421502141195E+002
  0.100971013321495E-002  0.891211523172212E+002  0.694431552301879E+002
  0.101031767713512E-002  0.891199492764801E+002  0.694438757941801E+002
  0.101234902542852E-002  0.891159321065257E+002  0.694462867348593E+002
  0.101347578131958E-002  0.890989471072334E+002  0.694565643352103E+002
  0.100123897589125E-002  0.890938299755482E+002  0.694596878569757E+002
  0.995206219631915E-003  0.890912649281253E+002  0.694612583982739E+002
  0.995593452812494E-003  0.890904868826176E+002  0.694617354253475E+002
  0.992109518632832E-003  0.890827376506438E+002  0.694665029867527E+002
  0.993258811954318E-003  0.890804221237319E+002  0.694679334160059E+002
  0.996205283093668E-003  0.890596280120038E+002  0.694809027664595E+002
  0.983383898988188E-003  0.890559053640888E+002  0.694832486143933E+002
  0.984453784090195E-003  0.890537306212904E+002  0.694846224932803E+002
  0.988785462113984E-003  0.890449497600944E+002  0.694901959650822E+002
  0.973067102197819E-003  0.890323869250669E+002  0.694982445685601E+002
  0.974309952685478E-003  0.890298340539559E+002  0.694998910741235E+002
  0.979591563875061E-003  0.890190215866769E+002  0.695069067243215E+002
  0.989544024811816E-003  0.889988045010863E+002  0.695202126222742E+002
  0.989936262422304E-003  0.889980118938183E+002  0.695207394189053E+002
  0.990454509446954E-003  0.889969651366957E+002  0.695214357399131E+002
  0.990551132947235E-003  0.889967700367964E+002  0.695215656002612E+002
  0.992406048595665E-003  0.889930283197150E+002  0.695240607963798E+002
  0.995459411701883E-003  0.889868843113432E+002  0.695281774387972E+002
  0.986574854595334E-003  0.889735639742504E+002  0.695371873532494E+002
  0.977201508920184E-003  0.889616482372518E+002  0.695453488103956E+002
  0.970512469316410E-003  0.889599414103432E+002  0.695465259403293E+002
  0.970522236006371E-003  0.889599212835728E+002  0.695465398331873E+002
  0.968476322843289E-003  0.889485775605906E+002  0.695544160221127E+002
  0.970444180486314E-003  0.889445178617730E+002  0.695572574241028E+002
  0.975993247713897E-003  0.889331142950707E+002  0.695653045754967E+002
  0.978597223519717E-003  0.889277853478877E+002  0.695690990424569E+002
  0.985805348032550E-003  0.889131077925470E+002  0.695796660064748E+002
  0.986536647513813E-003  0.888955603402060E+002  0.695925318002670E+002
  0.991547108442392E-003  0.888854283695464E+002  0.696000817118574E+002
  0.992594130721375E-003  0.888833175876011E+002  0.696016661372333E+002
  0.993464338897237E-003  0.888815649539403E+002  0.696029848046928E+002
  0.995179101735446E-003  0.888781158423939E+002  0.696055881236021E+002
  0.988266091500371E-003  0.888754597124377E+002  0.696076004313821E+002
  0.980889594698910E-003  0.888738462573403E+002  0.696088260222802E+002
  0.977292848843514E-003  0.888645957707949E+002  0.696159005667099E+002
  0.964344146544250E-003  0.888582134082288E+002  0.696208301547134E+002
  0.951373990846827E-003  0.888525077557492E+002  0.696252715283355E+002
  0.951732667963345E-003  0.888517538786733E+002  0.696258608324758E+002
  0.948389178862119E-003  0.888423313607116E+002  0.696332761346369E+002
  0.942741880726911E-003  0.888378152033697E+002  0.696368635446578E+002
  0.942797694410041E-003  0.888376967997385E+002  0.696369578943961E+002
  0.943425663246964E-003  0.888363651040884E+002  0.696380201032928E+002
  0.935750514678307E-003  0.888359659579710E+002  0.696383388531390E+002
  0.941217236594647E-003  0.888243158113546E+002  0.696477203244332E+002
  0.930928070600632E-003  0.888126854870852E+002  0.696572411883582E+002
  0.925672373622412E-003  0.888072722878835E+002  0.696617277137602E+002
  0.927301613715060E-003  0.888037552595309E+002  0.696646620163802E+002
  0.922090352262273E-003  0.887981488489053E+002  0.696693717164561E+002
  0.923361105890979E-003  0.887953945010216E+002  0.696717002824809E+002
  0.928214762704110E-003  0.887849090156297E+002  0.696806564616265E+002
  0.930283829844395E-003  0.887804558123754E+002  0.696845052929667E+002
  0.931387316937252E-003  0.887780848518027E+002  0.696865657568104E+002
  0.931508290142303E-003  0.887778250987499E+002  0.696867919749826E+002
  0.931730168760864E-003  0.887773487697679E+002  0.696872070570136E+002
  0.924207770843487E-003  0.887757835703043E+002  0.696885732746634E+002
  0.916941866701683E-003  0.887737913383270E+002  0.696903173124248E+002
  0.920805131308622E-003  0.887653826285276E+002  0.696977423469801E+002
  0.921940769458087E-003  0.887629175283904E+002  0.696999390801525E+002
  0.910923962818013E-003  0.887509236213255E+002  0.697107618595315E+002
  0.913333475153645E-003  0.887456403456503E+002  0.697156026028578E+002
  0.906462470744770E-003  0.887426435482606E+002  0.697183690560292E+002
  0.899218843742213E-003  0.887405902654763E+002  0.697202733181553E+002
  0.899592082769760E-003  0.887397602971291E+002  0.697210451034147E+002
  0.889471231813244E-003  0.887260241681719E+002  0.697339954372811E+002
  0.881697630808379E-003  0.887254804763136E+002  0.697345151010328E+002
  0.881741597711998E-003  0.887253807464156E+002  0.697346104835422E+002
  0.874180990743311E-003  0.887243389843271E+002  0.697356079511501E+002
  0.874526861129401E-003  0.887235478392763E+002  0.697363668257109E+002
  0.876348989146983E-003  0.887193850571461E+002  0.697403794975621E+002
  0.868698831215173E-003  0.887183160822493E+002  0.697414153288825E+002
  0.862964229826171E-003  0.887129578053975E+002  0.697466414666724E+002
  0.863380131112826E-003  0.887119941476149E+002  0.697475874647934E+002
  0.855876410193627E-003  0.887106728376665E+002  0.697488876341561E+002
  0.856445915785358E-003  0.887093424675508E+002  0.697502003367653E+002
  0.849335491149689E-003  0.887070587827216E+002  0.697524622464028E+002
  0.841458061635799E-003  0.887067374825329E+002  0.697527813574706E+002
  0.842257678097351E-003  0.887048378352165E+002  0.697546725122516E+002
  0.843171467204233E-003  0.887026691550344E+002  0.697568408913477E+002
  0.844097687205947E-003  0.887004733699877E+002  0.697590467134976E+002
  0.104536626963067E-002  0.876139448054374E+002  0.699205677293243E+002
  0.104547305140968E-002  0.876137405204346E+002  0.699208837416899E+002
  0.104695767255606E-002  0.876109024405336E+002  0.699253088119555E+002
  0.104775653524647E-002  0.876093769575323E+002  0.699277147811593E+002
  0.104808758312951E-002  0.876087451397690E+002  0.699287170502943E+002
  0.104827139226865E-002  0.876083944190350E+002  0.699292748877721E+002
  0.104858822112821E-002  0.876077900316741E+002  0.699302386942927E+002
  0.101195150966146E-002  0.876061828508920E+002  0.699328172537637E+002
  0.101322185927429E-002  0.876036737328107E+002  0.699368894615438E+002
  0.101338973178253E-002  0.876033423964868E+002  0.699374315603828E+002
  0.100189397422659E-002  0.876016196085967E+002  0.699402670077174E+002
  0.100309812360736E-002  0.875992173058109E+002  0.699442691140211E+002
  0.990778733084249E-003  0.875990870264081E+002  0.699444878008813E+002
  0.992137209364332E-003  0.875963466651784E+002  0.699491283449047E+002
  0.994053118081849E-003  0.875924882045157E+002  0.699557992658414E+002
  0.994794565914708E-003  0.875909969935533E+002  0.699584226209526E+002
  0.982273397754255E-003  0.875905233252813E+002  0.699592613798446E+002
  0.982746982631871E-003  0.875895592947979E+002  0.699609767758276E+002
  0.971108213127214E-003  0.875872427053651E+002  0.699651457092918E+002
  0.971350006332041E-003  0.875867447935878E+002  0.699660506085285E+002
  0.958809938685090E-003  0.875862423295736E+002  0.699669670327583E+002
  0.947572000361418E-003  0.875833317648012E+002  0.699723416037928E+002
  0.948155812668987E-003  0.875820999163850E+002  0.699746514380278E+002
  0.925276379193679E-003  0.875776161560274E+002  0.699832473563611E+002
  0.913454649508310E-003  0.875768432052866E+002  0.699847606375036E+002
  0.902047500461962E-003  0.875754858515463E+002  0.699874416620203E+002
  0.902407714289141E-003  0.875746873527440E+002  0.699890332434325E+002
  0.902505456550285E-003  0.875744707389748E+002  0.699894668781649E+002
  0.890521432590694E-003  0.875739945663564E+002  0.699904229699343E+002
  0.890791689053847E-003  0.875733876961505E+002  0.699916472307297E+002
  0.890961677898664E-003  0.875730060746567E+002  0.699924204292627E+002
  0.891696032832164E-003  0.875713582990448E+002  0.699957892741226E+002
  0.879222739919755E-003  0.875711631031633E+002  0.699961916742447E+002
  0.867075544159079E-003  0.875706181557322E+002  0.699973189045015E+002
  0.867861858505029E-003  0.875688052617371E+002  0.700011102481428E+002
  0.868080348440679E-003  0.875683018119427E+002  0.700021747113130E+002
  0.856145284619816E-003  0.875667925949824E+002  0.700053970151536E+002
  0.856996000686034E-003  0.875648062646232E+002  0.700097124473434E+002
  0.857173408530246E-003  0.875643922848989E+002  0.700106229267819E+002
  0.857180779741183E-003  0.875643750860937E+002  0.700106608374571E+002
  0.844473100739254E-003  0.875637120573505E+002  0.700121275412540E+002
  0.844599822828578E-003  0.875634119587868E+002  0.700127947738607E+002
  0.844623476536115E-003  0.875633559479384E+002  0.700129195426866E+002
  0.844624467909356E-003  0.875633536004483E+002  0.700129247735401E+002
  0.844997073071203E-003  0.875624714971870E+002  0.700148996834047E+002
  0.845072394521975E-003  0.875622932288915E+002  0.700153010913495E+002
  0.831906271712533E-003  0.875606396597777E+002  0.700190622349774E+002
  0.818557852441757E-003  0.875599324657099E+002  0.700206922175592E+002
  0.818655373962342E-003  0.875596942034747E+002  0.700212443553049E+002
  0.818856514234537E-003  0.875592028720232E+002  0.700223877598885E+002
  0.805597848000700E-003  0.875576624095223E+002  0.700260158420124E+002
  0.805760556512546E-003  0.875572585055567E+002  0.700269782670818E+002
  0.805933998904886E-003  0.875568280458460E+002  0.700280092187631E+002
  0.805963241771464E-003  0.875567554782757E+002  0.700281835577003E+002
  0.806013847930860E-003  0.875566299028944E+002  0.700284856151046E+002
  0.806097552794380E-003  0.875564222128711E+002  0.700289862261431E+002
  0.806200651625044E-003  0.875561664318239E+002  0.700296045423136E+002
  0.806517582075260E-003  0.875553803541379E+002  0.700315173252128E+002
  0.806684483162404E-003  0.875549665161164E+002  0.700325320770130E+002
  0.806850314644209E-003  0.875545554150169E+002  0.700335455207106E+002
  0.806852491211480E-003  0.875545500198047E+002  0.700335588571396E+002
  0.806928546805037E-003  0.875543615045307E+002  0.700340254415521E+002
  0.807277950958595E-003  0.875534956818259E+002  0.700361834219227E+002
  0.807394696655661E-003  0.875532064697743E+002  0.700369098537342E+002
  0.807499817872723E-003  0.875529460906195E+002  0.700375663085245E+002
  0.807705677648417E-003  0.875524362860717E+002  0.700388584065901E+002
  0.789541230993188E-003  0.875519486002425E+002  0.700401030229574E+002
  0.771845515488119E-003  0.875513048357673E+002  0.700417591079095E+002
  0.754377171384791E-003  0.875511096999021E+002  0.700422641047793E+002
  0.737605350748632E-003  0.875500977509566E+002  0.700449060168563E+002
  0.737628332130173E-003  0.875500354384381E+002  0.700450699847942E+002
  0.737628665500304E-003  0.875500345345410E+002  0.700450723644079E+002
  0.720639083040398E-003  0.875484436334752E+002  0.700493113349469E+002
  0.740206271982279E-002  0.825113379243474E+002  0.700610245094329E+002
  0.740342269537184E-002  0.825109704995681E+002  0.700620910446787E+002
  0.740502030491811E-002  0.825105389593846E+002  0.700633528314371E+002
