  0.976575320713896E-002  0.886379450932541E+002  0.670445614288913E+002
  0.976575320713896E-002  0.863330216208819E+002  0.674031053080037E+002
  0.976575320713896E-002  0.858662059399737E+002  0.729630545379202E+002
  0.976575320713896E-002  0.857838620915317E+002  0.674954757219931E+002
  0.976575320713896E-002  0.857390315064735E+002  0.729413264465866E+002
  0.976575320713896E-002  0.857155464259918E+002  0.675071864156265E+002
  0.976575320713896E-002  0.856378377484260E+002  0.675205689719193E+002
  0.976575320713896E-002  0.851949967999923E+002  0.675981349340036E+002
  0.976575320713896E-002  0.794249492782781E+002  0.689961049079762E+002
  0.976575320713896E-002  0.844704708336910E+002  0.677302404179311E+002
  0.976575320713896E-002  0.844596682724399E+002  0.727122182355725E+002
  0.976575320713896E-002  0.832759077051972E+002  0.679648681097851E+002
  0.976575320713896E-002  0.832531423152839E+002  0.679695768146346E+002
  0.976575320713896E-002  0.832303568565619E+002  0.679742995466668E+002
  0.976575320713896E-002  0.794313241960079E+002  0.689936822973219E+002
  0.976575320713896E-002  0.830417531466479E+002  0.724307022533012E+002
  0.976575320713896E-002  0.829640041617510E+002  0.724142204427898E+002
  0.976575320713896E-002  0.829625732645679E+002  0.724139159489693E+002
  0.976575320713896E-002  0.826983974251412E+002  0.723569554412335E+002
  0.976575320713896E-002  0.825350086383454E+002  0.681235287409114E+002
  0.976575320713896E-002  0.825170110154815E+002  0.723169489890370E+002
  0.976575320713896E-002  0.825155025631611E+002  0.681278682711747E+002
  0.976575320713896E-002  0.824939659644826E+002  0.723118113514480E+002
  0.976575320713896E-002  0.824075638816995E+002  0.722924354555103E+002
  0.976575320713896E-002  0.822872486575413E+002  0.722651483492045E+002
  0.976575320713896E-002  0.794495819837778E+002  0.689867702167233E+002
  0.976575320713896E-002  0.822577646032187E+002  0.681860756781885E+002
  0.976575320713896E-002  0.821881986855556E+002  0.722424075358530E+002
  0.976575320713896E-002  0.821035699031390E+002  0.682217084574024E+002
  0.976575320713896E-002  0.820798504487314E+002  0.722172350978863E+002
  0.976575320713896E-002  0.794761169533665E+002  0.714676884257947E+002
  0.976575320713896E-002  0.820187476844278E+002  0.722028980762361E+002
  0.976575320713896E-002  0.819791342215450E+002  0.721935475463007E+002
  0.976575320713896E-002  0.819719323970366E+002  0.721918428282844E+002
  0.976575320713896E-002  0.818851566919752E+002  0.721711852433197E+002
  0.976575320713896E-002  0.818720929438604E+002  0.682764250227888E+002
  0.976575320713896E-002  0.818495173024465E+002  0.721626373196240E+002
  0.976575320713896E-002  0.818329705383987E+002  0.682858255156286E+002
  0.976575320713896E-002  0.817986439361281E+002  0.682941114013324E+002
  0.976575320713896E-002  0.817932801038000E+002  0.721490719906018E+002
  0.976575320713896E-002  0.816805378825751E+002  0.721215849415722E+002
  0.976575320713896E-002  0.816022510577629E+002  0.683422194853922E+002
  0.976575320713896E-002  0.815880458060544E+002  0.720987343414382E+002
  0.976575320713896E-002  0.815568387025858E+002  0.720909614393210E+002
  0.976575320713896E-002  0.814759331221299E+002  0.720706576898913E+002
  0.976575320713896E-002  0.814420754578299E+002  0.720620944003749E+002
  0.976575320713896E-002  0.814122689443088E+002  0.683899587483858E+002
  0.976575320713896E-002  0.813276359280085E+002  0.720328505557514E+002
  0.976575320713896E-002  0.813267464038120E+002  0.720326213968168E+002
  0.976575320713896E-002  0.813090067733232E+002  0.684164361069353E+002
  0.976575320713896E-002  0.795169974533393E+002  0.689615761702876E+002
  0.976575320713896E-002  0.812206003324573E+002  0.720050646214790E+002
  0.976575320713896E-002  0.812187444580038E+002  0.720045790247924E+002
  0.976575320713896E-002  0.811970029592295E+002  0.719988803930394E+002
  0.976575320713896E-002  0.811902909505319E+002  0.684473639307333E+002
  0.976575320713896E-002  0.795432156383123E+002  0.714925683222698E+002
  0.976575320713896E-002  0.811103315407312E+002  0.719759790415705E+002
  0.976575320713896E-002  0.811101441526009E+002  0.719759292036542E+002
  0.976575320713896E-002  0.811002114534046E+002  0.684711958893201E+002
  0.976575320713896E-002  0.809674497908394E+002  0.719375577512759E+002
  0.976575320713896E-002  0.809451496784488E+002  0.719314832764152E+002
  0.976575320713896E-002  0.809054816750768E+002  0.685238572016685E+002
  0.976575320713896E-002  0.808746435979483E+002  0.719121340117401E+002
  0.976575320713896E-002  0.795626514032304E+002  0.714996845131847E+002
  0.976575320713896E-002  0.808362384686854E+002  0.719015005445105E+002
  0.976575320713896E-002  0.808217132925019E+002  0.718974612774598E+002
  0.976575320713896E-002  0.808178935944768E+002  0.685480839034680E+002
  0.976575320713896E-002  0.808077102613581E+002  0.685509233827787E+002
  0.976575320713896E-002  0.807696761279029E+002  0.718829097571329E+002
  0.976575320713896E-002  0.807668122710788E+002  0.685623761399858E+002
  0.976575320713896E-002  0.795854131856177E+002  0.715079684163610E+002
  0.976575320713896E-002  0.806863679795241E+002  0.685851369065496E+002
  0.976575320713896E-002  0.806521768710604E+002  0.685949072829016E+002
  0.976575320713896E-002  0.796237025378919E+002  0.715217842886974E+002
  0.976575320713896E-002  0.796335375866374E+002  0.689191719479721E+002
  0.976575320713896E-002  0.806170730466290E+002  0.718394814680463E+002
  0.976575320713896E-002  0.805759695630248E+002  0.718275832782698E+002
  0.976575320713896E-002  0.805676463122761E+002  0.686193181515929E+002
  0.976575320713896E-002  0.805616334394818E+002  0.718234126167342E+002
  0.976575320713896E-002  0.805602322988328E+002  0.718230044143331E+002
  0.976575320713896E-002  0.805286230600573E+002  0.686307136639005E+002
  0.976575320713896E-002  0.796396454426389E+002  0.689169875385909E+002
  0.976575320713896E-002  0.805260771223413E+002  0.686314599614696E+002
  0.976575320713896E-002  0.805104545490297E+002  0.686360471363930E+002
  0.976575320713896E-002  0.796434082980011E+002  0.715288377414622E+002
  0.976575320713896E-002  0.804581315976500E+002  0.686515080171087E+002
  0.976575320713896E-002  0.804522635239808E+002  0.717912298806702E+002
  0.976575320713896E-002  0.804480616923939E+002  0.717899802890810E+002
  0.976575320713896E-002  0.804391996609477E+002  0.717873415197128E+002
  0.976575320713896E-002  0.796473314960728E+002  0.689142438875215E+002
  0.976575320713896E-002  0.796656342610834E+002  0.689077334979694E+002
  0.976575320713896E-002  0.803891588629721E+002  0.686721243356076E+002
  0.976575320713896E-002  0.796837259854730E+002  0.715431516417540E+002
  0.976575320713896E-002  0.803558272625014E+002  0.717622951147651E+002
  0.976575320713896E-002  0.803547259515530E+002  0.717619615368032E+002
  0.976575320713896E-002  0.797408066723923E+002  0.688813257515511E+002
  0.976575320713896E-002  0.797873138401136E+002  0.715792360740568E+002
  0.976575320713896E-002  0.803048070436535E+002  0.717467648817456E+002
  0.976575320713896E-002  0.802996907457572E+002  0.717451987760955E+002
  0.976575320713896E-002  0.802778155664897E+002  0.687059968421145E+002
  0.976575320713896E-002  0.797968119619902E+002  0.715824968001817E+002
  0.976575320713896E-002  0.802716716455160E+002  0.717365933698540E+002
  0.976575320713896E-002  0.802348540462605E+002  0.687192705475302E+002
  0.976575320713896E-002  0.802288901180733E+002  0.717233588688213E+002
  0.976575320713896E-002  0.802288272287015E+002  0.717233393280534E+002
  0.976575320713896E-002  0.802119312551301E+002  0.687264011302017E+002
  0.976575320713896E-002  0.802016383187622E+002  0.717148673216633E+002
  0.976575320713896E-002  0.801897741573398E+002  0.687333259858171E+002
  0.976575320713896E-002  0.797990289823470E+002  0.715832567835997E+002
  0.976575320713896E-002  0.801774258248661E+002  0.717072820756713E+002
  0.976575320713896E-002  0.801755791402571E+002  0.687377793941501E+002
  0.976575320713896E-002  0.798050033946807E+002  0.715853026725804E+002
  0.976575320713896E-002  0.800750330352410E+002  0.687697145910695E+002
  0.976575320713896E-002  0.800728292696442E+002  0.687704224125171E+002
  0.976575320713896E-002  0.800640916211856E+002  0.716712491159275E+002
  0.976575320713896E-002  0.800058560613423E+002  0.687921004422269E+002
  0.976575320713896E-002  0.800038066308015E+002  0.716517123629043E+002
  0.976575320713896E-002  0.799784605123524E+002  0.716434181703738E+002
  0.976575320713896E-002  0.799701909013106E+002  0.688037798000276E+002
  0.976575320713896E-002  0.799536881415651E+002  0.716352646854322E+002
  0.976575320713896E-002  0.799532780526817E+002  0.688093520386178E+002
  0.976575320713896E-002  0.799530736958589E+002  0.688094195019841E+002
  0.976575320713896E-002  0.799496546519641E+002  0.688105486932229E+002
  0.976575320713896E-002  0.799388906691529E+002  0.688141095750364E+002
  0.976575320713896E-002  0.799210990538415E+002  0.716244662277763E+002
  0.976575320713896E-002  0.799145635084760E+002  0.688221907171300E+002
  0.976575320713896E-002  0.799132154213548E+002  0.716218414557808E+002
  0.976575320713896E-002  0.799070043333924E+002  0.716197700679153E+002
  0.976575320713896E-002  0.798973500612450E+002  0.716165442746716E+002
  0.976575320713896E-002  0.798681935774477E+002  0.716067565613989E+002
  0.976575320713896E-002  0.798457773574322E+002  0.688452971322187E+002
  0.976575320713896E-002  0.798385280184141E+002  0.688477549318785E+002
  0.976575320713896E-002  0.798057508064426E+002  0.715855584015983E+002
  0.976575320713896E-002  0.799949625555739E+002  0.714297886160055E+002
  0.976575320713896E-002  0.799843513537481E+002  0.714256830263602E+002
  0.976575320713896E-002  0.799369090826494E+002  0.714071531273287E+002
  0.976575320713896E-002  0.798822790081124E+002  0.713854502378446E+002
  0.976575320713896E-002  0.798679554211865E+002  0.713796925724240E+002
  0.976575320713896E-002  0.798403198610368E+002  0.713685021558565E+002
  0.976575320713896E-002  0.798136514040083E+002  0.713575987775785E+002
  0.976575320713896E-002  0.797822140519005E+002  0.713446096210776E+002
  0.976575320713896E-002  0.797772228071565E+002  0.713425335055771E+002
  0.976575320713896E-002  0.797040361623877E+002  0.713116371647737E+002
  0.976575320713896E-002  0.796985771405942E+002  0.713092974015091E+002
  0.976575320713896E-002  0.796815314015540E+002  0.713019588819033E+002
  0.976575320713896E-002  0.796763876585877E+002  0.712997345846069E+002
  0.976575320713896E-002  0.796412099838373E+002  0.712843979319962E+002
  0.976575320713896E-002  0.796183901422168E+002  0.712743294609452E+002
  0.976575320713896E-002  0.796114702665457E+002  0.712712572085213E+002
  0.976575320713896E-002  0.795729428109456E+002  0.712539847307924E+002
  0.976575320713896E-002  0.795097267926040E+002  0.712249996020510E+002
  0.976575320713896E-002  0.794965223890027E+002  0.712188388341108E+002
  0.976575320713896E-002  0.794930907376509E+002  0.712172314862672E+002
  0.976575320713896E-002  0.794907196576207E+002  0.712161193798474E+002
  0.976575320713896E-002  0.794802792694299E+002  0.712112076535636E+002
  0.976575320713896E-002  0.794775675259111E+002  0.712099279059291E+002
  0.976575320713896E-002  0.794614155381584E+002  0.712022707109427E+002
  0.976575320713896E-002  0.794611082003220E+002  0.712021244307624E+002
  0.976575320713896E-002  0.794512962983327E+002  0.711974428364129E+002
  0.976575320713896E-002  0.794376529065607E+002  0.711908955028687E+002
  0.976575320713896E-002  0.794331979015681E+002  0.711887479826389E+002
  0.976575320713896E-002  0.794329639265741E+002  0.711886350638781E+002
  0.976575320713896E-002  0.794171681813959E+002  0.711809811178861E+002
  0.976575320713896E-002  0.793926128838957E+002  0.711689598053746E+002
  0.976575320713896E-002  0.793801898968357E+002  0.711628194713553E+002
  0.976575320713896E-002  0.793196722359189E+002  0.711323149976507E+002
  0.976575320713896E-002  0.793102953739395E+002  0.711274965369536E+002
  0.976575320713896E-002  0.793037389283445E+002  0.711241121022158E+002
  0.976575320713896E-002  0.792923872276497E+002  0.711182221305264E+002
  0.976575320713896E-002  0.792857998327026E+002  0.711147863564804E+002
  0.976575320713896E-002  0.792851077467261E+002  0.711144246185554E+002
  0.976575320713896E-002  0.792705375006331E+002  0.711067747352495E+002
  0.976575320713896E-002  0.792677621773862E+002  0.711053100808673E+002
  0.976575320713896E-002  0.792564273008854E+002  0.710993027978009E+002
  0.976575320713896E-002  0.792546656214249E+002  0.710983654406363E+002
  0.976575320713896E-002  0.792470200612750E+002  0.710942857040457E+002
  0.976575320713896E-002  0.792324579125898E+002  0.710864619434603E+002
  0.976575320713896E-002  0.792009240410809E+002  0.710692721938169E+002
  0.976575320713896E-002  0.791826971786088E+002  0.710591753655298E+002
  0.976575320713896E-002  0.791721610275703E+002  0.710532828819219E+002
  0.976575320713896E-002  0.791341718089424E+002  0.710316808190888E+002
  0.976575320713896E-002  0.791335259265125E+002  0.710313085602325E+002
  0.976575320713896E-002  0.791235608017825E+002  0.710255432280079E+002
  0.976575320713896E-002  0.791033402055004E+002  0.710137155277310E+002
  0.976575320713896E-002  0.790929930292527E+002  0.710075942252714E+002
  0.976575320713896E-002  0.790864307068174E+002  0.710036871622318E+002
  0.976575320713896E-002  0.790824810005676E+002  0.710013261482661E+002
  0.976575320713896E-002  0.790593935000229E+002  0.709873793990469E+002
  0.976575320713896E-002  0.790292731542600E+002  0.709687926498606E+002
  0.976575320713896E-002  0.790282367535354E+002  0.709681448623792E+002
  0.976575320713896E-002  0.790124423700388E+002  0.709582022561592E+002
  0.976575320713896E-002  0.790036357831847E+002  0.709525997143369E+002
  0.976575320713896E-002  0.790010070992302E+002  0.709509190601220E+002
  0.976575320713896E-002  0.789999825099567E+002  0.709502629361301E+002
  0.976575320713896E-002  0.789897773030454E+002  0.709436951805440E+002
  0.976575320713896E-002  0.789510240654603E+002  0.709181904537170E+002
  0.976575320713896E-002  0.789450615197378E+002  0.709141828710982E+002
  0.976575320713896E-002  0.789389853816643E+002  0.709100749193325E+002
  0.976575320713896E-002  0.789329806364938E+002  0.709059909880929E+002
  0.976575320713896E-002  0.789326073157319E+002  0.709057362804749E+002
  0.976575320713896E-002  0.789229545104093E+002  0.708991171297526E+002
  0.976575320713896E-002  0.789190055093693E+002  0.708963904766699E+002
  0.976575320713896E-002  0.789129989708407E+002  0.708922218875397E+002
  0.976575320713896E-002  0.789041906223602E+002  0.708860614785612E+002
  0.976575320713896E-002  0.788935156123386E+002  0.708785180551636E+002
  0.976575320713896E-002  0.788826425267934E+002  0.708707444666070E+002
  0.976575320713896E-002  0.788770133386380E+002  0.708666831043297E+002
  0.976575320713896E-002  0.788706887514396E+002  0.708620892717512E+002
  0.976575320713896E-002  0.788659311592286E+002  0.708586117632365E+002
  0.976575320713896E-002  0.788556218457159E+002  0.708510102974939E+002
  0.976575320713896E-002  0.788545061026134E+002  0.708501820975337E+002
  0.976575320713896E-002  0.788397295428522E+002  0.708391088030548E+002
  0.976575320713896E-002  0.788354843186181E+002  0.708358905581781E+002
  0.976575320713896E-002  0.788330091991816E+002  0.708340063920922E+002
  0.976575320713896E-002  0.788176623976704E+002  0.708221916783904E+002
  0.976575320713896E-002  0.788163051181300E+002  0.708211355605694E+002
  0.976575320713896E-002  0.788151151010856E+002  0.708202080573350E+002
  0.976575320713896E-002  0.788141683847797E+002  0.708194691547207E+002
  0.976575320713896E-002  0.788087096609991E+002  0.708151907148001E+002
  0.976575320713896E-002  0.788001356416012E+002  0.708084075240737E+002
  0.976575320713896E-002  0.787952805086896E+002  0.708045314274746E+002
  0.976575320713896E-002  0.787841743583675E+002  0.707955663038091E+002
  0.976575320713896E-002  0.787801009413125E+002  0.707922428124535E+002
  0.976575320713896E-002  0.787785304084187E+002  0.707909562306790E+002
  0.976575320713896E-002  0.787769021796355E+002  0.707896193042226E+002
  0.976575320713896E-002  0.787673509576778E+002  0.707817125349316E+002
  0.976575320713896E-002  0.787542404556528E+002  0.707706736991709E+002
  0.976575320713896E-002  0.787474407532554E+002  0.707648600243870E+002
  0.976575320713896E-002  0.787403642920659E+002  0.707587428310267E+002
  0.976575320713896E-002  0.787396577500484E+002  0.707581282321225E+002
  0.976575320713896E-002  0.787377559206034E+002  0.707564703768094E+002
  0.976575320713896E-002  0.787288671234702E+002  0.707486526455900E+002
  0.976575320713896E-002  0.787277258431935E+002  0.707476404586743E+002
  0.976575320713896E-002  0.787235794813940E+002  0.707439465759401E+002
  0.976575320713896E-002  0.787226014955048E+002  0.707430714961497E+002
  0.976575320713896E-002  0.787219790542276E+002  0.707425137832027E+002
  0.976575320713896E-002  0.787178985499678E+002  0.707388427035995E+002
  0.976575320713896E-002  0.787056453024068E+002  0.707276586760646E+002
  0.976575320713896E-002  0.787053985906033E+002  0.707274309495995E+002
  0.976575320713896E-002  0.787012578951015E+002  0.707235934586569E+002
  0.976575320713896E-002  0.787003958541538E+002  0.707227908410780E+002
  0.976575320713896E-002  0.786869214167707E+002  0.707100736339279E+002
  0.976575320713896E-002  0.786812903138390E+002  0.707046596698862E+002
  0.976575320713896E-002  0.786808833361236E+002  0.707042660292875E+002
  0.976575320713896E-002  0.786770841909783E+002  0.707005757600633E+002
  0.976575320713896E-002  0.786749612157233E+002  0.706985011716921E+002
  0.976575320713896E-002  0.786716723513013E+002  0.706952693016201E+002
  0.976575320713896E-002  0.786695373399647E+002  0.706931594163869E+002
  0.976575320713896E-002  0.786681770956318E+002  0.706918102362030E+002
  0.976575320713896E-002  0.786670156283846E+002  0.706906551405439E+002
  0.976575320713896E-002  0.786646344164523E+002  0.706882780399636E+002
  0.976575320713896E-002  0.786639163467114E+002  0.706875588269090E+002
  0.976575320713896E-002  0.786629324892973E+002  0.706865715941681E+002
  0.976575320713896E-002  0.786626615622389E+002  0.706862993688362E+002
  0.976575320713896E-002  0.786619803260763E+002  0.706856141615699E+002
  0.976575320713896E-002  0.786609990776850E+002  0.706846254085846E+002
  0.976575320713896E-002  0.798962892656928E+002  0.701394191761598E+002
  0.976575320713896E-002  0.798946920719290E+002  0.701489639598110E+002
  0.976575320713896E-002  0.798945192706403E+002  0.701500722517753E+002
  0.976575320713896E-002  0.798944461329600E+002  0.701505464934097E+002
  0.976575320713896E-002  0.798938453651492E+002  0.701545676642089E+002
  0.976575320713896E-002  0.798938003704762E+002  0.701548784925037E+002
  0.976575320713896E-002  0.798937735875191E+002  0.701550641950400E+002
  0.976575320713896E-002  0.798935863226207E+002  0.701563772437847E+002
  0.976575320713896E-002  0.798930447925498E+002  0.701603308088504E+002
  0.976575320713896E-002  0.798929603335189E+002  0.701609704138656E+002
  0.976575320713896E-002  0.798928562978150E+002  0.701617675702335E+002
  0.976575320713896E-002  0.798922879624595E+002  0.701663225978000E+002
  0.976575320713896E-002  0.798921151955778E+002  0.701677827299704E+002
  0.976575320713896E-002  0.798920409258700E+002  0.701684225912201E+002
  0.976575320713896E-002  0.798916631332437E+002  0.701718029245083E+002
  0.976575320713896E-002  0.798915721547265E+002  0.701726513775576E+002
  0.976575320713896E-002  0.798913465077708E+002  0.701748212035006E+002
  0.976575320713896E-002  0.798912886389771E+002  0.701753938603290E+002
  0.976575320713896E-002  0.798909176947472E+002  0.701792454075109E+002
  0.976575320713896E-002  0.798906074628111E+002  0.701827540093089E+002
  0.976575320713896E-002  0.798903465248836E+002  0.701859669399767E+002
  0.976575320713896E-002  0.798903159244779E+002  0.702581187858383E+002
  0.976575320713896E-002  0.798902288097079E+002  0.702569678233036E+002
  0.976575320713896E-002  0.798899906610436E+002  0.701908747634949E+002
  0.976575320713896E-002  0.798899049463879E+002  0.702523049838522E+002
  0.976575320713896E-002  0.798895694234023E+002  0.701979327797932E+002
  0.976575320713896E-002  0.799495779263507E+002  0.702023750099156E+002
  0.976575320713896E-002  0.799495383177291E+002  0.702411535363061E+002
  0.976575320713896E-002  0.799494419346611E+002  0.702058764950103E+002
  0.976575320713896E-002  0.799494225946320E+002  0.702380440088923E+002
  0.976575320713896E-002  0.799493129966257E+002  0.702100953859539E+002
  0.976575320713896E-002  0.799493054300486E+002  0.702103895293539E+002
  0.976575320713896E-002  0.799492900550173E+002  0.702334704258062E+002
  0.976575320713896E-002  0.799492827621001E+002  0.702331633206897E+002
  0.976575320713896E-002  0.799492447491320E+002  0.702130840287377E+002
