  0.704929907270351E+002 -0.424602408002840E+002
  0.704491990624043E+002 -0.424423739990268E+002
  0.705160126597009E+002 -0.424707368376708E+002
  0.705345574330362E+002 -0.424797445282517E+002
  0.704542814374329E+002 -0.424443064851597E+002
  0.705410856392028E+002 -0.424830328456043E+002
  0.704519582044349E+002 -0.424434185181752E+002
  0.704445018825962E+002 -0.424406209226638E+002
  0.705484196229475E+002 -0.424867999554725E+002
  0.704755727164179E+002 -0.424528048623364E+002
  0.705442389687444E+002 -0.424846431023112E+002
  0.704475013434914E+002 -0.424417367260182E+002
  0.705278879472678E+002 -0.424764481769759E+002
  0.704400284230049E+002 -0.424389807659862E+002
  0.705025939968971E+002 -0.424645266505851E+002
  0.704546339887661E+002 -0.424444419110057E+002
  0.704790151408500E+002 -0.424542399659413E+002
  0.704565802434236E+002 -0.424451927363071E+002
  0.704725327194688E+002 -0.424515516593852E+002
  0.704643388971686E+002 -0.424482398700689E+002
  0.705468516657876E+002 -0.424859880881391E+002
  0.705104600749555E+002 -0.424681357635427E+002
