  0.154749591080613E-001  0.891730849645869E+002  0.670445614288913E+002
  0.154749591080613E-001  0.868681614922147E+002  0.674031053080037E+002
  0.154749591080613E-001  0.864013458113065E+002  0.729630545379202E+002
  0.154749591080613E-001  0.863190019628645E+002  0.674954757219931E+002
  0.154749591080613E-001  0.862741713778063E+002  0.729413264465866E+002
  0.154749591080613E-001  0.862506862973246E+002  0.675071864156265E+002
  0.154749591080613E-001  0.799600891496109E+002  0.689961049079762E+002
  0.154749591080613E-001  0.857301366713251E+002  0.675981349340036E+002
  0.154749591080613E-001  0.850180456557869E+002  0.677279140963275E+002
  0.154749591080613E-001  0.850056107050237E+002  0.677302404179311E+002
  0.154749591080613E-001  0.849948081437727E+002  0.727122182355725E+002
  0.154749591080613E-001  0.838110475765300E+002  0.679648681097851E+002
  0.154749591080613E-001  0.837882821866167E+002  0.679695768146346E+002
  0.154749591080613E-001  0.837654967278947E+002  0.679742995466668E+002
  0.154749591080613E-001  0.837257980532316E+002  0.679825516636752E+002
  0.154749591080613E-001  0.835768930179807E+002  0.724307022533012E+002
  0.154749591080613E-001  0.834991440330838E+002  0.724142204427898E+002
  0.154749591080613E-001  0.834977131359007E+002  0.724139159489693E+002
  0.154749591080613E-001  0.832335372964740E+002  0.723569554412335E+002
  0.154749591080613E-001  0.830701485096782E+002  0.681235287409114E+002
  0.154749591080613E-001  0.830521508868143E+002  0.723169489890370E+002
  0.154749591080613E-001  0.830506424344939E+002  0.681278682711747E+002
  0.154749591080613E-001  0.830291058358154E+002  0.723118113514480E+002
  0.154749591080613E-001  0.829427037530322E+002  0.722924354555103E+002
  0.154749591080613E-001  0.828223885288741E+002  0.722651483492045E+002
  0.154749591080613E-001  0.828192145603207E+002  0.681800577857578E+002
  0.154749591080613E-001  0.827929044745515E+002  0.681860756781885E+002
  0.154749591080613E-001  0.827233385568884E+002  0.722424075358530E+002
  0.154749591080613E-001  0.826387097744718E+002  0.682217084574024E+002
  0.154749591080613E-001  0.826149903200642E+002  0.722172350978863E+002
  0.154749591080613E-001  0.826042605407879E+002  0.682297564003113E+002
  0.154749591080613E-001  0.825538875557606E+002  0.722028980762361E+002
  0.154749591080613E-001  0.825142740928778E+002  0.721935475463007E+002
  0.154749591080613E-001  0.825070722683694E+002  0.721918428282844E+002
  0.154749591080613E-001  0.824202965633080E+002  0.721711852433197E+002
  0.154749591080613E-001  0.824072328151931E+002  0.682764250227888E+002
  0.154749591080613E-001  0.823846571737793E+002  0.721626373196240E+002
  0.154749591080613E-001  0.823681104097315E+002  0.682858255156286E+002
  0.154749591080613E-001  0.823337838074609E+002  0.682941114013324E+002
  0.154749591080613E-001  0.823284199751328E+002  0.721490719906018E+002
  0.154749591080613E-001  0.822156777539079E+002  0.721215849415722E+002
  0.154749591080613E-001  0.821373909290957E+002  0.683422194853922E+002
  0.154749591080613E-001  0.821231856773871E+002  0.720987343414382E+002
  0.154749591080613E-001  0.820919785739186E+002  0.720909614393210E+002
  0.154749591080613E-001  0.820110729934627E+002  0.720706576898913E+002
  0.154749591080613E-001  0.819772153291627E+002  0.720620944003749E+002
  0.154749591080613E-001  0.819474088156416E+002  0.683899587483858E+002
  0.154749591080613E-001  0.818627757993413E+002  0.720328505557514E+002
  0.154749591080613E-001  0.818618862751447E+002  0.720326213968168E+002
  0.154749591080613E-001  0.818441466446560E+002  0.684164361069353E+002
  0.154749591080613E-001  0.818336971548411E+002  0.684191371137861E+002
  0.154749591080613E-001  0.817557402037901E+002  0.720050646214790E+002
  0.154749591080613E-001  0.817538843293366E+002  0.720045790247924E+002
  0.154749591080613E-001  0.817321428305623E+002  0.719988803930394E+002
  0.154749591080613E-001  0.817254308218647E+002  0.684473639307333E+002
  0.154749591080613E-001  0.817110955743329E+002  0.684511350915681E+002
  0.154749591080613E-001  0.816454714120640E+002  0.719759790415705E+002
  0.154749591080613E-001  0.816452840239336E+002  0.719759292036542E+002
  0.154749591080613E-001  0.816353513247373E+002  0.684711958893201E+002
  0.154749591080613E-001  0.815025896621721E+002  0.719375577512759E+002
  0.154749591080613E-001  0.814802895497816E+002  0.719314832764152E+002
  0.154749591080613E-001  0.814406215464096E+002  0.685238572016685E+002
  0.154749591080613E-001  0.814097834692811E+002  0.719121340117401E+002
  0.154749591080613E-001  0.813872049164878E+002  0.685385906704665E+002
  0.154749591080613E-001  0.813713783400182E+002  0.719015005445105E+002
  0.154749591080613E-001  0.799664640673407E+002  0.689936822973219E+002
  0.154749591080613E-001  0.813530334658095E+002  0.685480839034680E+002
  0.154749591080613E-001  0.813428501326908E+002  0.685509233827787E+002
  0.154749591080613E-001  0.813048159992357E+002  0.718829097571329E+002
  0.154749591080613E-001  0.813019521424116E+002  0.685623761399858E+002
  0.154749591080613E-001  0.812908393158900E+002  0.685655017688802E+002
  0.154749591080613E-001  0.812215078508569E+002  0.685851369065496E+002
  0.154749591080613E-001  0.811873167423932E+002  0.685949072829016E+002
  0.154749591080613E-001  0.799760287716865E+002  0.714544249219927E+002
  0.154749591080613E-001  0.799847218551106E+002  0.689867702167233E+002
  0.154749591080613E-001  0.811522129179617E+002  0.718394814680463E+002
  0.154749591080613E-001  0.811111094343576E+002  0.718275832782698E+002
  0.154749591080613E-001  0.811027861836089E+002  0.686193181515929E+002
  0.154749591080613E-001  0.810967733108145E+002  0.718234126167342E+002
  0.154749591080613E-001  0.810953721701656E+002  0.718230044143331E+002
  0.154749591080613E-001  0.800112568246993E+002  0.714676884257947E+002
  0.154749591080613E-001  0.810637411895688E+002  0.718137613173762E+002
  0.154749591080613E-001  0.810612169936741E+002  0.686314599614696E+002
  0.154749591080613E-001  0.810455944203625E+002  0.686360471363930E+002
  0.154749591080613E-001  0.810003557508085E+002  0.686494057908373E+002
  0.154749591080613E-001  0.809932714689828E+002  0.686515080171087E+002
  0.154749591080613E-001  0.809874033953136E+002  0.717912298806702E+002
  0.154749591080613E-001  0.809832015637267E+002  0.717899802890810E+002
  0.154749591080613E-001  0.809743395322805E+002  0.717873415197128E+002
  0.154749591080613E-001  0.809479330064736E+002  0.717794521674547E+002
  0.154749591080613E-001  0.809413612862423E+002  0.717774825465739E+002
  0.154749591080613E-001  0.800521373246721E+002  0.689615761702876E+002
  0.154749591080613E-001  0.809140415342869E+002  0.686752137342580E+002
  0.154749591080613E-001  0.808909671338342E+002  0.717622951147651E+002
  0.154749591080613E-001  0.808898658228858E+002  0.717619615368032E+002
  0.154749591080613E-001  0.808875226597051E+002  0.686832297815077E+002
  0.154749591080613E-001  0.808593342151421E+002  0.717526848182000E+002
  0.154749591080613E-001  0.808399469149863E+002  0.717467648817456E+002
  0.154749591080613E-001  0.808348306170900E+002  0.717451987760955E+002
  0.154749591080613E-001  0.800783555096451E+002  0.714925683222698E+002
  0.154749591080613E-001  0.808121546500884E+002  0.687062431963748E+002
  0.154749591080613E-001  0.808068115168487E+002  0.717365933698540E+002
  0.154749591080613E-001  0.807699939175932E+002  0.687192705475302E+002
  0.154749591080613E-001  0.807640299894061E+002  0.717233588688213E+002
  0.154749591080613E-001  0.807639671000343E+002  0.717233393280534E+002
  0.154749591080613E-001  0.800977912745632E+002  0.714996845131847E+002
  0.154749591080613E-001  0.807367781900950E+002  0.717148673216633E+002
  0.154749591080613E-001  0.807249140286725E+002  0.687333259858171E+002
  0.154749591080613E-001  0.807186211489566E+002  0.687352986076394E+002
  0.154749591080613E-001  0.807125656961989E+002  0.717072820756713E+002
  0.154749591080613E-001  0.807107190115899E+002  0.687377793941501E+002
  0.154749591080613E-001  0.806298967666962E+002  0.716810865228822E+002
  0.154749591080613E-001  0.806101729065738E+002  0.687697145910695E+002
  0.154749591080613E-001  0.806079691409770E+002  0.687704224125171E+002
  0.154749591080613E-001  0.805992314925184E+002  0.716712491159275E+002
  0.154749591080613E-001  0.805409959326751E+002  0.687921004422269E+002
  0.154749591080613E-001  0.805389465021343E+002  0.716517123629043E+002
  0.154749591080613E-001  0.805136003836851E+002  0.716434181703738E+002
  0.154749591080613E-001  0.805053307726434E+002  0.688037798000276E+002
  0.154749591080613E-001  0.804888280128978E+002  0.716352646854322E+002
  0.154749591080613E-001  0.804884179240145E+002  0.688093520386178E+002
  0.154749591080613E-001  0.804882135671917E+002  0.688094195019841E+002
  0.154749591080613E-001  0.804847945232968E+002  0.688105486932229E+002
  0.154749591080613E-001  0.804740305404856E+002  0.688141095750364E+002
  0.154749591080613E-001  0.804562389251743E+002  0.716244662277763E+002
  0.154749591080613E-001  0.804497033798088E+002  0.688221907171300E+002
  0.154749591080613E-001  0.804483552926876E+002  0.716218414557808E+002
  0.154749591080613E-001  0.804421442047252E+002  0.716197700679153E+002
  0.154749591080613E-001  0.804324899325778E+002  0.716165442746716E+002
  0.154749591080613E-001  0.804033334487805E+002  0.716067565613989E+002
  0.154749591080613E-001  0.801205530569505E+002  0.715079684163610E+002
  0.154749591080613E-001  0.803736678897469E+002  0.688477549318785E+002
  0.154749591080613E-001  0.803408906777754E+002  0.715855584015983E+002
  0.154749591080613E-001  0.803401432660135E+002  0.715853026725804E+002
  0.154749591080613E-001  0.803341688536798E+002  0.715832567835997E+002
  0.154749591080613E-001  0.803319518333230E+002  0.715824968001817E+002
  0.154749591080613E-001  0.803224537114464E+002  0.715792360740568E+002
  0.154749591080613E-001  0.802782574224422E+002  0.715639591687692E+002
  0.154749591080613E-001  0.802759465437251E+002  0.688813257515511E+002
  0.154749591080613E-001  0.802188658568058E+002  0.715431516417540E+002
  0.154749591080613E-001  0.802007741324161E+002  0.689077334979694E+002
  0.154749591080613E-001  0.801824713674056E+002  0.689142438875215E+002
  0.154749591080613E-001  0.801785481693339E+002  0.715288377414622E+002
  0.154749591080613E-001  0.801747853139717E+002  0.689169875385909E+002
  0.154749591080613E-001  0.801686774579701E+002  0.689191719479721E+002
  0.154749591080613E-001  0.801588424092247E+002  0.715217842886974E+002
  0.154749591080613E-001  0.807122414586590E+002  0.690043717090292E+002
  0.154749591080613E-001  0.806906536752286E+002  0.690126676493126E+002
  0.154749591080613E-001  0.806906128224741E+002  0.690126834025025E+002
  0.154749591080613E-001  0.806844841618887E+002  0.690150489978463E+002
  0.154749591080613E-001  0.806777990058571E+002  0.690176346917035E+002
  0.154749591080613E-001  0.806693179103859E+002  0.690209230303749E+002
  0.154749591080613E-001  0.806669751565228E+002  0.690218329640644E+002
  0.154749591080613E-001  0.806332504092483E+002  0.690350090495436E+002
  0.154749591080613E-001  0.805537172087859E+002  0.690666770431025E+002
  0.154749591080613E-001  0.805214666602389E+002  0.690797684623887E+002
  0.154749591080613E-001  0.804620641911100E+002  0.691042827817418E+002
  0.154749591080613E-001  0.804607983164700E+002  0.691048110375739E+002
  0.154749591080613E-001  0.804593679073631E+002  0.691054082551509E+002
  0.154749591080613E-001  0.804370353673519E+002  0.691147741957460E+002
  0.154749591080613E-001  0.804269984727295E+002  0.691190094201205E+002
  0.154749591080613E-001  0.803781741572259E+002  0.691398479531210E+002
  0.154749591080613E-001  0.803716368318371E+002  0.691426686597618E+002
  0.154749591080613E-001  0.803642162846742E+002  0.691458794138105E+002
  0.154749591080613E-001  0.803590610504328E+002  0.691481156524717E+002
  0.154749591080613E-001  0.803471798826151E+002  0.691532872830326E+002
  0.154749591080613E-001  0.803381746508587E+002  0.691572238075142E+002
  0.154749591080613E-001  0.803360172088360E+002  0.691581690687535E+002
  0.154749591080613E-001  0.803349694676273E+002  0.691586284289415E+002
  0.154749591080613E-001  0.803059852679537E+002  0.691714155540031E+002
  0.154749591080613E-001  0.802924744781774E+002  0.691774296628444E+002
  0.154749591080613E-001  0.802915768989675E+002  0.691778304324473E+002
  0.154749591080613E-001  0.802472908116983E+002  0.691977988801454E+002
  0.154749591080613E-001  0.802350222218591E+002  0.692033999715158E+002
  0.154749591080613E-001  0.802313621380451E+002  0.692050769161726E+002
  0.154749591080613E-001  0.802287016015892E+002  0.692062976344478E+002
  0.154749591080613E-001  0.802118280667967E+002  0.692140740319788E+002
  0.154749591080613E-001  0.802056168588975E+002  0.692169516982704E+002
  0.154749591080613E-001  0.801993639937332E+002  0.692198570089968E+002
  0.154749591080613E-001  0.801943185977198E+002  0.692222074382415E+002
  0.154749591080613E-001  0.801820526228714E+002  0.692279447924694E+002
  0.154749591080613E-001  0.801542679644109E+002  0.692410650000553E+002
  0.154749591080613E-001  0.801505032532385E+002  0.692428562571746E+002
  0.154749591080613E-001  0.801496177964168E+002  0.692432780353981E+002
  0.154749591080613E-001  0.801347919025306E+002  0.692503673878374E+002
  0.154749591080613E-001  0.800947064792021E+002  0.692697993574815E+002
  0.154749591080613E-001  0.800852715616057E+002  0.692744309843510E+002
  0.154749591080613E-001  0.800559207211320E+002  0.692889863591672E+002
  0.154749591080613E-001  0.800399267348721E+002  0.692970143172146E+002
  0.154749591080613E-001  0.800369544613427E+002  0.692985138960245E+002
  0.154749591080613E-001  0.800213660745396E+002  0.693064187948980E+002
  0.154749591080613E-001  0.800179113025742E+002  0.693081799702050E+002
  0.154749591080613E-001  0.799886395995407E+002  0.693232405621918E+002
  0.154749591080613E-001  0.799860806080360E+002  0.693245691998845E+002
  0.154749591080613E-001  0.799659214653039E+002  0.693351054799068E+002
  0.154749591080613E-001  0.799655880469159E+002  0.693352807949093E+002
  0.154749591080613E-001  0.799259697287713E+002  0.693563651992100E+002
  0.154749591080613E-001  0.799195206657648E+002  0.693598460983550E+002
  0.154749591080613E-001  0.799043331913753E+002  0.693680996174409E+002
  0.154749591080613E-001  0.799000746381607E+002  0.693704282518959E+002
  0.154749591080613E-001  0.798913834540693E+002  0.693752005734016E+002
  0.154749591080613E-001  0.798804237197743E+002  0.693812571600076E+002
  0.154749591080613E-001  0.798666428698406E+002  0.693889352290761E+002
  0.154749591080613E-001  0.798624443737560E+002  0.693912885417509E+002
  0.154749591080613E-001  0.798579006683710E+002  0.693938428811850E+002
  0.154749591080613E-001  0.798471041820218E+002  0.693999441788825E+002
  0.154749591080613E-001  0.798416857538257E+002  0.694030233597971E+002
  0.154749591080613E-001  0.798345202395508E+002  0.694071132355701E+002
  0.154749591080613E-001  0.798332504765535E+002  0.694078401231810E+002
  0.154749591080613E-001  0.798237211441977E+002  0.694133161226082E+002
  0.154749591080613E-001  0.798220673858181E+002  0.694142702286915E+002
  0.154749591080613E-001  0.798197076625982E+002  0.694156335825272E+002
  0.154749591080613E-001  0.798161727472736E+002  0.694176802379909E+002
  0.154749591080613E-001  0.797963410313868E+002  0.694292604039453E+002
  0.154749591080613E-001  0.797906324497729E+002  0.694326252458019E+002
  0.154749591080613E-001  0.797796393369006E+002  0.694391457075900E+002
  0.154749591080613E-001  0.797792655751634E+002  0.694393683554776E+002
  0.154749591080613E-001  0.797752397056030E+002  0.694417705712331E+002
  0.154749591080613E-001  0.797717217381726E+002  0.694438757941801E+002
  0.154749591080613E-001  0.797677045682182E+002  0.694462867348593E+002
  0.154749591080613E-001  0.797507195689259E+002  0.694565643352103E+002
  0.154749591080613E-001  0.797456024372407E+002  0.694596878569757E+002
  0.154749591080613E-001  0.797430373898178E+002  0.694612583982739E+002
  0.154749591080613E-001  0.797422593443101E+002  0.694617354253475E+002
  0.154749591080613E-001  0.797345101123363E+002  0.694665029867527E+002
  0.154749591080613E-001  0.797321945854244E+002  0.694679334160059E+002
  0.154749591080613E-001  0.797114004736963E+002  0.694809027664595E+002
  0.154749591080613E-001  0.797076778257812E+002  0.694832486143933E+002
  0.154749591080613E-001  0.796967222217868E+002  0.694901959650822E+002
  0.154749591080613E-001  0.796841593867593E+002  0.694982445685601E+002
  0.154749591080613E-001  0.796816065156483E+002  0.694998910741235E+002
  0.154749591080613E-001  0.796707940483693E+002  0.695069067243215E+002
  0.154749591080613E-001  0.796497843555107E+002  0.695207394189053E+002
  0.154749591080613E-001  0.796487375983882E+002  0.695214357399131E+002
  0.154749591080613E-001  0.796485424984888E+002  0.695215656002612E+002
  0.154749591080613E-001  0.796448007814074E+002  0.695240607963798E+002
  0.154749591080613E-001  0.796386567730357E+002  0.695281774387972E+002
  0.154749591080613E-001  0.796253364359428E+002  0.695371873532494E+002
  0.154749591080613E-001  0.796134206989443E+002  0.695453488103956E+002
  0.154749591080613E-001  0.796117138720357E+002  0.695465259403293E+002
  0.154749591080613E-001  0.796116937452653E+002  0.695465398331873E+002
  0.154749591080613E-001  0.796003500222831E+002  0.695544160221127E+002
  0.154749591080613E-001  0.795962903234654E+002  0.695572574241028E+002
  0.154749591080613E-001  0.795848867567632E+002  0.695653045754967E+002
  0.154749591080613E-001  0.795795578095802E+002  0.695690990424569E+002
  0.154749591080613E-001  0.795648802542395E+002  0.695796660064748E+002
  0.154749591080613E-001  0.795473328018984E+002  0.695925318002670E+002
  0.154749591080613E-001  0.795372008312389E+002  0.696000817118574E+002
  0.154749591080613E-001  0.795350900492936E+002  0.696016661372333E+002
  0.154749591080613E-001  0.795333374156327E+002  0.696029848046928E+002
  0.154749591080613E-001  0.795298883040863E+002  0.696055881236021E+002
  0.154749591080613E-001  0.795272321741301E+002  0.696076004313821E+002
  0.154749591080613E-001  0.795256187190327E+002  0.696088260222802E+002
  0.154749591080613E-001  0.795163682324874E+002  0.696159005667099E+002
  0.154749591080613E-001  0.795099858699213E+002  0.696208301547134E+002
  0.154749591080613E-001  0.795042802174416E+002  0.696252715283355E+002
  0.154749591080613E-001  0.795035263403657E+002  0.696258608324758E+002
  0.154749591080613E-001  0.794941038224040E+002  0.696332761346369E+002
  0.154749591080613E-001  0.794894692614309E+002  0.696369578943961E+002
  0.154749591080613E-001  0.794881375657808E+002  0.696380201032928E+002
  0.154749591080613E-001  0.794877384196635E+002  0.696383388531390E+002
  0.154749591080613E-001  0.794760882730471E+002  0.696477203244332E+002
  0.154749591080613E-001  0.794644579487777E+002  0.696572411883582E+002
  0.154749591080613E-001  0.794590447495760E+002  0.696617277137602E+002
  0.154749591080613E-001  0.794555277212234E+002  0.696646620163802E+002
  0.154749591080613E-001  0.794499213105978E+002  0.696693717164561E+002
  0.154749591080613E-001  0.794322282740679E+002  0.696845052929667E+002
  0.154749591080613E-001  0.794298573134951E+002  0.696865657568104E+002
  0.154749591080613E-001  0.794295975604424E+002  0.696867919749826E+002
  0.154749591080613E-001  0.794275560319968E+002  0.696885732746634E+002
  0.154749591080613E-001  0.794255638000195E+002  0.696903173124248E+002
  0.154749591080613E-001  0.794171550902201E+002  0.696977423469801E+002
  0.154749591080613E-001  0.794146899900828E+002  0.696999390801525E+002
  0.154749591080613E-001  0.794026960830179E+002  0.697107618595315E+002
  0.154749591080613E-001  0.793974128073428E+002  0.697156026028578E+002
  0.154749591080613E-001  0.793944160099531E+002  0.697183690560292E+002
  0.154749591080613E-001  0.793923627271688E+002  0.697202733181553E+002
  0.154749591080613E-001  0.793915327588216E+002  0.697210451034147E+002
  0.154749591080613E-001  0.793777966298644E+002  0.697339954372811E+002
  0.154749591080613E-001  0.793772529380061E+002  0.697345151010328E+002
  0.154749591080613E-001  0.793771532081080E+002  0.697346104835422E+002
  0.154749591080613E-001  0.793761114460196E+002  0.697356079511501E+002
  0.154749591080613E-001  0.793753203009687E+002  0.697363668257109E+002
  0.154749591080613E-001  0.793711575188386E+002  0.697403794975621E+002
  0.154749591080613E-001  0.793647302670899E+002  0.697466414666724E+002
  0.154749591080613E-001  0.793624452993590E+002  0.697488876341561E+002
  0.154749591080613E-001  0.793611149292433E+002  0.697502003367653E+002
  0.154749591080613E-001  0.793585099442254E+002  0.697527813574706E+002
  0.154749591080613E-001  0.793544416167269E+002  0.697568408913477E+002
  0.154749591080613E-001  0.793522458316802E+002  0.697590467134976E+002
  0.154749591080613E-001  0.796968550027433E+002  0.699205677293243E+002
  0.154749591080613E-001  0.796966507177405E+002  0.699208837416899E+002
  0.154749591080613E-001  0.796922871548382E+002  0.699277147811593E+002
  0.154749591080613E-001  0.796865839301166E+002  0.699368894615438E+002
  0.154749591080613E-001  0.796821275031168E+002  0.699442691140211E+002
  0.154749591080613E-001  0.796819972237140E+002  0.699444878008813E+002
  0.154749591080613E-001  0.796753984018216E+002  0.699557992658414E+002
  0.154749591080613E-001  0.796739071908592E+002  0.699584226209526E+002
  0.154749591080613E-001  0.796691525268795E+002  0.699669670327583E+002
  0.154749591080613E-001  0.796662419621071E+002  0.699723416037928E+002
  0.154749591080613E-001  0.796597534025925E+002  0.699847606375036E+002
  0.154749591080613E-001  0.796575975500499E+002  0.699890332434325E+002
  0.154749591080613E-001  0.796573809362807E+002  0.699894668781649E+002
  0.154749591080613E-001  0.796512120092486E+002  0.700021747113130E+002
  0.154749591080613E-001  0.796477164619291E+002  0.700097124473434E+002
  0.154749591080613E-001  0.796473024822048E+002  0.700106229267819E+002
  0.154749591080613E-001  0.796472852833996E+002  0.700106608374571E+002
  0.154749591080613E-001  0.796466222546564E+002  0.700121275412540E+002
  0.154749591080613E-001  0.796462661452443E+002  0.700129195426866E+002
  0.154749591080613E-001  0.796428426630158E+002  0.700206922175592E+002
  0.154749591080613E-001  0.796426044007806E+002  0.700212443553049E+002
  0.154749591080613E-001  0.796421130693292E+002  0.700223877598885E+002
  0.154749591080613E-001  0.796405726068282E+002  0.700260158420124E+002
  0.154749591080613E-001  0.796401687028626E+002  0.700269782670818E+002
  0.154749591080613E-001  0.796397382431519E+002  0.700280092187631E+002
  0.154749591080613E-001  0.796396656755816E+002  0.700281835577003E+002
  0.154749591080613E-001  0.796395401002003E+002  0.700284856151046E+002
  0.154749591080613E-001  0.796393324101770E+002  0.700289862261431E+002
  0.154749591080613E-001  0.796390766291298E+002  0.700296045423136E+002
  0.154749591080613E-001  0.796374656123228E+002  0.700335455207106E+002
  0.154749591080613E-001  0.796372717018366E+002  0.700340254415521E+002
  0.154749591080613E-001  0.796364058791318E+002  0.700361834219227E+002
  0.154749591080613E-001  0.796361166670802E+002  0.700369098537342E+002
  0.154749591080613E-001  0.796358562879254E+002  0.700375663085245E+002
  0.154749591080613E-001  0.796342150330732E+002  0.700417591079095E+002
  0.154749591080613E-001  0.796340198972080E+002  0.700422641047793E+002
  0.154749591080613E-001  0.796329456357440E+002  0.700450699847942E+002
