  0.794352061383148E-001  0.908045017837398E+002  0.670445614288913E+002
  0.794352061383148E-001  0.884995783113676E+002  0.674031053080037E+002
  0.794352061383148E-001  0.880327626304594E+002  0.729630545379202E+002
  0.794352061383148E-001  0.879504187820174E+002  0.674954757219931E+002
  0.794352061383148E-001  0.879055881969591E+002  0.729413264465866E+002
  0.794352061383148E-001  0.878821031164775E+002  0.675071864156265E+002
  0.794352061383148E-001  0.815915059687638E+002  0.689961049079762E+002
  0.794352061383148E-001  0.873615534904780E+002  0.675981349340036E+002
  0.794352061383148E-001  0.866494624749398E+002  0.677279140963275E+002
  0.794352061383148E-001  0.866370275241766E+002  0.677302404179311E+002
  0.794352061383148E-001  0.866262249629256E+002  0.727122182355725E+002
  0.794352061383148E-001  0.854424643956829E+002  0.679648681097851E+002
  0.794352061383148E-001  0.854196990057696E+002  0.679695768146346E+002
  0.794352061383148E-001  0.853969135470476E+002  0.679742995466668E+002
  0.794352061383148E-001  0.853572148723844E+002  0.679825516636752E+002
  0.794352061383148E-001  0.852083098371336E+002  0.724307022533012E+002
  0.794352061383148E-001  0.851305608522367E+002  0.724142204427898E+002
  0.794352061383148E-001  0.851291299550536E+002  0.724139159489693E+002
  0.794352061383148E-001  0.848649541156269E+002  0.723569554412335E+002
  0.794352061383148E-001  0.847015653288311E+002  0.681235287409114E+002
  0.794352061383148E-001  0.846835677059672E+002  0.723169489890370E+002
  0.794352061383148E-001  0.846820592536468E+002  0.681278682711747E+002
  0.794352061383148E-001  0.846605226549683E+002  0.723118113514480E+002
  0.794352061383148E-001  0.845741205721851E+002  0.722924354555103E+002
  0.794352061383148E-001  0.844538053480270E+002  0.722651483492045E+002
  0.794352061383148E-001  0.844506313794736E+002  0.681800577857578E+002
  0.794352061383148E-001  0.844243212937044E+002  0.681860756781885E+002
  0.794352061383148E-001  0.843547553760413E+002  0.722424075358530E+002
  0.794352061383148E-001  0.842701265936247E+002  0.682217084574024E+002
  0.794352061383148E-001  0.842464071392171E+002  0.722172350978863E+002
  0.794352061383148E-001  0.842356773599408E+002  0.682297564003113E+002
  0.794352061383148E-001  0.841853043749135E+002  0.722028980762361E+002
  0.794352061383148E-001  0.841456909120307E+002  0.721935475463007E+002
  0.794352061383148E-001  0.841384890875223E+002  0.721918428282844E+002
  0.794352061383148E-001  0.840517133824609E+002  0.721711852433197E+002
  0.794352061383148E-001  0.840386496343460E+002  0.682764250227888E+002
  0.794352061383148E-001  0.840160739929322E+002  0.721626373196240E+002
  0.794352061383148E-001  0.839995272288844E+002  0.682858255156286E+002
  0.794352061383148E-001  0.839652006266138E+002  0.682941114013324E+002
  0.794352061383148E-001  0.839598367942857E+002  0.721490719906018E+002
  0.794352061383148E-001  0.838470945730608E+002  0.721215849415722E+002
  0.794352061383148E-001  0.837688077482486E+002  0.683422194853922E+002
  0.794352061383148E-001  0.837546024965400E+002  0.720987343414382E+002
  0.794352061383148E-001  0.837233953930715E+002  0.720909614393210E+002
  0.794352061383148E-001  0.836424898126156E+002  0.720706576898913E+002
  0.794352061383148E-001  0.836086321483156E+002  0.720620944003749E+002
  0.794352061383148E-001  0.835788256347944E+002  0.683899587483858E+002
  0.794352061383148E-001  0.834941926184941E+002  0.720328505557514E+002
  0.794352061383148E-001  0.834933030942976E+002  0.720326213968168E+002
  0.794352061383148E-001  0.834755634638089E+002  0.684164361069353E+002
  0.794352061383148E-001  0.834651139739940E+002  0.684191371137861E+002
  0.794352061383148E-001  0.833871570229430E+002  0.720050646214790E+002
  0.794352061383148E-001  0.833853011484895E+002  0.720045790247924E+002
  0.794352061383148E-001  0.833635596497152E+002  0.719988803930394E+002
  0.794352061383148E-001  0.833568476410176E+002  0.684473639307333E+002
  0.794352061383148E-001  0.833425123934858E+002  0.684511350915681E+002
  0.794352061383148E-001  0.832768882312169E+002  0.719759790415705E+002
  0.794352061383148E-001  0.832767008430865E+002  0.719759292036542E+002
  0.794352061383148E-001  0.832667681438902E+002  0.684711958893201E+002
  0.794352061383148E-001  0.831340064813250E+002  0.719375577512759E+002
  0.794352061383148E-001  0.831117063689345E+002  0.719314832764152E+002
  0.794352061383148E-001  0.830720383655625E+002  0.685238572016685E+002
  0.794352061383148E-001  0.830412002884339E+002  0.719121340117401E+002
  0.794352061383148E-001  0.830186217356407E+002  0.685385906704665E+002
  0.794352061383148E-001  0.830027951591711E+002  0.719015005445105E+002
  0.794352061383148E-001  0.815978808864936E+002  0.689936822973219E+002
  0.794352061383148E-001  0.829844502849624E+002  0.685480839034680E+002
  0.794352061383148E-001  0.829742669518437E+002  0.685509233827787E+002
  0.794352061383148E-001  0.829362328183886E+002  0.718829097571329E+002
  0.794352061383148E-001  0.829333689615645E+002  0.685623761399858E+002
  0.794352061383148E-001  0.829222561350429E+002  0.685655017688802E+002
  0.794352061383148E-001  0.828529246700098E+002  0.685851369065496E+002
  0.794352061383148E-001  0.828187335615461E+002  0.685949072829016E+002
  0.794352061383148E-001  0.816074455908394E+002  0.714544249219927E+002
  0.794352061383148E-001  0.816161386742635E+002  0.689867702167233E+002
  0.794352061383148E-001  0.827836297371146E+002  0.718394814680463E+002
  0.794352061383148E-001  0.827425262535105E+002  0.718275832782698E+002
  0.794352061383148E-001  0.827342030027618E+002  0.686193181515929E+002
  0.794352061383148E-001  0.827281901299674E+002  0.718234126167342E+002
  0.794352061383148E-001  0.827267889893185E+002  0.718230044143331E+002
  0.794352061383148E-001  0.816426736438522E+002  0.714676884257947E+002
  0.794352061383148E-001  0.826951580087216E+002  0.718137613173762E+002
  0.794352061383148E-001  0.826926338128270E+002  0.686314599614696E+002
  0.794352061383148E-001  0.826770112395154E+002  0.686360471363930E+002
  0.794352061383148E-001  0.826317725699614E+002  0.686494057908373E+002
  0.794352061383148E-001  0.826246882881357E+002  0.686515080171087E+002
  0.794352061383148E-001  0.826188202144665E+002  0.717912298806702E+002
  0.794352061383148E-001  0.826146183828796E+002  0.717899802890810E+002
  0.794352061383148E-001  0.826057563514334E+002  0.717873415197128E+002
  0.794352061383148E-001  0.825793498256265E+002  0.717794521674547E+002
  0.794352061383148E-001  0.825727781053952E+002  0.717774825465739E+002
  0.794352061383148E-001  0.816835541438250E+002  0.689615761702876E+002
  0.794352061383148E-001  0.825454583534398E+002  0.686752137342580E+002
  0.794352061383148E-001  0.825223839529871E+002  0.717622951147651E+002
  0.794352061383148E-001  0.825212826420386E+002  0.717619615368032E+002
  0.794352061383148E-001  0.825189394788580E+002  0.686832297815077E+002
  0.794352061383148E-001  0.824907510342950E+002  0.717526848182000E+002
  0.794352061383148E-001  0.824713637341392E+002  0.717467648817456E+002
  0.794352061383148E-001  0.824662474362429E+002  0.717451987760955E+002
  0.794352061383148E-001  0.817097723287980E+002  0.714925683222698E+002
  0.794352061383148E-001  0.824435714692413E+002  0.687062431963748E+002
  0.794352061383148E-001  0.824382283360016E+002  0.717365933698540E+002
  0.794352061383148E-001  0.824014107367461E+002  0.687192705475302E+002
  0.794352061383148E-001  0.823954468085590E+002  0.717233588688213E+002
  0.794352061383148E-001  0.823953839191872E+002  0.717233393280534E+002
  0.794352061383148E-001  0.817292080937161E+002  0.714996845131847E+002
  0.794352061383148E-001  0.823681950092479E+002  0.717148673216633E+002
  0.794352061383148E-001  0.823563308478254E+002  0.687333259858171E+002
  0.794352061383148E-001  0.823500379681095E+002  0.687352986076394E+002
  0.794352061383148E-001  0.823439825153518E+002  0.717072820756713E+002
  0.794352061383148E-001  0.823421358307428E+002  0.687377793941501E+002
  0.794352061383148E-001  0.822613135858491E+002  0.716810865228822E+002
  0.794352061383148E-001  0.822415897257266E+002  0.687697145910695E+002
  0.794352061383148E-001  0.822393859601299E+002  0.687704224125171E+002
  0.794352061383148E-001  0.822306483116713E+002  0.716712491159275E+002
  0.794352061383148E-001  0.821724127518279E+002  0.687921004422269E+002
  0.794352061383148E-001  0.821703633212872E+002  0.716517123629043E+002
  0.794352061383148E-001  0.821450172028380E+002  0.716434181703738E+002
  0.794352061383148E-001  0.821367475917963E+002  0.688037798000276E+002
  0.794352061383148E-001  0.821202448320507E+002  0.716352646854322E+002
  0.794352061383148E-001  0.821198347431674E+002  0.688093520386178E+002
  0.794352061383148E-001  0.821196303863446E+002  0.688094195019841E+002
  0.794352061383148E-001  0.821162113424497E+002  0.688105486932229E+002
  0.794352061383148E-001  0.821054473596385E+002  0.688141095750364E+002
  0.794352061383148E-001  0.820876557443272E+002  0.716244662277763E+002
  0.794352061383148E-001  0.820811201989617E+002  0.688221907171300E+002
  0.794352061383148E-001  0.820797721118405E+002  0.716218414557808E+002
  0.794352061383148E-001  0.820735610238781E+002  0.716197700679153E+002
  0.794352061383148E-001  0.820639067517307E+002  0.716165442746716E+002
  0.794352061383148E-001  0.820347502679334E+002  0.716067565613989E+002
  0.794352061383148E-001  0.817519698761034E+002  0.715079684163610E+002
  0.794352061383148E-001  0.820050847088998E+002  0.688477549318785E+002
  0.794352061383148E-001  0.819723074969283E+002  0.715855584015983E+002
  0.794352061383148E-001  0.819715600851663E+002  0.715853026725804E+002
  0.794352061383148E-001  0.819655856728326E+002  0.715832567835997E+002
  0.794352061383148E-001  0.819633686524759E+002  0.715824968001817E+002
  0.794352061383148E-001  0.819538705305993E+002  0.715792360740568E+002
  0.794352061383148E-001  0.819096742415951E+002  0.715639591687692E+002
  0.794352061383148E-001  0.819073633628780E+002  0.688813257515511E+002
  0.794352061383148E-001  0.818502826759587E+002  0.715431516417540E+002
  0.794352061383148E-001  0.818321909515690E+002  0.689077334979694E+002
  0.794352061383148E-001  0.818138881865585E+002  0.689142438875215E+002
  0.794352061383148E-001  0.818099649884868E+002  0.715288377414622E+002
  0.794352061383148E-001  0.818062021331246E+002  0.689169875385909E+002
  0.794352061383148E-001  0.818000942771230E+002  0.689191719479721E+002
  0.794352061383148E-001  0.817902592283776E+002  0.715217842886974E+002
  0.794352061383148E-001  0.823436582778118E+002  0.690043717090292E+002
  0.794352061383148E-001  0.823220704943815E+002  0.690126676493126E+002
  0.794352061383148E-001  0.823220296416270E+002  0.690126834025025E+002
  0.794352061383148E-001  0.823159009810416E+002  0.690150489978463E+002
  0.794352061383148E-001  0.823092158250099E+002  0.690176346917035E+002
  0.794352061383148E-001  0.823007347295388E+002  0.690209230303749E+002
  0.794352061383148E-001  0.822983919756757E+002  0.690218329640644E+002
  0.794352061383148E-001  0.822646672284012E+002  0.690350090495436E+002
  0.794352061383148E-001  0.821851340279387E+002  0.690666770431025E+002
  0.794352061383148E-001  0.821528834793918E+002  0.690797684623887E+002
  0.794352061383148E-001  0.820934810102629E+002  0.691042827817418E+002
  0.794352061383148E-001  0.820922151356228E+002  0.691048110375739E+002
  0.794352061383148E-001  0.820907847265160E+002  0.691054082551509E+002
  0.794352061383148E-001  0.820684521865048E+002  0.691147741957460E+002
  0.794352061383148E-001  0.820584152918824E+002  0.691190094201205E+002
  0.794352061383148E-001  0.820095909763788E+002  0.691398479531210E+002
  0.794352061383148E-001  0.820030536509899E+002  0.691426686597618E+002
  0.794352061383148E-001  0.819956331038271E+002  0.691458794138105E+002
  0.794352061383148E-001  0.819904778695857E+002  0.691481156524717E+002
  0.794352061383148E-001  0.819785967017679E+002  0.691532872830326E+002
  0.794352061383148E-001  0.819695914700116E+002  0.691572238075142E+002
  0.794352061383148E-001  0.819674340279888E+002  0.691581690687535E+002
  0.794352061383148E-001  0.819663862867802E+002  0.691586284289415E+002
  0.794352061383148E-001  0.819374020871066E+002  0.691714155540031E+002
  0.794352061383148E-001  0.819238912973303E+002  0.691774296628444E+002
  0.794352061383148E-001  0.819229937181204E+002  0.691778304324473E+002
  0.794352061383148E-001  0.818787076308512E+002  0.691977988801454E+002
  0.794352061383148E-001  0.818664390410119E+002  0.692033999715158E+002
  0.794352061383148E-001  0.818627789571980E+002  0.692050769161726E+002
  0.794352061383148E-001  0.818601184207420E+002  0.692062976344478E+002
  0.794352061383148E-001  0.818432448859496E+002  0.692140740319788E+002
  0.794352061383148E-001  0.818370336780504E+002  0.692169516982704E+002
  0.794352061383148E-001  0.818307808128861E+002  0.692198570089968E+002
  0.794352061383148E-001  0.818257354168727E+002  0.692222074382415E+002
  0.794352061383148E-001  0.818134694420242E+002  0.692279447924694E+002
  0.794352061383148E-001  0.817856847835638E+002  0.692410650000553E+002
  0.794352061383148E-001  0.817819200723914E+002  0.692428562571746E+002
  0.794352061383148E-001  0.817810346155697E+002  0.692432780353981E+002
  0.794352061383148E-001  0.817662087216835E+002  0.692503673878374E+002
  0.794352061383148E-001  0.817261232983550E+002  0.692697993574815E+002
  0.794352061383148E-001  0.817166883807585E+002  0.692744309843510E+002
  0.794352061383148E-001  0.816873375402848E+002  0.692889863591672E+002
  0.794352061383148E-001  0.816713435540250E+002  0.692970143172146E+002
  0.794352061383148E-001  0.816683712804956E+002  0.692985138960245E+002
  0.794352061383148E-001  0.816527828936925E+002  0.693064187948980E+002
  0.794352061383148E-001  0.816493281217271E+002  0.693081799702050E+002
  0.794352061383148E-001  0.816200564186936E+002  0.693232405621918E+002
  0.794352061383148E-001  0.816174974271888E+002  0.693245691998845E+002
  0.794352061383148E-001  0.815973382844568E+002  0.693351054799068E+002
  0.794352061383148E-001  0.815970048660687E+002  0.693352807949093E+002
  0.794352061383148E-001  0.815573865479242E+002  0.693563651992100E+002
  0.794352061383148E-001  0.815509374849177E+002  0.693598460983550E+002
  0.794352061383148E-001  0.815357500105282E+002  0.693680996174409E+002
  0.794352061383148E-001  0.815314914573136E+002  0.693704282518959E+002
  0.794352061383148E-001  0.815228002732222E+002  0.693752005734016E+002
  0.794352061383148E-001  0.815118405389272E+002  0.693812571600076E+002
  0.794352061383148E-001  0.814980596889935E+002  0.693889352290761E+002
  0.794352061383148E-001  0.814938611929089E+002  0.693912885417509E+002
  0.794352061383148E-001  0.814893174875239E+002  0.693938428811850E+002
  0.794352061383148E-001  0.814785210011747E+002  0.693999441788825E+002
  0.794352061383148E-001  0.814731025729786E+002  0.694030233597971E+002
  0.794352061383148E-001  0.814659370587036E+002  0.694071132355701E+002
  0.794352061383148E-001  0.814646672957063E+002  0.694078401231810E+002
  0.794352061383148E-001  0.814551379633506E+002  0.694133161226082E+002
  0.794352061383148E-001  0.814534842049710E+002  0.694142702286915E+002
  0.794352061383148E-001  0.814511244817511E+002  0.694156335825272E+002
  0.794352061383148E-001  0.814475895664265E+002  0.694176802379909E+002
  0.794352061383148E-001  0.814277578505396E+002  0.694292604039453E+002
  0.794352061383148E-001  0.814220492689257E+002  0.694326252458019E+002
  0.794352061383148E-001  0.814110561560535E+002  0.694391457075900E+002
  0.794352061383148E-001  0.814106823943163E+002  0.694393683554776E+002
  0.794352061383148E-001  0.814066565247559E+002  0.694417705712331E+002
  0.794352061383148E-001  0.814031385573255E+002  0.694438757941801E+002
  0.794352061383148E-001  0.813991213873711E+002  0.694462867348593E+002
  0.794352061383148E-001  0.813821363880787E+002  0.694565643352103E+002
  0.794352061383148E-001  0.813770192563936E+002  0.694596878569757E+002
  0.794352061383148E-001  0.813744542089706E+002  0.694612583982739E+002
  0.794352061383148E-001  0.813736761634630E+002  0.694617354253475E+002
  0.794352061383148E-001  0.813659269314891E+002  0.694665029867527E+002
  0.794352061383148E-001  0.813636114045773E+002  0.694679334160059E+002
  0.794352061383148E-001  0.813428172928492E+002  0.694809027664595E+002
  0.794352061383148E-001  0.813390946449341E+002  0.694832486143933E+002
  0.794352061383148E-001  0.813281390409397E+002  0.694901959650822E+002
  0.794352061383148E-001  0.813155762059122E+002  0.694982445685601E+002
  0.794352061383148E-001  0.813130233348012E+002  0.694998910741235E+002
  0.794352061383148E-001  0.813022108675222E+002  0.695069067243215E+002
  0.794352061383148E-001  0.812812011746636E+002  0.695207394189053E+002
  0.794352061383148E-001  0.812801544175411E+002  0.695214357399131E+002
  0.794352061383148E-001  0.812799593176417E+002  0.695215656002612E+002
  0.794352061383148E-001  0.812762176005603E+002  0.695240607963798E+002
  0.794352061383148E-001  0.812700735921886E+002  0.695281774387972E+002
  0.794352061383148E-001  0.812567532550957E+002  0.695371873532494E+002
  0.794352061383148E-001  0.812448375180971E+002  0.695453488103956E+002
  0.794352061383148E-001  0.812431306911885E+002  0.695465259403293E+002
  0.794352061383148E-001  0.812431105644181E+002  0.695465398331873E+002
  0.794352061383148E-001  0.812317668414359E+002  0.695544160221127E+002
  0.794352061383148E-001  0.812277071426183E+002  0.695572574241028E+002
  0.794352061383148E-001  0.812163035759160E+002  0.695653045754967E+002
  0.794352061383148E-001  0.812109746287331E+002  0.695690990424569E+002
  0.794352061383148E-001  0.811962970733923E+002  0.695796660064748E+002
  0.794352061383148E-001  0.811787496210513E+002  0.695925318002670E+002
  0.794352061383148E-001  0.811686176503918E+002  0.696000817118574E+002
  0.794352061383148E-001  0.811665068684464E+002  0.696016661372333E+002
  0.794352061383148E-001  0.811647542347856E+002  0.696029848046928E+002
  0.794352061383148E-001  0.811613051232392E+002  0.696055881236021E+002
  0.794352061383148E-001  0.811586489932830E+002  0.696076004313821E+002
  0.794352061383148E-001  0.811570355381856E+002  0.696088260222802E+002
  0.794352061383148E-001  0.811477850516403E+002  0.696159005667099E+002
  0.794352061383148E-001  0.811414026890741E+002  0.696208301547134E+002
  0.794352061383148E-001  0.811356970365945E+002  0.696252715283355E+002
  0.794352061383148E-001  0.811349431595186E+002  0.696258608324758E+002
  0.794352061383148E-001  0.811255206415569E+002  0.696332761346369E+002
  0.794352061383148E-001  0.811208860805838E+002  0.696369578943961E+002
  0.794352061383148E-001  0.811195543849337E+002  0.696380201032928E+002
  0.794352061383148E-001  0.811191552388164E+002  0.696383388531390E+002
  0.794352061383148E-001  0.811075050921999E+002  0.696477203244332E+002
  0.794352061383148E-001  0.810958747679306E+002  0.696572411883582E+002
  0.794352061383148E-001  0.810904615687288E+002  0.696617277137602E+002
  0.794352061383148E-001  0.810869445403763E+002  0.696646620163802E+002
  0.794352061383148E-001  0.810813381297507E+002  0.696693717164561E+002
  0.794352061383148E-001  0.810636450932207E+002  0.696845052929667E+002
  0.794352061383148E-001  0.810612741326480E+002  0.696865657568104E+002
  0.794352061383148E-001  0.810610143795953E+002  0.696867919749826E+002
  0.794352061383148E-001  0.810589728511496E+002  0.696885732746634E+002
  0.794352061383148E-001  0.810569806191723E+002  0.696903173124248E+002
  0.794352061383148E-001  0.810485719093730E+002  0.696977423469801E+002
  0.794352061383148E-001  0.810461068092357E+002  0.696999390801525E+002
  0.794352061383148E-001  0.810341129021708E+002  0.697107618595315E+002
  0.794352061383148E-001  0.810288296264957E+002  0.697156026028578E+002
  0.794352061383148E-001  0.810258328291059E+002  0.697183690560292E+002
  0.794352061383148E-001  0.810237795463217E+002  0.697202733181553E+002
  0.794352061383148E-001  0.810229495779745E+002  0.697210451034147E+002
  0.794352061383148E-001  0.810092134490173E+002  0.697339954372811E+002
  0.794352061383148E-001  0.810086697571590E+002  0.697345151010328E+002
  0.794352061383148E-001  0.810085700272609E+002  0.697346104835422E+002
  0.794352061383148E-001  0.810075282651725E+002  0.697356079511501E+002
  0.794352061383148E-001  0.810067371201216E+002  0.697363668257109E+002
  0.794352061383148E-001  0.810025743379915E+002  0.697403794975621E+002
  0.794352061383148E-001  0.809961470862428E+002  0.697466414666724E+002
  0.794352061383148E-001  0.809938621185118E+002  0.697488876341561E+002
  0.794352061383148E-001  0.809925317483961E+002  0.697502003367653E+002
  0.794352061383148E-001  0.809899267633782E+002  0.697527813574706E+002
  0.794352061383148E-001  0.809858584358797E+002  0.697568408913477E+002
  0.794352061383148E-001  0.809836626508330E+002  0.697590467134976E+002
  0.794352061383148E-001  0.813282718218961E+002  0.699205677293243E+002
  0.794352061383148E-001  0.813280675368934E+002  0.699208837416899E+002
  0.794352061383148E-001  0.813237039739911E+002  0.699277147811593E+002
  0.794352061383148E-001  0.813180007492694E+002  0.699368894615438E+002
  0.794352061383148E-001  0.813135443222696E+002  0.699442691140211E+002
  0.794352061383148E-001  0.813134140428669E+002  0.699444878008813E+002
  0.794352061383148E-001  0.813068152209745E+002  0.699557992658414E+002
  0.794352061383148E-001  0.813053240100121E+002  0.699584226209526E+002
  0.794352061383148E-001  0.813005693460324E+002  0.699669670327583E+002
  0.794352061383148E-001  0.812976587812600E+002  0.699723416037928E+002
  0.794352061383148E-001  0.812911702217454E+002  0.699847606375036E+002
  0.794352061383148E-001  0.812890143692027E+002  0.699890332434325E+002
  0.794352061383148E-001  0.812887977554336E+002  0.699894668781649E+002
  0.794352061383148E-001  0.812826288284014E+002  0.700021747113130E+002
  0.794352061383148E-001  0.812791332810820E+002  0.700097124473434E+002
  0.794352061383148E-001  0.812787193013577E+002  0.700106229267819E+002
  0.794352061383148E-001  0.812787021025525E+002  0.700106608374571E+002
  0.794352061383148E-001  0.812780390738093E+002  0.700121275412540E+002
  0.794352061383148E-001  0.812776829643972E+002  0.700129195426866E+002
  0.794352061383148E-001  0.812742594821687E+002  0.700206922175592E+002
  0.794352061383148E-001  0.812740212199335E+002  0.700212443553049E+002
  0.794352061383148E-001  0.812735298884820E+002  0.700223877598885E+002
  0.794352061383148E-001  0.812719894259810E+002  0.700260158420124E+002
  0.794352061383148E-001  0.812715855220154E+002  0.700269782670818E+002
  0.794352061383148E-001  0.812711550623048E+002  0.700280092187631E+002
  0.794352061383148E-001  0.812710824947345E+002  0.700281835577003E+002
  0.794352061383148E-001  0.812709569193532E+002  0.700284856151046E+002
  0.794352061383148E-001  0.812707492293299E+002  0.700289862261431E+002
  0.794352061383148E-001  0.812704934482826E+002  0.700296045423136E+002
  0.794352061383148E-001  0.812688824314756E+002  0.700335455207106E+002
  0.794352061383148E-001  0.812686885209895E+002  0.700340254415521E+002
  0.794352061383148E-001  0.812678226982847E+002  0.700361834219227E+002
  0.794352061383148E-001  0.812675334862331E+002  0.700369098537342E+002
  0.794352061383148E-001  0.812672731070782E+002  0.700375663085245E+002
  0.794352061383148E-001  0.812656318522261E+002  0.700417591079095E+002
  0.794352061383148E-001  0.812654367163609E+002  0.700422641047793E+002
  0.794352061383148E-001  0.812643624548968E+002  0.700450699847942E+002
  0.794352061383148E-001  0.824968392544488E+002  0.701105906152541E+002
  0.794352061383148E-001  0.824962098713422E+002  0.701132515787317E+002
  0.794352061383148E-001  0.824949756754782E+002  0.701186679092764E+002
  0.794352061383148E-001  0.824937413534673E+002  0.701243841738361E+002
