  0.702899457510596E+002 -0.412441950161474E+002
  0.702824562275678E+002 -0.412436814949910E+002
  0.703005107887081E+002 -0.412450216509146E+002
  0.703711839152123E+002 -0.412536286494644E+002
  0.703277247169428E+002 -0.412477020038055E+002
  0.703436663358352E+002 -0.412496408754637E+002
  0.702795161099742E+002 -0.412434963411088E+002
  0.702925102351047E+002 -0.412443846705061E+002
  0.703550784851709E+002 -0.412511961783965E+002
  0.703620339360982E+002 -0.412522125773632E+002
  0.703675830468672E+002 -0.412530606605668E+002
  0.703078599323926E+002 -0.412456672324462E+002
  0.703937259829491E+002 -0.412575002320444E+002
  0.703618786671278E+002 -0.412521893219947E+002
  0.702788866183402E+002 -0.412434579032877E+002
  0.702861108178268E+002 -0.412439245608596E+002
  0.702885565228978E+002 -0.412440952209239E+002
  0.703922438338881E+002 -0.412572289434729E+002
  0.703525661416293E+002 -0.412508417994732E+002
  0.703769606250195E+002 -0.412545688841665E+002
  0.703306375807860E+002 -0.412480359341282E+002
  0.703343015169262E+002 -0.412484688832215E+002
  0.703555730826240E+002 -0.412512667410509E+002
  0.703563834329420E+002 -0.412513829179675E+002
  0.703316558500076E+002 -0.412481548139522E+002
  0.703059657526840E+002 -0.412454953009573E+002
  0.702821024728646E+002 -0.412436587268859E+002
  0.702745690385931E+002 -0.412432057131783E+002
  0.703702218269756E+002 -0.412534755321318E+002
  0.703279996065904E+002 -0.412477331284377E+002
  0.702790242512927E+002 -0.412434662711030E+002
  0.703826902034809E+002 -0.412555367839634E+002
  0.702774553394726E+002 -0.412433720879332E+002
  0.702989649379373E+002 -0.412448932266526E+002
  0.703785064100168E+002 -0.412548265477609E+002
  0.703926299398761E+002 -0.412572993884443E+002
  0.702823992891489E+002 -0.412436778213030E+002
  0.703764579362706E+002 -0.412544856439960E+002
  0.703310194646427E+002 -0.412480803876418E+002
  0.702839344630290E+002 -0.412437780876600E+002
  0.703351673001999E+002 -0.412485732905758E+002
  0.703162469546336E+002 -0.412464747267094E+002
  0.703935873759684E+002 -0.412574747619801E+002
  0.703925277882197E+002 -0.412572807353447E+002
  0.703223537279900E+002 -0.412471101222517E+002
  0.703284647798867E+002 -0.412477859826320E+002
  0.703290675737611E+002 -0.412478548186893E+002
  0.703426284343318E+002 -0.412495063513579E+002
  0.703266105392804E+002 -0.412475766795661E+002
  0.703536076285925E+002 -0.412509878854590E+002
  0.703132552936381E+002 -0.412461780409262E+002
  0.703816442094708E+002 -0.412553574579532E+002
  0.703015572419393E+002 -0.412451100408673E+002
  0.703173260678032E+002 -0.412465840979070E+002
  0.702859219176059E+002 -0.412439116462520E+002
  0.703215292256251E+002 -0.412470220002965E+002
  0.702769594830051E+002 -0.412433428699998E+002
  0.703045170943285E+002 -0.412453664043308E+002
  0.703793464893390E+002 -0.412549676530960E+002
  0.703917968403345E+002 -0.412571475891761E+002
  0.703119875515703E+002 -0.412460552120727E+002
  0.703821872366004E+002 -0.412554504085437E+002
  0.703679501149197E+002 -0.412531179244070E+002
  0.703490549074629E+002 -0.412503578583827E+002
  0.703419583344073E+002 -0.412494201120816E+002
  0.703282131441606E+002 -0.412477573623282E+002
  0.703920772756473E+002 -0.412571986042894E+002
  0.703366761828868E+002 -0.412487571717141E+002
  0.702942011368960E+002 -0.412445135765353E+002
  0.703547645510422E+002 -0.412511515264574E+002
  0.702959910655873E+002 -0.412446533713937E+002
  0.703637840249201E+002 -0.412524764837597E+002
  0.703206185390784E+002 -0.412469255140575E+002
  0.703761289301999E+002 -0.412544313105863E+002
  0.703144199609909E+002 -0.412462924015440E+002
  0.703729695307062E+002 -0.412539154617995E+002
  0.703112297156638E+002 -0.412459826097386E+002
  0.703208735519956E+002 -0.412469524427741E+002
  0.703866540392950E+002 -0.412562269909310E+002
  0.703144092325877E+002 -0.412462913414687E+002
  0.702943084636953E+002 -0.412445218620489E+002
  0.702917319618962E+002 -0.412443263688121E+002
  0.703717548348055E+002 -0.412537199810239E+002
  0.703706402498165E+002 -0.412535420026273E+002
  0.703614336366040E+002 -0.412521228108599E+002
  0.703911612546978E+002 -0.412570322793055E+002
  0.703066712923460E+002 -0.412455588920934E+002
  0.702905481962901E+002 -0.412442389359393E+002
  0.702819268126417E+002 -0.412436474710157E+002
  0.702830373589878E+002 -0.412437191885558E+002
  0.703930646848109E+002 -0.412573788988600E+002
  0.702699782100980E+002 -0.412429594833091E+002
  0.703094165209400E+002 -0.412458114004327E+002
  0.703060424158100E+002 -0.412455021848554E+002
  0.703173614324051E+002 -0.412465877033356E+002
  0.703240700346675E+002 -0.412472958967105E+002
  0.703651429190943E+002 -0.412526836640426E+002
  0.703194334631224E+002 -0.412468012877882E+002
  0.703259684060902E+002 -0.412475050560311E+002
  0.703753513633486E+002 -0.412543033612041E+002
  0.702765153219929E+002 -0.412433169219681E+002
  0.703590455467861E+002 -0.412517695301669E+002
  0.703220943887435E+002 -0.412470823257820E+002
  0.703945990407871E+002 -0.412576611363365E+002
  0.703008762098244E+002 -0.412450523832659E+002
  0.703409435627426E+002 -0.412492904313101E+002
