  0.450727070392248E-002  0.878647552050207E+002  0.670445614288913E+002
  0.450727070392248E-002  0.855598317326484E+002  0.674031053080037E+002
  0.450727070392248E-002  0.850930160517402E+002  0.729630545379202E+002
  0.450727070392248E-002  0.850106722032982E+002  0.674954757219931E+002
  0.450727070392248E-002  0.849658416182400E+002  0.729413264465866E+002
  0.450727070392248E-002  0.849423565377583E+002  0.675071864156265E+002
  0.450727070392248E-002  0.848646478601925E+002  0.675205689719193E+002
  0.450727070392248E-002  0.844218069117588E+002  0.675981349340036E+002
  0.450727070392248E-002  0.786517593900446E+002  0.689961049079762E+002
  0.450727070392248E-002  0.836972809454575E+002  0.677302404179311E+002
  0.450727070392248E-002  0.836864783842064E+002  0.727122182355725E+002
  0.450727070392248E-002  0.825027178169637E+002  0.679648681097851E+002
  0.450727070392248E-002  0.824799524270504E+002  0.679695768146346E+002
  0.450727070392248E-002  0.824571669683284E+002  0.679742995466668E+002
  0.450727070392248E-002  0.786581343077744E+002  0.689936822973219E+002
  0.450727070392248E-002  0.822685632584144E+002  0.724307022533012E+002
  0.450727070392248E-002  0.821908142735176E+002  0.724142204427898E+002
  0.450727070392248E-002  0.821893833763344E+002  0.724139159489693E+002
  0.450727070392248E-002  0.819252075369077E+002  0.723569554412335E+002
  0.450727070392248E-002  0.817618187501120E+002  0.681235287409114E+002
  0.450727070392248E-002  0.817438211272480E+002  0.723169489890370E+002
  0.450727070392248E-002  0.817423126749276E+002  0.681278682711747E+002
  0.450727070392248E-002  0.817207760762491E+002  0.723118113514480E+002
  0.450727070392248E-002  0.816343739934660E+002  0.722924354555103E+002
  0.450727070392248E-002  0.815140587693078E+002  0.722651483492045E+002
  0.450727070392248E-002  0.786763920955443E+002  0.689867702167233E+002
  0.450727070392248E-002  0.814845747149852E+002  0.681860756781885E+002
  0.450727070392248E-002  0.814150087973221E+002  0.722424075358530E+002
  0.450727070392248E-002  0.813303800149055E+002  0.682217084574024E+002
  0.450727070392248E-002  0.813066605604979E+002  0.722172350978863E+002
  0.450727070392248E-002  0.787029270651330E+002  0.714676884257947E+002
  0.450727070392248E-002  0.812455577961943E+002  0.722028980762361E+002
  0.450727070392248E-002  0.812059443333115E+002  0.721935475463007E+002
  0.450727070392248E-002  0.811987425088032E+002  0.721918428282844E+002
  0.450727070392248E-002  0.811119668037417E+002  0.721711852433197E+002
  0.450727070392248E-002  0.810989030556269E+002  0.682764250227888E+002
  0.450727070392248E-002  0.810763274142130E+002  0.721626373196240E+002
  0.450727070392248E-002  0.810597806501652E+002  0.682858255156286E+002
  0.450727070392248E-002  0.810254540478946E+002  0.682941114013324E+002
  0.450727070392248E-002  0.810200902155665E+002  0.721490719906018E+002
  0.450727070392248E-002  0.809073479943416E+002  0.721215849415722E+002
  0.450727070392248E-002  0.808290611695294E+002  0.683422194853922E+002
  0.450727070392248E-002  0.808148559178209E+002  0.720987343414382E+002
  0.450727070392248E-002  0.807836488143523E+002  0.720909614393210E+002
  0.450727070392248E-002  0.807027432338964E+002  0.720706576898913E+002
  0.450727070392248E-002  0.806688855695965E+002  0.720620944003749E+002
  0.450727070392248E-002  0.806390790560753E+002  0.683899587483858E+002
  0.450727070392248E-002  0.805544460397750E+002  0.720328505557514E+002
  0.450727070392248E-002  0.805535565155785E+002  0.720326213968168E+002
  0.450727070392248E-002  0.805358168850897E+002  0.684164361069353E+002
  0.450727070392248E-002  0.787438075651058E+002  0.689615761702876E+002
  0.450727070392248E-002  0.804474104442238E+002  0.720050646214790E+002
  0.450727070392248E-002  0.804455545697703E+002  0.720045790247924E+002
  0.450727070392248E-002  0.804238130709960E+002  0.719988803930394E+002
  0.450727070392248E-002  0.804171010622984E+002  0.684473639307333E+002
  0.450727070392248E-002  0.787700257500788E+002  0.714925683222698E+002
  0.450727070392248E-002  0.803371416524977E+002  0.719759790415705E+002
  0.450727070392248E-002  0.803369542643674E+002  0.719759292036542E+002
  0.450727070392248E-002  0.803270215651711E+002  0.684711958893201E+002
  0.450727070392248E-002  0.801942599026059E+002  0.719375577512759E+002
  0.450727070392248E-002  0.801719597902153E+002  0.719314832764152E+002
  0.450727070392248E-002  0.801322917868433E+002  0.685238572016685E+002
  0.450727070392248E-002  0.801014537097148E+002  0.719121340117401E+002
  0.450727070392248E-002  0.787894615149969E+002  0.714996845131847E+002
  0.450727070392248E-002  0.800630485804519E+002  0.719015005445105E+002
  0.450727070392248E-002  0.800485234042685E+002  0.718974612774598E+002
  0.450727070392248E-002  0.800447037062433E+002  0.685480839034680E+002
  0.450727070392248E-002  0.800345203731246E+002  0.685509233827787E+002
  0.450727070392248E-002  0.799964862396695E+002  0.718829097571329E+002
  0.450727070392248E-002  0.799936223828454E+002  0.685623761399858E+002
  0.450727070392248E-002  0.788122232973842E+002  0.715079684163610E+002
  0.450727070392248E-002  0.799131780912906E+002  0.685851369065496E+002
  0.450727070392248E-002  0.798789869828269E+002  0.685949072829016E+002
  0.450727070392248E-002  0.788505126496584E+002  0.715217842886974E+002
  0.450727070392248E-002  0.788603476984039E+002  0.689191719479721E+002
  0.450727070392248E-002  0.798438831583955E+002  0.718394814680463E+002
  0.450727070392248E-002  0.798027796747913E+002  0.718275832782698E+002
  0.450727070392248E-002  0.797944564240426E+002  0.686193181515929E+002
  0.450727070392248E-002  0.797884435512483E+002  0.718234126167342E+002
  0.450727070392248E-002  0.797870424105994E+002  0.718230044143331E+002
  0.450727070392248E-002  0.797554331718238E+002  0.686307136639005E+002
  0.450727070392248E-002  0.788664555544054E+002  0.689169875385909E+002
  0.450727070392248E-002  0.797528872341078E+002  0.686314599614696E+002
  0.450727070392248E-002  0.797372646607963E+002  0.686360471363930E+002
  0.450727070392248E-002  0.788702184097676E+002  0.715288377414622E+002
  0.450727070392248E-002  0.796849417094165E+002  0.686515080171087E+002
  0.450727070392248E-002  0.796790736357473E+002  0.717912298806702E+002
  0.450727070392248E-002  0.796748718041604E+002  0.717899802890810E+002
  0.450727070392248E-002  0.796660097727142E+002  0.717873415197128E+002
  0.450727070392248E-002  0.788741416078393E+002  0.689142438875215E+002
  0.450727070392248E-002  0.788924443728499E+002  0.689077334979694E+002
  0.450727070392248E-002  0.796159689747386E+002  0.686721243356076E+002
  0.450727070392248E-002  0.789105360972395E+002  0.715431516417540E+002
  0.450727070392248E-002  0.795826373742680E+002  0.717622951147651E+002
  0.450727070392248E-002  0.795815360633195E+002  0.717619615368032E+002
  0.450727070392248E-002  0.789676167841588E+002  0.688813257515511E+002
  0.450727070392248E-002  0.790141239518801E+002  0.715792360740568E+002
  0.450727070392248E-002  0.795316171554200E+002  0.717467648817456E+002
  0.450727070392248E-002  0.795265008575237E+002  0.717451987760955E+002
  0.450727070392248E-002  0.795046256782562E+002  0.687059968421145E+002
  0.450727070392248E-002  0.790236220737567E+002  0.715824968001817E+002
  0.450727070392248E-002  0.794984817572825E+002  0.717365933698540E+002
  0.450727070392248E-002  0.794616641580270E+002  0.687192705475302E+002
  0.450727070392248E-002  0.794557002298398E+002  0.717233588688213E+002
  0.450727070392248E-002  0.794556373404680E+002  0.717233393280534E+002
  0.450727070392248E-002  0.794387413668966E+002  0.687264011302017E+002
  0.450727070392248E-002  0.794284484305287E+002  0.717148673216633E+002
  0.450727070392248E-002  0.794165842691063E+002  0.687333259858171E+002
  0.450727070392248E-002  0.790258390941135E+002  0.715832567835997E+002
  0.450727070392248E-002  0.794042359366326E+002  0.717072820756713E+002
  0.450727070392248E-002  0.794023892520236E+002  0.687377793941501E+002
  0.450727070392248E-002  0.790318135064472E+002  0.715853026725804E+002
  0.450727070392248E-002  0.793018431470075E+002  0.687697145910695E+002
  0.450727070392248E-002  0.792996393814107E+002  0.687704224125171E+002
  0.450727070392248E-002  0.792909017329521E+002  0.716712491159275E+002
  0.450727070392248E-002  0.792326661731088E+002  0.687921004422269E+002
  0.450727070392248E-002  0.792306167425680E+002  0.716517123629043E+002
  0.450727070392248E-002  0.792052706241189E+002  0.716434181703738E+002
  0.450727070392248E-002  0.791970010130771E+002  0.688037798000276E+002
  0.450727070392248E-002  0.791804982533316E+002  0.716352646854322E+002
  0.450727070392248E-002  0.791800881644482E+002  0.688093520386178E+002
  0.450727070392248E-002  0.791798838076254E+002  0.688094195019841E+002
  0.450727070392248E-002  0.791764647637306E+002  0.688105486932229E+002
  0.450727070392248E-002  0.791657007809194E+002  0.688141095750364E+002
  0.450727070392248E-002  0.791479091656080E+002  0.716244662277763E+002
  0.450727070392248E-002  0.791413736202425E+002  0.688221907171300E+002
  0.450727070392248E-002  0.791400255331213E+002  0.716218414557808E+002
  0.450727070392248E-002  0.791338144451589E+002  0.716197700679153E+002
  0.450727070392248E-002  0.791241601730115E+002  0.716165442746716E+002
  0.450727070392248E-002  0.790950036892142E+002  0.716067565613989E+002
  0.450727070392248E-002  0.790725874691987E+002  0.688452971322187E+002
  0.450727070392248E-002  0.790653381301806E+002  0.688477549318785E+002
  0.450727070392248E-002  0.790325609182091E+002  0.715855584015983E+002
  0.450727070392248E-002  0.792217726673404E+002  0.714297886160055E+002
  0.450727070392248E-002  0.792111614655146E+002  0.714256830263602E+002
  0.450727070392248E-002  0.791637191944160E+002  0.714071531273287E+002
  0.450727070392248E-002  0.791090891198789E+002  0.713854502378446E+002
  0.450727070392248E-002  0.790947655329530E+002  0.713796925724240E+002
  0.450727070392248E-002  0.790671299728033E+002  0.713685021558565E+002
  0.450727070392248E-002  0.790404615157748E+002  0.713575987775785E+002
  0.450727070392248E-002  0.790090241636670E+002  0.713446096210776E+002
  0.450727070392248E-002  0.790040329189231E+002  0.713425335055771E+002
  0.450727070392248E-002  0.789308462741542E+002  0.713116371647737E+002
  0.450727070392248E-002  0.789253872523607E+002  0.713092974015091E+002
  0.450727070392248E-002  0.789083415133205E+002  0.713019588819033E+002
  0.450727070392248E-002  0.789031977703542E+002  0.712997345846069E+002
  0.450727070392248E-002  0.788680200956038E+002  0.712843979319962E+002
  0.450727070392248E-002  0.788452002539833E+002  0.712743294609452E+002
  0.450727070392248E-002  0.788382803783122E+002  0.712712572085213E+002
  0.450727070392248E-002  0.787997529227121E+002  0.712539847307924E+002
  0.450727070392248E-002  0.787365369043705E+002  0.712249996020510E+002
  0.450727070392248E-002  0.787233325007692E+002  0.712188388341108E+002
  0.450727070392248E-002  0.787199008494174E+002  0.712172314862672E+002
  0.450727070392248E-002  0.787175297693873E+002  0.712161193798474E+002
  0.450727070392248E-002  0.787070893811964E+002  0.712112076535636E+002
  0.450727070392248E-002  0.787043776376777E+002  0.712099279059291E+002
  0.450727070392248E-002  0.786882256499249E+002  0.712022707109427E+002
  0.450727070392248E-002  0.786879183120885E+002  0.712021244307624E+002
  0.450727070392248E-002  0.786781064100992E+002  0.711974428364129E+002
  0.450727070392248E-002  0.786644630183272E+002  0.711908955028687E+002
  0.450727070392248E-002  0.786600080133346E+002  0.711887479826389E+002
  0.450727070392248E-002  0.786597740383407E+002  0.711886350638781E+002
  0.450727070392248E-002  0.786439782931624E+002  0.711809811178861E+002
  0.450727070392248E-002  0.786194229956622E+002  0.711689598053746E+002
  0.450727070392248E-002  0.786070000086023E+002  0.711628194713553E+002
  0.450727070392248E-002  0.785464823476854E+002  0.711323149976507E+002
  0.450727070392248E-002  0.785371054857060E+002  0.711274965369536E+002
  0.450727070392248E-002  0.785305490401110E+002  0.711241121022158E+002
  0.450727070392248E-002  0.785191973394162E+002  0.711182221305264E+002
  0.450727070392248E-002  0.785126099444691E+002  0.711147863564804E+002
  0.450727070392248E-002  0.785119178584926E+002  0.711144246185554E+002
  0.450727070392248E-002  0.784973476123996E+002  0.711067747352495E+002
  0.450727070392248E-002  0.784945722891527E+002  0.711053100808673E+002
  0.450727070392248E-002  0.784832374126519E+002  0.710993027978009E+002
  0.450727070392248E-002  0.784814757331914E+002  0.710983654406363E+002
  0.450727070392248E-002  0.784738301730415E+002  0.710942857040457E+002
  0.450727070392248E-002  0.784592680243563E+002  0.710864619434603E+002
  0.450727070392248E-002  0.784277341528474E+002  0.710692721938169E+002
  0.450727070392248E-002  0.784095072903754E+002  0.710591753655298E+002
  0.450727070392248E-002  0.783989711393368E+002  0.710532828819219E+002
  0.450727070392248E-002  0.783609819207090E+002  0.710316808190888E+002
  0.450727070392248E-002  0.783603360382790E+002  0.710313085602325E+002
  0.450727070392248E-002  0.783503709135490E+002  0.710255432280079E+002
  0.450727070392248E-002  0.783301503172669E+002  0.710137155277310E+002
  0.450727070392248E-002  0.783198031410192E+002  0.710075942252714E+002
  0.450727070392248E-002  0.783132408185839E+002  0.710036871622318E+002
  0.450727070392248E-002  0.783092911123341E+002  0.710013261482661E+002
  0.450727070392248E-002  0.782862036117895E+002  0.709873793990469E+002
  0.450727070392248E-002  0.782560832660265E+002  0.709687926498606E+002
  0.450727070392248E-002  0.782550468653019E+002  0.709681448623792E+002
  0.450727070392248E-002  0.782392524818054E+002  0.709582022561592E+002
  0.450727070392248E-002  0.782304458949512E+002  0.709525997143369E+002
  0.450727070392248E-002  0.782278172109967E+002  0.709509190601220E+002
  0.450727070392248E-002  0.782267926217232E+002  0.709502629361301E+002
  0.450727070392248E-002  0.782165874148119E+002  0.709436951805440E+002
  0.450727070392248E-002  0.781778341772268E+002  0.709181904537170E+002
  0.450727070392248E-002  0.781718716315043E+002  0.709141828710982E+002
  0.450727070392248E-002  0.781657954934308E+002  0.709100749193325E+002
  0.450727070392248E-002  0.781597907482603E+002  0.709059909880929E+002
  0.450727070392248E-002  0.781594174274985E+002  0.709057362804749E+002
  0.450727070392248E-002  0.781497646221758E+002  0.708991171297526E+002
  0.450727070392248E-002  0.781458156211359E+002  0.708963904766699E+002
  0.450727070392248E-002  0.781398090826072E+002  0.708922218875397E+002
  0.450727070392248E-002  0.781310007341267E+002  0.708860614785612E+002
  0.450727070392248E-002  0.781203257241051E+002  0.708785180551636E+002
  0.450727070392248E-002  0.781094526385599E+002  0.708707444666070E+002
  0.450727070392248E-002  0.781038234504045E+002  0.708666831043297E+002
  0.450727070392248E-002  0.780974988632061E+002  0.708620892717512E+002
  0.450727070392248E-002  0.780927412709951E+002  0.708586117632365E+002
  0.450727070392248E-002  0.780824319574824E+002  0.708510102974939E+002
  0.450727070392248E-002  0.780813162143799E+002  0.708501820975337E+002
  0.450727070392248E-002  0.780665396546187E+002  0.708391088030548E+002
  0.450727070392248E-002  0.780622944303846E+002  0.708358905581781E+002
  0.450727070392248E-002  0.780598193109481E+002  0.708340063920922E+002
  0.450727070392248E-002  0.780444725094369E+002  0.708221916783904E+002
  0.450727070392248E-002  0.780431152298965E+002  0.708211355605694E+002
  0.450727070392248E-002  0.780419252128521E+002  0.708202080573350E+002
  0.450727070392248E-002  0.780409784965462E+002  0.708194691547207E+002
  0.450727070392248E-002  0.780355197727656E+002  0.708151907148001E+002
  0.450727070392248E-002  0.780269457533677E+002  0.708084075240737E+002
  0.450727070392248E-002  0.780220906204561E+002  0.708045314274746E+002
  0.450727070392248E-002  0.780109844701340E+002  0.707955663038091E+002
  0.450727070392248E-002  0.780069110530791E+002  0.707922428124535E+002
  0.450727070392248E-002  0.780053405201853E+002  0.707909562306790E+002
  0.450727070392248E-002  0.780037122914021E+002  0.707896193042226E+002
  0.450727070392248E-002  0.779941610694443E+002  0.707817125349316E+002
  0.450727070392248E-002  0.779810505674193E+002  0.707706736991709E+002
  0.450727070392248E-002  0.779742508650220E+002  0.707648600243870E+002
  0.450727070392248E-002  0.779671744038324E+002  0.707587428310267E+002
  0.450727070392248E-002  0.779664678618149E+002  0.707581282321225E+002
  0.450727070392248E-002  0.779645660323700E+002  0.707564703768094E+002
  0.450727070392248E-002  0.779556772352367E+002  0.707486526455900E+002
  0.450727070392248E-002  0.779545359549601E+002  0.707476404586743E+002
  0.450727070392248E-002  0.779503895931605E+002  0.707439465759401E+002
  0.450727070392248E-002  0.779494116072713E+002  0.707430714961497E+002
  0.450727070392248E-002  0.779487891659941E+002  0.707425137832027E+002
  0.450727070392248E-002  0.779447086617343E+002  0.707388427035995E+002
  0.450727070392248E-002  0.779324554141733E+002  0.707276586760646E+002
  0.450727070392248E-002  0.779322087023698E+002  0.707274309495995E+002
  0.450727070392248E-002  0.779280680068680E+002  0.707235934586569E+002
  0.450727070392248E-002  0.779272059659203E+002  0.707227908410780E+002
  0.450727070392248E-002  0.779137315285372E+002  0.707100736339279E+002
  0.450727070392248E-002  0.779081004256055E+002  0.707046596698862E+002
  0.450727070392248E-002  0.779076934478901E+002  0.707042660292875E+002
  0.450727070392248E-002  0.779038943027448E+002  0.707005757600633E+002
  0.450727070392248E-002  0.779017713274898E+002  0.706985011716921E+002
  0.450727070392248E-002  0.778984824630678E+002  0.706952693016201E+002
  0.450727070392248E-002  0.778963474517312E+002  0.706931594163869E+002
  0.450727070392248E-002  0.778949872073983E+002  0.706918102362030E+002
  0.450727070392248E-002  0.778938257401511E+002  0.706906551405439E+002
  0.450727070392248E-002  0.778914445282188E+002  0.706882780399636E+002
  0.450727070392248E-002  0.778907264584779E+002  0.706875588269090E+002
  0.450727070392248E-002  0.778897426010639E+002  0.706865715941681E+002
  0.450727070392248E-002  0.778894716740054E+002  0.706862993688362E+002
  0.450727070392248E-002  0.778887904378428E+002  0.706856141615699E+002
  0.450727070392248E-002  0.778878091894516E+002  0.706846254085846E+002
  0.450727070392248E-002  0.791230993774593E+002  0.701394191761598E+002
  0.450727070392248E-002  0.791215021836955E+002  0.701489639598110E+002
  0.450727070392248E-002  0.791213293824068E+002  0.701500722517753E+002
  0.450727070392248E-002  0.791212562447265E+002  0.701505464934097E+002
  0.450727070392248E-002  0.791206554769157E+002  0.701545676642089E+002
  0.450727070392248E-002  0.791206104822427E+002  0.701548784925037E+002
  0.450727070392248E-002  0.791205836992856E+002  0.701550641950400E+002
  0.450727070392248E-002  0.791203964343872E+002  0.701563772437847E+002
  0.450727070392248E-002  0.791198549043163E+002  0.701603308088504E+002
  0.450727070392248E-002  0.791197704452854E+002  0.701609704138656E+002
  0.450727070392248E-002  0.791196664095816E+002  0.701617675702335E+002
  0.450727070392248E-002  0.791190980742261E+002  0.701663225978000E+002
  0.450727070392248E-002  0.791189253073443E+002  0.701677827299704E+002
  0.450727070392248E-002  0.791188510376365E+002  0.701684225912201E+002
  0.450727070392248E-002  0.791184732450102E+002  0.701718029245083E+002
  0.450727070392248E-002  0.791183822664931E+002  0.701726513775576E+002
  0.450727070392248E-002  0.791181566195373E+002  0.701748212035006E+002
  0.450727070392248E-002  0.791180987507436E+002  0.701753938603290E+002
  0.450727070392248E-002  0.791177278065137E+002  0.701792454075109E+002
  0.450727070392248E-002  0.791174175745776E+002  0.701827540093089E+002
  0.450727070392248E-002  0.791171566366501E+002  0.701859669399767E+002
  0.450727070392248E-002  0.791171260362444E+002  0.702581187858383E+002
  0.450727070392248E-002  0.791170389214745E+002  0.702569678233036E+002
  0.450727070392248E-002  0.791168007728101E+002  0.701908747634949E+002
  0.450727070392248E-002  0.791167150581545E+002  0.702523049838522E+002
  0.450727070392248E-002  0.791163795351688E+002  0.701979327797932E+002
  0.450727070392248E-002  0.791763880381172E+002  0.702023750099156E+002
  0.450727070392248E-002  0.791763484294956E+002  0.702411535363061E+002
  0.450727070392248E-002  0.791762520464276E+002  0.702058764950103E+002
  0.450727070392248E-002  0.791762327063985E+002  0.702380440088923E+002
  0.450727070392248E-002  0.791761231083922E+002  0.702100953859539E+002
  0.450727070392248E-002  0.791761155418151E+002  0.702103895293539E+002
  0.450727070392248E-002  0.791761001667838E+002  0.702334704258062E+002
  0.450727070392248E-002  0.791760928738666E+002  0.702331633206897E+002
  0.450727070392248E-002  0.791760548608985E+002  0.702130840287377E+002
