  0.872340101521762E-026  0.200560227278560E+003  0.600607346292869E+002
  0.481903925971557E-025  0.197135270716542E+003  0.602191774420285E+002
  0.705277974941706E-024  0.191761750459719E+003  0.799715302873673E+002
  0.793718910690062E-024  0.191518820147518E+003  0.604845801162412E+002
  0.129497968748980E-023  0.190533122753594E+003  0.799125728063065E+002
  0.140732791883935E-023  0.190360071565978E+003  0.605402415033681E+002
  0.167882852384485E-023  0.190000609126712E+003  0.798869076451321E+002
  0.174883878703443E-023  0.189912241997578E+003  0.605618392686589E+002
  0.178413079274652E-023  0.189865627760657E+003  0.605640901387724E+002
  0.214168759071374E-023  0.189493646647955E+003  0.605820708888239E+002
  0.508728905517695E-023  0.187756689118760E+003  0.606664794397058E+002
  0.934781379040382E-023  0.186533238718176E+003  0.797180972083874E+002
  0.186853092227174E-022  0.185141392907397E+003  0.607949969635284E+002
  0.208742248281111E-022  0.184913182279181E+003  0.796381867459128E+002
  0.383870926792141E-022  0.183688114421236E+003  0.795773061500627E+002
  0.874127175967248E-022  0.182035619826268E+003  0.794945510447047E+002
  0.106874679319996E-021  0.181626931957279E+003  0.794739702346701E+002
  0.121847534245569E-021  0.181358049142801E+003  0.609840765950098E+002
  0.302489884311474E-021  0.179532838977146E+003  0.610766926105939E+002
  0.309013880991965E-021  0.179483506673813E+003  0.610792088840471E+002
  0.462115635396143E-021  0.178671993184355E+003  0.611207012795149E+002
  0.469666926247322E-021  0.178632920357984E+003  0.793217775197569E+002
  0.640594340236857E-021  0.178005519525564E+003  0.792895615134019E+002
  0.825088603044428E-021  0.177492675193062E+003  0.792631425265067E+002
  0.161941921636937E-020  0.176137355458206E+003  0.791929492292671E+002
  0.165478890554323E-020  0.176087488128776E+003  0.612541252793171E+002
  0.169560626044828E-020  0.176032098745612E+003  0.612570064669323E+002
  0.187226010154079E-020  0.175827231247682E+003  0.791768102451348E+002
  0.207350508378634E-020  0.175616387385584E+003  0.791658212180903E+002
  0.296553521285621E-020  0.174894097657585E+003  0.791280732200538E+002
  0.398381436454813E-020  0.174297077643410E+003  0.613477305443688E+002
  0.611141156629507E-020  0.173434586005847E+003  0.613931770371817E+002
  0.812335102626646E-020  0.172858760455814E+003  0.614236491670767E+002
  0.104650148742274E-019  0.172345514835184E+003  0.614508988569805E+002
  0.255941899698041E-019  0.170550204066608E+003  0.788975909547936E+002
  0.265725867769395E-019  0.170468519005094E+003  0.615512832041893E+002
  0.358349390432407E-019  0.169863776912274E+003  0.615838741163776E+002
  0.364527732441860E-019  0.169822932990743E+003  0.788584016319428E+002
  0.447774271161012E-019  0.169404904181861E+003  0.788357952687626E+002
  0.525949173787797E-019  0.169076417933937E+003  0.616264918365125E+002
  0.572757438234243E-019  0.168899246898076E+003  0.616361108049787E+002
  0.915277109097264E-019  0.167955062192349E+003  0.616875553044625E+002
  0.135761020152457E-018  0.167159897897412E+003  0.617311221051011E+002
  0.141431453063767E-018  0.167071404249658E+003  0.787084968781121E+002
  0.179788055452177E-018  0.166584821632765E+003  0.617627701636183E+002
  0.244258572693519E-018  0.165965268650744E+003  0.617969989273141E+002
  0.565693995888365E-018  0.164278961269838E+003  0.785536058837506E+002
  0.153361753871138E-017  0.162277643011110E+003  0.784408013564609E+002
  0.156601250330924E-017  0.162229180965355E+003  0.620064307717276E+002
  0.550314112872211E-017  0.159708952461654E+003  0.782937068637205E+002
  0.591866706896118E-017  0.159556712435976E+003  0.782849046944364E+002
  0.653892220546404E-017  0.159350734685338E+003  0.782729802143471E+002
  0.651944669276276E-017  0.159350044789625E+003  0.782729402451727E+002
  0.806803988336077E-017  0.158917147101006E+003  0.621966603269086E+002
  0.820881560710473E-017  0.158875895346124E+003  0.621990580956398E+002
  0.125778902313454E-016  0.158015776009502E+003  0.781952643414376E+002
  0.143098793298439E-016  0.157751101165497E+003  0.622647154646458E+002
  0.142847574043236E-016  0.157747959801243E+003  0.781795817595853E+002
  0.218820151356960E-016  0.156888360181540E+003  0.623154455255409E+002
  0.224220993633869E-016  0.156832940644387E+003  0.781257659713402E+002
  0.254414893492756E-016  0.156573616605947E+003  0.781104473585903E+002
  0.271992929726392E-016  0.156433341627863E+003  0.623423326332776E+002
  0.699142521880496E-016  0.154538528961460E+003  0.624552981176844E+002
  0.738036068252820E-016  0.154423597219348E+003  0.624622030498521E+002
  0.753654343125111E-016  0.154375059367862E+003  0.624651209794602E+002
  0.101239595766998E-015  0.153778121380044E+003  0.779433843291036E+002
  0.139535407601660E-015  0.153129808911582E+003  0.625403601434807E+002
  0.191314465006651E-015  0.152491953129691E+003  0.778652945257842E+002
  0.264323424407919E-015  0.151838787633614E+003  0.626191508919532E+002
  0.283747154467423E-015  0.151690311864129E+003  0.778162166028434E+002
  0.305783148507118E-015  0.151534070993375E+003  0.626378670779723E+002
  0.337437044797094E-015  0.151330409866675E+003  0.777940792879935E+002
  0.403175842132226E-015  0.150967766605215E+003  0.626727736496016E+002
  0.422009233746734E-015  0.150869802234835E+003  0.626788284869436E+002
  0.462651653813614E-015  0.150679252237391E+003  0.777538616908056E+002
  0.610035206410384E-015  0.150119512122033E+003  0.627253634588390E+002
  0.958626840826125E-015  0.149208886110983E+003  0.776622474699118E+002
  0.131721819511892E-014  0.148566679575741E+003  0.628226037830719E+002
  0.145062174331372E-014  0.148367083659328E+003  0.776092857836708E+002
  0.234139784932263E-014  0.147402916340145E+003  0.628963261878976E+002
  0.251331204828822E-014  0.147254554156069E+003  0.629057780647840E+002
  0.279611425124986E-014  0.147034640052955E+003  0.629198108874699E+002
  0.389571348120020E-014  0.146364692162050E+003  0.774817535865260E+002
  0.400813839524840E-014  0.146301136478565E+003  0.629668123289209E+002
  0.427834693775657E-014  0.146164001273274E+003  0.629756335035983E+002
  0.662604482192190E-014  0.145282462967259E+003  0.774118848065335E+002
  0.739373176044438E-014  0.145056558360181E+003  0.630472667937007E+002
  0.973669636993385E-014  0.144499364186927E+003  0.773609014813017E+002
  0.108966870486386E-013  0.144267594758429E+003  0.630987391037071E+002
  0.129372261475632E-013  0.143917638976404E+003  0.631216898205373E+002
  0.177642431859041E-013  0.143276825948840E+003  0.772805724514425E+002
  0.208282887529268E-013  0.142951921425172E+003  0.631854115595234E+002
  0.266115533439256E-013  0.142455199127318E+003  0.772260683712325E+002
  0.433418085451419E-013  0.141472999013640E+003  0.771603505324603E+002
  0.504577997488615E-013  0.141162304205614E+003  0.633050490268155E+002
  0.782275677006284E-013  0.140278679075081E+003  0.770795915386426E+002
  0.835830931665116E-013  0.140139585192458E+003  0.633743571547037E+002
  0.861299285096172E-013  0.140072898236305E+003  0.633789008067329E+002
  0.110139018374687E-012  0.139574469819120E+003  0.770315245885894E+002
  0.111804660518429E-012  0.139537794489351E+003  0.634154693979692E+002
  0.163181751646475E-012  0.138774916160519E+003  0.769765350898527E+002
  0.180515158745978E-012  0.138566360308669E+003  0.769621178349139E+002
  0.248383316073292E-012  0.137921387876447E+003  0.635271462750631E+002
  0.272327226877972E-012  0.137730669894305E+003  0.769040353443340E+002
  0.318906129165387E-012  0.137408229493469E+003  0.768814895221575E+002
  0.378718104317078E-012  0.137057783219859E+003  0.635875827773258E+002
  0.483302925513385E-012  0.136563424656107E+003  0.768220534599818E+002
  0.582406381821374E-012  0.136183719430755E+003  0.636493170383216E+002
  0.581408914380430E-012  0.136180492118572E+003  0.636495460546177E+002
  0.791848844006480E-012  0.135556004139479E+003  0.636940121103766E+002
  0.836844270125948E-012  0.135438813607476E+003  0.767420910107518E+002
  0.861484757305606E-012  0.135374119294037E+003  0.767374612437396E+002
  0.867607510288820E-012  0.135353299568446E+003  0.767359706064108E+002
  0.122165645714119E-011  0.134662196921741E+003  0.637581869563497E+002
  0.122411706666129E-011  0.134651517076306E+003  0.637589576154833E+002
  0.122040046932040E-011  0.134650943023702E+003  0.637589990418015E+002
  0.156323665234350E-011  0.134149128662308E+003  0.637953144507304E+002
  0.200357807851623E-011  0.133646120737390E+003  0.766125580076648E+002
  0.292312973823353E-011  0.132884024659102E+003  0.638877917589164E+002
  0.301892641505777E-011  0.132812876266843E+003  0.638930327374674E+002
  0.306234423501160E-011  0.132777661814541E+003  0.638956283332790E+002
  0.307374019002809E-011  0.132763577413414E+003  0.765478145849530E+002
  0.384791105499700E-011  0.132307651243389E+003  0.765141068402314E+002
  0.426565633946431E-011  0.132094864381507E+003  0.639461683329538E+002
  0.455192896312059E-011  0.131958298736758E+003  0.764881556441086E+002
  0.559151028911620E-011  0.131540246483455E+003  0.764569592088010E+002
  0.561522944795797E-011  0.131525124857010E+003  0.764558278574790E+002
  0.669498640076981E-011  0.131166716282545E+003  0.640155288374170E+002
  0.734217388189120E-011  0.130975508662194E+003  0.640299142930984E+002
  0.973539799737855E-011  0.130404585975694E+003  0.763714135819428E+002
  0.102260206209324E-010  0.130299596411416E+003  0.640810364687611E+002
  0.108360112448073E-010  0.130177061933684E+003  0.640903499197837E+002
  0.116930332948801E-010  0.130018169838249E+003  0.763420334508628E+002
  0.130790791907264E-010  0.129787472806635E+003  0.641200557771545E+002
  0.136270524206155E-010  0.129698731185866E+003  0.641268424981759E+002
  0.136303739411190E-010  0.129691588175873E+003  0.763170922479953E+002
  0.138604684407204E-010  0.129651452374211E+003  0.641304613419985E+002
  0.169200650150172E-010  0.129245877983139E+003  0.641615938392977E+002
  0.203476713812694E-010  0.128870289842480E+003  0.762539134989636E+002
  0.282642174776617E-010  0.128206374007023E+003  0.642421277313663E+002
  0.320233042440797E-010  0.127949983845162E+003  0.761823229110797E+002
  0.388052303712153E-010  0.127559145973877E+003  0.642928231958831E+002
  0.418592857609863E-010  0.127400973166931E+003  0.643052784501703E+002
  0.547588175544764E-010  0.126857068081453E+003  0.643483095885351E+002
  0.574515978489511E-010  0.126754403681632E+003  0.643564673149187E+002
  0.611738417529339E-010  0.126622194383368E+003  0.643669894251640E+002
  0.627530723508198E-010  0.126564563077643E+003  0.643715820366560E+002
  0.663999187936802E-010  0.126444930907627E+003  0.760633543576124E+002
  0.874784448962070E-010  0.125886882156486E+003  0.760186222822318E+002
  0.932245602248151E-010  0.125752988996843E+003  0.760078382286555E+002
  0.963304386535651E-010  0.125680787133233E+003  0.760020145789111E+002
  0.111353350623596E-009  0.125384283285540E+003  0.644664439305051E+002
  0.112732011537561E-009  0.125353017828189E+003  0.759755032779893E+002
  0.129758375178897E-009  0.125065040956409E+003  0.644923720330959E+002
  0.130990094591376E-009  0.125039490100247E+003  0.759500290673809E+002
  0.136636451895729E-009  0.124948430407338E+003  0.759426091847754E+002
  0.147966969437011E-009  0.124782444214196E+003  0.759290591922743E+002
  0.165167357028083E-009  0.124555848283004E+003  0.759105093217997E+002
  0.178549926640679E-009  0.124393374666220E+003  0.758971713852226E+002
  0.195656045007730E-009  0.124203739121935E+003  0.758815638892983E+002
  0.195705119982629E-009  0.124196581959278E+003  0.758809739932943E+002
  0.257720945601672E-009  0.123639389665285E+003  0.758348597060013E+002
  0.321640974362985E-009  0.123189616997768E+003  0.757973574595724E+002
  0.351235765781581E-009  0.123006917900928E+003  0.646624296718593E+002
  0.379240283451677E-009  0.122846837716526E+003  0.757686061045157E+002
  0.469650670144974E-009  0.122412543804596E+003  0.647125180507023E+002
  0.504262392797289E-009  0.122263673044645E+003  0.647251349790957E+002
  0.514480262570230E-009  0.122216896586536E+003  0.757153760445240E+002
  0.529671610757974E-009  0.122152040966385E+003  0.757098664251345E+002
  0.719981276844745E-009  0.121531449395960E+003  0.647876179025212E+002
  0.860705060174226E-009  0.121167740448801E+003  0.648189228980312E+002
  0.909859470880277E-009  0.121050008330205E+003  0.648290952147692E+002
  0.123453554054347E-008  0.120433032874394E+003  0.755617612131344E+002
  0.142019276312657E-008  0.120146181709672E+003  0.649078363097874E+002
  0.143147783556181E-008  0.120123696627507E+003  0.755346712713151E+002
  0.160573584779452E-008  0.119887291524139E+003  0.755138747399202E+002
  0.181072027059143E-008  0.119640350779929E+003  0.649524176010412E+002
  0.188332957154645E-008  0.119555062092933E+003  0.754845096436664E+002
  0.240807565809141E-008  0.119056833138054E+003  0.754401624439030E+002
  0.316424665731170E-008  0.118504003442125E+003  0.753905099022229E+002
  0.330144311910287E-008  0.118412458507136E+003  0.650622396923423E+002
  0.349718578455338E-008  0.118290605123334E+003  0.753712153937224E+002
  0.518148365419387E-008  0.117497683840186E+003  0.651456007247492E+002
  0.638680167690139E-008  0.117072743883898E+003  0.651847936165849E+002
  0.734395943742524E-008  0.116786799289641E+003  0.752331420702316E+002
  0.809680343625919E-008  0.116584961277030E+003  0.752143194543757E+002
  0.827378037215363E-008  0.116535061342724E+003  0.652348263215255E+002
  0.891030590542370E-008  0.116380171661812E+003  0.652493325833738E+002
  0.946603555486040E-008  0.116252512853980E+003  0.652613204128968E+002
  0.979509756009954E-008  0.116177513625786E+003  0.652683767603079E+002
  0.128060096296564E-007  0.115634792942561E+003  0.751247397325690E+002
  0.146551410569584E-007  0.115358384089911E+003  0.653461098131518E+002
  0.169582004284214E-007  0.115059807872473E+003  0.750697275335533E+002
  0.191549649660433E-007  0.114809531429768E+003  0.750455861283029E+002
  0.207903120273010E-007  0.114639025527370E+003  0.750290698694809E+002
  0.207977757123469E-007  0.114631652079590E+003  0.750283543513002E+002
  0.237201268628361E-007  0.114362040742642E+003  0.750021177503367E+002
  0.240782634651459E-007  0.114325414002174E+003  0.749985423849569E+002
  0.256717032602711E-007  0.114190598737491E+003  0.749853591036903E+002
  0.266577613261760E-007  0.114108561167087E+003  0.749773189464889E+002
  0.278142900447279E-007  0.114016966428801E+003  0.749683260384160E+002
  0.298483785623538E-007  0.113869149648955E+003  0.654907042357000E+002
  0.358658803445451E-007  0.113495182235778E+003  0.749167679071538E+002
  0.383587230775067E-007  0.113354135603080E+003  0.749027334070868E+002
  0.386646601899861E-007  0.113331591927180E+003  0.749004863513255E+002
  0.512230778282596E-007  0.112762408027249E+003  0.656010908214668E+002
  0.542579110089143E-007  0.112640635172040E+003  0.656133979166981E+002
  0.566215919289556E-007  0.112548696414918E+003  0.748217697371512E+002
  0.580958466798813E-007  0.112490633274174E+003  0.748158780208260E+002
  0.619428236613571E-007  0.112355742524066E+003  0.656423200684103E+002
  0.738988763692901E-007  0.111996115218790E+003  0.747653892112446E+002
  0.763710713586684E-007  0.111923646930131E+003  0.656865381504950E+002
  0.785857897901027E-007  0.111859817521373E+003  0.656931066666184E+002
  0.843895080301461E-007  0.111710657561549E+003  0.747359877604895E+002
  0.103152873474149E-006  0.111302463951499E+003  0.746936089296362E+002
  0.102939469171756E-006  0.111299950288978E+003  0.657511346372885E+002
  0.103315315763938E-006  0.111286005723797E+003  0.657525895505513E+002
  0.108220517270586E-006  0.111186579459660E+003  0.657629769986769E+002
  0.115603868850737E-006  0.111047926977002E+003  0.657775030931072E+002
  0.118588717457574E-006  0.110990287541329E+003  0.746609256062180E+002
  0.128437429408965E-006  0.110824070952969E+003  0.746434249845006E+002
  0.138630057739936E-006  0.110664681222828E+003  0.746265778367278E+002
  0.156063980134615E-006  0.110421111398276E+003  0.658437735326372E+002
  0.161335895287827E-006  0.110348010926955E+003  0.745929138056491E+002
  0.164610958047706E-006  0.110301162622724E+003  0.745879114959359E+002
  0.164936294260920E-006  0.110290558154279E+003  0.658577029635492E+002
  0.169042439862404E-006  0.110234721568324E+003  0.658636740617701E+002
  0.170655452258479E-006  0.110209072352246E+003  0.658664197021272E+002
  0.180876649495653E-006  0.110086079412752E+003  0.745648716556974E+002
  0.211820723502783E-006  0.109763573895336E+003  0.745300937709698E+002
  0.212920679084041E-006  0.109746559465898E+003  0.659162301598228E+002
  0.263237779872743E-006  0.109315627821683E+003  0.659631636667761E+002
  0.276176951412472E-006  0.109213004123721E+003  0.659744170400606E+002
  0.296597688472174E-006  0.109063678848202E+003  0.659908450093573E+002
  0.316347395520627E-006  0.108928094615218E+003  0.744386646483338E+002
  0.322946525085998E-006  0.108880147455327E+003  0.660111239413573E+002
  0.339029612322406E-006  0.108776290469058E+003  0.744218385584523E+002
  0.384302295539332E-006  0.108518950858264E+003  0.660513215819399E+002
  0.413184006641558E-006  0.108367368158983E+003  0.743761742252760E+002
  0.436557307966675E-006  0.108250659326819E+003  0.660814323683870E+002
  0.435203589646338E-006  0.108250215171863E+003  0.743629989548845E+002
  0.464005659215854E-006  0.108115393981754E+003  0.743477846083684E+002
  0.468324895113901E-006  0.108090207348270E+003  0.743449361144800E+002
  0.527815429714918E-006  0.107844383003538E+003  0.661274509040896E+002
  0.568794725177027E-006  0.107688181528979E+003  0.661452819395006E+002
  0.702463203962459E-006  0.107259379116218E+003  0.661946372728454E+002
  0.794858234200467E-006  0.107005582024317E+003  0.742203449145964E+002
  0.808790922453905E-006  0.106964173109780E+003  0.662289701281999E+002
  0.849388269265556E-006  0.106859565603590E+003  0.662412071711250E+002
  0.853146422067651E-006  0.106844080461399E+003  0.742014595239098E+002
  0.873286288387366E-006  0.106790760380807E+003  0.662492765921578E+002
  0.921197609185125E-006  0.106677282532143E+003  0.662626211091433E+002
  0.102960845176094E-005  0.106448108367132E+003  0.741547722595912E+002
  0.109912528361713E-005  0.106310780625529E+003  0.741384505863792E+002
  0.124109555995552E-005  0.106061165367577E+003  0.741086077918019E+002
  0.124763305812175E-005  0.106044002393125E+003  0.741065474451391E+002
  0.125771281895893E-005  0.106021253521683E+003  0.663406665046857E+002
  0.143369595532998E-005  0.105752676250050E+003  0.663730746820224E+002
  0.162616642466429E-005  0.105494081341954E+003  0.664045382801574E+002
  0.198768933637449E-005  0.105085930824742E+003  0.739897482216659E+002
  0.212894417269959E-005  0.104941968571231E+003  0.664725980827003E+002
  0.222687457452244E-005  0.104845367184932E+003  0.664846336751581E+002
  0.247744122467837E-005  0.104625457210775E+003  0.739323034284567E+002
  0.266873583248742E-005  0.104470044378566E+003  0.739127136221129E+002
  0.289267918286321E-005  0.104302232325862E+003  0.738914434552878E+002
  0.299886597135254E-005  0.104223474581506E+003  0.665630630664827E+002
  0.331451547250258E-005  0.104016664515003E+003  0.665895198772143E+002
  0.351853914236575E-005  0.103890540062259E+003  0.666057497432761E+002
  0.380740154932231E-005  0.103726082359434E+003  0.738174589183242E+002
  0.381607085825335E-005  0.103714878031799E+003  0.738160050509457E+002
  0.478430185513092E-005  0.103255984872958E+003  0.737559454192417E+002
  0.535025576147247E-005  0.103025720784409E+003  0.667190606897404E+002
  0.654696423777731E-005  0.102615351001398E+003  0.736703504947988E+002
  0.657375331763117E-005  0.102600528454134E+003  0.667761364590949E+002
  0.666104380952216E-005  0.102567490374292E+003  0.736638703903396E+002
  0.669730310669952E-005  0.102549977347013E+003  0.667829851956990E+002
  0.709229894635726E-005  0.102428712534898E+003  0.736450111605486E+002
  0.732856364476075E-005  0.102356516952588E+003  0.668093224276744E+002
  0.736072604838388E-005  0.102341103302900E+003  0.668114295517798E+002
  0.805795785434379E-005  0.102153444561286E+003  0.668371886467500E+002
  0.817726892045770E-005  0.102117392849913E+003  0.736023215664781E+002
  0.940353345391886E-005  0.101831282677858E+003  0.668818735917094E+002
  0.100795089813217E-004  0.101685789035093E+003  0.669022511884103E+002
  0.104772168463116E-004  0.101601736402434E+003  0.669140806628653E+002
  0.104445057071367E-004  0.101601334832308E+003  0.735303440721019E+002
  0.110855738445341E-004  0.101475542174329E+003  0.669319209578097E+002
  0.135940297790554E-004  0.101060914393875E+003  0.734532502906899E+002
  0.145237907122159E-004  0.100921944145422E+003  0.734331262770338E+002
  0.145855694067531E-004  0.100906799366293E+003  0.734309255640905E+002
  0.147420004829904E-004  0.100878807881309E+003  0.670176272559837E+002
  0.147710432591047E-004  0.100868216036773E+003  0.734253121236623E+002
  0.154473048730819E-004  0.100772028819487E+003  0.734112749446817E+002
  0.158011012788405E-004  0.100720083054220E+003  0.734036684311308E+002
  0.159511117540423E-004  0.100694529693128E+003  0.670445614288913E+002
  0.165761183826155E-004  0.100611005155722E+003  0.733876364658485E+002
  0.166236426955432E-004  0.100598623709585E+003  0.670586698120597E+002
  0.173113983666460E-004  0.100510889711728E+003  0.733728499779578E+002
  0.174663047620982E-004  0.100486417265452E+003  0.733692249682093E+002
  0.178694905635469E-004  0.100434119209002E+003  0.670830171267028E+002
  0.187266052116247E-004  0.100333762767882E+003  0.733465178971770E+002
  0.189955725928472E-004  0.100298585829162E+003  0.671032193954850E+002
  0.191557648592149E-004  0.100275134695427E+003  0.671067282575171E+002
  0.197964878963730E-004  0.100202677443967E+003  0.671175946862584E+002
  0.202486196245712E-004  0.100150857700691E+003  0.671253894890553E+002
  0.202803572622540E-004  0.100141069779489E+003  0.671268640066569E+002
  0.203489960923918E-004  0.100127656632198E+003  0.671288857940049E+002
  0.210204780624627E-004  0.100056069992399E+003  0.671396985987741E+002
  0.217503629010927E-004  0.999811477440259E+002  0.732934253517049E+002
  0.230202368774623E-004  0.998610056622210E+002  0.671693564404045E+002
  0.254871796300768E-004  0.996507463363945E+002  0.732428307151334E+002
  0.285739286764949E-004  0.994154524537926E+002  0.672382043149358E+002
  0.290575138947250E-004  0.993752321008590E+002  0.672444975854032E+002
  0.301577794762845E-004  0.992942448968302E+002  0.731872711891874E+002
  0.344716884061473E-004  0.990201984254587E+002  0.731438438089015E+002
  0.349331944358951E-004  0.989869445534564E+002  0.673059511892273E+002
  0.362657874480159E-004  0.989054143829525E+002  0.673190200686268E+002
  0.363244022807369E-004  0.988955288982481E+002  0.731238726893892E+002
  0.370258042902456E-004  0.988506226615498E+002  0.673278360615492E+002
  0.377251046021127E-004  0.988065456921870E+002  0.673349475870299E+002
  0.377132526687440E-004  0.988005185420946E+002  0.673359213893593E+002
  0.391533079177841E-004  0.987189162620279E+002  0.730953430563929E+002
  0.409799281519077E-004  0.986210657273145E+002  0.730794138506272E+002
  0.413334070438603E-004  0.985972328057430E+002  0.673689607600163E+002
  0.440760037133506E-004  0.984620883443181E+002  0.730533426414359E+002
  0.455508266879277E-004  0.983896062207559E+002  0.674031053080037E+002
  0.458748527275680E-004  0.983687739935534E+002  0.674065540597124E+002
  0.465366871493053E-004  0.983334706605664E+002  0.674124081515046E+002
  0.472928438707821E-004  0.982945790419662E+002  0.730256099391173E+002
  0.479245392731911E-004  0.982613860943615E+002  0.674243994434180E+002
  0.490621590574652E-004  0.982078097722121E+002  0.730111360696461E+002
  0.489000049391589E-004  0.982077752897971E+002  0.730111303027474E+002
  0.489600341836193E-004  0.981986660317866E+002  0.674348749162643E+002
  0.488250347396656E-004  0.981975327478458E+002  0.674350645588980E+002
  0.490205883151712E-004  0.981828827850904E+002  0.674375172319921E+002
  0.518188733441781E-004  0.980651990976685E+002  0.729871827730564E+002
  0.534534792968477E-004  0.979964289242939E+002  0.729755574649024E+002
  0.535364564499274E-004  0.979866711020467E+002  0.729739039672736E+002
  0.549078029043306E-004  0.979294302878299E+002  0.729641842271558E+002
  0.549073682503064E-004  0.979227905398477E+002  0.729630545379202E+002
  0.570251093556527E-004  0.978404466914057E+002  0.674954757219931E+002
  0.581240307374746E-004  0.977956161063475E+002  0.729413264465866E+002
  0.586151935416882E-004  0.977721310258658E+002  0.675071864156265E+002
  0.586800142057285E-004  0.977632649318194E+002  0.729357714035217E+002
  0.586345775919571E-004  0.977581585746369E+002  0.729348935478263E+002
  0.603321365936850E-004  0.976944223483000E+002  0.675205689719193E+002
  0.612631668363425E-004  0.976571389918311E+002  0.729174680606179E+002
  0.612169261230649E-004  0.976519935579677E+002  0.675279038761887E+002
  0.648532900875226E-004  0.975299301350490E+002  0.675491179066495E+002
  0.657209036957711E-004  0.974966957538910E+002  0.675549231035406E+002
  0.666810150118364E-004  0.974610337014479E+002  0.728833149149367E+002
  0.711547170622192E-004  0.973245054415237E+002  0.675852049740971E+002
  0.711712767282376E-004  0.973173844603064E+002  0.675864647810822E+002
  0.715008206215024E-004  0.973014896669758E+002  0.675892789796770E+002
  0.726586481722439E-004  0.972627070969486E+002  0.728483232010391E+002
  0.728212261156174E-004  0.972515813998663E+002  0.675981349340036E+002
  0.741273260570749E-004  0.972093723060912E+002  0.728388332476788E+002
  0.750923797116766E-004  0.971768470298124E+002  0.728330290356263E+002
  0.772318144728194E-004  0.971140066663466E+002  0.676227030348259E+002
  0.786612449076027E-004  0.970706728529469E+002  0.728139915334584E+002
  0.812390660520107E-004  0.969995259784208E+002  0.676433254072041E+002
  0.813397241390389E-004  0.969903938611724E+002  0.727995037939441E+002
  0.825697747266659E-004  0.969537199187142E+002  0.676516231799142E+002
  0.846366375055978E-004  0.968976172382229E+002  0.676618228243098E+002
  0.847721093505873E-004  0.968877629595907E+002  0.676636185613597E+002
  0.910729657727634E-004  0.967377185446508E+002  0.676911184090415E+002
  0.923492295209466E-004  0.967032302511262E+002  0.727469996605787E+002
  0.923711134819145E-004  0.966961007878652E+002  0.727456822332688E+002
  0.936673096983178E-004  0.966615753264141E+002  0.677051887077717E+002
  0.941489805203372E-004  0.966446613841354E+002  0.677083248787744E+002
  0.989026602457664E-004  0.965394903843281E+002  0.677279140963275E+002
  0.991888711386524E-004  0.965270554335649E+002  0.677302404179311E+002
  0.993947516958521E-004  0.965162528723139E+002  0.727122182355725E+002
  0.101038160356194E-003  0.964767993754004E+002  0.677396644930337E+002
  0.101283918422592E-003  0.964652850434911E+002  0.677418287156545E+002
  0.109188179614665E-003  0.963083391322841E+002  0.726729626761407E+002
  0.110494485171389E-003  0.962778979529063E+002  0.677773190790611E+002
  0.110157282405200E-003  0.962773552270597E+002  0.726670587356336E+002
  0.111655939866507E-003  0.962436736607662E+002  0.677838568094788E+002
  0.113862379510581E-003  0.961978813921340E+002  0.677926318406297E+002
  0.114671328802915E-003  0.961770668035997E+002  0.726478503828584E+002
  0.117988081967568E-003  0.961133840373219E+002  0.726355737899298E+002
  0.128045294709570E-003  0.959431275628311E+002  0.726024412847213E+002
  0.131129843525687E-003  0.958888641065984E+002  0.678526972820181E+002
  0.131332174009993E-003  0.958791249484342E+002  0.678546151069896E+002
  0.134890113108970E-003  0.958190080147430E+002  0.678664878346594E+002
  0.146015508050739E-003  0.956538477033890E+002  0.678994183484643E+002
  0.150691596068974E-003  0.955841471181662E+002  0.725310248118938E+002
  0.150325587833273E-003  0.955823551595366E+002  0.725306627730815E+002
  0.154381392942970E-003  0.955224543974168E+002  0.679259534898837E+002
  0.157043834750761E-003  0.954816011166082E+002  0.725102147440039E+002
  0.159887563118646E-003  0.954390537982593E+002  0.679429566748654E+002
  0.168077266647980E-003  0.953324923050712E+002  0.679648681097851E+002
  0.169436580262031E-003  0.953097269151579E+002  0.679695768146346E+002
  0.170808601187678E-003  0.952869414564359E+002  0.679742995466668E+002
  0.173654064564938E-003  0.952472427817728E+002  0.679825516636752E+002
  0.180379378219476E-003  0.951645929933766E+002  0.679998302787600E+002
  0.181106318963578E-003  0.951498934797278E+002  0.680029174226979E+002
  0.181620850738570E-003  0.951375638595137E+002  0.680055101648224E+002
  0.183622898484520E-003  0.951089824525172E+002  0.680115321188648E+002
  0.183019943533305E-003  0.951089049960608E+002  0.680115484608257E+002
  0.182619716057271E-003  0.951066277990773E+002  0.680120289636538E+002
  0.182769020497521E-003  0.950983377465219E+002  0.724307022533012E+002
  0.185083789139959E-003  0.950665112377968E+002  0.680205110051094E+002
  0.184542770451325E-003  0.950657104216803E+002  0.680206806582767E+002
  0.188126440894602E-003  0.950205887616250E+002  0.724142204427898E+002
  0.187635631745273E-003  0.950191578644419E+002  0.724139159489693E+002
  0.190024564021962E-003  0.949871994944226E+002  0.724071041744089E+002
  0.192340476657834E-003  0.949563163755261E+002  0.680439800069634E+002
  0.198705987468363E-003  0.948845424656892E+002  0.680594031690441E+002
  0.201815036082577E-003  0.948468362201902E+002  0.680675499216334E+002
  0.203052031733807E-003  0.948279593496242E+002  0.723728413319220E+002
  0.204725694618394E-003  0.948048862735872E+002  0.680766499123710E+002
  0.209200964432421E-003  0.947549820250152E+002  0.723569554412335E+002
  0.213890915769374E-003  0.947039848380551E+002  0.723457837044043E+002
  0.213356406087191E-003  0.947023334784577E+002  0.723454209655193E+002
  0.213023469862687E-003  0.946988012754386E+002  0.680998364819965E+002
  0.224007285371248E-003  0.945915932382194E+002  0.681235287409114E+002
  0.224318305109084E-003  0.945821627123755E+002  0.681256256351213E+002
  0.224532801704490E-003  0.945735956153555E+002  0.723169489890370E+002
  0.223955695113244E-003  0.945720871630351E+002  0.681278682711747E+002
  0.225628254162864E-003  0.945505505643566E+002  0.723118113514480E+002
  0.233630924621775E-003  0.944741872379207E+002  0.722946959741292E+002
  0.233334714577600E-003  0.944700689757651E+002  0.722937689257645E+002
  0.233123542964708E-003  0.944652242468094E+002  0.722926778134802E+002
  0.232474056274828E-003  0.944641484815734E+002  0.722924354555103E+002
  0.236125575887873E-003  0.944263226377016E+002  0.681605857532904E+002
  0.236473731233493E-003  0.944167203294669E+002  0.722817220725005E+002
  0.243127325418630E-003  0.943545684487288E+002  0.681768835052505E+002
  0.243623764036790E-003  0.943438332574153E+002  0.722651483492045E+002
  0.243200031296662E-003  0.943406592888619E+002  0.681800577857578E+002
  0.245601801555766E-003  0.943143492030927E+002  0.681860756781885E+002
  0.247566562745052E-003  0.942917577135794E+002  0.681912572469957E+002
  0.252608007622865E-003  0.942447832854296E+002  0.722424075358530E+002
  0.257729934717314E-003  0.941979809816398E+002  0.722315726929709E+002
  0.261778236885293E-003  0.941601545030130E+002  0.682217084574024E+002
  0.262714306754603E-003  0.941463600540332E+002  0.722195541641038E+002
  0.263144120362787E-003  0.941364350486054E+002  0.722172350978863E+002
  0.263680717496097E-003  0.941257052693291E+002  0.682297564003113E+002
  0.266294142668367E-003  0.940993246300698E+002  0.682359414248862E+002
  0.268612515988769E-003  0.940753322843018E+002  0.722028980762361E+002
  0.269911187522007E-003  0.940590305248136E+002  0.682454258578083E+002
  0.272168410619875E-003  0.940357188214190E+002  0.721935475463007E+002
  0.272242755996699E-003  0.940285169969106E+002  0.721918428282844E+002
  0.283370213031942E-003  0.939417412918492E+002  0.721711852433197E+002
  0.284279611103490E-003  0.939286775437343E+002  0.682764250227888E+002
  0.285642048761879E-003  0.939124596650809E+002  0.682803163994241E+002
  0.285599517338900E-003  0.939061019023205E+002  0.721626373196240E+002
  0.287015474494501E-003  0.938895551382727E+002  0.682858255156286E+002
  0.291014077836988E-003  0.938552285360020E+002  0.682941114013324E+002
  0.290826180116895E-003  0.938498647036740E+002  0.721490719906018E+002
  0.301444375792370E-003  0.937714896473695E+002  0.683144755837731E+002
  0.305650196677201E-003  0.937371224824491E+002  0.721215849415722E+002
  0.307012949300054E-003  0.937215696485005E+002  0.721177618070033E+002
  0.315743170697103E-003  0.936588356576369E+002  0.683422194853922E+002
  0.314744420930898E-003  0.936585164470478E+002  0.683422986808224E+002
  0.315884353869366E-003  0.936446304059283E+002  0.720987343414382E+002
  0.319785973584729E-003  0.936134233024598E+002  0.720909614393210E+002
  0.331881155547421E-003  0.935325177220039E+002  0.720706576898913E+002
  0.331170417782959E-003  0.935301498205770E+002  0.683744212627478E+002
  0.330727003247347E-003  0.935261738979208E+002  0.683754251219784E+002
  0.330199700067034E-003  0.935227096143772E+002  0.683763002452757E+002
  0.329122583582457E-003  0.935225887287989E+002  0.720681505629899E+002
  0.331977375762114E-003  0.934986600577039E+002  0.720620944003749E+002
  0.335842495936974E-003  0.934688535441827E+002  0.683899587483858E+002
  0.337327163851182E-003  0.934533759958658E+002  0.720505784495795E+002
  0.348035057948718E-003  0.933842205278824E+002  0.720328505557514E+002
  0.347033108152275E-003  0.933833310036859E+002  0.720326213968168E+002
  0.348961713619862E-003  0.933655913731972E+002  0.684164361069353E+002
  0.349624306478350E-003  0.933551418833823E+002  0.684191371137861E+002
  0.362313497895974E-003  0.932771849323313E+002  0.720050646214790E+002
  0.361445041310510E-003  0.932753290578778E+002  0.720045790247924E+002
  0.362260842012332E-003  0.932641644578479E+002  0.720016549677542E+002
  0.362971808847942E-003  0.932535875591035E+002  0.719988803930394E+002
  0.362982049972006E-003  0.932468755504059E+002  0.684473639307333E+002
  0.364378520060851E-003  0.932325403028741E+002  0.684511350915681E+002
  0.375281911915381E-003  0.931669161406052E+002  0.719759790415705E+002
  0.374070174668345E-003  0.931667287524748E+002  0.719759292036542E+002
  0.374683613349402E-003  0.931567960532785E+002  0.684711958893201E+002
  0.375193968985065E-003  0.931474181315991E+002  0.719707857177176E+002
  0.378986289094457E-003  0.931206487813598E+002  0.684808509204104E+002
  0.381864770867955E-003  0.930988601710284E+002  0.719577846920329E+002
  0.386798225957651E-003  0.930665313225624E+002  0.719490746111515E+002
  0.393792394510252E-003  0.930240343907133E+002  0.719375577512759E+002
  0.394367567140599E-003  0.930144597445493E+002  0.719349522894690E+002
  0.394192582622852E-003  0.930086917797002E+002  0.719333807905675E+002
  0.394252094661946E-003  0.930017342783228E+002  0.719314832764152E+002
  0.400813707867504E-003  0.929620662749508E+002  0.685238572016685E+002
  0.405689463584971E-003  0.929312281978222E+002  0.719121340117401E+002
  0.406503929248863E-003  0.929205614255041E+002  0.685352939940829E+002
  0.407573667357956E-003  0.929086496450290E+002  0.685385906704665E+002
  0.409446887193127E-003  0.928928230685594E+002  0.719015005445105E+002
  0.411061151805394E-003  0.928782978923759E+002  0.718974612774598E+002
  0.410478704347498E-003  0.928744781943507E+002  0.685480839034680E+002
  0.410368533140551E-003  0.928683594799917E+002  0.685497894428786E+002
  0.409837252826716E-003  0.928642948612320E+002  0.685509233827787E+002
  0.414524563724416E-003  0.928348950863552E+002  0.718853330542112E+002
  0.414934892803531E-003  0.928262607277769E+002  0.718829097571329E+002
  0.414148978867766E-003  0.928233968709528E+002  0.685623761399858E+002
  0.415072990131143E-003  0.928122840444312E+002  0.685655017688802E+002
  0.416266801642656E-003  0.927998844238719E+002  0.685689963008721E+002
  0.420227202693042E-003  0.927742906056502E+002  0.718682485952701E+002
  0.425445453896479E-003  0.927429525793981E+002  0.685851369065496E+002
  0.431343394121530E-003  0.927087614709344E+002  0.685949072829016E+002
  0.433791096589312E-003  0.926907887647983E+002  0.718444146323996E+002
  0.432429544810130E-003  0.926904205106609E+002  0.686001726071881E+002
  0.434620420201060E-003  0.926736576465029E+002  0.718394814680463E+002
  0.439308041048405E-003  0.926455464620587E+002  0.718313536572766E+002
  0.440702134175977E-003  0.926325541628988E+002  0.718275832782698E+002
  0.441069760412728E-003  0.926242309121501E+002  0.686193181515929E+002
  0.440928043787045E-003  0.926182180393557E+002  0.718234126167342E+002
  0.439771149287528E-003  0.926168168987068E+002  0.718230044143331E+002
  0.445292471517830E-003  0.925852076599312E+002  0.686307136639005E+002
  0.443817919214760E-003  0.925851859181100E+002  0.718137613173762E+002
  0.442902074277587E-003  0.925826617222153E+002  0.686314599614696E+002
  0.444892282417199E-003  0.925670391489037E+002  0.686360471363930E+002
  0.448027436323547E-003  0.925463390058129E+002  0.686421457243337E+002
  0.452051424994482E-003  0.925218004793497E+002  0.686494057908373E+002
  0.450623701889135E-003  0.925214715354186E+002  0.686495033411448E+002
  0.450646179043818E-003  0.925147161975240E+002  0.686515080171087E+002
  0.450468770572465E-003  0.925088481238548E+002  0.717912298806702E+002
  0.449916440904054E-003  0.925046462922679E+002  0.717899802890810E+002
  0.450413074152114E-003  0.924957842608217E+002  0.717873415197128E+002
  0.454883151956804E-003  0.924693777350148E+002  0.717794521674547E+002
  0.454864079116549E-003  0.924628060147835E+002  0.717774825465739E+002
  0.454410788933758E-003  0.924581445080572E+002  0.686683974277303E+002
  0.455718066411574E-003  0.924457434628460E+002  0.686721243356076E+002
  0.456539467396151E-003  0.924354862628281E+002  0.686752137342580E+002
  0.460302813415993E-003  0.924124118623754E+002  0.717622951147651E+002
  0.459026263933220E-003  0.924113105514269E+002  0.717619615368032E+002
  0.458037573894118E-003  0.924089673882463E+002  0.686832297815077E+002
  0.459801545582557E-003  0.923946243002055E+002  0.686875828151867E+002
  0.461457455340492E-003  0.923807789436833E+002  0.717526848182000E+002
  0.464404398853350E-003  0.923613916435275E+002  0.717467648817456E+002
  0.464047111629409E-003  0.923562753456312E+002  0.717451987760955E+002
  0.467591887537381E-003  0.923344001663636E+002  0.687059968421145E+002
  0.466225062406112E-003  0.923335993786296E+002  0.687062431963748E+002
  0.465380881029134E-003  0.923305684279949E+002  0.687071760004750E+002
  0.464371310571093E-003  0.923282562453899E+002  0.717365933698540E+002
  0.463938288647526E-003  0.923234665166633E+002  0.687093639344026E+002
  0.469861368214373E-003  0.922914386461344E+002  0.687192705475302E+002
  0.468560513052905E-003  0.922903279323708E+002  0.687196152767077E+002
  0.468138444548881E-003  0.922854747179473E+002  0.717233588688213E+002
  0.466597839116293E-003  0.922854118285755E+002  0.717233393280534E+002
  0.468993038542398E-003  0.922685158550041E+002  0.687264011302017E+002
  0.469846761995315E-003  0.922582229186362E+002  0.717148673216633E+002
  0.471071974221603E-003  0.922463587572137E+002  0.687333259858171E+002
  0.470986552954339E-003  0.922400658774978E+002  0.687352986076394E+002
  0.470845248181370E-003  0.922340104247401E+002  0.717072820756713E+002
  0.469714485340694E-003  0.922321637401311E+002  0.687377793941501E+002
  0.485713560056036E-003  0.921585200890868E+002  0.716833798456640E+002
  0.485840594079797E-003  0.921513414952374E+002  0.716810865228822E+002
  0.487213221928093E-003  0.921390433545434E+002  0.716771492734049E+002
  0.487400869065356E-003  0.921316176351149E+002  0.687697145910695E+002
  0.486317166473857E-003  0.921294138695182E+002  0.687704224125171E+002
  0.486823702860472E-003  0.921206762210596E+002  0.716712491159275E+002
  0.499542180977578E-003  0.920624406612162E+002  0.687921004422269E+002
  0.498393021765662E-003  0.920603912306755E+002  0.716517123629043E+002
  0.503072469982795E-003  0.920350451122263E+002  0.716434181703738E+002
  0.503478621090644E-003  0.920267755011846E+002  0.688037798000276E+002
  0.505963655909828E-003  0.920102727414390E+002  0.716352646854322E+002
  0.504386124500397E-003  0.920098626525557E+002  0.688093520386178E+002
  0.502761791866865E-003  0.920096582957329E+002  0.688094195019841E+002
  0.501948846433701E-003  0.920062392518380E+002  0.688105486932229E+002
  0.502981010186174E-003  0.919954752690268E+002  0.688141095750364E+002
  0.505789428690781E-003  0.919776836537155E+002  0.716244662277763E+002
  0.505759073430243E-003  0.919711481083500E+002  0.688221907171300E+002
  0.504418696340212E-003  0.919698000212288E+002  0.716218414557808E+002
  0.504306603702936E-003  0.919635889332664E+002  0.716197700679153E+002
  0.505063300916093E-003  0.919539346611190E+002  0.716165442746716E+002
  0.503614399288436E-003  0.919530248315293E+002  0.688282414656748E+002
  0.502625680897841E-003  0.919502996004853E+002  0.688291536011329E+002
  0.507389341781235E-003  0.919247781773217E+002  0.716067565613989E+002
  0.509468989549322E-003  0.919099419072465E+002  0.716017494270239E+002
  0.509704512835315E-003  0.919023619573061E+002  0.688452971322187E+002
  0.509855856077830E-003  0.918951126182881E+002  0.688477549318785E+002
  0.516558666348606E-003  0.918623354063166E+002  0.715855584015983E+002
  0.515034960234086E-003  0.918615879945546E+002  0.715853026725804E+002
  0.514859577473365E-003  0.918556135822209E+002  0.715832567835997E+002
  0.513718226911024E-003  0.918533965618642E+002  0.715824968001817E+002
  0.512737992798384E-003  0.918505608597869E+002  0.688629572365689E+002
  0.512310842463483E-003  0.918455721284186E+002  0.715798112234202E+002
  0.511036291959812E-003  0.918438984399876E+002  0.715792360740568E+002
  0.520719215939385E-003  0.917997021509834E+002  0.715639591687692E+002
  0.519589258944184E-003  0.917973912722663E+002  0.688813257515511E+002
  0.532855971952439E-003  0.917403105853470E+002  0.715431516417540E+002
  0.532519877850038E-003  0.917349168851399E+002  0.715412457285518E+002
  0.534131171431875E-003  0.917222188609573E+002  0.689077334979694E+002
  0.536300733427412E-003  0.917074560300201E+002  0.715314991638054E+002
  0.535465922192845E-003  0.917039160959468E+002  0.689142438875215E+002
  0.534734872928913E-003  0.916999928978751E+002  0.715288377414622E+002
  0.533962011562101E-003  0.916962300425129E+002  0.689169875385909E+002
  0.533815799630478E-003  0.916901221865113E+002  0.689191719479721E+002
  0.534665099808332E-003  0.916802871377658E+002  0.715217842886974E+002
  0.543189070394127E-003  0.916419977854917E+002  0.715079684163610E+002
  0.547581087839153E-003  0.916192360031044E+002  0.714996845131847E+002
  0.551091385185930E-003  0.915998002381863E+002  0.714925683222698E+002
  0.556508225359509E-003  0.915735820532133E+002  0.689615761702876E+002
  0.566113399732971E-003  0.915327015532405E+002  0.714676884257947E+002
  0.571768452282075E-003  0.915061665836518E+002  0.689867702167233E+002
  0.572351239125854E-003  0.914974735002277E+002  0.714544249219927E+002
  0.573184365304845E-003  0.914879087958819E+002  0.689936822973219E+002
  0.573103935282674E-003  0.914815338781521E+002  0.689961049079762E+002
  0.110702678163463E-002  0.899122530526591E+002  0.690043717090292E+002
  0.110831391987234E-002  0.899099290067339E+002  0.690052620971507E+002
  0.111186729291613E-002  0.898906652692287E+002  0.690126676493126E+002
  0.111189000456888E-002  0.898906244164742E+002  0.690126834025025E+002
  0.111530242851879E-002  0.898844957558888E+002  0.690150489978463E+002
  0.111903665138619E-002  0.898778105998572E+002  0.690176346917035E+002
  0.111644700924350E-002  0.898693295043860E+002  0.690209230303749E+002
  0.111044996389866E-002  0.898669867505229E+002  0.690218329640644E+002
  0.112195228466046E-002  0.898332620032484E+002  0.690350090495436E+002
  0.115983700097109E-002  0.897537288027860E+002  0.690666770431025E+002
  0.117098743283971E-002  0.897214782542390E+002  0.690797684623887E+002
  0.119062276904726E-002  0.896620757851101E+002  0.691042827817418E+002
  0.119137659716968E-002  0.896608099104701E+002  0.691048110375739E+002
  0.119222897991451E-002  0.896593795013632E+002  0.691054082551509E+002
  0.120561633492251E-002  0.896370469613520E+002  0.691147741957460E+002
  0.121168186401597E-002  0.896270100667296E+002  0.691190094201205E+002
  0.122556074966861E-002  0.896042318080595E+002  0.691286819125649E+002
  0.123329258386378E-002  0.895781857512260E+002  0.691398479531210E+002
  0.122083265822857E-002  0.895716484258372E+002  0.691426686597618E+002
  0.122537069486053E-002  0.895642278786743E+002  0.691458794138105E+002
  0.122557924955025E-002  0.895638875131916E+002  0.691460269143604E+002
  0.122853330559151E-002  0.895590726444329E+002  0.691481156524717E+002
  0.122744606672787E-002  0.895471914766152E+002  0.691532872830326E+002
  0.123298524591737E-002  0.895381862448588E+002  0.691572238075142E+002
  0.123431601064175E-002  0.895360288028361E+002  0.691581690687535E+002
  0.122644581707805E-002  0.895349810616274E+002  0.691586284289415E+002
  0.124434900637090E-002  0.895059968619538E+002  0.691714155540031E+002
  0.125278353248887E-002  0.894924860721775E+002  0.691774296628444E+002
  0.125334589489730E-002  0.894915884929676E+002  0.691778304324473E+002
  0.128140833504681E-002  0.894473024056984E+002  0.691977988801454E+002
  0.128929303048523E-002  0.894350338158592E+002  0.692033999715158E+002
  0.128242854638433E-002  0.894313737320452E+002  0.692050769161726E+002
  0.127496325799946E-002  0.894287131955893E+002  0.692062976344478E+002
  0.128576532965556E-002  0.894118396607968E+002  0.692140740319788E+002
  0.128048573230639E-002  0.894056284528976E+002  0.692169516982704E+002
  0.127525437551769E-002  0.893993755877333E+002  0.692198570089968E+002
  0.126927785286556E-002  0.893943301917199E+002  0.692222074382415E+002
  0.126789856708747E-002  0.893820642168715E+002  0.692279447924694E+002
  0.127638637353216E-002  0.893542795584110E+002  0.692410650000553E+002
  0.126052280284008E-002  0.893505148472386E+002  0.692428562571746E+002
  0.125207327425468E-002  0.893496293904169E+002  0.692432780353981E+002
  0.124943640069132E-002  0.893395088645343E+002  0.692481118157844E+002
  0.124343382325358E-002  0.893348034965307E+002  0.692503673878374E+002
  0.125061260983770E-002  0.892947180732022E+002  0.692697993574815E+002
  0.124761472726681E-002  0.892852831556058E+002  0.692744309843510E+002
  0.126605900542524E-002  0.892559323151321E+002  0.692889863591672E+002
  0.126710837457707E-002  0.892399383288722E+002  0.692970143172146E+002
  0.125992863608816E-002  0.892369660553428E+002  0.692985138960245E+002
  0.126071722506429E-002  0.892213776685397E+002  0.693064187948980E+002
  0.125387616051155E-002  0.892179228965743E+002  0.693081799702050E+002
  0.126327435393810E-002  0.891886511935408E+002  0.693232405621918E+002
  0.125585680158973E-002  0.891860922020361E+002  0.693245691998845E+002
  0.124177833949619E-002  0.891659330593040E+002  0.693351054799068E+002
  0.123323899675547E-002  0.891655996409160E+002  0.693352807949093E+002
  0.122321097256493E-002  0.891259813227714E+002  0.693563651992100E+002
  0.121869843736031E-002  0.891195322597649E+002  0.693598460983550E+002
  0.121951925642818E-002  0.891043447853754E+002  0.693680996174409E+002
  0.122211871675594E-002  0.891000862321608E+002  0.693704282518959E+002
  0.121891720566946E-002  0.890913950480694E+002  0.693752005734016E+002
  0.121710382930461E-002  0.890804353137744E+002  0.693812571600076E+002
  0.121700860153306E-002  0.890666544638407E+002  0.693889352290761E+002
  0.121109687897336E-002  0.890624559677561E+002  0.693912885417509E+002
  0.121385144047296E-002  0.890579122623711E+002  0.693938428811850E+002
  0.121188740568505E-002  0.890471157760219E+002  0.693999441788825E+002
  0.121517511967939E-002  0.890416973478258E+002  0.694030233597971E+002
  0.121094831946573E-002  0.890345318335509E+002  0.694071132355701E+002
  0.120318415132110E-002  0.890332620705536E+002  0.694078401231810E+002
  0.119202248094207E-002  0.890237327381978E+002  0.694133161226082E+002
  0.119300854714793E-002  0.890220789798182E+002  0.694142702286915E+002
  0.119441696283747E-002  0.890197192565983E+002  0.694156335825272E+002
  0.118804388323614E-002  0.890161843412737E+002  0.694176802379909E+002
  0.117844697731699E-002  0.890040364878843E+002  0.694247536767140E+002
  0.118298319792823E-002  0.889963526253869E+002  0.694292604039453E+002
  0.118636459945081E-002  0.889906440437730E+002  0.694326252458019E+002
  0.119290347360817E-002  0.889796509309007E+002  0.694391457075900E+002
  0.119312642527752E-002  0.889792771691635E+002  0.694393683554776E+002
  0.117832865167061E-002  0.889752512996031E+002  0.694417705712331E+002
  0.117870289569122E-002  0.889746161888441E+002  0.694421502141195E+002
  0.117114481124171E-002  0.889729363729138E+002  0.694431552301879E+002
  0.117184949062078E-002  0.889717333321727E+002  0.694438757941801E+002
  0.117420561534944E-002  0.889677161622183E+002  0.694462867348593E+002
  0.117551251945186E-002  0.889507311629259E+002  0.694565643352103E+002
  0.116131926664381E-002  0.889456140312408E+002  0.694596878569757E+002
  0.115432198003828E-002  0.889430489838179E+002  0.694612583982739E+002
  0.115477112491190E-002  0.889422709383102E+002  0.694617354253475E+002
  0.115073017166899E-002  0.889345217063364E+002  0.694665029867527E+002
  0.115206321653579E-002  0.889322061794245E+002  0.694679334160059E+002
  0.115548077596479E-002  0.889114120676964E+002  0.694809027664595E+002
  0.114060948075430E-002  0.889076894197813E+002  0.694832486143933E+002
  0.114185042144076E-002  0.889055146769829E+002  0.694846224932803E+002
  0.114687465767912E-002  0.888967338157869E+002  0.694901959650822E+002
  0.112864321179034E-002  0.888841709807594E+002  0.694982445685601E+002
  0.113008477194895E-002  0.888816181096484E+002  0.694998910741235E+002
  0.113621081875803E-002  0.888708056423694E+002  0.695069067243215E+002
  0.114775450105033E-002  0.888505885567788E+002  0.695202126222742E+002
  0.114820945047314E-002  0.888497959495108E+002  0.695207394189053E+002
  0.114881055597251E-002  0.888487491923883E+002  0.695214357399131E+002
  0.114892262785064E-002  0.888485540924889E+002  0.695215656002612E+002
  0.115107411149482E-002  0.888448123754075E+002  0.695240607963798E+002
  0.115461565301355E-002  0.888386683670358E+002  0.695281774387972E+002
  0.114431061336582E-002  0.888253480299429E+002  0.695371873532494E+002
  0.113343863655750E-002  0.888134322929443E+002  0.695453488103956E+002
  0.112568013858224E-002  0.888117254660358E+002  0.695465259403293E+002
  0.112569146679208E-002  0.888117053392654E+002  0.695465398331873E+002
  0.112331844853033E-002  0.888003616162832E+002  0.695544160221127E+002
  0.112560093158371E-002  0.887963019174655E+002  0.695572574241028E+002
  0.113203719589070E-002  0.887848983507633E+002  0.695653045754967E+002
  0.113505750107856E-002  0.887795694035803E+002  0.695690990424569E+002
  0.114341807640042E-002  0.887648918482396E+002  0.695796660064748E+002
  0.114426629765202E-002  0.887473443958986E+002  0.695925318002670E+002
  0.115007784209968E-002  0.887372124252390E+002  0.696000817118574E+002
  0.115129226460466E-002  0.887351016432936E+002  0.696016661372333E+002
  0.115230160357863E-002  0.887333490096328E+002  0.696029848046928E+002
  0.115429052647285E-002  0.887298998980864E+002  0.696055881236021E+002
  0.114627224894889E-002  0.887272437681303E+002  0.696076004313821E+002
  0.113771638160639E-002  0.887256303130328E+002  0.696088260222802E+002
  0.113354458010877E-002  0.887163798264875E+002  0.696159005667099E+002
  0.111852561079150E-002  0.887099974639213E+002  0.696208301547134E+002
  0.110348175805956E-002  0.887042918114417E+002  0.696252715283355E+002
  0.110389778126275E-002  0.887035379343658E+002  0.696258608324758E+002
  0.110001972776647E-002  0.886941154164041E+002  0.696332761346369E+002
  0.109346952717818E-002  0.886895992590623E+002  0.696368635446578E+002
  0.109353426447579E-002  0.886894808554310E+002  0.696369578943961E+002
  0.109426263435224E-002  0.886881491597809E+002  0.696380201032928E+002
  0.108536036614081E-002  0.886877500136636E+002  0.696383388531390E+002
  0.109170111958699E-002  0.886760998670472E+002  0.696477203244332E+002
  0.107976689909190E-002  0.886644695427778E+002  0.696572411883582E+002
  0.107367090971533E-002  0.886590563435761E+002  0.696617277137602E+002
  0.107556063629923E-002  0.886555393152235E+002  0.696646620163802E+002
  0.106951618689768E-002  0.886499329045979E+002  0.696693717164561E+002
  0.107099011141292E-002  0.886471785567142E+002  0.696717002824809E+002
  0.107661978155810E-002  0.886366930713222E+002  0.696806564616265E+002
  0.107901965570588E-002  0.886322398680679E+002  0.696845052929667E+002
  0.108029957074343E-002  0.886298689074952E+002  0.696865657568104E+002
  0.108043988541071E-002  0.886296091544425E+002  0.696867919749826E+002
  0.108069723847107E-002  0.886291328254604E+002  0.696872070570136E+002
  0.107197214302117E-002  0.886275676259969E+002  0.696885732746634E+002
  0.106354455013610E-002  0.886255753940195E+002  0.696903173124248E+002
  0.106802548198975E-002  0.886171666842202E+002  0.696977423469801E+002
  0.106934268846560E-002  0.886147015840829E+002  0.696999390801525E+002
  0.105656449053676E-002  0.886027076770180E+002  0.697107618595315E+002
  0.105935924100689E-002  0.885974244013429E+002  0.697156026028578E+002
  0.105138968529306E-002  0.885944276039532E+002  0.697183690560292E+002
  0.104298793126529E-002  0.885923743211689E+002  0.697202733181553E+002
  0.104342084456990E-002  0.885915443528217E+002  0.697210451034147E+002
  0.103168184969090E-002  0.885778082238645E+002  0.697339954372811E+002
  0.102266538825110E-002  0.885772645320062E+002  0.697345151010328E+002
  0.102271638468002E-002  0.885771648021081E+002  0.697346104835422E+002
  0.101394697123161E-002  0.885761230400197E+002  0.697356079511501E+002
  0.101434814013614E-002  0.885753318949688E+002  0.697363668257109E+002
  0.101646159399088E-002  0.885711691128387E+002  0.697403794975621E+002
  0.100758831197429E-002  0.885701001379418E+002  0.697414153288825E+002
  0.100093684989588E-002  0.885647418610900E+002  0.697466414666724E+002
  0.100141924639546E-002  0.885637782033075E+002  0.697475874647934E+002
  0.992715814063307E-003  0.885624568933591E+002  0.697488876341561E+002
  0.993376373462275E-003  0.885611265232434E+002  0.697502003367653E+002
  0.985129118488935E-003  0.885588428384142E+002  0.697524622464028E+002
  0.975992228209610E-003  0.885585215382255E+002  0.697527813574706E+002
  0.976919689110626E-003  0.885566218909090E+002  0.697546725122516E+002
  0.977979576830778E-003  0.885544532107269E+002  0.697568408913477E+002
  0.979053882924570E-003  0.885522574256803E+002  0.697590467134976E+002
  0.121250172921107E-002  0.874657288611299E+002  0.699205677293243E+002
  0.121262558349589E-002  0.874655245761272E+002  0.699208837416899E+002
  0.121434756913815E-002  0.874626864962261E+002  0.699253088119555E+002
  0.121527415575344E-002  0.874611610132249E+002  0.699277147811593E+002
  0.121565813230051E-002  0.874605291954615E+002  0.699287170502943E+002
  0.121587132924930E-002  0.874601784747276E+002  0.699292748877721E+002
  0.121623881340413E-002  0.874595740873667E+002  0.699302386942927E+002
  0.117374454388677E-002  0.874579669065845E+002  0.699328172537637E+002
  0.117521799979118E-002  0.874554577885032E+002  0.699368894615438E+002
  0.117541271212546E-002  0.874551264521793E+002  0.699374315603828E+002
  0.116207898755436E-002  0.874534036642892E+002  0.699402670077174E+002
  0.116347565898793E-002  0.874510013615034E+002  0.699442691140211E+002
  0.114918661719842E-002  0.874508710821006E+002  0.699444878008813E+002
  0.115076228965557E-002  0.874481307208709E+002  0.699491283449047E+002
  0.115298451807492E-002  0.874442722602083E+002  0.699557992658414E+002
  0.115384451021890E-002  0.874427810492459E+002  0.699584226209526E+002
  0.113932143013935E-002  0.874423073809738E+002  0.699592613798446E+002
  0.113987073280937E-002  0.874413433504904E+002  0.699609767758276E+002
  0.112637113122448E-002  0.874390267610576E+002  0.699651457092918E+002
  0.112665158285898E-002  0.874385288492804E+002  0.699660506085285E+002
  0.111210658160146E-002  0.874380263852662E+002  0.699669670327583E+002
  0.109907189696882E-002  0.874351158204938E+002  0.699723416037928E+002
  0.109974905047285E-002  0.874338839720775E+002  0.699746514380278E+002
  0.107321160282593E-002  0.874294002117200E+002  0.699832473563611E+002
  0.105949978898403E-002  0.874286272609792E+002  0.699847606375036E+002
  0.104626883984602E-002  0.874272699072389E+002  0.699874416620203E+002
  0.104668664545257E-002  0.874264714084365E+002  0.699890332434325E+002
  0.104680001496152E-002  0.874262547946674E+002  0.699894668781649E+002
  0.103289995887970E-002  0.874257786220489E+002  0.699904229699343E+002
  0.103321342454088E-002  0.874251717518430E+002  0.699916472307297E+002
  0.103341059157629E-002  0.874247901303493E+002  0.699924204292627E+002
  0.103426235679254E-002  0.874231423547374E+002  0.699957892741226E+002
  0.101979480636107E-002  0.874229471588559E+002  0.699961916742447E+002
  0.100570549021152E-002  0.874224022114248E+002  0.699973189045015E+002
  0.100661752222543E-002  0.874205893174297E+002  0.700011102481428E+002
  0.100687094481280E-002  0.874200858676352E+002  0.700021747113130E+002
  0.993027676724437E-003  0.874185766506749E+002  0.700053970151536E+002
  0.994014407147360E-003  0.874165903203157E+002  0.700097124473434E+002
  0.994220179348101E-003  0.874161763405915E+002  0.700106229267819E+002
  0.994228729084477E-003  0.874161591417863E+002  0.700106608374571E+002
  0.979489318399695E-003  0.874154961130430E+002  0.700121275412540E+002
  0.979636301095520E-003  0.874151960144794E+002  0.700127947738607E+002
  0.979663736609869E-003  0.874151400036310E+002  0.700129195426866E+002
  0.979664886486045E-003  0.874151376561408E+002  0.700129247735401E+002
  0.980097064581108E-003  0.874142555528796E+002  0.700148996834047E+002
  0.980184428591179E-003  0.874140772845841E+002  0.700153010913495E+002
  0.964913277094113E-003  0.874124237154702E+002  0.700190622349774E+002
  0.949430683176319E-003  0.874117165214025E+002  0.700206922175592E+002
  0.949543796652217E-003  0.874114782591673E+002  0.700212443553049E+002
  0.949777095673753E-003  0.874109869277158E+002  0.700223877598885E+002
  0.934398604705951E-003  0.874094464652148E+002  0.700260158420124E+002
  0.934587327412720E-003  0.874090425612492E+002  0.700269782670818E+002
  0.934788500156418E-003  0.874086121015386E+002  0.700280092187631E+002
  0.934822418436856E-003  0.874085395339683E+002  0.700281835577003E+002
  0.934881115620377E-003  0.874084139585870E+002  0.700284856151046E+002
  0.934978203401675E-003  0.874082062685637E+002  0.700289862261431E+002
  0.935097785900261E-003  0.874079504875164E+002  0.700296045423136E+002
  0.935465387888282E-003  0.874071644098305E+002  0.700315173252128E+002
  0.935658973488514E-003  0.874067505718090E+002  0.700325320770130E+002
  0.935851318472552E-003  0.874063394707094E+002  0.700335455207106E+002
  0.935853843034189E-003  0.874063340754972E+002  0.700335588571396E+002
  0.935942058563408E-003  0.874061455602233E+002  0.700340254415521E+002
  0.936347326221929E-003  0.874052797375185E+002  0.700361834219227E+002
  0.936482737477947E-003  0.874049905254669E+002  0.700369098537342E+002
  0.936604665706507E-003  0.874047301463120E+002  0.700375663085245E+002
  0.936843438796151E-003  0.874042203417642E+002  0.700388584065901E+002
  0.915774820437719E-003  0.874037326559350E+002  0.700401030229574E+002
  0.895249874997204E-003  0.874030888914599E+002  0.700417591079095E+002
  0.874988653598486E-003  0.874028937555946E+002  0.700422641047793E+002
  0.855535317371611E-003  0.874018818066491E+002  0.700449060168563E+002
  0.855561973067004E-003  0.874018194941306E+002  0.700450699847942E+002
  0.855562359737086E-003  0.874018185902335E+002  0.700450723644079E+002
  0.835856445446883E-003  0.874002276891678E+002  0.700493113349469E+002
  0.859926823848749E-002  0.825081380141858E+002  0.700705645301274E+002
  0.859966951009350E-002  0.825080446894440E+002  0.700708517849868E+002
  0.860105348331356E-002  0.825077228487345E+002  0.700718466237784E+002
