  0.816887995701899E-001  0.907601166224011E+002  0.670445614288913E+002
  0.816887995701899E-001  0.884551931500289E+002  0.674031053080037E+002
  0.816887995701899E-001  0.879883774691206E+002  0.729630545379202E+002
  0.816887995701899E-001  0.879060336206786E+002  0.674954757219931E+002
  0.816887995701899E-001  0.878612030356204E+002  0.729413264465866E+002
  0.816887995701899E-001  0.878377179551388E+002  0.675071864156265E+002
  0.816887995701899E-001  0.877600092775730E+002  0.675205689719193E+002
  0.816887995701899E-001  0.873171683291393E+002  0.675981349340036E+002
  0.816887995701899E-001  0.815471208074251E+002  0.689961049079762E+002
  0.816887995701899E-001  0.865926423628379E+002  0.677302404179311E+002
  0.816887995701899E-001  0.865818398015869E+002  0.727122182355725E+002
  0.816887995701899E-001  0.853980792343442E+002  0.679648681097851E+002
  0.816887995701899E-001  0.853753138444308E+002  0.679695768146346E+002
  0.816887995701899E-001  0.853525283857089E+002  0.679742995466668E+002
  0.816887995701899E-001  0.815534957251549E+002  0.689936822973219E+002
  0.816887995701899E-001  0.851639246757949E+002  0.724307022533012E+002
  0.816887995701899E-001  0.850861756908980E+002  0.724142204427898E+002
  0.816887995701899E-001  0.850847447937149E+002  0.724139159489693E+002
  0.816887995701899E-001  0.848205689542881E+002  0.723569554412335E+002
  0.816887995701899E-001  0.846571801674924E+002  0.681235287409114E+002
  0.816887995701899E-001  0.846391825446285E+002  0.723169489890370E+002
  0.816887995701899E-001  0.846376740923081E+002  0.681278682711747E+002
  0.816887995701899E-001  0.846161374936296E+002  0.723118113514480E+002
  0.816887995701899E-001  0.845297354108464E+002  0.722924354555103E+002
  0.816887995701899E-001  0.844094201866883E+002  0.722651483492045E+002
  0.816887995701899E-001  0.815717535129248E+002  0.689867702167233E+002
  0.816887995701899E-001  0.843799361323657E+002  0.681860756781885E+002
  0.816887995701899E-001  0.843103702147026E+002  0.722424075358530E+002
  0.816887995701899E-001  0.842257414322860E+002  0.682217084574024E+002
  0.816887995701899E-001  0.842020219778784E+002  0.722172350978863E+002
  0.816887995701899E-001  0.815982884825135E+002  0.714676884257947E+002
  0.816887995701899E-001  0.841409192135748E+002  0.722028980762361E+002
  0.816887995701899E-001  0.841013057506920E+002  0.721935475463007E+002
  0.816887995701899E-001  0.840941039261836E+002  0.721918428282844E+002
  0.816887995701899E-001  0.840073282211222E+002  0.721711852433197E+002
  0.816887995701899E-001  0.839942644730073E+002  0.682764250227888E+002
  0.816887995701899E-001  0.839716888315935E+002  0.721626373196240E+002
  0.816887995701899E-001  0.839551420675457E+002  0.682858255156286E+002
  0.816887995701899E-001  0.839208154652750E+002  0.682941114013324E+002
  0.816887995701899E-001  0.839154516329470E+002  0.721490719906018E+002
  0.816887995701899E-001  0.838027094117221E+002  0.721215849415722E+002
  0.816887995701899E-001  0.837244225869099E+002  0.683422194853922E+002
  0.816887995701899E-001  0.837102173352013E+002  0.720987343414382E+002
  0.816887995701899E-001  0.836790102317327E+002  0.720909614393210E+002
  0.816887995701899E-001  0.835981046512769E+002  0.720706576898913E+002
  0.816887995701899E-001  0.835642469869769E+002  0.720620944003749E+002
  0.816887995701899E-001  0.835344404734557E+002  0.683899587483858E+002
  0.816887995701899E-001  0.834498074571554E+002  0.720328505557514E+002
  0.816887995701899E-001  0.834489179329589E+002  0.720326213968168E+002
  0.816887995701899E-001  0.834311783024702E+002  0.684164361069353E+002
  0.816887995701899E-001  0.816391689824863E+002  0.689615761702876E+002
  0.816887995701899E-001  0.833427718616043E+002  0.720050646214790E+002
  0.816887995701899E-001  0.833409159871508E+002  0.720045790247924E+002
  0.816887995701899E-001  0.833191744883765E+002  0.719988803930394E+002
  0.816887995701899E-001  0.833124624796789E+002  0.684473639307333E+002
  0.816887995701899E-001  0.816653871674593E+002  0.714925683222698E+002
  0.816887995701899E-001  0.832325030698782E+002  0.719759790415705E+002
  0.816887995701899E-001  0.832323156817478E+002  0.719759292036542E+002
  0.816887995701899E-001  0.832223829825515E+002  0.684711958893201E+002
  0.816887995701899E-001  0.830896213199863E+002  0.719375577512759E+002
  0.816887995701899E-001  0.830673212075958E+002  0.719314832764152E+002
  0.816887995701899E-001  0.830276532042238E+002  0.685238572016685E+002
  0.816887995701899E-001  0.829968151270952E+002  0.719121340117401E+002
  0.816887995701899E-001  0.816848229323774E+002  0.714996845131847E+002
  0.816887995701899E-001  0.829584099978323E+002  0.719015005445105E+002
  0.816887995701899E-001  0.829438848216489E+002  0.718974612774598E+002
  0.816887995701899E-001  0.829400651236237E+002  0.685480839034680E+002
  0.816887995701899E-001  0.829298817905050E+002  0.685509233827787E+002
  0.816887995701899E-001  0.828918476570499E+002  0.718829097571329E+002
  0.816887995701899E-001  0.828889838002258E+002  0.685623761399858E+002
  0.816887995701899E-001  0.817075847147647E+002  0.715079684163610E+002
  0.816887995701899E-001  0.828085395086711E+002  0.685851369065496E+002
  0.816887995701899E-001  0.827743484002074E+002  0.685949072829016E+002
  0.816887995701899E-001  0.817458740670388E+002  0.715217842886974E+002
  0.816887995701899E-001  0.817557091157843E+002  0.689191719479721E+002
  0.816887995701899E-001  0.827392445757759E+002  0.718394814680463E+002
  0.816887995701899E-001  0.826981410921718E+002  0.718275832782698E+002
  0.816887995701899E-001  0.826898178414231E+002  0.686193181515929E+002
  0.816887995701899E-001  0.826838049686287E+002  0.718234126167342E+002
  0.816887995701899E-001  0.826824038279798E+002  0.718230044143331E+002
  0.816887995701899E-001  0.826507945892042E+002  0.686307136639005E+002
  0.816887995701899E-001  0.817618169717859E+002  0.689169875385909E+002
  0.816887995701899E-001  0.826482486514883E+002  0.686314599614696E+002
  0.816887995701899E-001  0.826326260781767E+002  0.686360471363930E+002
  0.816887995701899E-001  0.817655798271481E+002  0.715288377414622E+002
  0.816887995701899E-001  0.825803031267970E+002  0.686515080171087E+002
  0.816887995701899E-001  0.825744350531278E+002  0.717912298806702E+002
  0.816887995701899E-001  0.825702332215409E+002  0.717899802890810E+002
  0.816887995701899E-001  0.825613711900947E+002  0.717873415197128E+002
  0.816887995701899E-001  0.817695030252198E+002  0.689142438875215E+002
  0.816887995701899E-001  0.817878057902303E+002  0.689077334979694E+002
  0.816887995701899E-001  0.825113303921190E+002  0.686721243356076E+002
  0.816887995701899E-001  0.818058975146200E+002  0.715431516417540E+002
  0.816887995701899E-001  0.824779987916484E+002  0.717622951147651E+002
  0.816887995701899E-001  0.824768974806999E+002  0.717619615368032E+002
  0.816887995701899E-001  0.818629782015393E+002  0.688813257515511E+002
  0.816887995701899E-001  0.819094853692606E+002  0.715792360740568E+002
  0.816887995701899E-001  0.824269785728005E+002  0.717467648817456E+002
  0.816887995701899E-001  0.824218622749042E+002  0.717451987760955E+002
  0.816887995701899E-001  0.823999870956366E+002  0.687059968421145E+002
  0.816887995701899E-001  0.819189834911372E+002  0.715824968001817E+002
  0.816887995701899E-001  0.823938431746629E+002  0.717365933698540E+002
  0.816887995701899E-001  0.823570255754074E+002  0.687192705475302E+002
  0.816887995701899E-001  0.823510616472203E+002  0.717233588688213E+002
  0.816887995701899E-001  0.823509987578485E+002  0.717233393280534E+002
  0.816887995701899E-001  0.823341027842771E+002  0.687264011302017E+002
  0.816887995701899E-001  0.823238098479092E+002  0.717148673216633E+002
  0.816887995701899E-001  0.823119456864867E+002  0.687333259858171E+002
  0.816887995701899E-001  0.819212005114939E+002  0.715832567835997E+002
  0.816887995701899E-001  0.822995973540131E+002  0.717072820756713E+002
  0.816887995701899E-001  0.822977506694041E+002  0.687377793941501E+002
  0.816887995701899E-001  0.819271749238276E+002  0.715853026725804E+002
  0.816887995701899E-001  0.821972045643879E+002  0.687697145910695E+002
  0.816887995701899E-001  0.821950007987912E+002  0.687704224125171E+002
  0.816887995701899E-001  0.821862631503326E+002  0.716712491159275E+002
  0.816887995701899E-001  0.821280275904892E+002  0.687921004422269E+002
  0.816887995701899E-001  0.821259781599485E+002  0.716517123629043E+002
  0.816887995701899E-001  0.821006320414993E+002  0.716434181703738E+002
  0.816887995701899E-001  0.820923624304575E+002  0.688037798000276E+002
  0.816887995701899E-001  0.820758596707120E+002  0.716352646854322E+002
  0.816887995701899E-001  0.820754495818287E+002  0.688093520386178E+002
  0.816887995701899E-001  0.820752452250059E+002  0.688094195019841E+002
  0.816887995701899E-001  0.820718261811110E+002  0.688105486932229E+002
  0.816887995701899E-001  0.820610621982998E+002  0.688141095750364E+002
  0.816887995701899E-001  0.820432705829885E+002  0.716244662277763E+002
  0.816887995701899E-001  0.820367350376230E+002  0.688221907171300E+002
  0.816887995701899E-001  0.820353869505018E+002  0.716218414557808E+002
  0.816887995701899E-001  0.820291758625393E+002  0.716197700679153E+002
  0.816887995701899E-001  0.820195215903920E+002  0.716165442746716E+002
  0.816887995701899E-001  0.819903651065947E+002  0.716067565613989E+002
  0.816887995701899E-001  0.819679488865791E+002  0.688452971322187E+002
  0.816887995701899E-001  0.819606995475611E+002  0.688477549318785E+002
  0.816887995701899E-001  0.819279223355896E+002  0.715855584015983E+002
  0.816887995701899E-001  0.821171340847209E+002  0.714297886160055E+002
  0.816887995701899E-001  0.821065228828951E+002  0.714256830263602E+002
  0.816887995701899E-001  0.820590806117964E+002  0.714071531273287E+002
  0.816887995701899E-001  0.820044505372594E+002  0.713854502378446E+002
  0.816887995701899E-001  0.819901269503335E+002  0.713796925724240E+002
  0.816887995701899E-001  0.819624913901837E+002  0.713685021558565E+002
  0.816887995701899E-001  0.819358229331552E+002  0.713575987775785E+002
  0.816887995701899E-001  0.819043855810474E+002  0.713446096210776E+002
  0.816887995701899E-001  0.818993943363035E+002  0.713425335055771E+002
  0.816887995701899E-001  0.818262076915346E+002  0.713116371647737E+002
  0.816887995701899E-001  0.818207486697412E+002  0.713092974015091E+002
  0.816887995701899E-001  0.818037029307010E+002  0.713019588819033E+002
  0.816887995701899E-001  0.817985591877347E+002  0.712997345846069E+002
  0.816887995701899E-001  0.817633815129843E+002  0.712843979319962E+002
  0.816887995701899E-001  0.817405616713638E+002  0.712743294609452E+002
  0.816887995701899E-001  0.817336417956927E+002  0.712712572085213E+002
  0.816887995701899E-001  0.816951143400926E+002  0.712539847307924E+002
  0.816887995701899E-001  0.816318983217510E+002  0.712249996020510E+002
  0.816887995701899E-001  0.816186939181497E+002  0.712188388341108E+002
  0.816887995701899E-001  0.816152622667979E+002  0.712172314862672E+002
  0.816887995701899E-001  0.816128911867677E+002  0.712161193798474E+002
  0.816887995701899E-001  0.816024507985769E+002  0.712112076535636E+002
  0.816887995701899E-001  0.815997390550581E+002  0.712099279059291E+002
  0.816887995701899E-001  0.815835870673053E+002  0.712022707109427E+002
  0.816887995701899E-001  0.815832797294690E+002  0.712021244307624E+002
  0.816887995701899E-001  0.815734678274796E+002  0.711974428364129E+002
  0.816887995701899E-001  0.815598244357077E+002  0.711908955028687E+002
  0.816887995701899E-001  0.815553694307151E+002  0.711887479826389E+002
  0.816887995701899E-001  0.815551354557211E+002  0.711886350638781E+002
  0.816887995701899E-001  0.815393397105428E+002  0.711809811178861E+002
  0.816887995701899E-001  0.815147844130427E+002  0.711689598053746E+002
  0.816887995701899E-001  0.815023614259827E+002  0.711628194713553E+002
  0.816887995701899E-001  0.814418437650659E+002  0.711323149976507E+002
  0.816887995701899E-001  0.814324669030865E+002  0.711274965369536E+002
  0.816887995701899E-001  0.814259104574915E+002  0.711241121022158E+002
  0.816887995701899E-001  0.814145587567967E+002  0.711182221305264E+002
  0.816887995701899E-001  0.814079713618496E+002  0.711147863564804E+002
  0.816887995701899E-001  0.814072792758731E+002  0.711144246185554E+002
  0.816887995701899E-001  0.813927090297801E+002  0.711067747352495E+002
  0.816887995701899E-001  0.813899337065332E+002  0.711053100808673E+002
  0.816887995701899E-001  0.813785988300324E+002  0.710993027978009E+002
  0.816887995701899E-001  0.813768371505719E+002  0.710983654406363E+002
  0.816887995701899E-001  0.813691915904219E+002  0.710942857040457E+002
  0.816887995701899E-001  0.813546294417367E+002  0.710864619434603E+002
  0.816887995701899E-001  0.813230955702278E+002  0.710692721938169E+002
  0.816887995701899E-001  0.813048687077558E+002  0.710591753655298E+002
  0.816887995701899E-001  0.812943325567173E+002  0.710532828819219E+002
  0.816887995701899E-001  0.812563433380894E+002  0.710316808190888E+002
  0.816887995701899E-001  0.812556974556595E+002  0.710313085602325E+002
  0.816887995701899E-001  0.812457323309295E+002  0.710255432280079E+002
  0.816887995701899E-001  0.812255117346473E+002  0.710137155277310E+002
  0.816887995701899E-001  0.812151645583997E+002  0.710075942252714E+002
  0.816887995701899E-001  0.812086022359643E+002  0.710036871622318E+002
  0.816887995701899E-001  0.812046525297145E+002  0.710013261482661E+002
  0.816887995701899E-001  0.811815650291699E+002  0.709873793990469E+002
  0.816887995701899E-001  0.811514446834070E+002  0.709687926498606E+002
  0.816887995701899E-001  0.811504082826823E+002  0.709681448623792E+002
  0.816887995701899E-001  0.811346138991858E+002  0.709582022561592E+002
  0.816887995701899E-001  0.811258073123316E+002  0.709525997143369E+002
  0.816887995701899E-001  0.811231786283771E+002  0.709509190601220E+002
  0.816887995701899E-001  0.811221540391037E+002  0.709502629361301E+002
  0.816887995701899E-001  0.811119488321924E+002  0.709436951805440E+002
  0.816887995701899E-001  0.810731955946073E+002  0.709181904537170E+002
  0.816887995701899E-001  0.810672330488848E+002  0.709141828710982E+002
  0.816887995701899E-001  0.810611569108113E+002  0.709100749193325E+002
  0.816887995701899E-001  0.810551521656407E+002  0.709059909880929E+002
  0.816887995701899E-001  0.810547788448789E+002  0.709057362804749E+002
  0.816887995701899E-001  0.810451260395562E+002  0.708991171297526E+002
  0.816887995701899E-001  0.810411770385163E+002  0.708963904766699E+002
  0.816887995701899E-001  0.810351704999876E+002  0.708922218875397E+002
  0.816887995701899E-001  0.810263621515071E+002  0.708860614785612E+002
  0.816887995701899E-001  0.810156871414855E+002  0.708785180551636E+002
  0.816887995701899E-001  0.810048140559404E+002  0.708707444666070E+002
  0.816887995701899E-001  0.809991848677850E+002  0.708666831043297E+002
  0.816887995701899E-001  0.809928602805866E+002  0.708620892717512E+002
  0.816887995701899E-001  0.809881026883756E+002  0.708586117632365E+002
  0.816887995701899E-001  0.809777933748629E+002  0.708510102974939E+002
  0.816887995701899E-001  0.809766776317604E+002  0.708501820975337E+002
  0.816887995701899E-001  0.809619010719991E+002  0.708391088030548E+002
  0.816887995701899E-001  0.809576558477650E+002  0.708358905581781E+002
  0.816887995701899E-001  0.809551807283285E+002  0.708340063920922E+002
  0.816887995701899E-001  0.809398339268174E+002  0.708221916783904E+002
  0.816887995701899E-001  0.809384766472769E+002  0.708211355605694E+002
  0.816887995701899E-001  0.809372866302326E+002  0.708202080573350E+002
  0.816887995701899E-001  0.809363399139267E+002  0.708194691547207E+002
  0.816887995701899E-001  0.809308811901461E+002  0.708151907148001E+002
  0.816887995701899E-001  0.809223071707482E+002  0.708084075240737E+002
  0.816887995701899E-001  0.809174520378365E+002  0.708045314274746E+002
  0.816887995701899E-001  0.809063458875144E+002  0.707955663038091E+002
  0.816887995701899E-001  0.809022724704595E+002  0.707922428124535E+002
  0.816887995701899E-001  0.809007019375657E+002  0.707909562306790E+002
  0.816887995701899E-001  0.808990737087825E+002  0.707896193042226E+002
  0.816887995701899E-001  0.808895224868248E+002  0.707817125349316E+002
  0.816887995701899E-001  0.808764119847997E+002  0.707706736991709E+002
  0.816887995701899E-001  0.808696122824024E+002  0.707648600243870E+002
  0.816887995701899E-001  0.808625358212129E+002  0.707587428310267E+002
  0.816887995701899E-001  0.808618292791953E+002  0.707581282321225E+002
  0.816887995701899E-001  0.808599274497504E+002  0.707564703768094E+002
  0.816887995701899E-001  0.808510386526171E+002  0.707486526455900E+002
  0.816887995701899E-001  0.808498973723405E+002  0.707476404586743E+002
  0.816887995701899E-001  0.808457510105409E+002  0.707439465759401E+002
  0.816887995701899E-001  0.808447730246518E+002  0.707430714961497E+002
  0.816887995701899E-001  0.808441505833745E+002  0.707425137832027E+002
  0.816887995701899E-001  0.808400700791147E+002  0.707388427035995E+002
  0.816887995701899E-001  0.808278168315537E+002  0.707276586760646E+002
  0.816887995701899E-001  0.808275701197502E+002  0.707274309495995E+002
  0.816887995701899E-001  0.808234294242485E+002  0.707235934586569E+002
  0.816887995701899E-001  0.808225673833008E+002  0.707227908410780E+002
  0.816887995701899E-001  0.808090929459177E+002  0.707100736339279E+002
  0.816887995701899E-001  0.808034618429860E+002  0.707046596698862E+002
  0.816887995701899E-001  0.808030548652705E+002  0.707042660292875E+002
  0.816887995701899E-001  0.807992557201252E+002  0.707005757600633E+002
  0.816887995701899E-001  0.807971327448702E+002  0.706985011716921E+002
  0.816887995701899E-001  0.807938438804483E+002  0.706952693016201E+002
  0.816887995701899E-001  0.807917088691116E+002  0.706931594163869E+002
  0.816887995701899E-001  0.807903486247788E+002  0.706918102362030E+002
  0.816887995701899E-001  0.807891871575316E+002  0.706906551405439E+002
  0.816887995701899E-001  0.807868059455992E+002  0.706882780399636E+002
  0.816887995701899E-001  0.807860878758583E+002  0.706875588269090E+002
  0.816887995701899E-001  0.807851040184443E+002  0.706865715941681E+002
  0.816887995701899E-001  0.807848330913859E+002  0.706862993688362E+002
  0.816887995701899E-001  0.807841518552233E+002  0.706856141615699E+002
  0.816887995701899E-001  0.807831706068320E+002  0.706846254085846E+002
  0.816887995701899E-001  0.820184607948397E+002  0.701394191761598E+002
  0.816887995701899E-001  0.820168636010760E+002  0.701489639598110E+002
  0.816887995701899E-001  0.820166907997872E+002  0.701500722517753E+002
  0.816887995701899E-001  0.820166176621069E+002  0.701505464934097E+002
  0.816887995701899E-001  0.820160168942962E+002  0.701545676642089E+002
  0.816887995701899E-001  0.820159718996231E+002  0.701548784925037E+002
  0.816887995701899E-001  0.820159451166661E+002  0.701550641950400E+002
  0.816887995701899E-001  0.820157578517676E+002  0.701563772437847E+002
  0.816887995701899E-001  0.820152163216968E+002  0.701603308088504E+002
  0.816887995701899E-001  0.820151318626658E+002  0.701609704138656E+002
  0.816887995701899E-001  0.820150278269620E+002  0.701617675702335E+002
  0.816887995701899E-001  0.820144594916065E+002  0.701663225978000E+002
  0.816887995701899E-001  0.820142867247248E+002  0.701677827299704E+002
  0.816887995701899E-001  0.820142124550170E+002  0.701684225912201E+002
  0.816887995701899E-001  0.820138346623907E+002  0.701718029245083E+002
  0.816887995701899E-001  0.820137436838735E+002  0.701726513775576E+002
  0.816887995701899E-001  0.820135180369178E+002  0.701748212035006E+002
  0.816887995701899E-001  0.820134601681241E+002  0.701753938603290E+002
  0.816887995701899E-001  0.820130892238942E+002  0.701792454075109E+002
  0.816887995701899E-001  0.820127789919581E+002  0.701827540093089E+002
  0.816887995701899E-001  0.820125180540305E+002  0.701859669399767E+002
  0.816887995701899E-001  0.820124874536249E+002  0.702581187858383E+002
  0.816887995701899E-001  0.820124003388549E+002  0.702569678233036E+002
  0.816887995701899E-001  0.820121621901906E+002  0.701908747634949E+002
  0.816887995701899E-001  0.820120764755349E+002  0.702523049838522E+002
  0.816887995701899E-001  0.820117409525493E+002  0.701979327797932E+002
  0.816887995701899E-001  0.820717494554977E+002  0.702023750099156E+002
  0.816887995701899E-001  0.820717098468760E+002  0.702411535363061E+002
  0.816887995701899E-001  0.820716134638081E+002  0.702058764950103E+002
  0.816887995701899E-001  0.820715941237790E+002  0.702380440088923E+002
  0.816887995701899E-001  0.820714845257726E+002  0.702100953859539E+002
  0.816887995701899E-001  0.820714769591956E+002  0.702103895293539E+002
  0.816887995701899E-001  0.820714615841642E+002  0.702334704258062E+002
  0.816887995701899E-001  0.820714542912471E+002  0.702331633206897E+002
  0.816887995701899E-001  0.820714162782789E+002  0.702130840287377E+002
  0.816887995701899E-001  0.824835107244991E+002  0.702279302577101E+002
  0.816887995701899E-001  0.824834812315755E+002  0.702200363167680E+002
  0.816887995701899E-001  0.824834774710012E+002  0.702234030850814E+002
  0.816887995701899E-001  0.824834760474911E+002  0.702220880699727E+002
