  0.640264223271773E-001  0.905867782998949E+002  0.670445614288913E+002
  0.640264223271773E-001  0.882818548275227E+002  0.674031053080037E+002
  0.640264223271773E-001  0.878150391466145E+002  0.729630545379202E+002
  0.640264223271773E-001  0.877326952981725E+002  0.674954757219931E+002
  0.640264223271773E-001  0.876878647131143E+002  0.729413264465866E+002
  0.640264223271773E-001  0.876643796326326E+002  0.675071864156265E+002
  0.640264223271773E-001  0.813737824849189E+002  0.689961049079762E+002
  0.640264223271773E-001  0.871438300066331E+002  0.675981349340036E+002
  0.640264223271773E-001  0.864317389910949E+002  0.677279140963275E+002
  0.640264223271773E-001  0.864193040403318E+002  0.677302404179311E+002
  0.640264223271773E-001  0.864085014790807E+002  0.727122182355725E+002
  0.640264223271773E-001  0.852247409118380E+002  0.679648681097851E+002
  0.640264223271773E-001  0.852019755219247E+002  0.679695768146346E+002
  0.640264223271773E-001  0.851791900632027E+002  0.679742995466668E+002
  0.640264223271773E-001  0.851394913885396E+002  0.679825516636752E+002
  0.640264223271773E-001  0.849905863532887E+002  0.724307022533012E+002
  0.640264223271773E-001  0.849128373683918E+002  0.724142204427898E+002
  0.640264223271773E-001  0.849114064712087E+002  0.724139159489693E+002
  0.640264223271773E-001  0.846472306317820E+002  0.723569554412335E+002
  0.640264223271773E-001  0.844838418449862E+002  0.681235287409114E+002
  0.640264223271773E-001  0.844658442221223E+002  0.723169489890370E+002
  0.640264223271773E-001  0.844643357698019E+002  0.681278682711747E+002
  0.640264223271773E-001  0.844427991711234E+002  0.723118113514480E+002
  0.640264223271773E-001  0.843563970883403E+002  0.722924354555103E+002
  0.640264223271773E-001  0.842360818641821E+002  0.722651483492045E+002
  0.640264223271773E-001  0.842329078956287E+002  0.681800577857578E+002
  0.640264223271773E-001  0.842065978098595E+002  0.681860756781885E+002
  0.640264223271773E-001  0.841370318921964E+002  0.722424075358530E+002
  0.640264223271773E-001  0.840524031097798E+002  0.682217084574024E+002
  0.640264223271773E-001  0.840286836553722E+002  0.722172350978863E+002
  0.640264223271773E-001  0.840179538760959E+002  0.682297564003113E+002
  0.640264223271773E-001  0.839675808910686E+002  0.722028980762361E+002
  0.640264223271773E-001  0.839279674281858E+002  0.721935475463007E+002
  0.640264223271773E-001  0.839207656036774E+002  0.721918428282844E+002
  0.640264223271773E-001  0.838339898986160E+002  0.721711852433197E+002
  0.640264223271773E-001  0.838209261505012E+002  0.682764250227888E+002
  0.640264223271773E-001  0.837983505090873E+002  0.721626373196240E+002
  0.640264223271773E-001  0.837818037450395E+002  0.682858255156286E+002
  0.640264223271773E-001  0.837474771427689E+002  0.682941114013324E+002
  0.640264223271773E-001  0.837421133104408E+002  0.721490719906018E+002
  0.640264223271773E-001  0.836293710892159E+002  0.721215849415722E+002
  0.640264223271773E-001  0.835510842644037E+002  0.683422194853922E+002
  0.640264223271773E-001  0.835368790126952E+002  0.720987343414382E+002
  0.640264223271773E-001  0.835056719092266E+002  0.720909614393210E+002
  0.640264223271773E-001  0.834247663287707E+002  0.720706576898913E+002
  0.640264223271773E-001  0.833909086644707E+002  0.720620944003749E+002
  0.640264223271773E-001  0.833611021509496E+002  0.683899587483858E+002
  0.640264223271773E-001  0.832764691346493E+002  0.720328505557514E+002
  0.640264223271773E-001  0.832755796104528E+002  0.720326213968168E+002
  0.640264223271773E-001  0.832578399799640E+002  0.684164361069353E+002
  0.640264223271773E-001  0.832473904901491E+002  0.684191371137861E+002
  0.640264223271773E-001  0.831694335390981E+002  0.720050646214790E+002
  0.640264223271773E-001  0.831675776646446E+002  0.720045790247924E+002
  0.640264223271773E-001  0.831458361658703E+002  0.719988803930394E+002
  0.640264223271773E-001  0.831391241571727E+002  0.684473639307333E+002
  0.640264223271773E-001  0.831247889096410E+002  0.684511350915681E+002
  0.640264223271773E-001  0.830591647473720E+002  0.719759790415705E+002
  0.640264223271773E-001  0.830589773592417E+002  0.719759292036542E+002
  0.640264223271773E-001  0.830490446600454E+002  0.684711958893201E+002
  0.640264223271773E-001  0.829162829974802E+002  0.719375577512759E+002
  0.640264223271773E-001  0.828939828850896E+002  0.719314832764152E+002
  0.640264223271773E-001  0.828543148817176E+002  0.685238572016685E+002
  0.640264223271773E-001  0.828234768045891E+002  0.719121340117401E+002
  0.640264223271773E-001  0.828008982517958E+002  0.685385906704665E+002
  0.640264223271773E-001  0.827850716753262E+002  0.719015005445105E+002
  0.640264223271773E-001  0.813801574026487E+002  0.689936822973219E+002
  0.640264223271773E-001  0.827667268011176E+002  0.685480839034680E+002
  0.640264223271773E-001  0.827565434679989E+002  0.685509233827787E+002
  0.640264223271773E-001  0.827185093345437E+002  0.718829097571329E+002
  0.640264223271773E-001  0.827156454777196E+002  0.685623761399858E+002
  0.640264223271773E-001  0.827045326511980E+002  0.685655017688802E+002
  0.640264223271773E-001  0.826352011861649E+002  0.685851369065496E+002
  0.640264223271773E-001  0.826010100777012E+002  0.685949072829016E+002
  0.640264223271773E-001  0.813897221069945E+002  0.714544249219927E+002
  0.640264223271773E-001  0.813984151904186E+002  0.689867702167233E+002
  0.640264223271773E-001  0.825659062532698E+002  0.718394814680463E+002
  0.640264223271773E-001  0.825248027696656E+002  0.718275832782698E+002
  0.640264223271773E-001  0.825164795189169E+002  0.686193181515929E+002
  0.640264223271773E-001  0.825104666461226E+002  0.718234126167342E+002
  0.640264223271773E-001  0.825090655054736E+002  0.718230044143331E+002
  0.640264223271773E-001  0.814249501600073E+002  0.714676884257947E+002
  0.640264223271773E-001  0.824774345248768E+002  0.718137613173762E+002
  0.640264223271773E-001  0.824749103289821E+002  0.686314599614696E+002
  0.640264223271773E-001  0.824592877556705E+002  0.686360471363930E+002
  0.640264223271773E-001  0.824140490861165E+002  0.686494057908373E+002
  0.640264223271773E-001  0.824069648042908E+002  0.686515080171087E+002
  0.640264223271773E-001  0.824010967306216E+002  0.717912298806702E+002
  0.640264223271773E-001  0.823968948990347E+002  0.717899802890810E+002
  0.640264223271773E-001  0.823880328675885E+002  0.717873415197128E+002
  0.640264223271773E-001  0.823616263417816E+002  0.717794521674547E+002
  0.640264223271773E-001  0.823550546215504E+002  0.717774825465739E+002
  0.640264223271773E-001  0.814658306599801E+002  0.689615761702876E+002
  0.640264223271773E-001  0.823277348695949E+002  0.686752137342580E+002
  0.640264223271773E-001  0.823046604691422E+002  0.717622951147651E+002
  0.640264223271773E-001  0.823035591581938E+002  0.717619615368032E+002
  0.640264223271773E-001  0.823012159950131E+002  0.686832297815077E+002
  0.640264223271773E-001  0.822730275504501E+002  0.717526848182000E+002
  0.640264223271773E-001  0.822536402502943E+002  0.717467648817456E+002
  0.640264223271773E-001  0.822485239523980E+002  0.717451987760955E+002
  0.640264223271773E-001  0.814920488449531E+002  0.714925683222698E+002
  0.640264223271773E-001  0.822258479853965E+002  0.687062431963748E+002
  0.640264223271773E-001  0.822205048521568E+002  0.717365933698540E+002
  0.640264223271773E-001  0.821836872529013E+002  0.687192705475302E+002
  0.640264223271773E-001  0.821777233247141E+002  0.717233588688213E+002
  0.640264223271773E-001  0.821776604353423E+002  0.717233393280534E+002
  0.640264223271773E-001  0.815114846098712E+002  0.714996845131847E+002
  0.640264223271773E-001  0.821504715254030E+002  0.717148673216633E+002
  0.640264223271773E-001  0.821386073639806E+002  0.687333259858171E+002
  0.640264223271773E-001  0.821323144842646E+002  0.687352986076394E+002
  0.640264223271773E-001  0.821262590315069E+002  0.717072820756713E+002
  0.640264223271773E-001  0.821244123468979E+002  0.687377793941501E+002
  0.640264223271773E-001  0.820435901020043E+002  0.716810865228822E+002
  0.640264223271773E-001  0.820238662418818E+002  0.687697145910695E+002
  0.640264223271773E-001  0.820216624762850E+002  0.687704224125171E+002
  0.640264223271773E-001  0.820129248278264E+002  0.716712491159275E+002
  0.640264223271773E-001  0.819546892679831E+002  0.687921004422269E+002
  0.640264223271773E-001  0.819526398374423E+002  0.716517123629043E+002
  0.640264223271773E-001  0.819272937189932E+002  0.716434181703738E+002
  0.640264223271773E-001  0.819190241079514E+002  0.688037798000276E+002
  0.640264223271773E-001  0.819025213482059E+002  0.716352646854322E+002
  0.640264223271773E-001  0.819021112593225E+002  0.688093520386178E+002
  0.640264223271773E-001  0.819019069024997E+002  0.688094195019841E+002
  0.640264223271773E-001  0.818984878586049E+002  0.688105486932229E+002
  0.640264223271773E-001  0.818877238757937E+002  0.688141095750364E+002
  0.640264223271773E-001  0.818699322604823E+002  0.716244662277763E+002
  0.640264223271773E-001  0.818633967151168E+002  0.688221907171300E+002
  0.640264223271773E-001  0.818620486279956E+002  0.716218414557808E+002
  0.640264223271773E-001  0.818558375400332E+002  0.716197700679153E+002
  0.640264223271773E-001  0.818461832678858E+002  0.716165442746716E+002
  0.640264223271773E-001  0.818170267840885E+002  0.716067565613989E+002
  0.640264223271773E-001  0.815342463922585E+002  0.715079684163610E+002
  0.640264223271773E-001  0.817873612250549E+002  0.688477549318785E+002
  0.640264223271773E-001  0.817545840130834E+002  0.715855584015983E+002
  0.640264223271773E-001  0.817538366013215E+002  0.715853026725804E+002
  0.640264223271773E-001  0.817478621889878E+002  0.715832567835997E+002
  0.640264223271773E-001  0.817456451686310E+002  0.715824968001817E+002
  0.640264223271773E-001  0.817361470467544E+002  0.715792360740568E+002
  0.640264223271773E-001  0.816919507577502E+002  0.715639591687692E+002
  0.640264223271773E-001  0.816896398790331E+002  0.688813257515511E+002
  0.640264223271773E-001  0.816325591921138E+002  0.715431516417540E+002
  0.640264223271773E-001  0.816144674677242E+002  0.689077334979694E+002
  0.640264223271773E-001  0.815961647027136E+002  0.689142438875215E+002
  0.640264223271773E-001  0.815922415046419E+002  0.715288377414622E+002
  0.640264223271773E-001  0.815884786492797E+002  0.689169875385909E+002
  0.640264223271773E-001  0.815823707932782E+002  0.689191719479721E+002
  0.640264223271773E-001  0.815725357445327E+002  0.715217842886974E+002
  0.640264223271773E-001  0.821259347939670E+002  0.690043717090292E+002
  0.640264223271773E-001  0.821043470105366E+002  0.690126676493126E+002
  0.640264223271773E-001  0.821043061577821E+002  0.690126834025025E+002
  0.640264223271773E-001  0.820981774971967E+002  0.690150489978463E+002
  0.640264223271773E-001  0.820914923411651E+002  0.690176346917035E+002
  0.640264223271773E-001  0.820830112456939E+002  0.690209230303749E+002
  0.640264223271773E-001  0.820806684918308E+002  0.690218329640644E+002
  0.640264223271773E-001  0.820469437445563E+002  0.690350090495436E+002
  0.640264223271773E-001  0.819674105440939E+002  0.690666770431025E+002
  0.640264223271773E-001  0.819351599955469E+002  0.690797684623887E+002
  0.640264223271773E-001  0.818757575264180E+002  0.691042827817418E+002
  0.640264223271773E-001  0.818744916517780E+002  0.691048110375739E+002
  0.640264223271773E-001  0.818730612426711E+002  0.691054082551509E+002
  0.640264223271773E-001  0.818507287026599E+002  0.691147741957460E+002
  0.640264223271773E-001  0.818406918080375E+002  0.691190094201205E+002
  0.640264223271773E-001  0.817918674925340E+002  0.691398479531210E+002
  0.640264223271773E-001  0.817853301671451E+002  0.691426686597618E+002
  0.640264223271773E-001  0.817779096199822E+002  0.691458794138105E+002
  0.640264223271773E-001  0.817727543857408E+002  0.691481156524717E+002
  0.640264223271773E-001  0.817608732179231E+002  0.691532872830326E+002
  0.640264223271773E-001  0.817518679861667E+002  0.691572238075142E+002
  0.640264223271773E-001  0.817497105441440E+002  0.691581690687535E+002
  0.640264223271773E-001  0.817486628029353E+002  0.691586284289415E+002
  0.640264223271773E-001  0.817196786032617E+002  0.691714155540031E+002
  0.640264223271773E-001  0.817061678134854E+002  0.691774296628444E+002
  0.640264223271773E-001  0.817052702342755E+002  0.691778304324473E+002
  0.640264223271773E-001  0.816609841470063E+002  0.691977988801454E+002
  0.640264223271773E-001  0.816487155571671E+002  0.692033999715158E+002
  0.640264223271773E-001  0.816450554733531E+002  0.692050769161726E+002
  0.640264223271773E-001  0.816423949368972E+002  0.692062976344478E+002
  0.640264223271773E-001  0.816255214021047E+002  0.692140740319788E+002
  0.640264223271773E-001  0.816193101942055E+002  0.692169516982704E+002
  0.640264223271773E-001  0.816130573290413E+002  0.692198570089968E+002
  0.640264223271773E-001  0.816080119330278E+002  0.692222074382415E+002
  0.640264223271773E-001  0.815957459581794E+002  0.692279447924694E+002
  0.640264223271773E-001  0.815679612997189E+002  0.692410650000553E+002
  0.640264223271773E-001  0.815641965885465E+002  0.692428562571746E+002
  0.640264223271773E-001  0.815633111317248E+002  0.692432780353981E+002
  0.640264223271773E-001  0.815484852378386E+002  0.692503673878374E+002
  0.640264223271773E-001  0.815083998145101E+002  0.692697993574815E+002
  0.640264223271773E-001  0.814989648969137E+002  0.692744309843510E+002
  0.640264223271773E-001  0.814696140564400E+002  0.692889863591672E+002
  0.640264223271773E-001  0.814536200701801E+002  0.692970143172146E+002
  0.640264223271773E-001  0.814506477966507E+002  0.692985138960245E+002
  0.640264223271773E-001  0.814350594098476E+002  0.693064187948980E+002
  0.640264223271773E-001  0.814316046378822E+002  0.693081799702050E+002
  0.640264223271773E-001  0.814023329348487E+002  0.693232405621918E+002
  0.640264223271773E-001  0.813997739433440E+002  0.693245691998845E+002
  0.640264223271773E-001  0.813796148006119E+002  0.693351054799068E+002
  0.640264223271773E-001  0.813792813822239E+002  0.693352807949093E+002
  0.640264223271773E-001  0.813396630640793E+002  0.693563651992100E+002
  0.640264223271773E-001  0.813332140010728E+002  0.693598460983550E+002
  0.640264223271773E-001  0.813180265266833E+002  0.693680996174409E+002
  0.640264223271773E-001  0.813137679734687E+002  0.693704282518959E+002
  0.640264223271773E-001  0.813050767893773E+002  0.693752005734016E+002
  0.640264223271773E-001  0.812941170550823E+002  0.693812571600076E+002
  0.640264223271773E-001  0.812803362051486E+002  0.693889352290761E+002
  0.640264223271773E-001  0.812761377090640E+002  0.693912885417509E+002
  0.640264223271773E-001  0.812715940036790E+002  0.693938428811850E+002
  0.640264223271773E-001  0.812607975173298E+002  0.693999441788825E+002
  0.640264223271773E-001  0.812553790891337E+002  0.694030233597971E+002
  0.640264223271773E-001  0.812482135748588E+002  0.694071132355701E+002
  0.640264223271773E-001  0.812469438118615E+002  0.694078401231810E+002
  0.640264223271773E-001  0.812374144795057E+002  0.694133161226082E+002
  0.640264223271773E-001  0.812357607211261E+002  0.694142702286915E+002
  0.640264223271773E-001  0.812334009979062E+002  0.694156335825272E+002
  0.640264223271773E-001  0.812298660825816E+002  0.694176802379909E+002
  0.640264223271773E-001  0.812100343666948E+002  0.694292604039453E+002
  0.640264223271773E-001  0.812043257850809E+002  0.694326252458019E+002
  0.640264223271773E-001  0.811933326722086E+002  0.694391457075900E+002
  0.640264223271773E-001  0.811929589104714E+002  0.694393683554776E+002
  0.640264223271773E-001  0.811889330409110E+002  0.694417705712331E+002
  0.640264223271773E-001  0.811854150734806E+002  0.694438757941801E+002
  0.640264223271773E-001  0.811813979035262E+002  0.694462867348593E+002
  0.640264223271773E-001  0.811644129042339E+002  0.694565643352103E+002
  0.640264223271773E-001  0.811592957725487E+002  0.694596878569757E+002
  0.640264223271773E-001  0.811567307251258E+002  0.694612583982739E+002
  0.640264223271773E-001  0.811559526796181E+002  0.694617354253475E+002
  0.640264223271773E-001  0.811482034476443E+002  0.694665029867527E+002
  0.640264223271773E-001  0.811458879207324E+002  0.694679334160059E+002
  0.640264223271773E-001  0.811250938090043E+002  0.694809027664595E+002
  0.640264223271773E-001  0.811213711610892E+002  0.694832486143933E+002
  0.640264223271773E-001  0.811104155570948E+002  0.694901959650822E+002
  0.640264223271773E-001  0.810978527220673E+002  0.694982445685601E+002
  0.640264223271773E-001  0.810952998509563E+002  0.694998910741235E+002
  0.640264223271773E-001  0.810844873836773E+002  0.695069067243215E+002
  0.640264223271773E-001  0.810634776908187E+002  0.695207394189053E+002
  0.640264223271773E-001  0.810624309336962E+002  0.695214357399131E+002
  0.640264223271773E-001  0.810622358337968E+002  0.695215656002612E+002
  0.640264223271773E-001  0.810584941167154E+002  0.695240607963798E+002
  0.640264223271773E-001  0.810523501083437E+002  0.695281774387972E+002
  0.640264223271773E-001  0.810390297712509E+002  0.695371873532494E+002
  0.640264223271773E-001  0.810271140342523E+002  0.695453488103956E+002
  0.640264223271773E-001  0.810254072073437E+002  0.695465259403293E+002
  0.640264223271773E-001  0.810253870805733E+002  0.695465398331873E+002
  0.640264223271773E-001  0.810140433575911E+002  0.695544160221127E+002
  0.640264223271773E-001  0.810099836587735E+002  0.695572574241028E+002
  0.640264223271773E-001  0.809985800920712E+002  0.695653045754967E+002
  0.640264223271773E-001  0.809932511448882E+002  0.695690990424569E+002
  0.640264223271773E-001  0.809785735895475E+002  0.695796660064748E+002
  0.640264223271773E-001  0.809610261372065E+002  0.695925318002670E+002
  0.640264223271773E-001  0.809508941665469E+002  0.696000817118574E+002
  0.640264223271773E-001  0.809487833846016E+002  0.696016661372333E+002
  0.640264223271773E-001  0.809470307509407E+002  0.696029848046928E+002
  0.640264223271773E-001  0.809435816393943E+002  0.696055881236021E+002
  0.640264223271773E-001  0.809409255094382E+002  0.696076004313821E+002
  0.640264223271773E-001  0.809393120543407E+002  0.696088260222802E+002
  0.640264223271773E-001  0.809300615677954E+002  0.696159005667099E+002
  0.640264223271773E-001  0.809236792052292E+002  0.696208301547134E+002
  0.640264223271773E-001  0.809179735527496E+002  0.696252715283355E+002
  0.640264223271773E-001  0.809172196756737E+002  0.696258608324758E+002
  0.640264223271773E-001  0.809077971577120E+002  0.696332761346369E+002
  0.640264223271773E-001  0.809031625967389E+002  0.696369578943961E+002
  0.640264223271773E-001  0.809018309010888E+002  0.696380201032928E+002
  0.640264223271773E-001  0.809014317549715E+002  0.696383388531390E+002
  0.640264223271773E-001  0.808897816083551E+002  0.696477203244332E+002
  0.640264223271773E-001  0.808781512840857E+002  0.696572411883582E+002
  0.640264223271773E-001  0.808727380848840E+002  0.696617277137602E+002
  0.640264223271773E-001  0.808692210565314E+002  0.696646620163802E+002
  0.640264223271773E-001  0.808636146459058E+002  0.696693717164561E+002
  0.640264223271773E-001  0.808459216093758E+002  0.696845052929667E+002
  0.640264223271773E-001  0.808435506488031E+002  0.696865657568104E+002
  0.640264223271773E-001  0.808432908957504E+002  0.696867919749826E+002
  0.640264223271773E-001  0.808412493673048E+002  0.696885732746634E+002
  0.640264223271773E-001  0.808392571353275E+002  0.696903173124248E+002
  0.640264223271773E-001  0.808308484255281E+002  0.696977423469801E+002
  0.640264223271773E-001  0.808283833253908E+002  0.696999390801525E+002
  0.640264223271773E-001  0.808163894183259E+002  0.697107618595315E+002
  0.640264223271773E-001  0.808111061426508E+002  0.697156026028578E+002
  0.640264223271773E-001  0.808081093452611E+002  0.697183690560292E+002
  0.640264223271773E-001  0.808060560624768E+002  0.697202733181553E+002
  0.640264223271773E-001  0.808052260941296E+002  0.697210451034147E+002
  0.640264223271773E-001  0.807914899651724E+002  0.697339954372811E+002
  0.640264223271773E-001  0.807909462733141E+002  0.697345151010328E+002
  0.640264223271773E-001  0.807908465434161E+002  0.697346104835422E+002
  0.640264223271773E-001  0.807898047813276E+002  0.697356079511501E+002
  0.640264223271773E-001  0.807890136362767E+002  0.697363668257109E+002
  0.640264223271773E-001  0.807848508541466E+002  0.697403794975621E+002
  0.640264223271773E-001  0.807784236023979E+002  0.697466414666724E+002
  0.640264223271773E-001  0.807761386346670E+002  0.697488876341561E+002
  0.640264223271773E-001  0.807748082645513E+002  0.697502003367653E+002
  0.640264223271773E-001  0.807722032795334E+002  0.697527813574706E+002
  0.640264223271773E-001  0.807681349520349E+002  0.697568408913477E+002
  0.640264223271773E-001  0.807659391669882E+002  0.697590467134976E+002
  0.640264223271773E-001  0.811105483380513E+002  0.699205677293243E+002
  0.640264223271773E-001  0.811103440530485E+002  0.699208837416899E+002
  0.640264223271773E-001  0.811059804901462E+002  0.699277147811593E+002
  0.640264223271773E-001  0.811002772654246E+002  0.699368894615438E+002
  0.640264223271773E-001  0.810958208384248E+002  0.699442691140211E+002
  0.640264223271773E-001  0.810956905590220E+002  0.699444878008813E+002
  0.640264223271773E-001  0.810890917371296E+002  0.699557992658414E+002
  0.640264223271773E-001  0.810876005261673E+002  0.699584226209526E+002
  0.640264223271773E-001  0.810828458621875E+002  0.699669670327583E+002
  0.640264223271773E-001  0.810799352974151E+002  0.699723416037928E+002
  0.640264223271773E-001  0.810734467379005E+002  0.699847606375036E+002
  0.640264223271773E-001  0.810712908853579E+002  0.699890332434325E+002
  0.640264223271773E-001  0.810710742715887E+002  0.699894668781649E+002
  0.640264223271773E-001  0.810649053445566E+002  0.700021747113130E+002
  0.640264223271773E-001  0.810614097972371E+002  0.700097124473434E+002
  0.640264223271773E-001  0.810609958175128E+002  0.700106229267819E+002
  0.640264223271773E-001  0.810609786187076E+002  0.700106608374571E+002
  0.640264223271773E-001  0.810603155899644E+002  0.700121275412540E+002
  0.640264223271773E-001  0.810599594805523E+002  0.700129195426866E+002
  0.640264223271773E-001  0.810565359983238E+002  0.700206922175592E+002
  0.640264223271773E-001  0.810562977360886E+002  0.700212443553049E+002
  0.640264223271773E-001  0.810558064046372E+002  0.700223877598885E+002
  0.640264223271773E-001  0.810542659421362E+002  0.700260158420124E+002
  0.640264223271773E-001  0.810538620381706E+002  0.700269782670818E+002
  0.640264223271773E-001  0.810534315784599E+002  0.700280092187631E+002
  0.640264223271773E-001  0.810533590108896E+002  0.700281835577003E+002
  0.640264223271773E-001  0.810532334355083E+002  0.700284856151046E+002
  0.640264223271773E-001  0.810530257454850E+002  0.700289862261431E+002
  0.640264223271773E-001  0.810527699644378E+002  0.700296045423136E+002
  0.640264223271773E-001  0.810511589476308E+002  0.700335455207106E+002
  0.640264223271773E-001  0.810509650371446E+002  0.700340254415521E+002
  0.640264223271773E-001  0.810500992144398E+002  0.700361834219227E+002
  0.640264223271773E-001  0.810498100023882E+002  0.700369098537342E+002
  0.640264223271773E-001  0.810495496232334E+002  0.700375663085245E+002
  0.640264223271773E-001  0.810479083683812E+002  0.700417591079095E+002
  0.640264223271773E-001  0.810477132325160E+002  0.700422641047793E+002
  0.640264223271773E-001  0.810466389710520E+002  0.700450699847942E+002
  0.640264223271773E-001  0.825010841300936E+002  0.700940785944564E+002
  0.640264223271773E-001  0.825009478646355E+002  0.700945754673830E+002
  0.640264223271773E-001  0.824997489022658E+002  0.700990336659284E+002
