  0.715645526504308E-027  0.203004548547705E+003  0.600607346292869E+002
  0.395341665738847E-026  0.199579591985687E+003  0.602191774420285E+002
  0.578592027156109E-025  0.194206071728863E+003  0.799715302873673E+002
  0.651146710722477E-025  0.193963141416662E+003  0.604845801162412E+002
  0.106236824221349E-024  0.192977444022739E+003  0.799125728063065E+002
  0.115453586013651E-024  0.192804392835123E+003  0.605402415033681E+002
  0.137726801824371E-024  0.192444930395856E+003  0.798869076451321E+002
  0.143470264904149E-024  0.192356563266722E+003  0.605618392686589E+002
  0.146365530863511E-024  0.192309949029801E+003  0.605640901387724E+002
  0.175698576826898E-024  0.191937967917100E+003  0.605820708888239E+002
  0.417348193442060E-024  0.190201010387905E+003  0.606664794397058E+002
  0.766870754884228E-024  0.188977559987321E+003  0.797180972083874E+002
  0.153289501803945E-023  0.187585714176542E+003  0.607949969635284E+002
  0.171246806049876E-023  0.187357503548326E+003  0.796381867459128E+002
  0.314917898460273E-023  0.186132435690381E+003  0.795773061500627E+002
  0.717111596710415E-023  0.184479941095413E+003  0.794945510447047E+002
  0.876772557154188E-023  0.184071253226424E+003  0.794739702346701E+002
  0.999606032627707E-023  0.183802370411945E+003  0.609840765950098E+002
  0.248154970914069E-022  0.181977160246290E+003  0.610766926105939E+002
  0.253507091069015E-022  0.181927827942957E+003  0.610792088840471E+002
  0.379107857843551E-022  0.181116314453500E+003  0.611207012795149E+002
  0.385302743883476E-022  0.181077241627129E+003  0.793217775197569E+002
  0.525527226244395E-022  0.180449840794709E+003  0.792895615134019E+002
  0.676881604672733E-022  0.179936996462207E+003  0.792631425265067E+002
  0.132853014060471E-021  0.178581676727350E+003  0.791929492292671E+002
  0.135754652972515E-021  0.178531809397920E+003  0.612541252793171E+002
  0.139103204459555E-021  0.178476420014757E+003  0.612570064669323E+002
  0.153595434141204E-021  0.178271552516827E+003  0.791768102451348E+002
  0.170105058200012E-021  0.178060708654728E+003  0.791658212180903E+002
  0.243284930392321E-021  0.177338418926730E+003  0.791280732200538E+002
  0.326821949769245E-021  0.176741398912554E+003  0.613477305443688E+002
  0.501364587093511E-021  0.175878907274992E+003  0.613931770371817E+002
  0.666418958847640E-021  0.175303081724959E+003  0.614236491670767E+002
  0.858523076776726E-021  0.174789836104328E+003  0.614508988569805E+002
  0.209968193878045E-020  0.172994525335753E+003  0.788975909547936E+002
  0.217994711252989E-020  0.172912840274239E+003  0.615512832041893E+002
  0.293980682237496E-020  0.172308098181419E+003  0.615838741163776E+002
  0.299049236133584E-020  0.172267254259888E+003  0.788584016319428E+002
  0.367342569120802E-020  0.171849225451006E+003  0.788357952687626E+002
  0.431475261464268E-020  0.171520739203082E+003  0.616264918365125E+002
  0.469875565423805E-020  0.171343568167221E+003  0.616361108049787E+002
  0.750869950257472E-020  0.170399383461494E+003  0.616875553044625E+002
  0.111374871539530E-019  0.169604219166557E+003  0.617311221051011E+002
  0.116026749791193E-019  0.169515725518802E+003  0.787084968781121E+002
  0.147493526181829E-019  0.169029142901909E+003  0.617627701636183E+002
  0.200383490972736E-019  0.168409589919888E+003  0.617969989273141E+002
  0.464080897830592E-019  0.166723282538982E+003  0.785536058837506E+002
  0.125814063692903E-018  0.164721964280255E+003  0.784408013564609E+002
  0.128471663802689E-018  0.164673502234500E+003  0.620064307717276E+002
  0.451463634839399E-018  0.162153273730798E+003  0.782937068637205E+002
  0.485552321093736E-018  0.162001033705120E+003  0.782849046944364E+002
  0.536436467420983E-018  0.161795055954483E+003  0.782729802143471E+002
  0.534838746128939E-018  0.161794366058769E+003  0.782729402451727E+002
  0.661881374032126E-018  0.161361468370151E+003  0.621966603269086E+002
  0.673430254653574E-018  0.161320216615269E+003  0.621990580956398E+002
  0.103185797158952E-017  0.160460097278647E+003  0.781952643414376E+002
  0.117394593110582E-017  0.160195422434642E+003  0.622647154646458E+002
  0.117188499253559E-017  0.160192281070387E+003  0.781795817595853E+002
  0.179514460190957E-017  0.159332681450685E+003  0.623154455255409E+002
  0.183945173175586E-017  0.159277261913531E+003  0.781257659713402E+002
  0.208715477010108E-017  0.159017937875091E+003  0.781104473585903E+002
  0.223136048726787E-017  0.158877662897008E+003  0.623423326332776E+002
  0.573558658257130E-017  0.156982850230605E+003  0.624552981176844E+002
  0.605465929770483E-017  0.156867918488492E+003  0.624622030498521E+002
  0.618278763348326E-017  0.156819380637006E+003  0.624651209794602E+002
  0.830543771739572E-017  0.156222442649189E+003  0.779433843291036E+002
  0.114471282547809E-016  0.155574130180727E+003  0.625403601434807E+002
  0.156949498021165E-016  0.154936274398836E+003  0.778652945257842E+002
  0.216844182558889E-016  0.154283108902758E+003  0.626191508919532E+002
  0.232778914323329E-016  0.154134633133274E+003  0.778162166028434E+002
  0.250856680700311E-016  0.153978392262519E+003  0.626378670779723E+002
  0.276824728296463E-016  0.153774731135820E+003  0.777940792879935E+002
  0.330755157665227E-016  0.153412087874360E+003  0.626727736496016E+002
  0.346205590855578E-016  0.153314123503980E+003  0.626788284869436E+002
  0.379547593655217E-016  0.153123573506535E+003  0.777538616908056E+002
  0.500457293796475E-016  0.152563833391178E+003  0.627253634588390E+002
  0.786432962358844E-016  0.151653207380128E+003  0.776622474699118E+002
  0.108061214556397E-015  0.151011000844886E+003  0.628226037830719E+002
  0.119005300735499E-015  0.150811404928472E+003  0.776092857836708E+002
  0.192082296080564E-015  0.149847237609290E+003  0.628963261878976E+002
  0.206185697634350E-015  0.149698875425214E+003  0.629057780647840E+002
  0.229386067659987E-015  0.149478961322100E+003  0.629198108874699E+002
  0.319594378442530E-015  0.148809013431194E+003  0.774817535865260E+002
  0.328817431087464E-015  0.148745457747710E+003  0.629668123289209E+002
  0.350984649392788E-015  0.148608322542419E+003  0.629756335035983E+002
  0.543583784232020E-015  0.147726784236404E+003  0.774118848065335E+002
  0.606562858832742E-015  0.147500879629326E+003  0.630472667937007E+002
  0.798773687913505E-015  0.146943685456071E+003  0.773609014813017E+002
  0.893936358820595E-015  0.146711916027573E+003  0.630987391037071E+002
  0.106133697186762E-014  0.146361960245549E+003  0.631216898205373E+002
  0.145733311417757E-014  0.145721147217985E+003  0.772805724514425E+002
  0.170869958228101E-014  0.145396242694317E+003  0.631854115595234E+002
  0.218314383010581E-014  0.144899520396462E+003  0.772260683712325E+002
  0.355565121239159E-014  0.143917320282785E+003  0.771603505324603E+002
  0.413942894572084E-014  0.143606625474759E+003  0.633050490268155E+002
  0.641758974241885E-014  0.142723000344226E+003  0.770795915386426E+002
  0.685694336551311E-014  0.142583906461602E+003  0.633743571547037E+002
  0.706587922858499E-014  0.142517219505449E+003  0.633789008067329E+002
  0.903552360552041E-014  0.142018791088265E+003  0.770315245885894E+002
  0.917216863041915E-014  0.141982115758495E+003  0.634154693979692E+002
  0.133870138916251E-013  0.141219237429664E+003  0.769765350898527E+002
  0.148090023142827E-013  0.141010681577814E+003  0.769621178349139E+002
  0.203767325033059E-013  0.140365709145592E+003  0.635271462750631E+002
  0.223410297566929E-013  0.140174991163449E+003  0.769040353443340E+002
  0.261622438672581E-013  0.139852550762614E+003  0.768814895221575E+002
  0.310690654582895E-013  0.139502104489004E+003  0.635875827773258E+002
  0.396489369211316E-013  0.139007745925252E+003  0.768220534599818E+002
  0.477791312162471E-013  0.138628040699899E+003  0.636493170383216E+002
  0.476973015364353E-013  0.138624813387716E+003  0.636495460546177E+002
  0.649612555805105E-013  0.138000325408624E+003  0.636940121103766E+002
  0.686525653528549E-013  0.137883134876621E+003  0.767420910107518E+002
  0.706740079519338E-013  0.137818440563181E+003  0.767374612437396E+002
  0.711763029598892E-013  0.137797620837591E+003  0.767359706064108E+002
  0.100221573782182E-012  0.137106518190886E+003  0.637581869563497E+002
  0.100423435899084E-012  0.137095838345450E+003  0.637589576154833E+002
  0.100118535751059E-012  0.137095264292846E+003  0.637589990418015E+002
  0.128243940083186E-012  0.136593449931453E+003  0.637953144507304E+002
  0.164368425387181E-012  0.136090442006535E+003  0.766125580076648E+002
  0.239806093622115E-012  0.135328345928247E+003  0.638877917589164E+002
  0.247665008178906E-012  0.135257197535987E+003  0.638930327374674E+002
  0.251226895173015E-012  0.135221983083685E+003  0.638956283332790E+002
  0.252161790200038E-012  0.135207898682558E+003  0.765478145849530E+002
  0.315672789556647E-012  0.134751972512534E+003  0.765141068402314E+002
  0.349943545139908E-012  0.134539185650652E+003  0.639461683329538E+002
  0.373428619610620E-012  0.134402620005903E+003  0.764881556441086E+002
  0.458713214929382E-012  0.133984567752600E+003  0.764569592088010E+002
  0.460659074106102E-012  0.133969446126154E+003  0.764558278574790E+002
  0.549239575179441E-012  0.133611037551690E+003  0.640155288374170E+002
  0.602333182233174E-012  0.133419829931339E+003  0.640299142930984E+002
  0.798667172747080E-012  0.132848907244839E+003  0.763714135819428E+002
  0.838916598989859E-012  0.132743917680561E+003  0.640810364687611E+002
  0.888958670932233E-012  0.132621383202829E+003  0.640903499197837E+002
  0.959266569787298E-012  0.132462491107394E+003  0.763420334508628E+002
  0.107297423302112E-011  0.132231794075779E+003  0.641200557771545E+002
  0.111792855644729E-011  0.132143052455010E+003  0.641268424981759E+002
  0.111820104550120E-011  0.132135909445018E+003  0.763170922479953E+002
  0.113707741023852E-011  0.132095773643355E+003  0.641304613419985E+002
  0.138807889434818E-011  0.131690199252283E+003  0.641615938392977E+002
  0.166927096133522E-011  0.131314611111625E+003  0.762539134989636E+002
  0.231872417222912E-011  0.130650695276167E+003  0.642421277313663E+002
  0.262711004414261E-011  0.130394305114306E+003  0.761823229110797E+002
  0.318348193229731E-011  0.130003467243022E+003  0.642928231958831E+002
  0.343402883178911E-011  0.129845294436076E+003  0.643052784501703E+002
  0.449227345517698E-011  0.129301389350598E+003  0.643483095885351E+002
  0.471318226909463E-011  0.129198724950776E+003  0.643564673149187E+002
  0.501854564672639E-011  0.129066515652513E+003  0.643669894251640E+002
  0.514810168922910E-011  0.129008884346788E+003  0.643715820366560E+002
  0.544727965182974E-011  0.128889252176772E+003  0.760633543576124E+002
  0.717650806678676E-011  0.128331203425631E+003  0.760186222822318E+002
  0.764790468406033E-011  0.128197310265988E+003  0.760078382286555E+002
  0.790270301323545E-011  0.128125108402377E+003  0.760020145789111E+002
  0.913514431997637E-011  0.127828604554685E+003  0.644664439305051E+002
  0.924824613816921E-011  0.127797339097334E+003  0.759755032779893E+002
  0.106450455001728E-010  0.127509362225554E+003  0.644923720330959E+002
  0.107460926130949E-010  0.127483811369392E+003  0.759500290673809E+002
  0.112093053369917E-010  0.127392751676483E+003  0.759426091847754E+002
  0.121388320407686E-010  0.127226765483341E+003  0.759290591922743E+002
  0.135499078828875E-010  0.127000169552148E+003  0.759105093217997E+002
  0.146477796945444E-010  0.126837695935365E+003  0.758971713852226E+002
  0.160511219304312E-010  0.126648060391080E+003  0.758815638892983E+002
  0.160551479159601E-010  0.126640903228423E+003  0.758809739932943E+002
  0.211427677673598E-010  0.126083710934430E+003  0.758348597060013E+002
  0.263866035783305E-010  0.125633938266913E+003  0.757973574595724E+002
  0.288144846363723E-010  0.125451239170073E+003  0.646624296718593E+002
  0.311119037000552E-010  0.125291158985671E+003  0.757686061045157E+002
  0.385289407792531E-010  0.124856865073740E+003  0.647125180507023E+002
  0.413683980548652E-010  0.124707994313790E+003  0.647251349790957E+002
  0.422066459791149E-010  0.124661217855681E+003  0.757153760445240E+002
  0.434529053627157E-010  0.124596362235529E+003  0.757098664251345E+002
  0.590654240292251E-010  0.123975770665104E+003  0.647876179025212E+002
  0.706100435918043E-010  0.123612061717946E+003  0.648189228980312E+002
  0.746425458312825E-010  0.123494329599350E+003  0.648290952147692E+002
  0.101278140871809E-009  0.122877354143539E+003  0.755617612131344E+002
  0.116508984962669E-009  0.122590502978816E+003  0.649078363097874E+002
  0.117434783466082E-009  0.122568017896652E+003  0.755346712713151E+002
  0.131730465470649E-009  0.122331612793284E+003  0.755138747399202E+002
  0.148546863676091E-009  0.122084672049074E+003  0.649524176010412E+002
  0.154503545172269E-009  0.121999383362078E+003  0.754845096436664E+002
  0.197552373115799E-009  0.121501154407199E+003  0.754401624439030E+002
  0.259586709485327E-009  0.120948324711270E+003  0.753905099022229E+002
  0.270841956603026E-009  0.120856779776281E+003  0.650622396923423E+002
  0.286900184653223E-009  0.120734926392479E+003  0.753712153937224E+002
  0.425075677629677E-009  0.119942005109331E+003  0.651456007247492E+002
  0.523956888004031E-009  0.119517065153043E+003  0.651847936165849E+002
  0.602479664646181E-009  0.119231120558786E+003  0.752331420702316E+002
  0.664241062406205E-009  0.119029282546175E+003  0.752143194543757E+002
  0.678759797959730E-009  0.118979382611869E+003  0.652348263215255E+002
  0.730978726058511E-009  0.118824492930957E+003  0.652493325833738E+002
  0.776569366322726E-009  0.118696834123125E+003  0.652613204128968E+002
  0.803564772309579E-009  0.118621834894931E+003  0.652683767603079E+002
  0.105057230406438E-008  0.118079114211706E+003  0.751247397325690E+002
  0.120227032087671E-008  0.117802705359056E+003  0.653461098131518E+002
  0.139120742620823E-008  0.117504129141618E+003  0.750697275335533E+002
  0.157142437500948E-008  0.117253852698913E+003  0.750455861283029E+002
  0.170558406876077E-008  0.117083346796515E+003  0.750290698694809E+002
  0.170619637040837E-008  0.117075973348735E+003  0.750283543513002E+002
  0.194593859068164E-008  0.116806362011787E+003  0.750021177503367E+002
  0.197531920231159E-008  0.116769735271319E+003  0.749985423849569E+002
  0.210604093104394E-008  0.116634920006635E+003  0.749853591036903E+002
  0.218693461488443E-008  0.116552882436232E+003  0.749773189464889E+002
  0.228181327542767E-008  0.116461287697945E+003  0.749683260384160E+002
  0.244868469926949E-008  0.116313470918100E+003  0.654907042357000E+002
  0.294234516766305E-008  0.115939503504923E+003  0.749167679071538E+002
  0.314685161497765E-008  0.115798456872225E+003  0.749027334070868E+002
  0.317194991385847E-008  0.115775913196325E+003  0.749004863513255E+002
  0.420221040367488E-008  0.115206729296394E+003  0.656010908214668E+002
  0.445118036225337E-008  0.115084956441185E+003  0.656133979166981E+002
  0.464509070451104E-008  0.114993017684063E+003  0.748217697371512E+002
  0.476603479679651E-008  0.114934954543318E+003  0.748158780208260E+002
  0.508163095734845E-008  0.114800063793210E+003  0.656423200684103E+002
  0.606247496763257E-008  0.114440436487934E+003  0.747653892112446E+002
  0.626528752682922E-008  0.114367968199275E+003  0.656865381504950E+002
  0.644697736719741E-008  0.114304138790518E+003  0.656931066666184E+002
  0.692309958012012E-008  0.114154978830693E+003  0.747359877604895E+002
  0.846239813108004E-008  0.113746785220643E+003  0.746936089296362E+002
  0.844489098746959E-008  0.113744271558123E+003  0.657511346372885E+002
  0.847572448141062E-008  0.113730326992942E+003  0.657525895505513E+002
  0.887813467769886E-008  0.113630900728805E+003  0.657629769986769E+002
  0.948384597306708E-008  0.113492248246147E+003  0.657775030931072E+002
  0.972871532494586E-008  0.113434608810473E+003  0.746609256062180E+002
  0.105366784849045E-007  0.113268392222114E+003  0.746434249845006E+002
  0.113728556657606E-007  0.113109002491973E+003  0.746265778367278E+002
  0.128030901063657E-007  0.112865432667421E+003  0.658437735326372E+002
  0.132355845530759E-007  0.112792332196099E+003  0.745929138056491E+002
  0.135042623324236E-007  0.112745483891868E+003  0.745879114959359E+002
  0.135309520839539E-007  0.112734879423423E+003  0.658577029635492E+002
  0.138678097757820E-007  0.112679042837468E+003  0.658636740617701E+002
  0.140001371906782E-007  0.112653393621390E+003  0.658664197021272E+002
  0.148386580915907E-007  0.112530400681896E+003  0.745648716556974E+002
  0.173772308450832E-007  0.112207895164481E+003  0.745300937709698E+002
  0.174674683900167E-007  0.112190880735042E+003  0.659162301598228E+002
  0.215953547526045E-007  0.111759949090828E+003  0.659631636667761E+002
  0.226568513194736E-007  0.111657325392866E+003  0.659744170400606E+002
  0.243321164023470E-007  0.111508000117346E+003  0.659908450093573E+002
  0.259523318979253E-007  0.111372415884363E+003  0.744386646483338E+002
  0.264937076232922E-007  0.111324468724472E+003  0.660111239413573E+002
  0.278131229995923E-007  0.111220611738203E+003  0.744218385584523E+002
  0.315271782356779E-007  0.110963272127409E+003  0.660513215819399E+002
  0.338965600068514E-007  0.110811689428128E+003  0.743761742252760E+002
  0.358140459167371E-007  0.110694980595963E+003  0.660814323683870E+002
  0.357029903251839E-007  0.110694536441008E+003  0.743629989548845E+002
  0.380658385085395E-007  0.110559715250899E+003  0.743477846083684E+002
  0.384201775837421E-007  0.110534528617415E+003  0.743449361144800E+002
  0.433006290134430E-007  0.110288704272683E+003  0.661274509040896E+002
  0.466624656899408E-007  0.110132502798124E+003  0.661452819395006E+002
  0.576282860976644E-007  0.109703700385363E+003  0.661946372728454E+002
  0.652081382614833E-007  0.109449903293462E+003  0.742203449145964E+002
  0.663511404005983E-007  0.109408494378924E+003  0.662289701281999E+002
  0.696816429858881E-007  0.109303886872735E+003  0.662412071711250E+002
  0.699899522377557E-007  0.109288401730543E+003  0.742014595239098E+002
  0.716421754028895E-007  0.109235081649951E+003  0.662492765921578E+002
  0.755726977230282E-007  0.109121603801288E+003  0.662626211091433E+002
  0.844664462023877E-007  0.108892429636277E+003  0.741547722595912E+002
  0.901694294365473E-007  0.108755101894674E+003  0.741384505863792E+002
  0.101816308100145E-006  0.108505486636721E+003  0.741086077918019E+002
  0.102352627743027E-006  0.108488323662270E+003  0.741065474451391E+002
  0.103179545563127E-006  0.108465574790828E+003  0.663406665046857E+002
  0.117616752343423E-006  0.108196997519194E+003  0.663730746820224E+002
  0.133406537786395E-006  0.107938402611099E+003  0.664045382801574E+002
  0.163064953585792E-006  0.107530252093886E+003  0.739897482216659E+002
  0.174653139379016E-006  0.107386289840376E+003  0.664725980827003E+002
  0.182687099281932E-006  0.107289688454077E+003  0.664846336751581E+002
  0.203242946933833E-006  0.107069778479919E+003  0.739323034284567E+002
  0.218936267702205E-006  0.106914365647711E+003  0.739127136221129E+002
  0.237308007876393E-006  0.106746553595007E+003  0.738914434552878E+002
  0.246019300642102E-006  0.106667795850651E+003  0.665630630664827E+002
  0.271914379069342E-006  0.106460985784148E+003  0.665895198772143E+002
  0.288651959559321E-006  0.106334861331404E+003  0.666057497432761E+002
  0.312349493233757E-006  0.106170403628579E+003  0.738174589183242E+002
  0.313060701183910E-006  0.106159199300944E+003  0.738160050509457E+002
  0.392491897838683E-006  0.105700306142103E+003  0.737559454192417E+002
  0.438921310011119E-006  0.105470042053554E+003  0.667190606897404E+002
  0.537096215200431E-006  0.105059672270542E+003  0.736703504947988E+002
  0.539293922851736E-006  0.105044849723279E+003  0.667761364590949E+002
  0.546455011734292E-006  0.105011811643437E+003  0.736638703903396E+002
  0.549429631813541E-006  0.104994298616158E+003  0.667829851956990E+002
  0.581834081081178E-006  0.104873033804042E+003  0.736450111605486E+002
  0.601216633160165E-006  0.104800838221733E+003  0.668093224276744E+002
  0.603855154561894E-006  0.104785424572045E+003  0.668114295517798E+002
  0.661054270136346E-006  0.104597765830431E+003  0.668371886467500E+002
  0.670842245099085E-006  0.104561714119057E+003  0.736023215664781E+002
  0.771441853686548E-006  0.104275603947003E+003  0.668818735917094E+002
  0.826897158488920E-006  0.104130110304238E+003  0.669022511884103E+002
  0.859524095384187E-006  0.104046057671579E+003  0.669140806628653E+002
  0.856840557120088E-006  0.104045656101453E+003  0.735303440721019E+002
  0.909432148852786E-006  0.103919863443474E+003  0.669319209578097E+002
  0.111521946332357E-005  0.103505235663019E+003  0.734532502906899E+002
  0.119149467426183E-005  0.103366265414567E+003  0.734331262770338E+002
  0.119656284048527E-005  0.103351120635438E+003  0.734309255640905E+002
  0.120939604621778E-005  0.103323129150453E+003  0.670176272559837E+002
  0.121177864135094E-005  0.103312537305917E+003  0.734253121236623E+002
  0.126725741596478E-005  0.103216350088632E+003  0.734112749446817E+002
  0.129628196896111E-005  0.103164404323365E+003  0.734036684311308E+002
  0.130858844499261E-005  0.103138850962273E+003  0.670445614288913E+002
  0.135986239158680E-005  0.103055326424867E+003  0.733876364658485E+002
  0.136376116477028E-005  0.103042944978730E+003  0.670586698120597E+002
  0.142018288245746E-005  0.102955210980873E+003  0.733728499779578E+002
  0.143289100727471E-005  0.102930738534596E+003  0.733692249682093E+002
  0.146596734007810E-005  0.102878440478147E+003  0.670830171267028E+002
  0.153628283543687E-005  0.102778084037027E+003  0.733465178971770E+002
  0.155834823204213E-005  0.102742907098307E+003  0.671032193954850E+002
  0.157148999620115E-005  0.102719455964571E+003  0.671067282575171E+002
  0.162405327679213E-005  0.102646998713112E+003  0.671175946862584E+002
  0.166114500834398E-005  0.102595178969836E+003  0.671253894890553E+002
  0.166374868303347E-005  0.102585391048633E+003  0.671268640066569E+002
  0.166937963725039E-005  0.102571977901343E+003  0.671288857940049E+002
  0.172446630209262E-005  0.102500391261544E+003  0.671396985987741E+002
  0.178434418902200E-005  0.102425469013171E+003  0.732934253517049E+002
  0.188852140486107E-005  0.102305326931366E+003  0.671693564404045E+002
  0.209090308397579E-005  0.102095067605539E+003  0.732428307151334E+002
  0.234413208750973E-005  0.101859773722937E+003  0.672382043149358E+002
  0.238380418300394E-005  0.101819553370004E+003  0.672444975854032E+002
  0.247406715956963E-005  0.101738566165975E+003  0.731872711891874E+002
  0.282796922391560E-005  0.101464519694603E+003  0.731438438089015E+002
  0.286582999921043E-005  0.101431265822601E+003  0.673059511892273E+002
  0.297515252446308E-005  0.101349735652097E+003  0.673190200686268E+002
  0.297996113554841E-005  0.101339850167393E+003  0.731238726893892E+002
  0.303750236396499E-005  0.101294943930695E+003  0.673278360615492E+002
  0.309487117447797E-005  0.101250866961332E+003  0.673349475870299E+002
  0.309389887215220E-005  0.101244839811239E+003  0.673359213893593E+002
  0.321203732470032E-005  0.101163237531173E+003  0.730953430563929E+002
  0.336188858075200E-005  0.101065386996459E+003  0.730794138506272E+002
  0.339088708572709E-005  0.101041554074888E+003  0.673689607600163E+002
  0.361588270774453E-005  0.100906409613463E+003  0.730533426414359E+002
  0.373687341564625E-005  0.100833927489901E+003  0.674031053080037E+002
  0.376345568388487E-005  0.100813095262698E+003  0.674065540597124E+002
  0.381775088851625E-005  0.100777791929711E+003  0.674124081515046E+002
  0.387978405357619E-005  0.100738900311111E+003  0.730256099391173E+002
  0.393160673008260E-005  0.100705707363506E+003  0.674243994434180E+002
  0.402493414997976E-005  0.100652131041357E+003  0.730111360696461E+002
  0.401163144050123E-005  0.100652096558942E+003  0.730111303027474E+002
  0.401655608631112E-005  0.100642987300931E+003  0.674348749162643E+002
  0.400548107692229E-005  0.100641854016991E+003  0.674350645588980E+002
  0.402152379251663E-005  0.100627204054235E+003  0.674375172319921E+002
  0.425108794523635E-005  0.100509520366813E+003  0.729871827730564E+002
  0.438518684033295E-005  0.100440750193439E+003  0.729755574649024E+002
  0.439199407392223E-005  0.100430992371191E+003  0.729739039672736E+002
  0.450449583254472E-005  0.100373751556975E+003  0.729641842271558E+002
  0.450446017463934E-005  0.100367111808992E+003  0.729630545379202E+002
  0.467819424300230E-005  0.100284767960550E+003  0.674954757219931E+002
  0.476834694485665E-005  0.100239937375492E+003  0.729413264465866E+002
  0.480864068614030E-005  0.100216452295010E+003  0.675071864156265E+002
  0.481395840776798E-005  0.100207586200964E+003  0.729357714035217E+002
  0.481023090408813E-005  0.100202479843782E+003  0.729348935478263E+002
  0.494949430645201E-005  0.100138743617445E+003  0.675205689719193E+002
  0.502587364829766E-005  0.100101460260976E+003  0.729174680606179E+002
  0.502208017834921E-005  0.100096314827112E+003  0.675279038761887E+002
  0.532039818520983E-005  0.999742514041937E+002  0.675491179066495E+002
  0.539157498843074E-005  0.999410170230357E+002  0.675549231035406E+002
  0.547034006722165E-005  0.999053549705926E+002  0.728833149149367E+002
  0.583735115082133E-005  0.997688267106683E+002  0.675852049740971E+002
  0.583870966350300E-005  0.997617057294511E+002  0.675864647810822E+002
  0.586574460235201E-005  0.997458109361205E+002  0.675892789796770E+002
  0.596072981576890E-005  0.997070283660932E+002  0.728483232010391E+002
  0.597406729477286E-005  0.996959026690110E+002  0.675981349340036E+002
  0.608121639621173E-005  0.996536935752359E+002  0.728388332476788E+002
  0.616038693182595E-005  0.996211682989571E+002  0.728330290356263E+002
  0.633590069227199E-005  0.995583279354912E+002  0.676227030348259E+002
  0.645316751221036E-005  0.995149941220916E+002  0.728139915334584E+002
  0.666464537123640E-005  0.994438472475654E+002  0.676433254072041E+002
  0.667290310346292E-005  0.994347151303171E+002  0.727995037939441E+002
  0.677381331025883E-005  0.993980411878589E+002  0.676516231799142E+002
  0.694337345074310E-005  0.993419385073676E+002  0.676618228243098E+002
  0.695448721470567E-005  0.993320842287353E+002  0.676636185613597E+002
  0.747139337364645E-005  0.991820398137955E+002  0.676911184090415E+002
  0.757609479003595E-005  0.991475515202709E+002  0.727469996605787E+002
  0.757789009426896E-005  0.991404220570099E+002  0.727456822332688E+002
  0.768422671941351E-005  0.991058965955587E+002  0.677051887077717E+002
  0.772374176273487E-005  0.990889826532800E+002  0.677083248787744E+002
  0.811372149930814E-005  0.989838116534727E+002  0.677279140963275E+002
  0.813720150954422E-005  0.989713767027096E+002  0.677302404179311E+002
  0.815409142432598E-005  0.989605741414586E+002  0.727122182355725E+002
  0.828891247106457E-005  0.989211206445451E+002  0.677396644930337E+002
  0.830907383479334E-005  0.989096063126358E+002  0.677418287156545E+002
  0.895751922353116E-005  0.987526604014288E+002  0.726729626761407E+002
  0.906468519312107E-005  0.987222192220510E+002  0.677773190790611E+002
  0.903702193990978E-005  0.987216764962044E+002  0.726670587356336E+002
  0.915996796819342E-005  0.986879949299108E+002  0.677838568094788E+002
  0.934097863800311E-005  0.986422026612786E+002  0.677926318406297E+002
  0.940734277066399E-005  0.986213880727444E+002  0.726478503828584E+002
  0.967944072427889E-005  0.985577053064666E+002  0.726355737899298E+002
  0.105045087562724E-004  0.983874488319758E+002  0.726024412847213E+002
  0.107575572585351E-004  0.983331853757431E+002  0.678526972820181E+002
  0.107741559344089E-004  0.983234462175789E+002  0.678546151069896E+002
  0.110660401657215E-004  0.982633292838877E+002  0.678664878346594E+002
  0.119787391356280E-004  0.980981689725337E+002  0.678994183484643E+002
  0.123623534468298E-004  0.980284683873108E+002  0.725310248118938E+002
  0.123323270665126E-004  0.980266764286813E+002  0.725306627730815E+002
  0.126650549530404E-004  0.979667756665615E+002  0.679259534898837E+002
  0.128834748750410E-004  0.979259223857529E+002  0.725102147440039E+002
  0.131167670831511E-004  0.978833750674039E+002  0.679429566748654E+002
  0.137886294317855E-004  0.977768135742158E+002  0.679648681097851E+002
  0.139001440469357E-004  0.977540481843025E+002  0.679695768146346E+002
  0.140127011374554E-004  0.977312627255806E+002  0.679742995466668E+002
  0.142461356813008E-004  0.976915640509174E+002  0.679825516636752E+002
  0.147978632268776E-004  0.976089142625213E+002  0.679998302787600E+002
  0.148574995878156E-004  0.975942147488725E+002  0.680029174226979E+002
  0.148997104597421E-004  0.975818851286584E+002  0.680055101648224E+002
  0.150639533405564E-004  0.975533037216619E+002  0.680115321188648E+002
  0.150144884572193E-004  0.975532262652054E+002  0.680115484608257E+002
  0.149816548178729E-004  0.975509490682220E+002  0.680120289636538E+002
  0.149939033726012E-004  0.975426590156666E+002  0.724307022533012E+002
  0.151838010766003E-004  0.975108325069415E+002  0.680205110051094E+002
  0.151394172859662E-004  0.975100316908250E+002  0.680206806582767E+002
  0.154334124510083E-004  0.974649100307697E+002  0.724142204427898E+002
  0.153931477226676E-004  0.974634791335866E+002  0.724139159489693E+002
  0.155891296216944E-004  0.974315207635672E+002  0.724071041744089E+002
  0.157791211759913E-004  0.974006376446708E+002  0.680439800069634E+002
  0.163013314157273E-004  0.973288637348339E+002  0.680594031690441E+002
  0.165563898188163E-004  0.972911574893349E+002  0.680675499216334E+002
  0.166578697808820E-004  0.972722806187688E+002  0.723728413319220E+002
  0.167951728068625E-004  0.972492075427319E+002  0.680766499123710E+002
  0.171623125057851E-004  0.971993032941598E+002  0.723569554412335E+002
  0.175470641282266E-004  0.971483061071998E+002  0.723457837044043E+002
  0.175032143198480E-004  0.971466547476024E+002  0.723454209655193E+002
  0.174759010828133E-004  0.971431225445832E+002  0.680998364819965E+002
  0.183769852378278E-004  0.970359145073641E+002  0.681235287409114E+002
  0.184025005023042E-004  0.970264839815202E+002  0.681256256351213E+002
  0.184200972548420E-004  0.970179168845002E+002  0.723169489890370E+002
  0.183727529049009E-004  0.970164084321798E+002  0.681278682711747E+002
  0.185099653750816E-004  0.969948718335013E+002  0.723118113514480E+002
  0.191664840085844E-004  0.969185085070653E+002  0.722946959741292E+002
  0.191421836935296E-004  0.969143902449097E+002  0.722937689257645E+002
  0.191248597140601E-004  0.969095455159541E+002  0.722926778134802E+002
  0.190715774857956E-004  0.969084697507181E+002  0.722924354555103E+002
  0.193711388233357E-004  0.968706439068463E+002  0.681605857532904E+002
  0.193997005981741E-004  0.968610415986116E+002  0.722817220725005E+002
  0.199455444617615E-004  0.967988897178734E+002  0.681768835052505E+002
  0.199862710173389E-004  0.967881545265599E+002  0.722651483492045E+002
  0.199515090661943E-004  0.967849805580066E+002  0.681800577857578E+002
  0.201485441604907E-004  0.967586704722373E+002  0.681860756781885E+002
  0.203097281474826E-004  0.967360789827241E+002  0.681912572469957E+002
  0.207233154017692E-004  0.966891045545743E+002  0.722424075358530E+002
  0.211435052114350E-004  0.966423022507844E+002  0.722315726929709E+002
  0.214756175757982E-004  0.966044757721576E+002  0.682217084574024E+002
  0.215524103557356E-004  0.965906813231779E+002  0.722195541641038E+002
  0.215876711657558E-004  0.965807563177500E+002  0.722172350978863E+002
  0.216316922232904E-004  0.965700265384738E+002  0.682297564003113E+002
  0.218460909457756E-004  0.965436458992145E+002  0.682359414248862E+002
  0.220362843683431E-004  0.965196535534465E+002  0.722028980762361E+002
  0.221428240621550E-004  0.965033517939582E+002  0.682454258578083E+002
  0.223280008767362E-004  0.964800400905636E+002  0.721935475463007E+002
  0.223340999814601E-004  0.964728382660553E+002  0.721918428282844E+002
  0.232469681202454E-004  0.963860625609938E+002  0.721711852433197E+002
  0.233215728140546E-004  0.963729988128790E+002  0.682764250227888E+002
  0.234333437178187E-004  0.963567809342256E+002  0.682803163994241E+002
  0.234298545485671E-004  0.963504231714652E+002  0.721626373196240E+002
  0.235460160551126E-004  0.963338764074173E+002  0.682858255156286E+002
  0.238740512548385E-004  0.962995498051467E+002  0.682941114013324E+002
  0.238586366060575E-004  0.962941859728187E+002  0.721490719906018E+002
  0.247297262443127E-004  0.962158109165141E+002  0.683144755837731E+002
  0.250747610416649E-004  0.961814437515938E+002  0.721215849415722E+002
  0.251865577843087E-004  0.961658909176452E+002  0.721177618070033E+002
  0.259027628375089E-004  0.961031569267816E+002  0.683422194853922E+002
  0.258208279590096E-004  0.961028377161925E+002  0.683422986808224E+002
  0.259143451441656E-004  0.960889516750730E+002  0.720987343414382E+002
  0.262344240549654E-004  0.960577445716044E+002  0.720909614393210E+002
  0.272266818737629E-004  0.959768389911486E+002  0.720706576898913E+002
  0.271683747638676E-004  0.959744710897217E+002  0.683744212627478E+002
  0.271319981685187E-004  0.959704951670654E+002  0.683754251219784E+002
  0.270887395631371E-004  0.959670308835219E+002  0.683763002452757E+002
  0.270003756793300E-004  0.959669099979436E+002  0.720681505629899E+002
  0.272345755342841E-004  0.959429813268486E+002  0.720620944003749E+002
  0.275516601160561E-004  0.959131748133274E+002  0.683899587483858E+002
  0.276734584776463E-004  0.958976972650105E+002  0.720505784495795E+002
  0.285519067452217E-004  0.958285417970271E+002  0.720328505557514E+002
  0.284697093444195E-004  0.958276522728306E+002  0.720326213968168E+002
  0.286279272083996E-004  0.958099126423419E+002  0.684164361069353E+002
  0.286822846332439E-004  0.957994631525270E+002  0.684191371137861E+002
  0.297232734697238E-004  0.957215062014760E+002  0.720050646214790E+002
  0.296520275108064E-004  0.957196503270224E+002  0.720045790247924E+002
  0.297189537155928E-004  0.957084857269926E+002  0.720016549677542E+002
  0.297772796178996E-004  0.956979088282482E+002  0.719988803930394E+002
  0.297781197735465E-004  0.956911968195505E+002  0.684473639307333E+002
  0.298926826109348E-004  0.956768615720188E+002  0.684511350915681E+002
  0.307871690148964E-004  0.956112374097499E+002  0.719759790415705E+002
  0.306877611877626E-004  0.956110500216195E+002  0.719759292036542E+002
  0.307380861295047E-004  0.956011173224232E+002  0.684711958893201E+002
  0.307799544016329E-004  0.955917394007438E+002  0.719707857177176E+002
  0.310910666520755E-004  0.955649700505044E+002  0.684808509204104E+002
  0.313272099407693E-004  0.955431814401731E+002  0.719577846920329E+002
  0.317319379888083E-004  0.955108525917071E+002  0.719490746111515E+002
  0.323057217031595E-004  0.954683556598580E+002  0.719375577512759E+002
  0.323529073958908E-004  0.954587810136940E+002  0.719349522894690E+002
  0.323385521132304E-004  0.954530130488449E+002  0.719333807905675E+002
  0.323434343288338E-004  0.954460555474675E+002  0.719314832764152E+002
  0.328817323079152E-004  0.954063875440955E+002  0.685238572016685E+002
  0.332817268469083E-004  0.953755494669669E+002  0.719121340117401E+002
  0.333485435285945E-004  0.953648826946488E+002  0.685352939940829E+002
  0.334363021093325E-004  0.953529709141736E+002  0.685385906704665E+002
  0.335899762775681E-004  0.953371443377040E+002  0.719015005445105E+002
  0.337224064210807E-004  0.953226191615206E+002  0.718974612774598E+002
  0.336746239200882E-004  0.953187994634954E+002  0.685480839034680E+002
  0.336655857558145E-004  0.953126807491364E+002  0.685497894428786E+002
  0.336220008765624E-004  0.953086161303767E+002  0.685509233827787E+002
  0.340065358841153E-004  0.952792163554998E+002  0.718853330542112E+002
  0.340401982331637E-004  0.952705819969216E+002  0.718829097571329E+002
  0.339757238622886E-004  0.952677181400975E+002  0.685623761399858E+002
  0.340515273850112E-004  0.952566053135759E+002  0.685655017688802E+002
  0.341494646306122E-004  0.952442056930166E+002  0.685689963008721E+002
  0.344743658119207E-004  0.952186118747948E+002  0.718682485952701E+002
  0.349024578053302E-004  0.951872738485428E+002  0.685851369065496E+002
  0.353863097491173E-004  0.951530827400791E+002  0.685949072829016E+002
  0.355871130044332E-004  0.951351100339430E+002  0.718444146323996E+002
  0.354754147759354E-004  0.951347417798056E+002  0.686001726071881E+002
  0.356551485941919E-004  0.951179789156476E+002  0.718394814680463E+002
  0.360397090292216E-004  0.950898677312034E+002  0.718313536572766E+002
  0.361540768667814E-004  0.950768754320435E+002  0.718275832782698E+002
  0.361842359837701E-004  0.950685521812947E+002  0.686193181515929E+002
  0.361726099139580E-004  0.950625393085004E+002  0.718234126167342E+002
  0.360777012456791E-004  0.950611381678515E+002  0.718230044143331E+002
  0.365306564116301E-004  0.950295289290759E+002  0.686307136639005E+002
  0.364096879089271E-004  0.950295071872546E+002  0.718137613173762E+002
  0.363345543307371E-004  0.950269829913600E+002  0.686314599614696E+002
  0.364978259205037E-004  0.950113604180484E+002  0.686360471363930E+002
  0.367550259350469E-004  0.949906602749576E+002  0.686421457243337E+002
  0.370851436822461E-004  0.949661217484943E+002  0.686494057908373E+002
  0.369680169272515E-004  0.949657928045633E+002  0.686495033411448E+002
  0.369698608955810E-004  0.949590374666687E+002  0.686515080171087E+002
  0.369553067579612E-004  0.949531693929994E+002  0.717912298806702E+002
  0.369099950434517E-004  0.949489675614126E+002  0.717899802890810E+002
  0.369507375659687E-004  0.949401055299663E+002  0.717873415197128E+002
  0.373174513257136E-004  0.949136990041595E+002  0.717794521674547E+002
  0.373158866386400E-004  0.949071272839282E+002  0.717774825465739E+002
  0.372786998704338E-004  0.949024657772019E+002  0.686683974277303E+002
  0.373859455739463E-004  0.948900647319907E+002  0.686721243356076E+002
  0.374533312116183E-004  0.948798075319727E+002  0.686752137342580E+002
  0.377620665017981E-004  0.948567331315201E+002  0.717622951147651E+002
  0.376573416444730E-004  0.948556318205716E+002  0.717619615368032E+002
  0.375762320402775E-004  0.948532886573909E+002  0.686832297815077E+002
  0.377209437697406E-004  0.948389455693502E+002  0.686875828151867E+002
  0.378567903745789E-004  0.948251002128279E+002  0.717526848182000E+002
  0.380985500894148E-004  0.948057129126722E+002  0.717467648817456E+002
  0.380692391586156E-004  0.948005966147759E+002  0.717451987760955E+002
  0.383600435153768E-004  0.947787214355083E+002  0.687059968421145E+002
  0.382479126745499E-004  0.947779206477743E+002  0.687062431963748E+002
  0.381786581917010E-004  0.947748896971396E+002  0.687071760004750E+002
  0.380958356112960E-004  0.947725775145346E+002  0.717365933698540E+002
  0.380603115992807E-004  0.947677877858080E+002  0.687093639344026E+002
  0.385462259104247E-004  0.947357599152791E+002  0.687192705475302E+002
  0.384395070773331E-004  0.947346492015155E+002  0.687196152767077E+002
  0.384048816558655E-004  0.947297959870920E+002  0.717233588688213E+002
  0.382784943232166E-004  0.947297330977201E+002  0.717233393280534E+002
  0.384749903631656E-004  0.947128371241488E+002  0.687264011302017E+002
  0.385450276535397E-004  0.947025441877808E+002  0.717148673216633E+002
  0.386455409335358E-004  0.946906800263584E+002  0.687333259858171E+002
  0.386385331910648E-004  0.946843871466425E+002  0.687352986076394E+002
  0.386269409085970E-004  0.946783316938848E+002  0.717072820756713E+002
  0.385341760148295E-004  0.946764850092758E+002  0.687377793941501E+002
  0.398466992185972E-004  0.946028413582314E+002  0.716833798456640E+002
  0.398571207652691E-004  0.945956627643821E+002  0.716810865228822E+002
  0.399697276461719E-004  0.945833646236880E+002  0.716771492734049E+002
  0.399851217377778E-004  0.945759389042596E+002  0.687697145910695E+002
  0.398962175465898E-004  0.945737351386629E+002  0.687704224125171E+002
  0.399377724972862E-004  0.945649974902043E+002  0.716712491159275E+002
  0.409811639397491E-004  0.945067619303609E+002  0.687921004422269E+002
  0.408868898546973E-004  0.945047124998201E+002  0.716517123629043E+002
  0.412707798280298E-004  0.944793663813710E+002  0.716434181703738E+002
  0.413040994269923E-004  0.944710967703292E+002  0.688037798000276E+002
  0.415079653330139E-004  0.944545940105837E+002  0.716352646854322E+002
  0.413785486875897E-004  0.944541839217003E+002  0.688093520386178E+002
  0.412452925893415E-004  0.944539795648776E+002  0.688094195019841E+002
  0.411786006234992E-004  0.944505605209827E+002  0.688105486932229E+002
  0.412632767000419E-004  0.944397965381715E+002  0.688141095750364E+002
  0.414936721772036E-004  0.944220049228602E+002  0.716244662277763E+002
  0.414911819092024E-004  0.944154693774947E+002  0.688221907171300E+002
  0.413812207980903E-004  0.944141212903734E+002  0.716218414557808E+002
  0.413720250045826E-004  0.944079102024110E+002  0.716197700679153E+002
  0.414341025101987E-004  0.943982559302637E+002  0.716165442746716E+002
  0.413152383233559E-004  0.943973461006740E+002  0.688282414656748E+002
  0.412341263932765E-004  0.943946208696300E+002  0.688291536011329E+002
  0.416249249585421E-004  0.943690994464664E+002  0.716067565613989E+002
  0.417955339468645E-004  0.943542631763912E+002  0.716017494270239E+002
  0.418148556753640E-004  0.943466832264508E+002  0.688452971322187E+002
  0.418272714882200E-004  0.943394338874328E+002  0.688477549318785E+002
  0.423771529137006E-004  0.943066566754613E+002  0.715855584015983E+002
  0.422521519579196E-004  0.943059092636993E+002  0.715853026725804E+002
  0.422377640044234E-004  0.942999348513656E+002  0.715832567835997E+002
  0.421441305210276E-004  0.942977178310089E+002  0.715824968001817E+002
  0.420637146194299E-004  0.942948821289315E+002  0.688629572365689E+002
  0.420286722975438E-004  0.942898933975632E+002  0.715798112234202E+002
  0.419241114313559E-004  0.942882197091322E+002  0.715792360740568E+002
  0.427184737697803E-004  0.942440234201281E+002  0.715639591687692E+002
  0.426257749855164E-004  0.942417125414110E+002  0.688813257515511E+002
  0.437141422174264E-004  0.941846318544916E+002  0.715431516417540E+002
  0.436865699161591E-004  0.941792381542846E+002  0.715412457285518E+002
  0.438187563239277E-004  0.941665401301020E+002  0.689077334979694E+002
  0.439967416456928E-004  0.941517772991648E+002  0.715314991638054E+002
  0.439282558653818E-004  0.941482373650915E+002  0.689142438875215E+002
  0.438682824519763E-004  0.941443141670197E+002  0.715288377414622E+002
  0.438048788805021E-004  0.941405513116575E+002  0.689169875385909E+002
  0.437928840272785E-004  0.941344434556560E+002  0.689191719479721E+002
  0.438625584434701E-004  0.941246084069105E+002  0.715217842886974E+002
  0.445618432071921E-004  0.940863190546363E+002  0.715079684163610E+002
  0.449221530945145E-004  0.940635572722491E+002  0.714996845131847E+002
  0.452101289182258E-004  0.940441215073310E+002  0.714925683222698E+002
  0.456545126432486E-004  0.940179033223579E+002  0.689615761702876E+002
  0.464424966026781E-004  0.939770228223851E+002  0.714676884257947E+002
  0.469064226622337E-004  0.939504878527965E+002  0.689867702167233E+002
  0.469542330055767E-004  0.939417947693724E+002  0.714544249219927E+002
  0.470225805482344E-004  0.939322300650266E+002  0.689936822973219E+002
  0.470159822747556E-004  0.939258551472968E+002  0.689961049079762E+002
  0.976417044881994E-004  0.926403471384740E+002  0.714297886160055E+002
  0.966387479849216E-004  0.926339695473162E+002  0.714273227335119E+002
  0.955522829999979E-004  0.926297359366482E+002  0.714256830263602E+002
  0.971936821647579E-004  0.925822936655495E+002  0.714071531273287E+002
  0.992192214528626E-004  0.925276635910125E+002  0.713854502378446E+002
  0.999323596505592E-004  0.925133400040866E+002  0.713796925724240E+002
  0.999718167106612E-004  0.924857044439368E+002  0.713685021558565E+002
  0.101313790971684E-003  0.924590359869083E+002  0.713575987775785E+002
  0.102918891611805E-003  0.924275986348005E+002  0.713446096210776E+002
  0.102478923528947E-003  0.924226073900566E+002  0.713425335055771E+002
  0.100697865189889E-003  0.924039779970452E+002  0.713347503660316E+002
  0.101453503342778E-003  0.923494207452877E+002  0.713116371647737E+002
  0.101065892865796E-003  0.923439617234943E+002  0.713092974015091E+002
  0.101264730082729E-003  0.923269159844541E+002  0.713019588819033E+002
  0.100861939757375E-003  0.923217722414877E+002  0.712997345846069E+002
  0.987535126052975E-004  0.922865945667374E+002  0.712843979319962E+002
  0.992545405332541E-004  0.922637747251169E+002  0.712743294609452E+002
  0.983457379077775E-004  0.922568548494458E+002  0.712712572085213E+002
  0.983904359567525E-004  0.922183273938457E+002  0.712539847307924E+002
  0.990732029223060E-004  0.921551113755040E+002  0.712249996020510E+002
  0.991213617016451E-004  0.921419069719028E+002  0.712188388341108E+002
  0.992915826720765E-004  0.921384753205510E+002  0.712172314862672E+002
  0.987994932066370E-004  0.921361042405208E+002  0.712161193798474E+002
  0.987072899881521E-004  0.921256638523299E+002  0.712112076535636E+002
  0.982348273640357E-004  0.921229521088112E+002  0.712099279059291E+002
  0.978236835922456E-004  0.921068001210584E+002  0.712022707109427E+002
  0.978387172069450E-004  0.921064927832221E+002  0.712021244307624E+002
  0.983198884952400E-004  0.920966808812327E+002  0.711974428364129E+002
  0.983818225484409E-004  0.920830374894608E+002  0.711908955028687E+002
  0.979925630987021E-004  0.920785824844682E+002  0.711887479826389E+002
  0.973990645401849E-004  0.920783485094742E+002  0.711886350638781E+002
  0.975653596336835E-004  0.920625527642959E+002  0.711809811178861E+002
  0.981609214060236E-004  0.920379974667958E+002  0.711689598053746E+002
  0.981628378480867E-004  0.920255744797358E+002  0.711628194713553E+002
  0.999370717147190E-004  0.919650568188190E+002  0.711323149976507E+002
  0.100406719874966E-003  0.919556799568396E+002  0.711274965369536E+002
  0.100114585859981E-003  0.919491235112445E+002  0.711241121022158E+002
  0.100062928061842E-003  0.919377718105497E+002  0.711182221305264E+002
  0.100393048435073E-003  0.919311844156027E+002  0.711147863564804E+002
  0.998040196343512E-004  0.919304923296262E+002  0.711144246185554E+002
  0.100533759091337E-003  0.919159220835332E+002  0.711067747352495E+002
  0.100673362769621E-003  0.919131467602863E+002  0.711053100808673E+002
  0.100608778282759E-003  0.919018118837855E+002  0.710993027978009E+002
  0.100064120316252E-003  0.919000502043250E+002  0.710983654406363E+002
  0.100447375525076E-003  0.918924046441750E+002  0.710942857040457E+002
  0.100693247192215E-003  0.918875150940428E+002  0.710916665616894E+002
  0.100536941792851E-003  0.918778424954898E+002  0.710864619434603E+002
  0.100841819940825E-003  0.918463086239809E+002  0.710692721938169E+002
  0.100484972034956E-003  0.918280817615089E+002  0.710591753655298E+002
  0.100380412203972E-003  0.918175456104704E+002  0.710532828819219E+002
  0.101026505970306E-003  0.917795563918425E+002  0.710316808190888E+002
  0.101059136861534E-003  0.917789105094126E+002  0.710313085602325E+002
  0.996714313117235E-004  0.917689453846826E+002  0.710255432280079E+002
  0.994412350846109E-004  0.917487247884004E+002  0.710137155277310E+002
  0.987305694964075E-004  0.917383776121528E+002  0.710075942252714E+002
  0.978470640167320E-004  0.917318152897174E+002  0.710036871622318E+002
  0.968521189686053E-004  0.917278655834676E+002  0.710013261482661E+002
  0.967961923444342E-004  0.917047780829230E+002  0.709873793990469E+002
  0.965102601607992E-004  0.916746577371601E+002  0.709687926498606E+002
  0.959855211730101E-004  0.916736213364354E+002  0.709681448623792E+002
  0.965018494683506E-004  0.916628917071200E+002  0.709614050993672E+002
  0.955947937297187E-004  0.916578269529389E+002  0.709582022561592E+002
  0.954451260607841E-004  0.916490203660847E+002  0.709525997143369E+002
  0.955706560731002E-004  0.916463916821302E+002  0.709509190601220E+002
  0.950470563223864E-004  0.916453670928568E+002  0.709502629361301E+002
  0.943959822262931E-004  0.916351618859455E+002  0.709436951805440E+002
  0.923710523288016E-004  0.915964086483603E+002  0.709181904537170E+002
  0.921143934038457E-004  0.915904461026378E+002  0.709141828710982E+002
  0.918636649789360E-004  0.915843699645644E+002  0.709100749193325E+002
  0.921398883835454E-004  0.915783652193938E+002  0.709059909880929E+002
  0.916243889199003E-004  0.915779918986320E+002  0.709057362804749E+002
  0.920676739900513E-004  0.915683390933093E+002  0.708991171297526E+002
  0.911831714073005E-004  0.915643900922694E+002  0.708963904766699E+002
  0.909287749859299E-004  0.915583835537407E+002  0.708922218875397E+002
  0.897644650379458E-004  0.915495752052602E+002  0.708860614785612E+002
  0.892193544249850E-004  0.915389001952386E+002  0.708785180551636E+002
  0.886920961811838E-004  0.915280271096934E+002  0.708707444666070E+002
  0.884395824388905E-004  0.915223979215381E+002  0.708666831043297E+002
  0.877228465047538E-004  0.915160733343397E+002  0.708620892717512E+002
  0.873032725463310E-004  0.915143945480283E+002  0.708608643438279E+002
  0.869465475263310E-004  0.915113157421286E+002  0.708586117632365E+002
  0.869048961146452E-004  0.915010064286160E+002  0.708510102974939E+002
  0.864648892107345E-004  0.914998906855135E+002  0.708501820975337E+002
  0.850490690398879E-004  0.914882161955474E+002  0.708414498620358E+002
  0.847104717366845E-004  0.914851141257522E+002  0.708391088030548E+002
  0.839576078666563E-004  0.914808689015181E+002  0.708358905581781E+002
  0.835996979552472E-004  0.914783937820816E+002  0.708340063920922E+002
  0.834770002454140E-004  0.914703119891733E+002  0.708278133672897E+002
  0.836931079225003E-004  0.914651410217117E+002  0.708238174435905E+002
  0.837807822184997E-004  0.914630469805705E+002  0.708221916783904E+002
  0.833718937169898E-004  0.914616897010300E+002  0.708211355605694E+002
  0.829580626017817E-004  0.914604996839857E+002  0.708202080573350E+002
  0.829973407726558E-004  0.914595529676798E+002  0.708194691547207E+002
  0.821095728353385E-004  0.914587142845613E+002  0.708188138064355E+002
  0.813900804888753E-004  0.914540942438992E+002  0.708151907148001E+002
  0.817397495350951E-004  0.914455202245013E+002  0.708084075240737E+002
  0.801474155540494E-004  0.914406650915896E+002  0.708045314274746E+002
  0.797176995296469E-004  0.914295589412675E+002  0.707955663038091E+002
  0.798802267021251E-004  0.914254855242126E+002  0.707922428124535E+002
  0.799429785991803E-004  0.914239149913188E+002  0.707909562306790E+002
  0.795684829499724E-004  0.914222867625356E+002  0.707896193042226E+002
  0.790756161402724E-004  0.914127355405779E+002  0.707817125349316E+002
  0.782569857126933E-004  0.914008501871525E+002  0.707717146486246E+002
  0.778816686783123E-004  0.913996250385528E+002  0.707706736991709E+002
  0.777244896852983E-004  0.913928253361555E+002  0.707648600243870E+002
  0.767486473055156E-004  0.913857488749660E+002  0.707587428310267E+002
  0.763651995781350E-004  0.913850423329484E+002  0.707581282321225E+002
  0.752245516870748E-004  0.913831405035035E+002  0.707564703768094E+002
  0.747642591626564E-004  0.913742517063702E+002  0.707486526455900E+002
  0.744132141153073E-004  0.913731104260936E+002  0.707476404586743E+002
  0.734025267251821E-004  0.913689640642940E+002  0.707439465759401E+002
  0.734384288200843E-004  0.913679860784049E+002  0.707430714961497E+002
  0.730766738587904E-004  0.913673636371276E+002  0.707425137832027E+002
  0.732259208972983E-004  0.913632831328678E+002  0.707388427035995E+002
  0.729044500015777E-004  0.913510298853068E+002  0.707276586760646E+002
  0.725316979716557E-004  0.913507831735033E+002  0.707274309495995E+002
  0.722180885804565E-004  0.913489507234055E+002  0.707257362893673E+002
  0.715483447605409E-004  0.913466424780016E+002  0.707235934586569E+002
  0.708374369426206E-004  0.913457804370539E+002  0.707227908410780E+002
  0.705272335226687E-004  0.913441682132940E+002  0.707212862886347E+002
  0.706059121299761E-004  0.913419383015297E+002  0.707191977929793E+002
  0.706351917310378E-004  0.913411090924487E+002  0.707184189282693E+002
  0.704467895261875E-004  0.913359520214775E+002  0.707135472443186E+002
  0.698401722155645E-004  0.913323059996707E+002  0.707100736339279E+002
  0.695136093076963E-004  0.913312357649263E+002  0.707090493024124E+002
  0.685949045210915E-004  0.913266748967391E+002  0.707046596698862E+002
  0.682552103007516E-004  0.913262679190236E+002  0.707042660292875E+002
  0.675701667903816E-004  0.913258235928746E+002  0.707038358968108E+002
  0.672894195383597E-004  0.913238679040253E+002  0.707019380962617E+002
  0.673365093353532E-004  0.913224687738783E+002  0.707005757600633E+002
  0.670605601141840E-004  0.913203457986233E+002  0.706985011716921E+002
  0.661428009407006E-004  0.913170569342014E+002  0.706952693016201E+002
  0.655251209504736E-004  0.913154135143461E+002  0.706936460593696E+002
  0.652085321331243E-004  0.913149219228647E+002  0.706931594163869E+002
  0.648796775086352E-004  0.913148555480414E+002  0.706930936711717E+002
  0.649216640066918E-004  0.913135616785319E+002  0.706918102362030E+002
  0.642998910870356E-004  0.913124002112846E+002  0.706906551405439E+002
  0.637262249118544E-004  0.913100189993523E+002  0.706882780399636E+002
  0.634083155353326E-004  0.913098947138657E+002  0.706881536360395E+002
  0.627896850285945E-004  0.913093009296114E+002  0.706875588269090E+002
  0.625048993658398E-004  0.913083170721974E+002  0.706865715941681E+002
  0.621992295506389E-004  0.913080461451390E+002  0.706862993688362E+002
  0.619077539176475E-004  0.913073649089764E+002  0.706856141615699E+002
  0.613187534636904E-004  0.913063836605851E+002  0.706846254085846E+002
  0.549276178860842E-004  0.881720156960006E+002  0.701301887735275E+002
  0.547072794322035E-004  0.881719738774976E+002  0.701304009087817E+002
  0.544876898828212E-004  0.881719370130772E+002  0.701305883203555E+002
  0.542696206002389E-004  0.881718766047272E+002  0.701308962559976E+002
  0.540518969850728E-004  0.881718356991707E+002  0.701311053656586E+002
  0.534062507366298E-004  0.881717242291354E+002  0.701316776523103E+002
  0.529832983462905E-004  0.881716262553230E+002  0.701321836522663E+002
  0.519589664193548E-004  0.881710658779220E+002  0.701351342700567E+002
  0.515582858534767E-004  0.881708622587992E+002  0.701362314775600E+002
  0.509672915197920E-004  0.881705278745243E+002  0.701380643389520E+002
  0.507701180921159E-004  0.881705131329689E+002  0.701381460612516E+002
  0.505737942873251E-004  0.881704949575181E+002  0.701382469293820E+002
  0.498018405724851E-004  0.881703695127486E+002  0.701389464398800E+002
  0.496131171639994E-004  0.881702853299645E+002  0.701394191761598E+002
  0.494248186081168E-004  0.881702128947753E+002  0.701398281131914E+002
  0.492374990931067E-004  0.881701297204180E+002  0.701403001959372E+002
  0.490496636996216E-004  0.881700965281382E+002  0.701404893503890E+002
  0.488621649827717E-004  0.881700788854067E+002  0.701405900702367E+002
  0.486764458713966E-004  0.881700175714978E+002  0.701409410729765E+002
  0.481302087472955E-004  0.881696432390848E+002  0.701431177728894E+002
  0.475908483564704E-004  0.881694116728887E+002  0.701444948082444E+002
  0.474126870721659E-004  0.881693514846033E+002  0.701448567370444E+002
  0.472360937727890E-004  0.881692531463281E+002  0.701454517426343E+002
  0.468815513045944E-004  0.881692268615473E+002  0.701456115638155E+002
  0.467061188025576E-004  0.881691920079328E+002  0.701458240021415E+002
  0.465372531474823E-004  0.881689031321322E+002  0.701476080182726E+002
  0.463629364319123E-004  0.881688757236747E+002  0.701477795053308E+002
  0.461890307556826E-004  0.881688587898303E+002  0.701478856533258E+002
  0.460154351062404E-004  0.881688567329836E+002  0.701478985567723E+002
  0.458437383765564E-004  0.881688002957839E+002  0.701482534885738E+002
  0.455028913083286E-004  0.881686881362007E+002  0.701489639598110E+002
  0.453327000022551E-004  0.881686779224519E+002  0.701490290009875E+002
  0.451631657147527E-004  0.881686668024846E+002  0.701490998787287E+002
  0.449944072967484E-004  0.881686493773371E+002  0.701492110835152E+002
  0.448288933034664E-004  0.881685153349120E+002  0.701500722517753E+002
  0.444949706846717E-004  0.881684874052197E+002  0.701502529856277E+002
  0.443290054162098E-004  0.881684846647297E+002  0.701502707438698E+002
  0.440000349024399E-004  0.881684567932111E+002  0.701504515994796E+002
  0.438367859187029E-004  0.881684421972317E+002  0.701505464934097E+002
  0.436754426836775E-004  0.881683680675005E+002  0.701510303905326E+002
  0.435151905583152E-004  0.881682710822301E+002  0.701516684918873E+002
  0.433534454992924E-004  0.881682700927524E+002  0.701516750317557E+002
  0.428766149747671E-004  0.881681256304027E+002  0.701526364367741E+002
  0.427190136835394E-004  0.881680968373868E+002  0.701528296474315E+002
  0.427191569231085E-004  0.881680901312709E+002  0.701528747249548E+002
  0.425637317512251E-004  0.881679588448719E+002  0.701537631894218E+002
  0.419418085202916E-004  0.881678767680275E+002  0.701543245384878E+002
  0.416363996122244E-004  0.881678414294209E+002  0.701545676642089E+002
  0.414851922060972E-004  0.881678052592390E+002  0.701548174189616E+002
  0.413339563718678E-004  0.881677970346650E+002  0.701548743387751E+002
  0.411831148697211E-004  0.881677964347479E+002  0.701548784925037E+002
  0.410332650039158E-004  0.881677743319179E+002  0.701550317078747E+002
  0.408836042324148E-004  0.881677696517908E+002  0.701550641950400E+002
  0.407356578430090E-004  0.881677075997856E+002  0.701554964245619E+002
  0.405877662217049E-004  0.881676692300828E+002  0.701557650987757E+002
  0.402943320735572E-004  0.881675823868924E+002  0.701563772437847E+002
  0.401480235788111E-004  0.881675716092888E+002  0.701564536108536E+002
  0.400025795804072E-004  0.881675441701396E+002  0.701566484382876E+002
  0.398584125246941E-004  0.881674790952382E+002  0.701571128226630E+002
  0.397144284812343E-004  0.881674309691550E+002  0.701574583989401E+002
  0.395705971714668E-004  0.881674014119502E+002  0.701576715554777E+002
  0.392854247499844E-004  0.881673214297326E+002  0.701582519204257E+002
  0.391432337870175E-004  0.881673138916338E+002  0.701583068898474E+002
  0.388611029425389E-004  0.881672885817369E+002  0.701584918017532E+002
  0.385834922207238E-004  0.881671866931674E+002  0.701592416808007E+002
  0.384449411256876E-004  0.881671742886190E+002  0.701593335861222E+002
  0.383071188901340E-004  0.881671498063578E+002  0.701595153703955E+002
  0.381713954415147E-004  0.881670412434257E+002  0.701603278963036E+002
  0.380340956157376E-004  0.881670408568215E+002  0.701603308088504E+002
  0.377630444504273E-004  0.881669563977906E+002  0.701609704138656E+002
  0.376279440652749E-004  0.881669430550746E+002  0.701610720694767E+002
  0.374947771003771E-004  0.881668523620867E+002  0.701617675702335E+002
  0.369649203793829E-004  0.881667450093767E+002  0.701626013115730E+002
  0.368341617618526E-004  0.881667274896717E+002  0.701627384849862E+002
  0.367036675173286E-004  0.881667207682407E+002  0.701627911955444E+002
  0.365739700036672E-004  0.881666957592767E+002  0.701629877317346E+002
  0.363162701720509E-004  0.881666531633349E+002  0.701633239867403E+002
  0.360613045080641E-004  0.881666097524815E+002  0.701636686608244E+002
  0.359344331778999E-004  0.881666039032553E+002  0.701637152577712E+002
  0.358080080375318E-004  0.881665980635520E+002  0.701637618158948E+002
  0.356821288922999E-004  0.881665865513071E+002  0.701638537081479E+002
  0.354341190145600E-004  0.881664515905682E+002  0.701649419722328E+002
  0.349439435640392E-004  0.881663391163364E+002  0.701658649616414E+002
  0.348227692192081E-004  0.881663299962745E+002  0.701659404661840E+002
  0.347020108540347E-004  0.881663211190776E+002  0.701660140574363E+002
  0.345815714578704E-004  0.881663180135438E+002  0.701660398248158E+002
  0.344618509674877E-004  0.881662974451573E+002  0.701662107849346E+002
  0.343424221725916E-004  0.881662840267313E+002  0.701663225978000E+002
  0.342232079801505E-004  0.881662822543080E+002  0.701663373837436E+002
  0.341044258359262E-004  0.881662794136753E+002  0.701663610890854E+002
  0.339867171146359E-004  0.881662376661081E+002  0.701667106435901E+002
  0.337530229549272E-004  0.881661483070870E+002  0.701674663483276E+002
  0.335208644082333E-004  0.881661112598495E+002  0.701677827299704E+002
  0.331769732179683E-004  0.881660810427427E+002  0.701680421501180E+002
  0.330633638273757E-004  0.881660804148149E+002  0.701680475541802E+002
  0.329503439925826E-004  0.881660676159245E+002  0.701681578214529E+002
  0.328380031896983E-004  0.881660369901417E+002  0.701684225912201E+002
  0.326151291796899E-004  0.881659587315290E+002  0.701691051548364E+002
  0.325039731897177E-004  0.881659489822917E+002  0.701691908018603E+002
  0.323934675899450E-004  0.881659224667509E+002  0.701694244433504E+002
  0.321741999336232E-004  0.881658543321927E+002  0.701700296053531E+002
  0.320650594121667E-004  0.881658358987884E+002  0.701701945377136E+002
  0.318485630892776E-004  0.881657797629460E+002  0.701707000624954E+002
  0.317409936247454E-004  0.881657550776006E+002  0.701709239399196E+002
  0.314212358404096E-004  0.881657004441920E+002  0.701714229304788E+002
  0.313160721179350E-004  0.881656601012803E+002  0.701717945677047E+002
  0.312106449012118E-004  0.881656591975154E+002  0.701718029245083E+002
  0.311065986490487E-004  0.881655923234926E+002  0.701724251752175E+002
  0.310021866056065E-004  0.881655714229901E+002  0.701726212511069E+002
  0.308978516371146E-004  0.881655682189982E+002  0.701726513775576E+002
  0.307948317026788E-004  0.881655024123240E+002  0.701732742433497E+002
  0.303858135524054E-004  0.881653984396712E+002  0.701742748356327E+002
  0.302847576983471E-004  0.881653832378331E+002  0.701744228865942E+002
  0.300841140192354E-004  0.881653444165164E+002  0.701748030646745E+002
  0.299841944491003E-004  0.881653425720425E+002  0.701748212035006E+002
  0.298853815100243E-004  0.881652888778546E+002  0.701753523152780E+002
  0.297861356889883E-004  0.881652861141021E+002  0.701753798156077E+002
  0.296871993696983E-004  0.881652847032488E+002  0.701753938603290E+002
  0.295889348685890E-004  0.881652600946938E+002  0.701756395136413E+002
  0.294908723972780E-004  0.881652438429630E+002  0.701758024579639E+002
  0.293930649331681E-004  0.881652323534070E+002  0.701759180012580E+002
  0.292959110715646E-004  0.881651983881799E+002  0.701762612661869E+002
  0.291988650912241E-004  0.881651790292605E+002  0.702680232870848E+002
  0.291026071789792E-004  0.881651276047481E+002  0.701769849954432E+002
  0.290063518555996E-004  0.881650978814369E+002  0.701772923770751E+002
  0.289099966618634E-004  0.881650970911409E+002  0.701773005785610E+002
  0.288139750180611E-004  0.881650953658152E+002  0.701773184887455E+002
  0.287182982672881E-004  0.881650918321082E+002  0.701773551936023E+002
  0.286229126982059E-004  0.881650901509569E+002  0.701773726663762E+002
  0.285281716510219E-004  0.881650654954547E+002  0.701776297055101E+002
  0.284333945863751E-004  0.881650654311457E+002  0.701776303778813E+002
  0.283393738891350E-004  0.881650342087798E+002  0.702665233291221E+002
  0.282457590333670E-004  0.881649962637465E+002  0.701783595104340E+002
  0.281520471315889E-004  0.881649871823806E+002  0.702660252090571E+002
  0.280585556915427E-004  0.881649845481920E+002  0.701784842139380E+002
  0.279654496956568E-004  0.881649765528024E+002  0.702659118295908E+002
  0.278730410589350E-004  0.881649406874292E+002  0.702655270833057E+002
  0.277804427923605E-004  0.881649404571422E+002  0.702655246018485E+002
  0.276884439126475E-004  0.881649191521000E+002  0.701791869422982E+002
  0.275965301419535E-004  0.881649137590189E+002  0.701792454075109E+002
  0.275051316978770E-004  0.881648930805660E+002  0.701794703187735E+002
  0.274138434988980E-004  0.881648864433173E+002  0.701795427606317E+002
  0.273231770277290E-004  0.881648564743338E+002  0.702646099555007E+002
  0.272325210687232E-004  0.881648477556578E+002  0.701799674854182E+002
  0.271422186394093E-004  0.881648351507083E+002  0.701801067910510E+002
  0.270521337734673E-004  0.881648285990584E+002  0.702643019731409E+002
  0.269623767770361E-004  0.881648199052843E+002  0.702642054568353E+002
  0.268729674514613E-004  0.881648075004374E+002  0.702640673554354E+002
  0.267837456054902E-004  0.881648032354833E+002  0.702640197688515E+002
  0.266948031644053E-004  0.881648002309670E+002  0.702639862131419E+002
  0.266061617231307E-004  0.881647968022525E+002  0.701805334662116E+002
  0.265181346768811E-004  0.881647692346925E+002  0.701808429071045E+002
  0.264302415667562E-004  0.881647535703717E+002  0.702634615817960E+002
  0.263425875149216E-004  0.881647418737126E+002  0.701811523334132E+002
  0.262551178096309E-004  0.881647382784673E+002  0.701811931655567E+002
  0.261681677974452E-004  0.881647171616439E+002  0.702630475334389E+002
  0.260812359148125E-004  0.881647167359041E+002  0.702630426669751E+002
  0.259946001896939E-004  0.881647157434529E+002  0.701814500326296E+002
  0.259096428695259E-004  0.881646074041890E+002  0.702617731138410E+002
  0.258236035214706E-004  0.881646043682290E+002  0.702617372781511E+002
  0.257378216433740E-004  0.881646035270828E+002  0.701827540093089E+002
  0.256523358528894E-004  0.881646018178720E+002  0.702617071492452E+002
  0.255671368868418E-004  0.881645998824877E+002  0.702616842700254E+002
  0.254823606983054E-004  0.881645869742564E+002  0.702615313341177E+002
  0.253980709097154E-004  0.881645578996281E+002  0.701832966931009E+002
  0.253137857307245E-004  0.881645504890965E+002  0.702610958050801E+002
  0.252296903208671E-004  0.881645502079944E+002  0.702610924305684E+002
  0.251462836349610E-004  0.881645173692130E+002  0.702606961769796E+002
  0.250628770349260E-004  0.881645065268120E+002  0.701839169070309E+002
  0.249796433377989E-004  0.881645039907388E+002  0.702605335682998E+002
  0.248967183131059E-004  0.881644988636625E+002  0.701840102851072E+002
  0.248141778088933E-004  0.881644849324117E+002  0.701841806289427E+002
  0.247318591656785E-004  0.881644751890268E+002  0.701843002203055E+002
  0.246497874365473E-004  0.881644675689922E+002  0.701843940127738E+002
  0.245679078693205E-004  0.881644664769747E+002  0.701844074731033E+002
  0.244863121724100E-004  0.881644644138237E+002  0.702600484362239E+002
  0.244053188243886E-004  0.881644351965115E+002  0.702596862592024E+002
  0.243242403301465E-004  0.881644350074660E+002  0.702596839043922E+002
  0.242436440091896E-004  0.881644172618114E+002  0.702594621956334E+002
  0.241631642783803E-004  0.881644119696999E+002  0.702593958215226E+002
  0.240829257485110E-004  0.881644088335823E+002  0.702593564320578E+002
  0.240031725821631E-004  0.881643874568150E+002  0.702590868193199E+002
  0.239235500581366E-004  0.881643772379557E+002  0.702589572353828E+002
  0.238441239279789E-004  0.881643726999274E+002  0.702588995423991E+002
  0.237651160413510E-004  0.881643551554853E+002  0.701858057164088E+002
  0.236862087928665E-004  0.881643512185570E+002  0.702586252034492E+002
  0.236076189288966E-004  0.881643425891553E+002  0.701859669399767E+002
  0.235293991187528E-004  0.881643246695755E+002  0.702582832609154E+002
  0.234513747012806E-004  0.881643121889276E+002  0.702581213880782E+002
  0.233734654968486E-004  0.881643119887496E+002  0.702581187858383E+002
  0.232958300656867E-004  0.881643105053823E+002  0.702580994967212E+002
  0.232186615867421E-004  0.881642910118875E+002  0.702578450400909E+002
  0.231416077065352E-004  0.881642837063851E+002  0.701867321444123E+002
  0.230647805355655E-004  0.881642789158149E+002  0.701867951263842E+002
  0.229883382993063E-004  0.881642628257137E+002  0.701870074881901E+002
  0.229120152338562E-004  0.881642584479630E+002  0.702574158641578E+002
  0.228359005920208E-004  0.881642580091710E+002  0.702574100453420E+002
  0.227600578311351E-004  0.881642558985874E+002  0.702573820434522E+002
  0.226846576917884E-004  0.881642369719858E+002  0.702571299328707E+002
  0.226093067822322E-004  0.881642357864814E+002  0.701873672722541E+002
  0.225342592005830E-004  0.881642298937233E+002  0.702570351780034E+002
  0.224594063041054E-004  0.881642288472101E+002  0.701874602063361E+002
  0.223848348063276E-004  0.881642248739797E+002  0.702569678233036E+002
  0.223105705141197E-004  0.881642155573213E+002  0.702568424653004E+002
  0.222365161251753E-004  0.881642095214943E+002  0.702567610087246E+002
  0.221628536954631E-004  0.881641902965182E+002  0.701879810860437E+002
  0.220892716333266E-004  0.881641858888499E+002  0.702564402071718E+002
  0.220159302760724E-004  0.881641818075063E+002  0.702563844997198E+002
  0.219428124029967E-004  0.881641795514199E+002  0.701881276863393E+002
  0.218699987716340E-004  0.881641716796512E+002  0.702562458674517E+002
  0.217973545965741E-004  0.881641704292084E+002  0.702562287119033E+002
  0.217250067150138E-004  0.881641641158385E+002  0.702561419625606E+002
  0.216528868082142E-004  0.881641589252773E+002  0.702560704746324E+002
  0.215809793872036E-004  0.881641562303086E+002  0.702560332980504E+002
  0.215094953542272E-004  0.881641363717282E+002  0.702557580812987E+002
  0.214380681858336E-004  0.881641332978423E+002  0.702557152785973E+002
  0.213668545516728E-004  0.881641324382179E+002  0.701887780541779E+002
  0.212959453151501E-004  0.881641252076055E+002  0.701888789903968E+002
  0.212252068169661E-004  0.881641240626737E+002  0.701888950011688E+002
  0.211547165441991E-004  0.881641216646729E+002  0.702555527931878E+002
  0.210845377959216E-004  0.881641119227202E+002  0.701890652420922E+002
  0.210146169973102E-004  0.881640997882996E+002  0.701892362829381E+002
  0.209449807469252E-004  0.881640826239296E+002  0.701894797483910E+002
  0.208754343657397E-004  0.881640789571801E+002  0.701895319937721E+002
  0.208060943781996E-004  0.881640776484281E+002  0.702549306913955E+002
  0.207369959553478E-004  0.881640752551885E+002  0.702548965269413E+002
  0.206681148070249E-004  0.881640740430847E+002  0.701896021430042E+002
  0.205994920553843E-004  0.881640699573870E+002  0.701896605817644E+002
  0.205311259952247E-004  0.881640630614530E+002  0.702547218985059E+002
  0.204630252691715E-004  0.881640524085657E+002  0.702545685647759E+002
  0.203951149531953E-004  0.881640452346115E+002  0.701900164586180E+002
  0.203273709360913E-004  0.881640438729117E+002  0.701900361741400E+002
  0.202599228005949E-004  0.881640355156747E+002  0.701901574406831E+002
  0.201927029239812E-004  0.881640267167333E+002  0.702541957391981E+002
  0.201257997635990E-004  0.881640086074190E+002  0.702539303115224E+002
  0.200589996158774E-004  0.881640023284902E+002  0.702538377608873E+002
  0.199923671770284E-004  0.881640014525669E+002  0.701906565247027E+002
  0.199259505186881E-004  0.881640011347734E+002  0.702538201349649E+002
  0.198598584543572E-004  0.881639903484814E+002  0.701908209322748E+002
  0.197938861976584E-004  0.881639896068892E+002  0.702536494100553E+002
  0.197281542024430E-004  0.881639867253153E+002  0.701908747634949E+002
  0.196626516142471E-004  0.881639827123893E+002  0.702535468594223E+002
  0.195973338620824E-004  0.881639820315003E+002  0.701909446395676E+002
  0.195323206028754E-004  0.881639723897900E+002  0.702533926872206E+002
  0.194675024286750E-004  0.881639648637592E+002  0.702532798002185E+002
  0.194029798803079E-004  0.881639490373197E+002  0.701914402919520E+002
  0.193385581964511E-004  0.881639448960222E+002  0.701915030688044E+002
  0.192743653147026E-004  0.881639392076399E+002  0.701915895071044E+002
  0.192104317113399E-004  0.881639287098890E+002  0.702527316830755E+002
  0.191466552595542E-004  0.881639239486885E+002  0.701918225889667E+002
  0.190830651547532E-004  0.881639218478129E+002  0.701918548200589E+002
  0.190198071200941E-004  0.881639070365775E+002  0.702523983253523E+002
  0.189566755077191E-004  0.881639010106597E+002  0.702523049838522E+002
  0.188937011386780E-004  0.881639005216758E+002  0.701921839562587E+002
  0.188309718358008E-004  0.881638962236086E+002  0.702522306253406E+002
  0.187684970097860E-004  0.881638870015159E+002  0.702520868539608E+002
  0.187062022141002E-004  0.881638806918363E+002  0.701924932666049E+002
  0.186441674226679E-004  0.881638686709065E+002  0.701926823475509E+002
  0.185822821943623E-004  0.881638626945325E+002  0.702517045496489E+002
  0.185207860793538E-004  0.881638368810141E+002  0.702512930426543E+002
  0.184592651620572E-004  0.881638358047558E+002  0.701932055942344E+002
  0.183979572542630E-004  0.881638337877333E+002  0.702512433392737E+002
  0.183368447075043E-004  0.881638326714213E+002  0.702512253812469E+002
  0.182759329521755E-004  0.881638317965514E+002  0.702512112994999E+002
  0.182152305309580E-004  0.881638301535294E+002  0.701932965178313E+002
  0.181547816900835E-004  0.881638227862915E+002  0.702510658717356E+002
  0.180945830089108E-004  0.881638099417251E+002  0.701936240733928E+002
  0.180345835600613E-004  0.881637971390744E+002  0.702506478440955E+002
  0.179746923714998E-004  0.881637944273222E+002  0.701938780683284E+002
  0.179149761331961E-004  0.881637943885113E+002  0.702506026464584E+002
  0.178554806030234E-004  0.881637918500218E+002  0.702505608696377E+002
  0.177961783905101E-004  0.881637897910336E+002  0.701939544142141E+002
  0.177371724530700E-004  0.881637765330921E+002  0.702503074739449E+002
  0.176782939070711E-004  0.881637709966640E+002  0.701942660357682E+002
  0.176196972250603E-004  0.881637556511162E+002  0.702499582811823E+002
  0.175612375908448E-004  0.881637468173379E+002  0.702498092296281E+002
  0.175029657344786E-004  0.881637386900515E+002  0.702496713833183E+002
  0.174448693627708E-004  0.881637326119097E+002  0.701949135150942E+002
  0.173869295718131E-004  0.881637307040777E+002  0.702495352556926E+002
  0.173292719481363E-004  0.881637184401730E+002  0.702493248750630E+002
  0.172717791451992E-004  0.881637092310118E+002  0.702491658162833E+002
  0.172144430412150E-004  0.881637039770353E+002  0.702490746482760E+002
  0.171572566681955E-004  0.881637034562470E+002  0.701954157584555E+002
  0.171003004189989E-004  0.881636982395457E+002  0.702489747351232E+002
  0.170435000728195E-004  0.881636969155074E+002  0.702489516251294E+002
  0.169869548083485E-004  0.881636877720750E+002  0.702487914849929E+002
  0.169305484397365E-004  0.881636843820819E+002  0.702487318659006E+002
  0.168743211750400E-004  0.881636819636675E+002  0.701957921014122E+002
  0.168183240654895E-004  0.881636743816681E+002  0.701959261492607E+002
  0.167624569506150E-004  0.881636734610501E+002  0.702485388809590E+002
  0.167067873668268E-004  0.881636711096737E+002  0.701959842086921E+002
  0.166512846587657E-004  0.881636709212312E+002  0.702484937966397E+002
  0.165959753588132E-004  0.881636696459053E+002  0.701960102239240E+002
  0.165408974955363E-004  0.881636626006303E+002  0.701961358007266E+002
  0.164859818365503E-004  0.881636580526595E+002  0.701962171867801E+002
  0.164312757411096E-004  0.881636501885760E+002  0.702481228344414E+002
  0.163767776910248E-004  0.881636390867439E+002  0.701965593626231E+002
  0.163223721201544E-004  0.881636388014379E+002  0.702479168082134E+002
  0.162681525752538E-004  0.881636378664821E+002  0.702478998186729E+002
  0.162141277377036E-004  0.881636351304746E+002  0.701966313164453E+002
  0.161603170421107E-004  0.881636280961424E+002  0.702477215993398E+002
  0.161067208711634E-004  0.881636165990466E+002  0.701969710802545E+002
  0.160532698511183E-004  0.881636091637222E+002  0.701971086941245E+002
  0.160000428396609E-004  0.881635958998423E+002  0.702471252798321E+002
  0.159469601361460E-004  0.881635866711043E+002  0.701975296554787E+002
  0.158939811923181E-004  0.881635865465063E+002  0.701975320073716E+002
  0.158411818218041E-004  0.881635859715853E+002  0.702469384906423E+002
  0.157886099630579E-004  0.881635787952232E+002  0.702468025908610E+002
  0.157361717746082E-004  0.881635768042363E+002  0.702467647538120E+002
  0.156839302919007E-004  0.881635719383914E+002  0.701978093171585E+002
  0.156318530304418E-004  0.881635682511418E+002  0.702466015408699E+002
  0.155799395352899E-004  0.881635657387563E+002  0.701979279625109E+002
  0.155281808882527E-004  0.881635654876740E+002  0.701979327797932E+002
  0.154766446350812E-004  0.881635587177645E+002  0.701980630295796E+002
  0.154252359293877E-004  0.881635575873642E+002  0.702463965066740E+002
  0.153740130993924E-004  0.881635544910981E+002  0.701981447055966E+002
  0.153229804724265E-004  0.881635487704648E+002  0.702462256590686E+002
  0.152720809802758E-004  0.881635477987937E+002  0.702462067562109E+002
  0.416512179541098E-003  0.824840875226882E+002  0.701983569823565E+002
  0.416513925864286E-003  0.824840791372454E+002  0.701985213050343E+002
  0.416524403774103E-003  0.824840288254677E+002  0.701995321797768E+002
  0.416526487469495E-003  0.824840188203388E+002  0.701997386175998E+002
  0.416526678329907E-003  0.824840179039007E+002  0.701997576214118E+002
  0.416527160868624E-003  0.824840155869378E+002  0.701998057391467E+002
  0.416527425348426E-003  0.824840143170099E+002  0.701998321563219E+002
  0.416529589352179E-003  0.824840039263466E+002  0.702000494853072E+002
  0.416529741300728E-003  0.824840031967536E+002  0.702000648253499E+002
  0.416530500871763E-003  0.824839995496175E+002  0.702001416678007E+002
