  0.620001637250220E-001  0.919299625148473E+002  0.740433314201223E+002
  0.620001637250220E-001  0.852765991372100E+002  0.731599543145990E+002
  0.620001637250220E-001  0.890473645281924E+002  0.737084774113614E+002
  0.620001637250220E-001  0.886240693003826E+002  0.736545219009137E+002
  0.620001637250220E-001  0.853038243057213E+002  0.731646428000860E+002
  0.620001637250220E-001  0.824234280153401E+002  0.725360047176527E+002
  0.620001637250220E-001  0.854076279306501E+002  0.731823844410568E+002
  0.620001637250220E-001  0.856279225822630E+002  0.732193574547987E+002
  0.620001637250220E-001  0.871460956283158E+002  0.734532809081660E+002
  0.620001637250220E-001  0.861607618120336E+002  0.733053054097783E+002
  0.620001637250220E-001  0.862818614264705E+002  0.733242112977658E+002
  0.620001637250220E-001  0.862869977245159E+002  0.733250083558882E+002
  0.620001637250220E-001  0.866859025194813E+002  0.733857714770095E+002
  0.620001637250220E-001  0.866679541251789E+002  0.733830841582063E+002
  0.620001637250220E-001  0.865699193652141E+002  0.733683302958616E+002
  0.620001637250220E-001  0.848620067544087E+002  0.730866225904512E+002
  0.620001637250220E-001  0.847513855149039E+002  0.730663993373936E+002
  0.620001637250220E-001  0.824285301678351E+002  0.725375273411778E+002
  0.620001637250220E-001  0.846294220929694E+002  0.730437541749335E+002
  0.620001637250220E-001  0.846252129542449E+002  0.730429659242076E+002
  0.620001637250220E-001  0.845207300072607E+002  0.730232506648327E+002
  0.620001637250220E-001  0.845173596739751E+002  0.730226098729205E+002
  0.620001637250220E-001  0.844479906114557E+002  0.730093521571607E+002
  0.620001637250220E-001  0.842129059572138E+002  0.729634024188190E+002
  0.620001637250220E-001  0.842014873818719E+002  0.729611284635309E+002
  0.620001637250220E-001  0.841860321567841E+002  0.729580441677771E+002
  0.620001637250220E-001  0.841597222348047E+002  0.729527764371118E+002
  0.620001637250220E-001  0.839685532060368E+002  0.729138238672177E+002
  0.620001637250220E-001  0.838326862953318E+002  0.728853725694787E+002
  0.620001637250220E-001  0.837913084967298E+002  0.728765730790600E+002
  0.620001637250220E-001  0.837161857714896E+002  0.728604292135797E+002
  0.620001637250220E-001  0.836493936043175E+002  0.728458873373654E+002
  0.620001637250220E-001  0.836172139501841E+002  0.728388159165897E+002
  0.620001637250220E-001  0.835323853392753E+002  0.728199641689145E+002
  0.620001637250220E-001  0.835240103433796E+002  0.728180859797959E+002
  0.620001637250220E-001  0.835234471159301E+002  0.728179595579965E+002
  0.620001637250220E-001  0.834994482577086E+002  0.728125596350882E+002
  0.620001637250220E-001  0.834793448717803E+002  0.728080162682117E+002
  0.620001637250220E-001  0.834711850658611E+002  0.728061669063348E+002
  0.620001637250220E-001  0.834652030633229E+002  0.728048091907888E+002
  0.620001637250220E-001  0.834262042981988E+002  0.727959171607614E+002
  0.620001637250220E-001  0.834094552245238E+002  0.727920763488059E+002
  0.620001637250220E-001  0.833849888362425E+002  0.727864418080280E+002
  0.620001637250220E-001  0.833668423789597E+002  0.727822440705085E+002
  0.620001637250220E-001  0.833319193795093E+002  0.727741200345044E+002
  0.620001637250220E-001  0.824471881987360E+002  0.725430724544375E+002
  0.620001637250220E-001  0.832446460408621E+002  0.727535483140328E+002
  0.620001637250220E-001  0.831033136052210E+002  0.727193680387042E+002
  0.620001637250220E-001  0.830935254338133E+002  0.727169589895672E+002
  0.620001637250220E-001  0.829979467434272E+002  0.726931333196334E+002
  0.620001637250220E-001  0.829567586423618E+002  0.726826909210742E+002
  0.620001637250220E-001  0.829555402906079E+002  0.726823803710012E+002
  0.620001637250220E-001  0.829312999029269E+002  0.726761814603512E+002
  0.620001637250220E-001  0.828987405869187E+002  0.726677937592193E+002
  0.620001637250220E-001  0.828971922857006E+002  0.726673931161892E+002
  0.620001637250220E-001  0.828065501215980E+002  0.726436470158154E+002
  0.620001637250220E-001  0.828012580627936E+002  0.726422424546059E+002
  0.620001637250220E-001  0.827896520422200E+002  0.726391548833527E+002
  0.620001637250220E-001  0.827661432696717E+002  0.726328700388819E+002
  0.620001637250220E-001  0.827613161540816E+002  0.726315744014957E+002
  0.620001637250220E-001  0.827511175999126E+002  0.726288311881964E+002
  0.620001637250220E-001  0.827354333441345E+002  0.726245968267164E+002
  0.620001637250220E-001  0.827340985882481E+002  0.726242355958093E+002
  0.620001637250220E-001  0.827261811400770E+002  0.726220900041746E+002
  0.620001637250220E-001  0.826786772374591E+002  0.726091122572493E+002
  0.620001637250220E-001  0.826385998821144E+002  0.725980202111770E+002
  0.620001637250220E-001  0.826141735946298E+002  0.725911933848249E+002
  0.620001637250220E-001  0.825938241739216E+002  0.725854665451351E+002
  0.620001637250220E-001  0.825774105122432E+002  0.725808207044717E+002
  0.620001637250220E-001  0.825540491201198E+002  0.725741665486873E+002
  0.620001637250220E-001  0.825320507170096E+002  0.725678548618708E+002
  0.620001637250220E-001  0.824516933483268E+002  0.725444060201911E+002
  0.620001637250220E-001  0.824502351616699E+002  0.725439746096743E+002
  0.620001637250220E-001  0.824148139695604E+002  0.725334278593609E+002
  0.620001637250220E-001  0.824028931682554E+002  0.725298488599959E+002
  0.620001637250220E-001  0.823981799062929E+002  0.725284296096839E+002
  0.620001637250220E-001  0.823817855643574E+002  0.725234742981502E+002
  0.620001637250220E-001  0.823764294000619E+002  0.708447100095569E+002
  0.620001637250220E-001  0.823629778905737E+002  0.708488057234027E+002
  0.620001637250220E-001  0.823595600266015E+002  0.708498496009704E+002
  0.620001637250220E-001  0.823014483494163E+002  0.708678024349265E+002
  0.620001637250220E-001  0.822756248268769E+002  0.724906506470360E+002
  0.620001637250220E-001  0.822751976726517E+002  0.724905158800545E+002
  0.620001637250220E-001  0.822497287935092E+002  0.724824393853156E+002
  0.620001637250220E-001  0.822409133140227E+002  0.708869342151584E+002
  0.620001637250220E-001  0.822396574085373E+002  0.708873360067827E+002
  0.620001637250220E-001  0.822314901155899E+002  0.724766051542632E+002
  0.620001637250220E-001  0.822175147808971E+002  0.724721054924128E+002
  0.620001637250220E-001  0.821918658685756E+002  0.724637797786503E+002
  0.620001637250220E-001  0.821732867108319E+002  0.724576930285721E+002
  0.620001637250220E-001  0.821730008574058E+002  0.724575990058961E+002
  0.620001637250220E-001  0.821673889481132E+002  0.724557508235304E+002
  0.620001637250220E-001  0.821629513764956E+002  0.724542862516943E+002
  0.620001637250220E-001  0.821596505588573E+002  0.709133639750390E+002
  0.620001637250220E-001  0.821511590230404E+002  0.709161782945852E+002
  0.620001637250220E-001  0.821332527204455E+002  0.724444119969640E+002
  0.620001637250220E-001  0.821270126263685E+002  0.709242380703949E+002
  0.620001637250220E-001  0.821235029284996E+002  0.724411423212539E+002
  0.620001637250220E-001  0.821093953860030E+002  0.709301729147260E+002
  0.620001637250220E-001  0.820888577105895E+002  0.709371511780934E+002
  0.620001637250220E-001  0.820846675438924E+002  0.709385829387484E+002
  0.620001637250220E-001  0.820775625352787E+002  0.709410169991583E+002
  0.620001637250220E-001  0.820664341149429E+002  0.709448455395959E+002
  0.620001637250220E-001  0.820582891860537E+002  0.709476602900869E+002
  0.620001637250220E-001  0.820475605403614E+002  0.724151745711320E+002
  0.620001637250220E-001  0.820405184076724E+002  0.724127197486555E+002
  0.620001637250220E-001  0.820369946904614E+002  0.709550707142003E+002
  0.620001637250220E-001  0.820308352546327E+002  0.709572282828891E+002
  0.620001637250220E-001  0.820280374554459E+002  0.709582104352912E+002
  0.620001637250220E-001  0.820260403729299E+002  0.724076467062655E+002
  0.620001637250220E-001  0.820256609085753E+002  0.709590457555331E+002
  0.620001637250220E-001  0.820217997993482E+002  0.709604049350028E+002
  0.620001637250220E-001  0.820202146764902E+002  0.709609636670951E+002
  0.620001637250220E-001  0.820166071050647E+002  0.709622368960275E+002
  0.620001637250220E-001  0.819898307505270E+002  0.709717583494337E+002
  0.620001637250220E-001  0.819854866655161E+002  0.709733151092915E+002
  0.620001637250220E-001  0.819854831292726E+002  0.723932426432584E+002
  0.620001637250220E-001  0.819772900175633E+002  0.709762618212344E+002
  0.620001637250220E-001  0.819731861541726E+002  0.723888172291018E+002
  0.620001637250220E-001  0.819714637315900E+002  0.709783638728218E+002
  0.620001637250220E-001  0.819689579590041E+002  0.709792698545724E+002
  0.620001637250220E-001  0.819666281340237E+002  0.709801132683117E+002
  0.620001637250220E-001  0.819581028804693E+002  0.709832081342949E+002
  0.620001637250220E-001  0.819567345580387E+002  0.723828528788232E+002
  0.620001637250220E-001  0.819557481876804E+002  0.723824936641857E+002
  0.620001637250220E-001  0.819505272632269E+002  0.723805892351018E+002
  0.620001637250220E-001  0.819373129980263E+002  0.723757456826710E+002
  0.620001637250220E-001  0.819337903941223E+002  0.709921102427288E+002
  0.620001637250220E-001  0.819331025066035E+002  0.723741952373303E+002
  0.620001637250220E-001  0.819304621410348E+002  0.709933378332844E+002
  0.620001637250220E-001  0.819171034863847E+002  0.709982871657272E+002
  0.620001637250220E-001  0.819145754542755E+002  0.723673311992540E+002
  0.620001637250220E-001  0.819061206501449E+002  0.723641758080480E+002
  0.620001637250220E-001  0.819034024375214E+002  0.710034007797813E+002
  0.620001637250220E-001  0.818888335916544E+002  0.710088808140057E+002
  0.620001637250220E-001  0.818650224485518E+002  0.710179344759330E+002
  0.620001637250220E-001  0.818530168044072E+002  0.723440126215986E+002
  0.620001637250220E-001  0.818484899429190E+002  0.723422652650043E+002
  0.620001637250220E-001  0.818435445836366E+002  0.710262079628053E+002
  0.620001637250220E-001  0.818393188359758E+002  0.710278480578513E+002
  0.620001637250220E-001  0.818301959030436E+002  0.710314029162794E+002
  0.620001637250220E-001  0.818297344367340E+002  0.723349757738947E+002
  0.620001637250220E-001  0.818252196232661E+002  0.710333501779118E+002
  0.620001637250220E-001  0.818200382614220E+002  0.710353839092038E+002
  0.620001637250220E-001  0.818180381458793E+002  0.723303883387329E+002
  0.620001637250220E-001  0.818175150187739E+002  0.710363766196536E+002
  0.620001637250220E-001  0.818146845485016E+002  0.710374920176031E+002
  0.620001637250220E-001  0.818143211371994E+002  0.723289236552229E+002
  0.620001637250220E-001  0.818103927709020E+002  0.723273720662647E+002
  0.620001637250220E-001  0.818083509128193E+002  0.723265641143472E+002
  0.620001637250220E-001  0.818068957446953E+002  0.710405713286595E+002
  0.620001637250220E-001  0.817963103803288E+002  0.723217789529098E+002
  0.620001637250220E-001  0.817944649446712E+002  0.710455166564444E+002
  0.620001637250220E-001  0.817886981526184E+002  0.710478239196039E+002
  0.620001637250220E-001  0.817841579623210E+002  0.723169126843400E+002
  0.620001637250220E-001  0.817815612289232E+002  0.723158680040886E+002
  0.620001637250220E-001  0.817801486891466E+002  0.723152990063674E+002
  0.620001637250220E-001  0.817763917848689E+002  0.723137831552617E+002
  0.620001637250220E-001  0.817748384491921E+002  0.723131553430539E+002
  0.620001637250220E-001  0.817734341069883E+002  0.710539718106988E+002
  0.620001637250220E-001  0.817728818382191E+002  0.723123636472819E+002
  0.620001637250220E-001  0.817672687185079E+002  0.710564721375315E+002
  0.620001637250220E-001  0.817641020474661E+002  0.723087987791818E+002
  0.620001637250220E-001  0.817534354813520E+002  0.723044402959400E+002
  0.620001637250220E-001  0.817462435163217E+002  0.723014842313148E+002
  0.620001637250220E-001  0.817322855486675E+002  0.710708525547007E+002
  0.620001637250220E-001  0.817318300918328E+002  0.722955170159490E+002
  0.620001637250220E-001  0.817270894537365E+002  0.722935416214830E+002
  0.620001637250220E-001  0.817159880787218E+002  0.710776684846734E+002
  0.620001637250220E-001  0.817149286510979E+002  0.722884448052223E+002
  0.620001637250220E-001  0.817143103332229E+002  0.710783745116598E+002
  0.620001637250220E-001  0.817032900824672E+002  0.722835263380246E+002
  0.620001637250220E-001  0.817026942579858E+002  0.722832734572988E+002
  0.620001637250220E-001  0.816967740222213E+002  0.722807549666719E+002
  0.620001637250220E-001  0.816841030483270E+002  0.710912303360165E+002
  0.620001637250220E-001  0.816825505330627E+002  0.710918986169050E+002
  0.620001637250220E-001  0.816812279653968E+002  0.722740905081925E+002
  0.620001637250220E-001  0.816754528682676E+002  0.722715955431806E+002
  0.620001637250220E-001  0.816754414149832E+002  0.710949684365949E+002
  0.620001637250220E-001  0.816748967811165E+002  0.710952042782125E+002
  0.620001637250220E-001  0.816726130039251E+002  0.722703647723578E+002
  0.620001637250220E-001  0.816709228145726E+002  0.722696310336591E+002
  0.620001637250220E-001  0.816702862693110E+002  0.722693544608789E+002
  0.620001637250220E-001  0.816643585734757E+002  0.710997863815419E+002
  0.620001637250220E-001  0.816543832792719E+002  0.711041571254540E+002
  0.620001637250220E-001  0.816541284322043E+002  0.722622898005272E+002
  0.620001637250220E-001  0.816428690369895E+002  0.722573154762254E+002
  0.620001637250220E-001  0.816395205630938E+002  0.711107312153115E+002
  0.620001637250220E-001  0.816318889664038E+002  0.722524226859279E+002
  0.620001637250220E-001  0.816122668304860E+002  0.711229864792430E+002
  0.620001637250220E-001  0.816013075218226E+002  0.711279908276004E+002
  0.620001637250220E-001  0.816007757485671E+002  0.722383242222368E+002
  0.620001637250220E-001  0.815962224984847E+002  0.722362308374751E+002
  0.620001637250220E-001  0.815931281726502E+002  0.711317553537808E+002
  0.620001637250220E-001  0.815913411944249E+002  0.711325812315494E+002
  0.620001637250220E-001  0.815867359482090E+002  0.722318436775664E+002
  0.620001637250220E-001  0.815804600883358E+002  0.722289219503408E+002
  0.620001637250220E-001  0.815737581721868E+002  0.711407745222935E+002
  0.620001637250220E-001  0.815701799380442E+002  0.711424570986796E+002
  0.620001637250220E-001  0.815655181624104E+002  0.711446570682267E+002
  0.620001637250220E-001  0.822057304129965E+002  0.714868189929892E+002
  0.620001637250220E-001  0.822056617834821E+002  0.714869079888455E+002
  0.620001637250220E-001  0.822031364491161E+002  0.714902112609455E+002
  0.620001637250220E-001  0.822012112857352E+002  0.714927679482344E+002
  0.620001637250220E-001  0.821998179869213E+002  0.714946399128714E+002
  0.620001637250220E-001  0.821992993117879E+002  0.714953415405984E+002
  0.620001637250220E-001  0.821950260030196E+002  0.715012250602547E+002
  0.620001637250220E-001  0.821929417768809E+002  0.715041647389609E+002
  0.620001637250220E-001  0.821915988264374E+002  0.715060847259186E+002
  0.620001637250220E-001  0.821904381748476E+002  0.715077610029948E+002
  0.620001637250220E-001  0.821901159904163E+002  0.715082291658850E+002
  0.620001637250220E-001  0.821841009728133E+002  0.715172116777997E+002
  0.620001637250220E-001  0.821790002840831E+002  0.715252282738422E+002
  0.620001637250220E-001  0.821786520136481E+002  0.718407684997212E+002
  0.620001637250220E-001  0.821774367285538E+002  0.718387906219193E+002
  0.620001637250220E-001  0.821761428918489E+002  0.718366568719483E+002
  0.620001637250220E-001  0.821752979336282E+002  0.715313117952917E+002
  0.620001637250220E-001  0.821737820660013E+002  0.715338740508664E+002
  0.620001637250220E-001  0.821737672018648E+002  0.718326596280458E+002
  0.620001637250220E-001  0.821734525820842E+002  0.715344368095542E+002
  0.620001637250220E-001  0.821708931269836E+002  0.718276759882156E+002
  0.620001637250220E-001  0.821707642786831E+002  0.718274485308250E+002
  0.620001637250220E-001  0.821701506706330E+002  0.715401986609295E+002
  0.620001637250220E-001  0.821674978712612E+002  0.715450016298052E+002
  0.620001637250220E-001  0.821667466124658E+002  0.715463924218159E+002
  0.620001637250220E-001  0.821666550551024E+002  0.715465628875349E+002
  0.620001637250220E-001  0.821665511201389E+002  0.715467566563949E+002
  0.620001637250220E-001  0.821654756876300E+002  0.718177810191251E+002
  0.620001637250220E-001  0.821623141655880E+002  0.718116545516775E+002
  0.620001637250220E-001  0.821619822678197E+002  0.715555646728050E+002
  0.620001637250220E-001  0.821618444001661E+002  0.718107190998457E+002
  0.620001637250220E-001  0.821611885536097E+002  0.718094014968822E+002
  0.620001637250220E-001  0.821608666799177E+002  0.715578092336823E+002
  0.620001637250220E-001  0.821596595719585E+002  0.715602840637852E+002
  0.620001637250220E-001  0.821590353575977E+002  0.718049754437584E+002
  0.620001637250220E-001  0.821589260617081E+002  0.718047464770833E+002
  0.620001637250220E-001  0.821569517031766E+002  0.718005333801039E+002
  0.620001637250220E-001  0.821556033727855E+002  0.715689920676136E+002
  0.620001637250220E-001  0.821547336833042E+002  0.715709470004167E+002
  0.620001637250220E-001  0.821535904454880E+002  0.715735698102388E+002
  0.620001637250220E-001  0.821530485060981E+002  0.717917237363196E+002
  0.620001637250220E-001  0.821527856445992E+002  0.715754544377213E+002
  0.620001637250220E-001  0.821523669425396E+002  0.717901109486788E+002
  0.620001637250220E-001  0.821497949053289E+002  0.715827671241606E+002
  0.620001637250220E-001  0.821490858899271E+002  0.715845801605052E+002
  0.620001637250220E-001  0.821484038174152E+002  0.717802027199679E+002
  0.620001637250220E-001  0.821482580135267E+002  0.717798188023251E+002
  0.620001637250220E-001  0.821471440453799E+002  0.715897254056132E+002
  0.620001637250220E-001  0.821467905901327E+002  0.717758663219118E+002
  0.620001637250220E-001  0.821467645606526E+002  0.715907643334477E+002
  0.620001637250220E-001  0.821467354686978E+002  0.717757145598448E+002
  0.620001637250220E-001  0.821462782469746E+002  0.715921130369110E+002
  0.620001637250220E-001  0.821462388873251E+002  0.717743359535595E+002
  0.620001637250220E-001  0.821462326366959E+002  0.715922405536422E+002
  0.620001637250220E-001  0.821459446560991E+002  0.717735091734819E+002
  0.620001637250220E-001  0.821450910655421E+002  0.717710665609228E+002
  0.620001637250220E-001  0.821442693941943E+002  0.717686492959193E+002
  0.620001637250220E-001  0.821441739602928E+002  0.715981949323702E+002
  0.620001637250220E-001  0.821437478962503E+002  0.715994800773064E+002
  0.620001637250220E-001  0.821434108057618E+002  0.716005109874262E+002
  0.620001637250220E-001  0.821430969545951E+002  0.717650765162470E+002
  0.620001637250220E-001  0.821425579189737E+002  0.716031785675691E+002
  0.620001637250220E-001  0.821425506921375E+002  0.717633574705279E+002
  0.620001637250220E-001  0.821423559129246E+002  0.716038235002749E+002
  0.620001637250220E-001  0.821422782867974E+002  0.716040727292837E+002
  0.620001637250220E-001  0.821420867113065E+002  0.717618678310970E+002
  0.620001637250220E-001  0.821419093416419E+002  0.717612908597247E+002
  0.620001637250220E-001  0.821412650959899E+002  0.717591582737847E+002
  0.620001637250220E-001  0.821399987711829E+002  0.717547813337500E+002
  0.620001637250220E-001  0.821397193046757E+002  0.717537787888867E+002
  0.620001637250220E-001  0.821392243933235E+002  0.717519674748754E+002
  0.620001637250220E-001  0.821383617870334E+002  0.717486906556008E+002
  0.620001637250220E-001  0.821382668542321E+002  0.717483199469589E+002
  0.620001637250220E-001  0.821375863338558E+002  0.716209610074314E+002
  0.620001637250220E-001  0.821373423227834E+002  0.717445925976572E+002
  0.620001637250220E-001  0.821364350221714E+002  0.716258590573331E+002
  0.620001637250220E-001  0.821358821461525E+002  0.716283662245415E+002
  0.620001637250220E-001  0.821358700716370E+002  0.717381367629090E+002
  0.620001637250220E-001  0.821351812461501E+002  0.717348394263920E+002
  0.620001637250220E-001  0.821348090349823E+002  0.716335923133604E+002
  0.620001637250220E-001  0.821344124070209E+002  0.716356688803527E+002
  0.620001637250220E-001  0.821343362477171E+002  0.717304809507666E+002
  0.620001637250220E-001  0.821342224812693E+002  0.716366960112141E+002
  0.620001637250220E-001  0.821337558480603E+002  0.716393213973012E+002
  0.620001637250220E-001  0.821332405993561E+002  0.716424157869283E+002
  0.620001637250220E-001  0.821331018226756E+002  0.716432901375004E+002
  0.620001637250220E-001  0.821330448412694E+002  0.717229042904309E+002
  0.620001637250220E-001  0.821330409950295E+002  0.716436794617203E+002
  0.620001637250220E-001  0.821326736954566E+002  0.717204421064467E+002
  0.620001637250220E-001  0.821324953554667E+002  0.716473600073700E+002
  0.620001637250220E-001  0.821324672023962E+002  0.717189988234838E+002
  0.620001637250220E-001  0.821320171843943E+002  0.717156311186293E+002
  0.620001637250220E-001  0.821319130193616E+002  0.716517586597073E+002
  0.620001637250220E-001  0.821318483090924E+002  0.716522859610754E+002
  0.620001637250220E-001  0.826901602028347E+002  0.716553769720802E+002
  0.620001637250220E-001  0.826900705111759E+002  0.716562080864177E+002
  0.620001637250220E-001  0.826898621652940E+002  0.716582449555207E+002
  0.620001637250220E-001  0.826893596571317E+002  0.716640247119911E+002
  0.620001637250220E-001  0.826891632688206E+002  0.716668263804273E+002
  0.620001637250220E-001  0.826891132280641E+002  0.716676201897088E+002
  0.620001637250220E-001  0.826890153551736E+002  0.716693024902732E+002
  0.620001637250220E-001  0.826889732847077E+002  0.716700914074271E+002
  0.620001637250220E-001  0.826887962740487E+002  0.716741277119061E+002
  0.620001637250220E-001  0.826887472607683E+002  0.716756121993292E+002
  0.620001637250220E-001  0.834842865812518E+002  0.716797951572014E+002
  0.620001637250220E-001  0.834842803984129E+002  0.716802809891286E+002
  0.620001637250220E-001  0.834842775283423E+002  0.716805355911286E+002
  0.620001637250220E-001  0.834842695317368E+002  0.716814205971431E+002
