  0.132383394352672E+000  0.928935421310773E+002  0.695178651956155E+002
  0.132383394352672E+000  0.926163908597085E+002  0.695507139007333E+002
  0.132383394352672E+000  0.887863011224641E+002  0.700718336619113E+002
  0.132383394352672E+000  0.875147001624448E+002  0.702872157513109E+002
  0.132383394352672E+000  0.872525109865504E+002  0.703358995508281E+002
  0.132383394352672E+000  0.872128663304134E+002  0.703434147969228E+002
  0.132383394352672E+000  0.869916683238864E+002  0.703861452012078E+002
  0.132383394352672E+000  0.869406515862206E+002  0.703962017809175E+002
  0.132383394352672E+000  0.867913753010651E+002  0.704260895694176E+002
  0.132383394352672E+000  0.866831427866622E+002  0.704482118851669E+002
  0.132383394352672E+000  0.864513829804797E+002  0.704969693741739E+002
  0.132383394352672E+000  0.864492766944701E+002  0.704974216857148E+002
  0.132383394352672E+000  0.863162309141036E+002  0.705263507332725E+002
  0.132383394352672E+000  0.862645153511913E+002  0.705377927693939E+002
  0.132383394352672E+000  0.861171173419859E+002  0.705710501506918E+002
  0.132383394352672E+000  0.859914664156129E+002  0.706002067698295E+002
  0.132383394352672E+000  0.858680924185148E+002  0.706296197645011E+002
  0.132383394352672E+000  0.858426745864589E+002  0.706357821055774E+002
  0.132383394352672E+000  0.857707613600586E+002  0.706534165873841E+002
  0.132383394352672E+000  0.856581639177460E+002  0.706816510352679E+002
  0.132383394352672E+000  0.856103279721381E+002  0.706938900073392E+002
  0.132383394352672E+000  0.856095038103332E+002  0.706941021986154E+002
  0.132383394352672E+000  0.855521199446693E+002  0.707089900493817E+002
  0.132383394352672E+000  0.855283604746031E+002  0.707152213046603E+002
  0.132383394352672E+000  0.854820217789591E+002  0.707274911513044E+002
  0.132383394352672E+000  0.854483975619457E+002  0.707364939263270E+002
  0.132383394352672E+000  0.854304639866460E+002  0.707413307668559E+002
  0.132383394352672E+000  0.854248488431956E+002  0.707428503336600E+002
  0.132383394352672E+000  0.854060118967495E+002  0.707479660093589E+002
  0.132383394352672E+000  0.853823273941750E+002  0.707544381514380E+002
  0.132383394352672E+000  0.853625195186544E+002  0.707598857808104E+002
  0.132383394352672E+000  0.852498527268087E+002  0.707915045305804E+002
  0.132383394352672E+000  0.851996417695285E+002  0.708059627196932E+002
  0.132383394352672E+000  0.851935663898580E+002  0.708077283101594E+002
  0.132383394352672E+000  0.851075186101517E+002  0.708331286550851E+002
