  0.716821396873393E+002 -0.418443523303548E+002
  0.716824164932478E+002 -0.418443517861956E+002
  0.716823763189627E+002 -0.418443518558413E+002
  0.716820770560471E+002 -0.418443524743453E+002
  0.716821305088499E+002 -0.418443523509747E+002
  0.716825299540927E+002 -0.418443516066106E+002
  0.716825995875088E+002 -0.418443515089094E+002
  0.716825815437410E+002 -0.418443515333126E+002
  0.716825915313352E+002 -0.418443515197260E+002
  0.716818577945929E+002 -0.418443530390984E+002
  0.716820822276255E+002 -0.418443524621641E+002
  0.716826211485437E+002 -0.418443514805875E+002
  0.716824377555917E+002 -0.418443517506175E+002
  0.716818349626878E+002 -0.418443531033320E+002
  0.716826508594695E+002 -0.418443514430554E+002
  0.716822230806986E+002 -0.418443521505844E+002
  0.716823460894984E+002 -0.418443519103357E+002
  0.716823007421153E+002 -0.418443519954471E+002
  0.716818328840229E+002 -0.418443531092308E+002
  0.716827108383691E+002 -0.418443513725675E+002
  0.716822828030066E+002 -0.418443520302309E+002
  0.716826744835758E+002 -0.418443514144491E+002
  0.716826025211077E+002 -0.418443515050023E+002
  0.716822931014174E+002 -0.418443520101851E+002
  0.716825348458813E+002 -0.418443515994362E+002
  0.716817890306913E+002 -0.418443532356540E+002
  0.716820971118337E+002 -0.418443524273986E+002
  0.716818614906358E+002 -0.418443530287964E+002
  0.716823721324499E+002 -0.418443518632813E+002
  0.716818717591564E+002 -0.418443530003158E+002
  0.716826782192176E+002 -0.418443514100260E+002
  0.716823603046653E+002 -0.418443518844867E+002
  0.716826398641624E+002 -0.418443514567432E+002
  0.716824677848933E+002 -0.418443517018817E+002
  0.716822611241742E+002 -0.418443520731090E+002
  0.716818313521586E+002 -0.418443531135834E+002
  0.716821688570161E+002 -0.418443522659215E+002
  0.716823406662516E+002 -0.418443519203020E+002
  0.716824484128073E+002 -0.418443517331188E+002
  0.716820324598883E+002 -0.418443525815664E+002
  0.716823214120454E+002 -0.418443519561516E+002
  0.716826147301014E+002 -0.418443514889232E+002
  0.716825650361688E+002 -0.418443515561980E+002
  0.716819115110709E+002 -0.418443528920123E+002
  0.716820944609384E+002 -0.418443524335585E+002
  0.716824205094973E+002 -0.418443517794072E+002
  0.716826220302331E+002 -0.418443514794488E+002
  0.716817978358644E+002 -0.418443532099669E+002
  0.716819389359638E+002 -0.418443528191018E+002
  0.716826630047569E+002 -0.418443514282119E+002
  0.716823928044820E+002 -0.418443518268789E+002
  0.716822642622981E+002 -0.418443520668450E+002
  0.716825169078533E+002 -0.418443516259743E+002
  0.716823412798765E+002 -0.418443519191714E+002
  0.716820238494279E+002 -0.418443526027179E+002
  0.716822391468419E+002 -0.418443521175192E+002
  0.716819229625732E+002 -0.418443528613883E+002
  0.716822576376904E+002 -0.418443520800909E+002
  0.716819079690064E+002 -0.418443529015367E+002
  0.716823221830011E+002 -0.418443519547021E+002
  0.716820210376918E+002 -0.418443526096564E+002
  0.716820978096288E+002 -0.418443524257794E+002
  0.716818683711033E+002 -0.418443530096900E+002
  0.716826804900016E+002 -0.418443514073506E+002
  0.716824144351244E+002 -0.418443517896865E+002
  0.716821264533699E+002 -0.418443523601383E+002
  0.716818578266052E+002 -0.418443530390091E+002
