  0.838352475401991E-001  0.922319910766859E+002  0.740433314201223E+002
  0.838352475401991E-001  0.855786276990486E+002  0.731599543145990E+002
  0.838352475401991E-001  0.893493930900310E+002  0.737084774113614E+002
  0.838352475401991E-001  0.889260978622213E+002  0.736545219009137E+002
  0.838352475401991E-001  0.856058528675599E+002  0.731646428000860E+002
  0.838352475401991E-001  0.827254565771787E+002  0.725360047176527E+002
  0.838352475401991E-001  0.857096564924887E+002  0.731823844410568E+002
  0.838352475401991E-001  0.859299511441017E+002  0.732193574547987E+002
  0.838352475401991E-001  0.874481241901544E+002  0.734532809081660E+002
  0.838352475401991E-001  0.864627903738722E+002  0.733053054097783E+002
  0.838352475401991E-001  0.865838899883091E+002  0.733242112977658E+002
  0.838352475401991E-001  0.865890262863545E+002  0.733250083558882E+002
  0.838352475401991E-001  0.869879310813199E+002  0.733857714770095E+002
  0.838352475401991E-001  0.869699826870175E+002  0.733830841582063E+002
  0.838352475401991E-001  0.868719479270527E+002  0.733683302958616E+002
  0.838352475401991E-001  0.851640353162473E+002  0.730866225904512E+002
  0.838352475401991E-001  0.850534140767426E+002  0.730663993373936E+002
  0.838352475401991E-001  0.827305587296737E+002  0.725375273411778E+002
  0.838352475401991E-001  0.849314506548081E+002  0.730437541749335E+002
  0.838352475401991E-001  0.849272415160835E+002  0.730429659242076E+002
  0.838352475401991E-001  0.848227585690993E+002  0.730232506648327E+002
  0.838352475401991E-001  0.848193882358138E+002  0.730226098729205E+002
  0.838352475401991E-001  0.847500191732943E+002  0.730093521571607E+002
  0.838352475401991E-001  0.845149345190524E+002  0.729634024188190E+002
  0.838352475401991E-001  0.845035159437105E+002  0.729611284635309E+002
  0.838352475401991E-001  0.844880607186227E+002  0.729580441677771E+002
  0.838352475401991E-001  0.844617507966434E+002  0.729527764371118E+002
  0.838352475401991E-001  0.842705817678754E+002  0.729138238672177E+002
  0.838352475401991E-001  0.841347148571705E+002  0.728853725694787E+002
  0.838352475401991E-001  0.840933370585685E+002  0.728765730790600E+002
  0.838352475401991E-001  0.840182143333282E+002  0.728604292135797E+002
  0.838352475401991E-001  0.839514221661561E+002  0.728458873373654E+002
  0.838352475401991E-001  0.839192425120227E+002  0.728388159165897E+002
  0.838352475401991E-001  0.838344139011140E+002  0.728199641689145E+002
  0.838352475401991E-001  0.838260389052182E+002  0.728180859797959E+002
  0.838352475401991E-001  0.838254756777687E+002  0.728179595579965E+002
  0.838352475401991E-001  0.838014768195472E+002  0.728125596350882E+002
  0.838352475401991E-001  0.837813734336190E+002  0.728080162682117E+002
  0.838352475401991E-001  0.837732136276998E+002  0.728061669063348E+002
  0.838352475401991E-001  0.837672316251615E+002  0.728048091907888E+002
  0.838352475401991E-001  0.837282328600375E+002  0.727959171607614E+002
  0.838352475401991E-001  0.837114837863625E+002  0.727920763488059E+002
  0.838352475401991E-001  0.836870173980812E+002  0.727864418080280E+002
  0.838352475401991E-001  0.836688709407984E+002  0.727822440705085E+002
  0.838352475401991E-001  0.836339479413479E+002  0.727741200345044E+002
  0.838352475401991E-001  0.827492167605746E+002  0.725430724544375E+002
  0.838352475401991E-001  0.835466746027007E+002  0.727535483140328E+002
  0.838352475401991E-001  0.834053421670597E+002  0.727193680387042E+002
  0.838352475401991E-001  0.833955539956519E+002  0.727169589895672E+002
  0.838352475401991E-001  0.832999753052658E+002  0.726931333196334E+002
  0.838352475401991E-001  0.832587872042004E+002  0.726826909210742E+002
  0.838352475401991E-001  0.832575688524465E+002  0.726823803710012E+002
  0.838352475401991E-001  0.832333284647655E+002  0.726761814603512E+002
  0.838352475401991E-001  0.832007691487574E+002  0.726677937592193E+002
  0.838352475401991E-001  0.831992208475393E+002  0.726673931161892E+002
  0.838352475401991E-001  0.831085786834366E+002  0.726436470158154E+002
  0.838352475401991E-001  0.831032866246322E+002  0.726422424546059E+002
  0.838352475401991E-001  0.830916806040586E+002  0.726391548833527E+002
  0.838352475401991E-001  0.830681718315103E+002  0.726328700388819E+002
  0.838352475401991E-001  0.830633447159202E+002  0.726315744014957E+002
  0.838352475401991E-001  0.830531461617512E+002  0.726288311881964E+002
  0.838352475401991E-001  0.830374619059732E+002  0.726245968267164E+002
  0.838352475401991E-001  0.830361271500867E+002  0.726242355958093E+002
  0.838352475401991E-001  0.830282097019156E+002  0.726220900041746E+002
  0.838352475401991E-001  0.829807057992977E+002  0.726091122572493E+002
  0.838352475401991E-001  0.829406284439531E+002  0.725980202111770E+002
  0.838352475401991E-001  0.829162021564685E+002  0.725911933848249E+002
  0.838352475401991E-001  0.828958527357602E+002  0.725854665451351E+002
  0.838352475401991E-001  0.828794390740818E+002  0.725808207044717E+002
  0.838352475401991E-001  0.828560776819584E+002  0.725741665486873E+002
  0.838352475401991E-001  0.828340792788482E+002  0.725678548618708E+002
  0.838352475401991E-001  0.827537219101654E+002  0.725444060201911E+002
  0.838352475401991E-001  0.827522637235085E+002  0.725439746096743E+002
  0.838352475401991E-001  0.827168425313991E+002  0.725334278593609E+002
  0.838352475401991E-001  0.827049217300941E+002  0.725298488599959E+002
  0.838352475401991E-001  0.827002084681315E+002  0.725284296096839E+002
  0.838352475401991E-001  0.826838141261961E+002  0.725234742981502E+002
  0.838352475401991E-001  0.826784579619006E+002  0.708447100095569E+002
  0.838352475401991E-001  0.826650064524124E+002  0.708488057234027E+002
  0.838352475401991E-001  0.826615885884401E+002  0.708498496009704E+002
  0.838352475401991E-001  0.826034769112549E+002  0.708678024349265E+002
  0.838352475401991E-001  0.825776533887155E+002  0.724906506470360E+002
  0.838352475401991E-001  0.825772262344903E+002  0.724905158800545E+002
  0.838352475401991E-001  0.825517573553478E+002  0.724824393853156E+002
  0.838352475401991E-001  0.825429418758614E+002  0.708869342151584E+002
  0.838352475401991E-001  0.825416859703759E+002  0.708873360067827E+002
  0.838352475401991E-001  0.825335186774286E+002  0.724766051542632E+002
  0.838352475401991E-001  0.825195433427357E+002  0.724721054924128E+002
  0.838352475401991E-001  0.824938944304142E+002  0.724637797786503E+002
  0.838352475401991E-001  0.824753152726705E+002  0.724576930285721E+002
  0.838352475401991E-001  0.824750294192444E+002  0.724575990058961E+002
  0.838352475401991E-001  0.824694175099519E+002  0.724557508235304E+002
  0.838352475401991E-001  0.824649799383342E+002  0.724542862516943E+002
  0.838352475401991E-001  0.824616791206960E+002  0.709133639750390E+002
  0.838352475401991E-001  0.824531875848791E+002  0.709161782945852E+002
  0.838352475401991E-001  0.824352812822841E+002  0.724444119969640E+002
  0.838352475401991E-001  0.824290411882071E+002  0.709242380703949E+002
  0.838352475401991E-001  0.824255314903383E+002  0.724411423212539E+002
  0.838352475401991E-001  0.824114239478416E+002  0.709301729147260E+002
  0.838352475401991E-001  0.823908862724281E+002  0.709371511780934E+002
  0.838352475401991E-001  0.823866961057310E+002  0.709385829387484E+002
  0.838352475401991E-001  0.823795910971173E+002  0.709410169991583E+002
  0.838352475401991E-001  0.823684626767815E+002  0.709448455395959E+002
  0.838352475401991E-001  0.823603177478924E+002  0.709476602900869E+002
  0.838352475401991E-001  0.823495891022001E+002  0.724151745711320E+002
  0.838352475401991E-001  0.823425469695110E+002  0.724127197486555E+002
  0.838352475401991E-001  0.823390232523000E+002  0.709550707142003E+002
  0.838352475401991E-001  0.823328638164713E+002  0.709572282828891E+002
  0.838352475401991E-001  0.823300660172846E+002  0.709582104352912E+002
  0.838352475401991E-001  0.823280689347685E+002  0.724076467062655E+002
  0.838352475401991E-001  0.823276894704140E+002  0.709590457555331E+002
  0.838352475401991E-001  0.823238283611868E+002  0.709604049350028E+002
  0.838352475401991E-001  0.823222432383289E+002  0.709609636670951E+002
  0.838352475401991E-001  0.823186356669033E+002  0.709622368960275E+002
  0.838352475401991E-001  0.822918593123656E+002  0.709717583494337E+002
  0.838352475401991E-001  0.822875152273547E+002  0.709733151092915E+002
  0.838352475401991E-001  0.822875116911112E+002  0.723932426432584E+002
  0.838352475401991E-001  0.822793185794020E+002  0.709762618212344E+002
  0.838352475401991E-001  0.822752147160112E+002  0.723888172291018E+002
  0.838352475401991E-001  0.822734922934286E+002  0.709783638728218E+002
  0.838352475401991E-001  0.822709865208428E+002  0.709792698545724E+002
  0.838352475401991E-001  0.822686566958623E+002  0.709801132683117E+002
  0.838352475401991E-001  0.822601314423080E+002  0.709832081342949E+002
  0.838352475401991E-001  0.822587631198773E+002  0.723828528788232E+002
  0.838352475401991E-001  0.822577767495190E+002  0.723824936641857E+002
  0.838352475401991E-001  0.822525558250656E+002  0.723805892351018E+002
  0.838352475401991E-001  0.822393415598649E+002  0.723757456826710E+002
  0.838352475401991E-001  0.822358189559609E+002  0.709921102427288E+002
  0.838352475401991E-001  0.822351310684421E+002  0.723741952373303E+002
  0.838352475401991E-001  0.822324907028734E+002  0.709933378332844E+002
  0.838352475401991E-001  0.822191320482234E+002  0.709982871657272E+002
  0.838352475401991E-001  0.822166040161141E+002  0.723673311992540E+002
  0.838352475401991E-001  0.822081492119835E+002  0.723641758080480E+002
  0.838352475401991E-001  0.822054309993600E+002  0.710034007797813E+002
  0.838352475401991E-001  0.821908621534930E+002  0.710088808140057E+002
  0.838352475401991E-001  0.821670510103904E+002  0.710179344759330E+002
  0.838352475401991E-001  0.821550453662458E+002  0.723440126215986E+002
  0.838352475401991E-001  0.821505185047577E+002  0.723422652650043E+002
  0.838352475401991E-001  0.821455731454752E+002  0.710262079628053E+002
  0.838352475401991E-001  0.821413473978144E+002  0.710278480578513E+002
  0.838352475401991E-001  0.821322244648822E+002  0.710314029162794E+002
  0.838352475401991E-001  0.821317629985726E+002  0.723349757738947E+002
  0.838352475401991E-001  0.821272481851048E+002  0.710333501779118E+002
  0.838352475401991E-001  0.821220668232607E+002  0.710353839092038E+002
  0.838352475401991E-001  0.821200667077179E+002  0.723303883387329E+002
  0.838352475401991E-001  0.821195435806126E+002  0.710363766196536E+002
  0.838352475401991E-001  0.821167131103402E+002  0.710374920176031E+002
  0.838352475401991E-001  0.821163496990380E+002  0.723289236552229E+002
  0.838352475401991E-001  0.821124213327407E+002  0.723273720662647E+002
  0.838352475401991E-001  0.821103794746579E+002  0.723265641143472E+002
  0.838352475401991E-001  0.821089243065340E+002  0.710405713286595E+002
  0.838352475401991E-001  0.820983389421675E+002  0.723217789529098E+002
  0.838352475401991E-001  0.820964935065098E+002  0.710455166564444E+002
  0.838352475401991E-001  0.820907267144570E+002  0.710478239196039E+002
  0.838352475401991E-001  0.820861865241597E+002  0.723169126843400E+002
  0.838352475401991E-001  0.820835897907618E+002  0.723158680040886E+002
  0.838352475401991E-001  0.820821772509852E+002  0.723152990063674E+002
  0.838352475401991E-001  0.820784203467075E+002  0.723137831552617E+002
  0.838352475401991E-001  0.820768670110307E+002  0.723131553430539E+002
  0.838352475401991E-001  0.820754626688269E+002  0.710539718106988E+002
  0.838352475401991E-001  0.820749104000578E+002  0.723123636472819E+002
  0.838352475401991E-001  0.820692972803466E+002  0.710564721375315E+002
  0.838352475401991E-001  0.820661306093047E+002  0.723087987791818E+002
  0.838352475401991E-001  0.820554640431906E+002  0.723044402959400E+002
  0.838352475401991E-001  0.820482720781603E+002  0.723014842313148E+002
  0.838352475401991E-001  0.820343141105062E+002  0.710708525547007E+002
  0.838352475401991E-001  0.820338586536715E+002  0.722955170159490E+002
  0.838352475401991E-001  0.820291180155751E+002  0.722935416214830E+002
  0.838352475401991E-001  0.820180166405604E+002  0.710776684846734E+002
  0.838352475401991E-001  0.820169572129366E+002  0.722884448052223E+002
  0.838352475401991E-001  0.820163388950615E+002  0.710783745116598E+002
  0.838352475401991E-001  0.820053186443058E+002  0.722835263380246E+002
  0.838352475401991E-001  0.820047228198244E+002  0.722832734572988E+002
  0.838352475401991E-001  0.819988025840599E+002  0.722807549666719E+002
  0.838352475401991E-001  0.819861316101656E+002  0.710912303360165E+002
  0.838352475401991E-001  0.819845790949013E+002  0.710918986169050E+002
  0.838352475401991E-001  0.819832565272355E+002  0.722740905081925E+002
  0.838352475401991E-001  0.819774814301062E+002  0.722715955431806E+002
  0.838352475401991E-001  0.819774699768218E+002  0.710949684365949E+002
  0.838352475401991E-001  0.819769253429552E+002  0.710952042782125E+002
  0.838352475401991E-001  0.819746415657637E+002  0.722703647723578E+002
  0.838352475401991E-001  0.819729513764113E+002  0.722696310336591E+002
  0.838352475401991E-001  0.819723148311497E+002  0.722693544608789E+002
  0.838352475401991E-001  0.819663871353143E+002  0.710997863815419E+002
  0.838352475401991E-001  0.819564118411106E+002  0.711041571254540E+002
  0.838352475401991E-001  0.819561569940430E+002  0.722622898005272E+002
  0.838352475401991E-001  0.819448975988281E+002  0.722573154762254E+002
  0.838352475401991E-001  0.819415491249325E+002  0.711107312153115E+002
  0.838352475401991E-001  0.819339175282424E+002  0.722524226859279E+002
  0.838352475401991E-001  0.819142953923246E+002  0.711229864792430E+002
  0.838352475401991E-001  0.819033360836612E+002  0.711279908276004E+002
  0.838352475401991E-001  0.819028043104057E+002  0.722383242222368E+002
  0.838352475401991E-001  0.818982510603233E+002  0.722362308374751E+002
  0.838352475401991E-001  0.818951567344889E+002  0.711317553537808E+002
  0.838352475401991E-001  0.818933697562635E+002  0.711325812315494E+002
  0.838352475401991E-001  0.818887645100476E+002  0.722318436775664E+002
  0.838352475401991E-001  0.818824886501744E+002  0.722289219503408E+002
  0.838352475401991E-001  0.818757867340254E+002  0.711407745222935E+002
  0.838352475401991E-001  0.818722084998828E+002  0.711424570986796E+002
  0.838352475401991E-001  0.818675467242490E+002  0.711446570682267E+002
  0.838352475401991E-001  0.825077589748351E+002  0.714868189929892E+002
  0.838352475401991E-001  0.825076903453208E+002  0.714869079888455E+002
  0.838352475401991E-001  0.825051650109547E+002  0.714902112609455E+002
  0.838352475401991E-001  0.825032398475739E+002  0.714927679482344E+002
  0.838352475401991E-001  0.825018465487599E+002  0.714946399128714E+002
  0.838352475401991E-001  0.825013278736266E+002  0.714953415405984E+002
  0.838352475401991E-001  0.824970545648583E+002  0.715012250602547E+002
  0.838352475401991E-001  0.824949703387196E+002  0.715041647389609E+002
  0.838352475401991E-001  0.824936273882760E+002  0.715060847259186E+002
  0.838352475401991E-001  0.824924667366862E+002  0.715077610029948E+002
  0.838352475401991E-001  0.824921445522550E+002  0.715082291658850E+002
  0.838352475401991E-001  0.824861295346519E+002  0.715172116777997E+002
  0.838352475401991E-001  0.824810288459218E+002  0.715252282738422E+002
  0.838352475401991E-001  0.824806805754867E+002  0.718407684997212E+002
  0.838352475401991E-001  0.824794652903925E+002  0.718387906219193E+002
  0.838352475401991E-001  0.824781714536876E+002  0.718366568719483E+002
  0.838352475401991E-001  0.824773264954669E+002  0.715313117952917E+002
  0.838352475401991E-001  0.824758106278399E+002  0.715338740508664E+002
  0.838352475401991E-001  0.824757957637035E+002  0.718326596280458E+002
  0.838352475401991E-001  0.824754811439228E+002  0.715344368095542E+002
  0.838352475401991E-001  0.824729216888222E+002  0.718276759882156E+002
  0.838352475401991E-001  0.824727928405218E+002  0.718274485308250E+002
  0.838352475401991E-001  0.824721792324717E+002  0.715401986609295E+002
  0.838352475401991E-001  0.824695264330999E+002  0.715450016298052E+002
  0.838352475401991E-001  0.824687751743044E+002  0.715463924218159E+002
  0.838352475401991E-001  0.824686836169410E+002  0.715465628875349E+002
  0.838352475401991E-001  0.824685796819775E+002  0.715467566563949E+002
  0.838352475401991E-001  0.824675042494686E+002  0.718177810191251E+002
  0.838352475401991E-001  0.824643427274266E+002  0.718116545516775E+002
  0.838352475401991E-001  0.824640108296583E+002  0.715555646728050E+002
  0.838352475401991E-001  0.824638729620047E+002  0.718107190998457E+002
  0.838352475401991E-001  0.824632171154483E+002  0.718094014968822E+002
  0.838352475401991E-001  0.824628952417564E+002  0.715578092336823E+002
  0.838352475401991E-001  0.824616881337971E+002  0.715602840637852E+002
  0.838352475401991E-001  0.824610639194363E+002  0.718049754437584E+002
  0.838352475401991E-001  0.824609546235468E+002  0.718047464770833E+002
  0.838352475401991E-001  0.824589802650152E+002  0.718005333801039E+002
  0.838352475401991E-001  0.824576319346242E+002  0.715689920676136E+002
  0.838352475401991E-001  0.824567622451429E+002  0.715709470004167E+002
  0.838352475401991E-001  0.824556190073266E+002  0.715735698102388E+002
  0.838352475401991E-001  0.824550770679367E+002  0.717917237363196E+002
  0.838352475401991E-001  0.824548142064379E+002  0.715754544377213E+002
  0.838352475401991E-001  0.824543955043782E+002  0.717901109486788E+002
  0.838352475401991E-001  0.824518234671675E+002  0.715827671241606E+002
  0.838352475401991E-001  0.824511144517657E+002  0.715845801605052E+002
  0.838352475401991E-001  0.824504323792538E+002  0.717802027199679E+002
  0.838352475401991E-001  0.824502865753653E+002  0.717798188023251E+002
  0.838352475401991E-001  0.824491726072185E+002  0.715897254056132E+002
  0.838352475401991E-001  0.824488191519714E+002  0.717758663219118E+002
  0.838352475401991E-001  0.824487931224913E+002  0.715907643334477E+002
  0.838352475401991E-001  0.824487640305364E+002  0.717757145598448E+002
  0.838352475401991E-001  0.824483068088132E+002  0.715921130369110E+002
  0.838352475401991E-001  0.824482674491637E+002  0.717743359535595E+002
  0.838352475401991E-001  0.824482611985345E+002  0.715922405536422E+002
  0.838352475401991E-001  0.824479732179378E+002  0.717735091734819E+002
  0.838352475401991E-001  0.824471196273808E+002  0.717710665609228E+002
  0.838352475401991E-001  0.824462979560329E+002  0.717686492959193E+002
  0.838352475401991E-001  0.824462025221315E+002  0.715981949323702E+002
  0.838352475401991E-001  0.824457764580890E+002  0.715994800773064E+002
  0.838352475401991E-001  0.824454393676005E+002  0.716005109874262E+002
  0.838352475401991E-001  0.824451255164337E+002  0.717650765162470E+002
  0.838352475401991E-001  0.824445864808123E+002  0.716031785675691E+002
  0.838352475401991E-001  0.824445792539761E+002  0.717633574705279E+002
  0.838352475401991E-001  0.824443844747633E+002  0.716038235002749E+002
  0.838352475401991E-001  0.824443068486361E+002  0.716040727292837E+002
  0.838352475401991E-001  0.824441152731451E+002  0.717618678310970E+002
  0.838352475401991E-001  0.824439379034805E+002  0.717612908597247E+002
  0.838352475401991E-001  0.824432936578285E+002  0.717591582737847E+002
  0.838352475401991E-001  0.824420273330216E+002  0.717547813337500E+002
  0.838352475401991E-001  0.824417478665143E+002  0.717537787888867E+002
  0.838352475401991E-001  0.824412529551621E+002  0.717519674748754E+002
  0.838352475401991E-001  0.824403903488721E+002  0.717486906556008E+002
  0.838352475401991E-001  0.824402954160708E+002  0.717483199469589E+002
  0.838352475401991E-001  0.824396148956944E+002  0.716209610074314E+002
  0.838352475401991E-001  0.824393708846220E+002  0.717445925976572E+002
  0.838352475401991E-001  0.824384635840100E+002  0.716258590573331E+002
  0.838352475401991E-001  0.824379107079912E+002  0.716283662245415E+002
  0.838352475401991E-001  0.824378986334757E+002  0.717381367629090E+002
  0.838352475401991E-001  0.824372098079887E+002  0.717348394263920E+002
  0.838352475401991E-001  0.824368375968209E+002  0.716335923133604E+002
  0.838352475401991E-001  0.824364409688595E+002  0.716356688803527E+002
  0.838352475401991E-001  0.824363648095557E+002  0.717304809507666E+002
  0.838352475401991E-001  0.824362510431079E+002  0.716366960112141E+002
  0.838352475401991E-001  0.824357844098989E+002  0.716393213973012E+002
  0.838352475401991E-001  0.824352691611947E+002  0.716424157869283E+002
  0.838352475401991E-001  0.824351303845142E+002  0.716432901375004E+002
  0.838352475401991E-001  0.824350734031080E+002  0.717229042904309E+002
  0.838352475401991E-001  0.824350695568681E+002  0.716436794617203E+002
  0.838352475401991E-001  0.824347022572953E+002  0.717204421064467E+002
  0.838352475401991E-001  0.824345239173054E+002  0.716473600073700E+002
  0.838352475401991E-001  0.824344957642348E+002  0.717189988234838E+002
  0.838352475401991E-001  0.824340457462329E+002  0.717156311186293E+002
  0.838352475401991E-001  0.824339415812002E+002  0.716517586597073E+002
  0.838352475401991E-001  0.824338768709311E+002  0.716522859610754E+002
  0.838352475401991E-001  0.832821749407297E+002  0.717120287100824E+002
  0.838352475401991E-001  0.832820274807689E+002  0.717106911721147E+002
  0.838352475401991E-001  0.832815373304910E+002  0.717056784550769E+002
  0.838352475401991E-001  0.832814910351892E+002  0.717051456834825E+002
  0.838352475401991E-001  0.832811569924750E+002  0.717008284560157E+002
  0.838352475401991E-001  0.832807864857469E+002  0.716941985945110E+002
  0.838352475401991E-001  0.836887880266790E+002  0.716898951352050E+002
  0.838352475401991E-001  0.836887834686927E+002  0.716897172597584E+002
  0.838352475401991E-001  0.836887819531831E+002  0.716896570180675E+002
