  0.268989008054972E+000  0.934842870163896E+002  0.740433314201223E+002
  0.268989008054972E+000  0.868309236387523E+002  0.731599543145990E+002
  0.268989008054972E+000  0.906016890297347E+002  0.737084774113614E+002
  0.268989008054972E+000  0.901783938019250E+002  0.736545219009137E+002
  0.268989008054972E+000  0.868581488072636E+002  0.731646428000860E+002
  0.268989008054972E+000  0.839777525168824E+002  0.725360047176527E+002
  0.268989008054972E+000  0.869619524321924E+002  0.731823844410568E+002
  0.268989008054972E+000  0.871822470838054E+002  0.732193574547987E+002
  0.268989008054972E+000  0.887004201298581E+002  0.734532809081660E+002
  0.268989008054972E+000  0.877150863135759E+002  0.733053054097783E+002
  0.268989008054972E+000  0.878361859280128E+002  0.733242112977658E+002
  0.268989008054972E+000  0.878413222260582E+002  0.733250083558882E+002
  0.268989008054972E+000  0.882402270210236E+002  0.733857714770095E+002
  0.268989008054972E+000  0.882222786267212E+002  0.733830841582063E+002
  0.268989008054972E+000  0.881242438667564E+002  0.733683302958616E+002
  0.268989008054972E+000  0.864163312559510E+002  0.730866225904512E+002
  0.268989008054972E+000  0.863057100164462E+002  0.730663993373936E+002
  0.268989008054972E+000  0.839828546693774E+002  0.725375273411778E+002
  0.268989008054972E+000  0.861837465945118E+002  0.730437541749335E+002
  0.268989008054972E+000  0.861795374557872E+002  0.730429659242076E+002
  0.268989008054972E+000  0.860750545088030E+002  0.730232506648327E+002
  0.268989008054972E+000  0.860716841755175E+002  0.730226098729205E+002
  0.268989008054972E+000  0.860023151129980E+002  0.730093521571607E+002
  0.268989008054972E+000  0.857672304587561E+002  0.729634024188190E+002
  0.268989008054972E+000  0.857558118834142E+002  0.729611284635309E+002
  0.268989008054972E+000  0.857403566583264E+002  0.729580441677771E+002
  0.268989008054972E+000  0.857140467363471E+002  0.729527764371118E+002
  0.268989008054972E+000  0.855228777075791E+002  0.729138238672177E+002
  0.268989008054972E+000  0.853870107968742E+002  0.728853725694787E+002
  0.268989008054972E+000  0.853456329982721E+002  0.728765730790600E+002
  0.268989008054972E+000  0.852705102730319E+002  0.728604292135797E+002
  0.268989008054972E+000  0.852037181058598E+002  0.728458873373654E+002
  0.268989008054972E+000  0.851715384517264E+002  0.728388159165897E+002
  0.268989008054972E+000  0.850867098408177E+002  0.728199641689145E+002
  0.268989008054972E+000  0.850783348449219E+002  0.728180859797959E+002
  0.268989008054972E+000  0.850777716174724E+002  0.728179595579965E+002
  0.268989008054972E+000  0.850537727592509E+002  0.728125596350882E+002
  0.268989008054972E+000  0.850336693733226E+002  0.728080162682117E+002
  0.268989008054972E+000  0.850255095674034E+002  0.728061669063348E+002
  0.268989008054972E+000  0.850195275648652E+002  0.728048091907888E+002
  0.268989008054972E+000  0.849805287997411E+002  0.727959171607614E+002
  0.268989008054972E+000  0.849637797260662E+002  0.727920763488059E+002
  0.268989008054972E+000  0.849393133377849E+002  0.727864418080280E+002
  0.268989008054972E+000  0.849211668805021E+002  0.727822440705085E+002
  0.268989008054972E+000  0.848862438810516E+002  0.727741200345044E+002
  0.268989008054972E+000  0.840015127002783E+002  0.725430724544375E+002
  0.268989008054972E+000  0.847989705424044E+002  0.727535483140328E+002
  0.268989008054972E+000  0.846576381067634E+002  0.727193680387042E+002
  0.268989008054972E+000  0.846478499353556E+002  0.727169589895672E+002
  0.268989008054972E+000  0.845522712449695E+002  0.726931333196334E+002
  0.268989008054972E+000  0.845110831439041E+002  0.726826909210742E+002
  0.268989008054972E+000  0.845098647921502E+002  0.726823803710012E+002
  0.268989008054972E+000  0.844856244044692E+002  0.726761814603512E+002
  0.268989008054972E+000  0.844530650884610E+002  0.726677937592193E+002
  0.268989008054972E+000  0.844515167872430E+002  0.726673931161892E+002
  0.268989008054972E+000  0.843608746231403E+002  0.726436470158154E+002
  0.268989008054972E+000  0.843555825643359E+002  0.726422424546059E+002
  0.268989008054972E+000  0.843439765437623E+002  0.726391548833527E+002
  0.268989008054972E+000  0.843204677712140E+002  0.726328700388819E+002
  0.268989008054972E+000  0.843156406556239E+002  0.726315744014957E+002
  0.268989008054972E+000  0.843054421014549E+002  0.726288311881964E+002
  0.268989008054972E+000  0.842897578456768E+002  0.726245968267164E+002
  0.268989008054972E+000  0.842884230897904E+002  0.726242355958093E+002
  0.268989008054972E+000  0.842805056416193E+002  0.726220900041746E+002
  0.268989008054972E+000  0.842330017390014E+002  0.726091122572493E+002
  0.268989008054972E+000  0.841929243836568E+002  0.725980202111770E+002
  0.268989008054972E+000  0.841684980961722E+002  0.725911933848249E+002
  0.268989008054972E+000  0.841481486754639E+002  0.725854665451351E+002
  0.268989008054972E+000  0.841317350137855E+002  0.725808207044717E+002
  0.268989008054972E+000  0.841083736216621E+002  0.725741665486873E+002
  0.268989008054972E+000  0.840863752185519E+002  0.725678548618708E+002
  0.268989008054972E+000  0.840060178498691E+002  0.725444060201911E+002
  0.268989008054972E+000  0.840045596632122E+002  0.725439746096743E+002
  0.268989008054972E+000  0.839691384711028E+002  0.725334278593609E+002
  0.268989008054972E+000  0.839572176697978E+002  0.725298488599959E+002
  0.268989008054972E+000  0.839525044078352E+002  0.725284296096839E+002
  0.268989008054972E+000  0.839361100658998E+002  0.725234742981502E+002
  0.268989008054972E+000  0.839307539016043E+002  0.708447100095569E+002
  0.268989008054972E+000  0.839173023921160E+002  0.708488057234027E+002
  0.268989008054972E+000  0.839138845281438E+002  0.708498496009704E+002
  0.268989008054972E+000  0.838557728509586E+002  0.708678024349265E+002
  0.268989008054972E+000  0.838299493284192E+002  0.724906506470360E+002
  0.268989008054972E+000  0.838295221741940E+002  0.724905158800545E+002
  0.268989008054972E+000  0.838040532950515E+002  0.724824393853156E+002
  0.268989008054972E+000  0.837952378155651E+002  0.708869342151584E+002
  0.268989008054972E+000  0.837939819100796E+002  0.708873360067827E+002
  0.268989008054972E+000  0.837858146171323E+002  0.724766051542632E+002
  0.268989008054972E+000  0.837718392824394E+002  0.724721054924128E+002
  0.268989008054972E+000  0.837461903701179E+002  0.724637797786503E+002
  0.268989008054972E+000  0.837276112123742E+002  0.724576930285721E+002
  0.268989008054972E+000  0.837273253589481E+002  0.724575990058961E+002
  0.268989008054972E+000  0.837217134496556E+002  0.724557508235304E+002
  0.268989008054972E+000  0.837172758780379E+002  0.724542862516943E+002
  0.268989008054972E+000  0.837139750603996E+002  0.709133639750390E+002
  0.268989008054972E+000  0.837054835245828E+002  0.709161782945852E+002
  0.268989008054972E+000  0.836875772219878E+002  0.724444119969640E+002
  0.268989008054972E+000  0.836813371279108E+002  0.709242380703949E+002
  0.268989008054972E+000  0.836778274300420E+002  0.724411423212539E+002
  0.268989008054972E+000  0.836637198875453E+002  0.709301729147260E+002
  0.268989008054972E+000  0.836431822121318E+002  0.709371511780934E+002
  0.268989008054972E+000  0.836389920454347E+002  0.709385829387484E+002
  0.268989008054972E+000  0.836318870368210E+002  0.709410169991583E+002
  0.268989008054972E+000  0.836207586164852E+002  0.709448455395959E+002
  0.268989008054972E+000  0.836126136875961E+002  0.709476602900869E+002
  0.268989008054972E+000  0.836018850419037E+002  0.724151745711320E+002
  0.268989008054972E+000  0.835948429092147E+002  0.724127197486555E+002
  0.268989008054972E+000  0.835913191920037E+002  0.709550707142003E+002
  0.268989008054972E+000  0.835851597561750E+002  0.709572282828891E+002
  0.268989008054972E+000  0.835823619569882E+002  0.709582104352912E+002
  0.268989008054972E+000  0.835803648744722E+002  0.724076467062655E+002
  0.268989008054972E+000  0.835799854101177E+002  0.709590457555331E+002
  0.268989008054972E+000  0.835761243008905E+002  0.709604049350028E+002
  0.268989008054972E+000  0.835745391780326E+002  0.709609636670951E+002
  0.268989008054972E+000  0.835709316066070E+002  0.709622368960275E+002
  0.268989008054972E+000  0.835441552520693E+002  0.709717583494337E+002
  0.268989008054972E+000  0.835398111670584E+002  0.709733151092915E+002
  0.268989008054972E+000  0.835398076308149E+002  0.723932426432584E+002
  0.268989008054972E+000  0.835316145191057E+002  0.709762618212344E+002
  0.268989008054972E+000  0.835275106557149E+002  0.723888172291018E+002
  0.268989008054972E+000  0.835257882331323E+002  0.709783638728218E+002
  0.268989008054972E+000  0.835232824605465E+002  0.709792698545724E+002
  0.268989008054972E+000  0.835209526355660E+002  0.709801132683117E+002
  0.268989008054972E+000  0.835124273820117E+002  0.709832081342949E+002
  0.268989008054972E+000  0.835110590595810E+002  0.723828528788232E+002
  0.268989008054972E+000  0.835100726892227E+002  0.723824936641857E+002
  0.268989008054972E+000  0.835048517647693E+002  0.723805892351018E+002
  0.268989008054972E+000  0.834916374995686E+002  0.723757456826710E+002
  0.268989008054972E+000  0.834881148956646E+002  0.709921102427288E+002
  0.268989008054972E+000  0.834874270081458E+002  0.723741952373303E+002
  0.268989008054972E+000  0.834847866425771E+002  0.709933378332844E+002
  0.268989008054972E+000  0.834714279879271E+002  0.709982871657272E+002
  0.268989008054972E+000  0.834688999558178E+002  0.723673311992540E+002
  0.268989008054972E+000  0.834604451516872E+002  0.723641758080480E+002
  0.268989008054972E+000  0.834577269390637E+002  0.710034007797813E+002
  0.268989008054972E+000  0.834431580931967E+002  0.710088808140057E+002
  0.268989008054972E+000  0.834193469500941E+002  0.710179344759330E+002
  0.268989008054972E+000  0.834073413059495E+002  0.723440126215986E+002
  0.268989008054972E+000  0.834028144444614E+002  0.723422652650043E+002
  0.268989008054972E+000  0.833978690851789E+002  0.710262079628053E+002
  0.268989008054972E+000  0.833936433375181E+002  0.710278480578513E+002
  0.268989008054972E+000  0.833845204045859E+002  0.710314029162794E+002
  0.268989008054972E+000  0.833840589382763E+002  0.723349757738947E+002
  0.268989008054972E+000  0.833795441248084E+002  0.710333501779118E+002
  0.268989008054972E+000  0.833743627629643E+002  0.710353839092038E+002
  0.268989008054972E+000  0.833723626474216E+002  0.723303883387329E+002
  0.268989008054972E+000  0.833718395203163E+002  0.710363766196536E+002
  0.268989008054972E+000  0.833690090500439E+002  0.710374920176031E+002
  0.268989008054972E+000  0.833686456387417E+002  0.723289236552229E+002
  0.268989008054972E+000  0.833647172724444E+002  0.723273720662647E+002
  0.268989008054972E+000  0.833626754143616E+002  0.723265641143472E+002
  0.268989008054972E+000  0.833612202462377E+002  0.710405713286595E+002
  0.268989008054972E+000  0.833506348818711E+002  0.723217789529098E+002
  0.268989008054972E+000  0.833487894462135E+002  0.710455166564444E+002
  0.268989008054972E+000  0.833430226541607E+002  0.710478239196039E+002
  0.268989008054972E+000  0.833384824638634E+002  0.723169126843400E+002
  0.268989008054972E+000  0.833358857304655E+002  0.723158680040886E+002
  0.268989008054972E+000  0.833344731906889E+002  0.723152990063674E+002
  0.268989008054972E+000  0.833307162864112E+002  0.723137831552617E+002
  0.268989008054972E+000  0.833291629507344E+002  0.723131553430539E+002
  0.268989008054972E+000  0.833277586085306E+002  0.710539718106988E+002
  0.268989008054972E+000  0.833272063397615E+002  0.723123636472819E+002
  0.268989008054972E+000  0.833215932200502E+002  0.710564721375315E+002
  0.268989008054972E+000  0.833184265490084E+002  0.723087987791818E+002
  0.268989008054972E+000  0.833077599828943E+002  0.723044402959400E+002
  0.268989008054972E+000  0.833005680178640E+002  0.723014842313148E+002
  0.268989008054972E+000  0.832866100502099E+002  0.710708525547007E+002
  0.268989008054972E+000  0.832861545933751E+002  0.722955170159490E+002
  0.268989008054972E+000  0.832814139552788E+002  0.722935416214830E+002
  0.268989008054972E+000  0.832703125802641E+002  0.710776684846734E+002
  0.268989008054972E+000  0.832692531526403E+002  0.722884448052223E+002
  0.268989008054972E+000  0.832686348347652E+002  0.710783745116598E+002
  0.268989008054972E+000  0.832576145840095E+002  0.722835263380246E+002
  0.268989008054972E+000  0.832570187595281E+002  0.722832734572988E+002
  0.268989008054972E+000  0.832510985237636E+002  0.722807549666719E+002
  0.268989008054972E+000  0.832384275498693E+002  0.710912303360165E+002
  0.268989008054972E+000  0.832368750346050E+002  0.710918986169050E+002
  0.268989008054972E+000  0.832355524669391E+002  0.722740905081925E+002
  0.268989008054972E+000  0.832297773698099E+002  0.722715955431806E+002
  0.268989008054972E+000  0.832297659165255E+002  0.710949684365949E+002
  0.268989008054972E+000  0.832292212826588E+002  0.710952042782125E+002
  0.268989008054972E+000  0.832269375054674E+002  0.722703647723578E+002
  0.268989008054972E+000  0.832252473161150E+002  0.722696310336591E+002
  0.268989008054972E+000  0.832246107708534E+002  0.722693544608789E+002
  0.268989008054972E+000  0.832186830750180E+002  0.710997863815419E+002
  0.268989008054972E+000  0.832087077808143E+002  0.711041571254540E+002
  0.268989008054972E+000  0.832084529337467E+002  0.722622898005272E+002
  0.268989008054972E+000  0.831971935385318E+002  0.722573154762254E+002
  0.268989008054972E+000  0.831938450646362E+002  0.711107312153115E+002
  0.268989008054972E+000  0.831862134679461E+002  0.722524226859279E+002
  0.268989008054972E+000  0.831665913320283E+002  0.711229864792430E+002
  0.268989008054972E+000  0.831556320233649E+002  0.711279908276004E+002
  0.268989008054972E+000  0.831551002501094E+002  0.722383242222368E+002
  0.268989008054972E+000  0.831505470000270E+002  0.722362308374751E+002
  0.268989008054972E+000  0.831474526741925E+002  0.711317553537808E+002
  0.268989008054972E+000  0.831456656959672E+002  0.711325812315494E+002
  0.268989008054972E+000  0.831410604497513E+002  0.722318436775664E+002
  0.268989008054972E+000  0.831347845898781E+002  0.722289219503408E+002
  0.268989008054972E+000  0.831280826737291E+002  0.711407745222935E+002
  0.268989008054972E+000  0.831245044395865E+002  0.711424570986796E+002
  0.268989008054972E+000  0.831198426639527E+002  0.711446570682267E+002
  0.268989008054972E+000  0.842560327813396E+002  0.711456897198654E+002
  0.268989008054972E+000  0.842467211541277E+002  0.711501197168262E+002
  0.268989008054972E+000  0.842339098993884E+002  0.711562755162807E+002
  0.268989008054972E+000  0.842237377959345E+002  0.711612148985634E+002
  0.268989008054972E+000  0.842101419622237E+002  0.711678906936212E+002
  0.268989008054972E+000  0.842036582977582E+002  0.711711049289273E+002
  0.268989008054972E+000  0.842006975846535E+002  0.711725794115526E+002
  0.268989008054972E+000  0.841758026543453E+002  0.711851500952058E+002
  0.268989008054972E+000  0.841746413165814E+002  0.711857442658866E+002
  0.268989008054972E+000  0.841690726133724E+002  0.711886032753092E+002
  0.268989008054972E+000  0.841652546841914E+002  0.711905730116688E+002
  0.268989008054972E+000  0.841639957840613E+002  0.711912242288581E+002
  0.268989008054972E+000  0.841626091797371E+002  0.711919425051210E+002
  0.268989008054972E+000  0.841613332719923E+002  0.711926043682307E+002
  0.268989008054972E+000  0.841559405296530E+002  0.711954117116590E+002
  0.268989008054972E+000  0.841535280667679E+002  0.711966728302641E+002
  0.268989008054972E+000  0.841466361679677E+002  0.712002937209997E+002
  0.268989008054972E+000  0.841409354492707E+002  0.712033094269078E+002
  0.268989008054972E+000  0.841396733726975E+002  0.712039796364762E+002
  0.268989008054972E+000  0.841296780628634E+002  0.712093209907568E+002
  0.268989008054972E+000  0.841158235994838E+002  0.712168257572275E+002
  0.268989008054972E+000  0.841084619743356E+002  0.712208629956661E+002
  0.268989008054972E+000  0.841066288247771E+002  0.712218738190103E+002
  0.268989008054972E+000  0.841060614261878E+002  0.712221871393228E+002
  0.268989008054972E+000  0.841048245261396E+002  0.712228709007012E+002
  0.268989008054972E+000  0.841033083630404E+002  0.712237104271585E+002
  0.268989008054972E+000  0.840799531017768E+002  0.712368420732143E+002
  0.268989008054972E+000  0.840789595204073E+002  0.712374092971969E+002
  0.268989008054972E+000  0.840538965347794E+002  0.712519641250763E+002
  0.268989008054972E+000  0.840432310131920E+002  0.712583090883859E+002
  0.268989008054972E+000  0.840343211345905E+002  0.712636831613448E+002
  0.268989008054972E+000  0.840330225853429E+002  0.712644721504310E+002
  0.268989008054972E+000  0.840321054200756E+002  0.712650303102347E+002
  0.268989008054972E+000  0.840284003597380E+002  0.712672927244810E+002
  0.268989008054972E+000  0.840265280769884E+002  0.712684406859793E+002
  0.268989008054972E+000  0.840167626609158E+002  0.712744804532001E+002
  0.268989008054972E+000  0.840084228326110E+002  0.712797100691594E+002
  0.268989008054972E+000  0.839898098873634E+002  0.712916333554659E+002
  0.268989008054972E+000  0.839893095790359E+002  0.712919588623251E+002
  0.268989008054972E+000  0.839881214113319E+002  0.712927329863149E+002
  0.268989008054972E+000  0.839849463405593E+002  0.712948092013413E+002
  0.268989008054972E+000  0.839801186181420E+002  0.712979875424135E+002
  0.268989008054972E+000  0.839613770430646E+002  0.713105828612307E+002
  0.268989008054972E+000  0.839553099123085E+002  0.713147525136239E+002
  0.268989008054972E+000  0.839515349376965E+002  0.713173708536529E+002
  0.268989008054972E+000  0.839497187887757E+002  0.713186372414685E+002
  0.268989008054972E+000  0.839447887092833E+002  0.713220973370396E+002
  0.268989008054972E+000  0.839402382787292E+002  0.713253206627347E+002
  0.268989008054972E+000  0.839351150553963E+002  0.713289848227936E+002
  0.268989008054972E+000  0.839340703887052E+002  0.713297366359202E+002
  0.268989008054972E+000  0.839259666944292E+002  0.713356238224053E+002
  0.268989008054972E+000  0.839232632357738E+002  0.713376101395757E+002
  0.268989008054972E+000  0.839139331153250E+002  0.713445547313818E+002
  0.268989008054972E+000  0.839090965052968E+002  0.713482113560258E+002
  0.268989008054972E+000  0.839020963086076E+002  0.713535755342713E+002
  0.268989008054972E+000  0.839009756965589E+002  0.713544423726986E+002
  0.268989008054972E+000  0.839003503430517E+002  0.713549271035994E+002
  0.268989008054972E+000  0.838989115902577E+002  0.713560450518427E+002
  0.268989008054972E+000  0.838978813439112E+002  0.713568479323693E+002
  0.268989008054972E+000  0.838955958912559E+002  0.713586360948383E+002
  0.268989008054972E+000  0.838859743658251E+002  0.713662746756842E+002
  0.268989008054972E+000  0.838841407706465E+002  0.713677513544787E+002
  0.268989008054972E+000  0.838806811955761E+002  0.713705564988404E+002
  0.268989008054972E+000  0.838788503175151E+002  0.713720512693515E+002
  0.268989008054972E+000  0.838719363878723E+002  0.713777619054257E+002
  0.268989008054972E+000  0.838711852402379E+002  0.713783887654855E+002
  0.268989008054972E+000  0.838631878008502E+002  0.713851446303126E+002
  0.268989008054972E+000  0.838627291746362E+002  0.713855367038338E+002
  0.268989008054972E+000  0.838626415335886E+002  0.713856116857849E+002
  0.268989008054972E+000  0.838527438546723E+002  0.713942048193907E+002
  0.268989008054972E+000  0.838474739252403E+002  0.713988860632778E+002
  0.268989008054972E+000  0.838449005732114E+002  0.714012001835188E+002
  0.268989008054972E+000  0.838416507925196E+002  0.714041500021629E+002
  0.268989008054972E+000  0.838383919266056E+002  0.714071397088524E+002
  0.268989008054972E+000  0.838306142955682E+002  0.714144092767901E+002
  0.268989008054972E+000  0.838281128514017E+002  0.714167894602111E+002
  0.268989008054972E+000  0.838280918588595E+002  0.714168095250720E+002
  0.268989008054972E+000  0.838234315269117E+002  0.714213019489553E+002
  0.268989008054972E+000  0.838211231023539E+002  0.714235559790024E+002
  0.268989008054972E+000  0.838191094232507E+002  0.714255383058641E+002
  0.268989008054972E+000  0.838164411829909E+002  0.714281887313047E+002
  0.268989008054972E+000  0.838148438952335E+002  0.714297886142787E+002
  0.268989008054972E+000  0.838134628770004E+002  0.714311800604218E+002
  0.268989008054972E+000  0.838086362835257E+002  0.714361046181735E+002
  0.268989008054972E+000  0.838036110481215E+002  0.714413383352625E+002
  0.268989008054972E+000  0.838023208609997E+002  0.714427004161614E+002
  0.268989008054972E+000  0.838015220254463E+002  0.714435476448449E+002
  0.268989008054972E+000  0.838012028339308E+002  0.714438870112468E+002
  0.268989008054972E+000  0.838001041975262E+002  0.714450587840212E+002
  0.268989008054972E+000  0.837957018161805E+002  0.714498132254746E+002
  0.268989008054972E+000  0.837955531128474E+002  0.714499755123004E+002
  0.268989008054972E+000  0.837955387469960E+002  0.714499911963986E+002
  0.268989008054972E+000  0.837949086200293E+002  0.714506801859570E+002
  0.268989008054972E+000  0.837945789853424E+002  0.714510414274236E+002
  0.268989008054972E+000  0.837944918469913E+002  0.714511370149121E+002
  0.268989008054972E+000  0.837893656148775E+002  0.714568312943344E+002
  0.268989008054972E+000  0.837886305730345E+002  0.714576595680995E+002
  0.268989008054972E+000  0.837877984130913E+002  0.714586009635141E+002
  0.268989008054972E+000  0.837869281320060E+002  0.714595897223384E+002
  0.268989008054972E+000  0.837834176002169E+002  0.714636233511347E+002
  0.268989008054972E+000  0.837825216906104E+002  0.714646646783741E+002
  0.268989008054972E+000  0.837797736012207E+002  0.714678902208331E+002
