  0.122322331414055E-057  0.354166148530080E+003  0.600151553943244E+002
  0.272200638320567E-057  0.352559733322175E+003  0.600502747554734E+002
  0.155153766047839E-056  0.349072153098131E+003  0.601268874108939E+002
  0.535064769658676E-056  0.346589555237628E+003  0.601817342601363E+002
  0.989247845546256E-056  0.345353785461350E+003  0.602091332618852E+002
  0.409072512830838E-054  0.337902894447357E+003  0.603757382818910E+002
  0.161725602652429E-053  0.335147051371159E+003  0.604379853781138E+002
  0.350775811070988E-053  0.333591903358618E+003  0.604732645558541E+002
  0.583463447576379E-053  0.332567578774709E+003  0.604965625593740E+002
  0.303842063154081E-052  0.329260700546654E+003  0.605721100888527E+002
  0.606976520349787E-052  0.327870080823391E+003  0.606040334574952E+002
  0.238600559544317E-051  0.325125653565356E+003  0.606673065666642E+002
  0.416474526224953E-051  0.324004929098298E+003  0.606932497612788E+002
  0.462254544267331E-051  0.323789692712585E+003  0.606982391941537E+002
  0.775309535151422E-050  0.318143573648743E+003  0.608299421193826E+002
  0.137340382064679E-049  0.316993347812033E+003  0.608569690456589E+002
  0.229516718964244E-049  0.315959665249275E+003  0.608813152394494E+002
  0.249673237566290E-048  0.311179485209445E+003  0.609946233669977E+002
  0.509018371310889E-048  0.309748167437949E+003  0.610287853681626E+002
  0.963865890322312E-048  0.308464575741440E+003  0.610595149447377E+002
  0.139030282220439E-047  0.307725270775078E+003  0.610772545395874E+002
  0.423427774543866E-047  0.305491232818346E+003  0.611310414126515E+002
  0.119866670220598E-046  0.303403412875771E+003  0.611815569522686E+002
  0.137862380669670E-045  0.298511835304640E+003  0.613008728561016E+002
  0.499173904243238E-045  0.295931782535499E+003  0.613643615239369E+002
  0.129444805838044E-044  0.294019356689312E+003  0.614116747972215E+002
  0.181097367790822E-044  0.293341140609766E+003  0.614285062468708E+002
  0.194399696586029E-044  0.293192722027517E+003  0.614321932717088E+002
  0.324287241059120E-044  0.292162639770798E+003  0.614578192796956E+002
  0.388684530389325E-044  0.291793707452181E+003  0.614670130761908E+002
  0.743560653924741E-044  0.290489687266489E+003  0.614995757863829E+002
  0.257329908551201E-043  0.288000044278237E+003  0.615620356401805E+002
  0.404516882684023E-043  0.287088719657521E+003  0.615849954270985E+002
  0.695246522838219E-043  0.285998918039344E+003  0.616125204643723E+002
  0.716200243268594E-043  0.285932875848279E+003  0.616141909050391E+002
  0.149084074815223E-042  0.284459948861935E+003  0.616515187202532E+002
  0.184554310272623E-042  0.284026426526810E+003  0.616625317935598E+002
  0.524545371634485E-042  0.281930594658912E+003  0.617159452989829E+002
  0.186615412620304E-041  0.279385732985801E+003  0.617811899135469E+002
  0.304193722909333E-041  0.278401847680110E+003  0.618065300786679E+002
  0.158836107342054E-040  0.275089605605310E+003  0.618923195614098E+002
  0.242541885994365E-040  0.274236346981053E+003  0.619145416209628E+002
  0.549805887299991E-040  0.272592909675793E+003  0.619574859777407E+002
  0.161307496461317E-039  0.270433589558473E+003  0.620142007075763E+002
  0.350775287236088E-039  0.268873267274651E+003  0.620553906327935E+002
  0.409656426384743E-039  0.268556265668816E+003  0.620637805065452E+002
  0.157338799488134E-037  0.261253104486940E+003  0.622591364540907E+002
  0.501683660677472E-037  0.258927312258310E+003  0.623222061117122E+002
  0.518523023508339E-037  0.258854627342716E+003  0.623241839933077E+002
  0.278354093102150E-036  0.255486982399248E+003  0.624162862753217E+002
  0.543349680063110E-036  0.254142608676485E+003  0.624533104482557E+002
  0.585766160698558E-036  0.253985617944148E+003  0.624576436757819E+002
  0.811267997142570E-036  0.253327606793023E+003  0.624758281579468E+002
  0.323353444174922E-035  0.250555485972564E+003  0.625528348398578E+002
  0.412720471227306E-035  0.250060781273735E+003  0.625666456277618E+002
  0.511586971437247E-035  0.249624631564795E+003  0.625788390993338E+002
  0.845795417614379E-035  0.248612456176334E+003  0.626071996871914E+002
  0.207209140904338E-033  0.242208557987103E+003  0.627887290450068E+002
  0.590125471779693E-033  0.240108689301763E+003  0.628490654496104E+002
  0.113333649551708E-032  0.238796861654036E+003  0.628869687739585E+002
  0.124942213306704E-032  0.238595175638320E+003  0.628928106888911E+002
  0.314751461568376E-032  0.236740656098868E+003  0.629467106753065E+002
  0.815594986903331E-031  0.230224561181357E+003  0.631387909871813E+002
  0.845165094026838E-031  0.230146677413867E+003  0.631411129521373E+002
  0.321710848897968E-030  0.227466609304682E+003  0.632214025690359E+002
  0.116519479505051E-029  0.224885972922999E+003  0.632994400230273E+002
  0.253333582032138E-029  0.223326020020339E+003  0.633469666527827E+002
  0.310071873477681E-029  0.222915170451721E+003  0.633595290334471E+002
  0.780684080600076E-029  0.221061781989142E+003  0.634164366371751E+002
  0.823453207816190E-029  0.220948454078631E+003  0.799466299781481E+002
  0.122277614672924E-028  0.220151053786762E+003  0.634445442398946E+002
  0.676438433137530E-028  0.216723303314975E+003  0.635512050308242E+002
  0.991826872818043E-028  0.215951233468504E+003  0.635754230252266E+002
  0.144366480257566E-027  0.215193794703037E+003  0.797673064415253E+002
  0.145942727050344E-027  0.215165420730977E+003  0.636001466098282E+002
  0.344507006215220E-027  0.213440964824147E+003  0.797118899666522E+002
  0.679361969924475E-027  0.212076229942770E+003  0.636980820185485E+002
  0.835026227848931E-027  0.211656956249049E+003  0.796550922036343E+002
  0.114136768403149E-026  0.211025261848513E+003  0.637316754314889E+002
  0.121709852835327E-026  0.210890121259113E+003  0.637360054034975E+002
  0.201197140958562E-026  0.209878175136061E+003  0.795980550779575E+002
  0.343579894889938E-026  0.208801250661686E+003  0.795633225522210E+002
  0.475855673285949E-026  0.208143205230300E+003  0.795420239860208E+002
  0.685235724177053E-026  0.207407253047956E+003  0.795181352718654E+002
  0.838252151644155E-026  0.206997485367331E+003  0.795048027551302E+002
  0.103350052086440E-025  0.206572053925283E+003  0.794909365012870E+002
  0.487056198947685E-025  0.203464882895966E+003  0.639776523524078E+002
  0.489816174870191E-025  0.203446926010348E+003  0.639782459272948E+002
  0.503947945951309E-025  0.203383384803155E+003  0.793862123365119E+002
  0.617896841158802E-025  0.202969032145093E+003  0.639940598127882E+002
  0.756935062619037E-025  0.202556464670133E+003  0.640077382014496E+002
  0.784049558036479E-025  0.202479419564121E+003  0.640102952805220E+002
  0.110414643569192E-024  0.201788052726071E+003  0.640332795631478E+002
  0.139724668350640E-024  0.201310535014897E+003  0.793173641219512E+002
  0.239999525913704E-024  0.200221953201883E+003  0.792809578117559E+002
  0.299292136689864E-024  0.199773731233304E+003  0.792659167636134E+002
  0.951260168728125E-024  0.197454340739519E+003  0.791876030401095E+002
  0.240682956822459E-023  0.195591129100176E+003  0.642424639156059E+002
  0.242619496385441E-023  0.195568445875901E+003  0.642432404177746E+002
  0.269737436888375E-023  0.195349880951155E+003  0.642507265857065E+002
  0.347231476439285E-023  0.194838140157496E+003  0.790982750012630E+002
  0.376479723686232E-023  0.194669739468481E+003  0.642740708168068E+002
  0.111073828270395E-022  0.192499251884842E+003  0.790174945147266E+002
  0.116880625468824E-022  0.192390680266592E+003  0.790137230494130E+002
  0.132067444770027E-022  0.192139705449363E+003  0.643615615499192E+002
  0.144049937595291E-022  0.191959355287200E+003  0.643678381650524E+002
  0.146419114007876E-022  0.191920073457308E+003  0.643692059806372E+002
  0.213307390301668E-022  0.191160895638799E+003  0.789708676127558E+002
  0.258622850604929E-022  0.190768966952922E+003  0.644094023643845E+002
  0.396405667254219E-022  0.189908176824767E+003  0.644396067294982E+002
  0.435243055576029E-022  0.189714588195908E+003  0.789201420741151E+002
  0.581915910765183E-022  0.189127089954574E+003  0.788994352363609E+002
  0.603103981178809E-022  0.189048907039278E+003  0.644698838846945E+002
  0.862025053477925E-022  0.188327862033145E+003  0.644953889743893E+002
  0.879529611635437E-022  0.188281000657508E+003  0.788695093149446E+002
  0.108818625228183E-021  0.187848584340928E+003  0.788541666572070E+002
  0.138495250373966E-021  0.187359621712381E+003  0.645297809962959E+002
  0.156066566631614E-021  0.187114072944793E+003  0.645385292359383E+002
  0.176494054852885E-021  0.186861408230926E+003  0.788190168278246E+002
  0.278150909661245E-021  0.185944999421418E+003  0.787862310858663E+002
  0.367783142531912E-021  0.185379684499314E+003  0.646006285142488E+002
  0.520316459012082E-021  0.184679141471892E+003  0.646258661804328E+002
  0.738683443941574E-021  0.183971621350973E+003  0.787151118821995E+002
  0.139685684567747E-020  0.182690744951836E+003  0.786685624551999E+002
  0.141677397075149E-020  0.182655773705436E+003  0.646992718371078E+002
  0.229010178584600E-020  0.181688690467078E+003  0.647346304876577E+002
  0.255715782672114E-020  0.181461434580386E+003  0.647429655928398E+002
  0.330972833224835E-020  0.180938839613457E+003  0.786043880359417E+002
  0.574664504018378E-020  0.179828683829111E+003  0.785634118480286E+002
  0.574341910660152E-020  0.179823151283097E+003  0.648033519922806E+002
  0.576448472843366E-020  0.179809173554356E+003  0.648038694857163E+002
  0.127471391918107E-019  0.178215335776427E+003  0.785034238326737E+002
  0.202949990188769E-019  0.177278544930977E+003  0.784683483991135E+002
  0.217394867411138E-019  0.177134377809787E+003  0.649036246567858E+002
  0.257198327931008E-019  0.176791457977897E+003  0.784500389884252E+002
  0.368915897243965E-019  0.176063359985675E+003  0.649439817068292E+002
  0.492340447516501E-019  0.175479500912738E+003  0.649660842324624E+002
  0.577291164187560E-019  0.175154492706852E+003  0.783881397346557E+002
  0.662593637685232E-019  0.174872206864198E+003  0.783774076806664E+002
  0.905619584852097E-019  0.174240636392368E+003  0.650132251700670E+002
  0.992010342443758E-019  0.174051752413216E+003  0.650204418346993E+002
  0.132626080286647E-018  0.173464326228558E+003  0.783236233493534E+002
  0.197105321155146E-018  0.172665261710959E+003  0.650736564927415E+002
  0.341151012016055E-018  0.171561432093351E+003  0.651163306910088E+002
  0.347340688744214E-018  0.171518814752193E+003  0.782485751767946E+002
  0.725776396236434E-018  0.170038287446023E+003  0.781908838877058E+002
  0.736816228902797E-018  0.170001438790484E+003  0.651771175291421E+002
  0.248145804887631E-017  0.167566257053424E+003  0.652731591788162E+002
  0.344587695565588E-017  0.166902937231858E+003  0.780669886395894E+002
  0.382094140396458E-017  0.166689644847587E+003  0.780584727936635E+002
  0.491418816859229E-017  0.166179729802147E+003  0.780380678306295E+002
  0.517097225970074E-017  0.166071205895769E+003  0.653328423881519E+002
  0.537577160769362E-017  0.165986867535940E+003  0.653362259413547E+002
  0.548133553068396E-017  0.165941318630523E+003  0.780285049623869E+002
  0.662185744063839E-017  0.165556608791330E+003  0.653535155526142E+002
  0.102555339918279E-016  0.164675070109582E+003  0.653890878304838E+002
  0.105287660700826E-016  0.164615827178558E+003  0.779750733790422E+002
  0.145215887231560E-016  0.163966121033062E+003  0.654178422094946E+002
  0.151186148921340E-016  0.163878884774305E+003  0.779451694590007E+002
  0.177214570470154E-016  0.163554530376052E+003  0.779319623318205E+002
  0.287253863729247E-016  0.162581864582921E+003  0.654743703259855E+002
  0.319172713383054E-016  0.162364476982456E+003  0.778832645331438E+002
  0.426503878543581E-016  0.161778043235777E+003  0.778591260304778E+002
  0.445302191329686E-016  0.161685124310482E+003  0.655112663387824E+002
  0.557797762836462E-016  0.161227982067977E+003  0.655301604091107E+002
  0.565344670719356E-016  0.161194448253138E+003  0.778350103470006E+002
  0.636635281251620E-016  0.160950269967206E+003  0.655416668631780E+002
  0.637753156883766E-016  0.160940105642323E+003  0.655420884109392E+002
  0.729697304043177E-016  0.160664093083914E+003  0.655535466357602E+002
  0.737291814953348E-016  0.160636729568928E+003  0.778118752652093E+002
  0.822233693928853E-016  0.160411992208184E+003  0.655640309526717E+002
  0.115170614519110E-015  0.159731386482833E+003  0.777741330560078E+002
  0.122084382737662E-015  0.159608135234635E+003  0.777689768198348E+002
  0.169012481158018E-015  0.158950959458905E+003  0.777414096793347E+002
  0.176452462482534E-015  0.158858145997684E+003  0.777375062342681E+002
  0.230918991235268E-015  0.158313459505491E+003  0.656520115208353E+002
  0.235593370341923E-015  0.158266723224921E+003  0.656539855445460E+002
  0.246926579748966E-015  0.158166100179645E+003  0.777083212154127E+002
  0.656518058975613E-015  0.156203726285734E+003  0.776247842511518E+002
  0.113067202666533E-014  0.155109836210602E+003  0.775777041835762E+002
  0.128556652051812E-014  0.154846405983667E+003  0.658002489344379E+002
  0.148806231680473E-014  0.154547199759648E+003  0.658132172694001E+002
  0.151023525903886E-014  0.154510962930918E+003  0.658147898083792E+002
  0.165790548642862E-014  0.154317728128448E+003  0.658231825804632E+002
  0.220731150988081E-014  0.153738632122080E+003  0.658484067706387E+002
  0.294055495604510E-014  0.153158330420926E+003  0.774927656808145E+002
  0.296716556784793E-014  0.153133657203198E+003  0.658748751834726E+002
  0.307703296340633E-014  0.153054284290506E+003  0.658783568039142E+002
  0.328425944177867E-014  0.152917277948106E+003  0.658843713803074E+002
  0.342623737592566E-014  0.152825979380156E+003  0.774781761690890E+002
  0.345280643274155E-014  0.152803874449932E+003  0.774772045061662E+002
  0.358349640418952E-014  0.152722915641976E+003  0.658929146007073E+002
  0.403960026514052E-014  0.152476646522212E+003  0.774628014916707E+002
  0.409668528919405E-014  0.152441926066288E+003  0.659052878654319E+002
  0.423926553870968E-014  0.152366846782979E+003  0.659085984402727E+002
  0.845254915906947E-014  0.150980035124260E+003  0.659700940148359E+002
  0.100867648795018E-013  0.150619867373998E+003  0.659861735632541E+002
  0.103594111878853E-013  0.150559869306756E+003  0.659888565653157E+002
  0.168938572952163E-013  0.149575104362310E+003  0.660330754843843E+002
  0.359205782750798E-013  0.148059728261973E+003  0.772647543002640E+002
  0.381361395332493E-013  0.147933368612883E+003  0.772589850454530E+002
  0.409827540247396E-013  0.147782735096814E+003  0.772520996992100E+002
  0.449731831966864E-013  0.147590249439626E+003  0.772432889133977E+002
  0.474796681867054E-013  0.147475123463321E+003  0.772380124893969E+002
  0.627934992901566E-013  0.146909367938342E+003  0.772120097513185E+002
  0.675248020005344E-013  0.146757425530544E+003  0.661615535669844E+002
  0.707565900745435E-013  0.146657268528997E+003  0.772003835170911E+002
  0.888406896189058E-013  0.146195414782087E+003  0.661875389213415E+002
  0.929223094767564E-013  0.146098921200744E+003  0.771745462152892E+002
  0.126373403803734E-012  0.145477311051417E+003  0.662209213350140E+002
  0.171668769444692E-012  0.144858003842261E+003  0.662498757163932E+002
  0.183438966192683E-012  0.144718717978574E+003  0.662564090074926E+002
  0.195958443957403E-012  0.144580021171865E+003  0.771036365278478E+002
  0.240462327613428E-012  0.144164043953258E+003  0.662825047447917E+002
  0.377884215400547E-012  0.143253339563279E+003  0.663256262959837E+002
  0.513377502002608E-012  0.142633836771759E+003  0.663551589893113E+002
  0.536216690016982E-012  0.142540127379786E+003  0.770069184892802E+002
  0.599868743952064E-012  0.142309126760780E+003  0.663707040135606E+002
  0.754689082240646E-012  0.141843281217345E+003  0.663930854721327E+002
  0.803519308722075E-012  0.141711234911505E+003  0.663994468561793E+002
  0.902125618345021E-012  0.141473074208986E+003  0.769556192713235E+002
  0.160382095397186E-011  0.140315637867468E+003  0.768994044342726E+002
  0.163528867708437E-011  0.140270121344954E+003  0.768971813833444E+002
  0.175506071102537E-011  0.140122097565120E+003  0.768899452614241E+002
  0.178662667521481E-011  0.140079790278150E+003  0.664786837942816E+002
  0.183977046461133E-011  0.140014511671051E+003  0.664818793985568E+002
  0.257312558468333E-011  0.139336895042019E+003  0.768513913314727E+002
  0.291741170847724E-011  0.139079088499396E+003  0.768386699979921E+002
  0.299196374115364E-011  0.139021966680305E+003  0.665307119209596E+002
  0.351920956636271E-011  0.138690698164235E+003  0.665471134372326E+002
  0.436020241133152E-011  0.138255478441014E+003  0.767978173708525E+002
  0.567903671609238E-011  0.137720296570403E+003  0.665954635157924E+002
  0.606209165312255E-011  0.137583094446827E+003  0.666023367105381E+002
  0.759563557620832E-011  0.137125401030160E+003  0.666253325902583E+002
  0.854393730393404E-011  0.136883449193738E+003  0.767290277056286E+002
  0.102968956750499E-010  0.136503552583816E+003  0.666567446728666E+002
  0.126629237076683E-010  0.136083225260449E+003  0.666780887676474E+002
  0.128003586741450E-010  0.136054979957617E+003  0.666795263202356E+002
  0.146451485733376E-010  0.135779052510902E+003  0.766729675109659E+002
  0.156544998053513E-010  0.135639098374834E+003  0.766658182795705E+002
  0.164861696238227E-010  0.135528915951362E+003  0.766601826416842E+002
  0.180609278471224E-010  0.135339802175819E+003  0.766504948980997E+002
  0.241066577419496E-010  0.134755672326195E+003  0.766204516046967E+002
  0.257590303985075E-010  0.134616422338969E+003  0.667532964245152E+002
  0.268026892473722E-010  0.134530332825153E+003  0.667577461849659E+002
  0.273770787470218E-010  0.134481269457599E+003  0.766062750691940E+002
  0.452737825933725E-010  0.133468569891350E+003  0.668129604237055E+002
  0.463887817055369E-010  0.133413255226839E+003  0.668158540848243E+002
  0.506614164741932E-010  0.133230385750301E+003  0.765411262662086E+002
  0.522393143100936E-010  0.133162388661058E+003  0.765375597702950E+002
  0.638654980877893E-010  0.132753845240034E+003  0.668504830580069E+002
  0.688814766668934E-010  0.132595973622637E+003  0.668588105774276E+002
  0.711159018750710E-010  0.132525470705005E+003  0.765040248613522E+002
  0.785049218671644E-010  0.132321114415017E+003  0.764932155816515E+002
  0.961890207874909E-010  0.131908151034107E+003  0.764712976974075E+002
  0.990945595969053E-010  0.131841976814752E+003  0.668987828306559E+002
  0.173896264398800E-009  0.130710552438373E+003  0.764071605262917E+002
  0.178251040387998E-009  0.130654428945899E+003  0.764041334687622E+002
  0.187806188745725E-009  0.130543338117328E+003  0.669684230401044E+002
  0.214866084189293E-009  0.130267473637778E+003  0.669833493021534E+002
  0.236119522881887E-009  0.130072171737833E+003  0.669939452706674E+002
  0.252907267828346E-009  0.129928146634637E+003  0.670017746164580E+002
  0.282955763268855E-009  0.129696955693110E+003  0.670143698350465E+002
  0.289568659661841E-009  0.129644096386188E+003  0.763493046503303E+002
  0.302992045203193E-009  0.129546812573094E+003  0.670225678211872E+002
  0.321143259748403E-009  0.129423795465083E+003  0.670292954589799E+002
  0.323690152851660E-009  0.129401341036405E+003  0.670305245109138E+002
  0.353226384180709E-009  0.129220040603281E+003  0.670404599797689E+002
  0.402888234319556E-009  0.128950284977197E+003  0.763112766499241E+002
  0.591266266047395E-009  0.128176414874161E+003  0.670980704750939E+002
  0.621724173153873E-009  0.128069299109673E+003  0.762625345015138E+002
  0.704657201943410E-009  0.127812213722852E+003  0.671183463326886E+002
  0.746497687387810E-009  0.127690195996962E+003  0.671251594910141E+002
  0.748674229126110E-009  0.127677717559213E+003  0.671258568292022E+002
  0.817287952671808E-009  0.127495686906632E+003  0.762305175323055E+002
  0.100245387156354E-008  0.127080602005037E+003  0.762072076771418E+002
  0.117474165249109E-008  0.126756751649924E+003  0.671776215016100E+002
  0.132143941136472E-008  0.126514749364879E+003  0.761752363440618E+002
  0.141026937306949E-008  0.126377975534208E+003  0.671990847657211E+002
  0.144330230980212E-008  0.126325013898265E+003  0.761644650042943E+002
  0.148344377488929E-008  0.126263493316144E+003  0.761609668994348E+002
  0.172289246171616E-008  0.125957561170997E+003  0.672230283887911E+002
  0.172643134882873E-008  0.125946801727506E+003  0.672236428524185E+002
  0.210633266850256E-008  0.125542362368050E+003  0.761197572212756E+002
  0.217017367249151E-008  0.125475989119330E+003  0.672506140130278E+002
  0.239887209035916E-008  0.125268950605584E+003  0.761040324258762E+002
  0.246798709603521E-008  0.125205486599434E+003  0.672661846208098E+002
  0.298706436927163E-008  0.124817054596670E+003  0.672886399468457E+002
  0.300157954834346E-008  0.124800703861658E+003  0.760769713181888E+002
  0.324701324845814E-008  0.124636854467261E+003  0.672990964045252E+002
  0.467785082931989E-008  0.123899992473832E+003  0.673421162894778E+002
  0.500015814005689E-008  0.123760075373654E+003  0.673503332586715E+002
  0.537319301680370E-008  0.123609514204217E+003  0.760073662532233E+002
  0.574439282208897E-008  0.123469254857866E+003  0.673674624472306E+002
  0.610765094546560E-008  0.123339963235758E+003  0.673750995308763E+002
  0.735643369423274E-008  0.122961241607017E+003  0.759690105929026E+002
  0.831541882553950E-008  0.122709513590109E+003  0.674125350036200E+002
  0.893990568899554E-008  0.122558030892832E+003  0.759449801272406E+002
  0.935652450611646E-008  0.122460277576075E+003  0.759391338107592E+002
  0.934386502082000E-008  0.122456329851191E+003  0.674276614800968E+002
  0.126730707624331E-007  0.121840155572276E+003  0.759018575546550E+002
  0.249315603427918E-007  0.120525284592245E+003  0.758791177429573E+002
  0.265447938970272E-007  0.120388987068346E+003  0.758708357696735E+002
  0.315111674473784E-007  0.120035071131965E+003  0.758492535639508E+002
  0.357364813729653E-007  0.119772511824291E+003  0.758331698707295E+002
  0.406149751606223E-007  0.119505683033337E+003  0.758167605230225E+002
  0.581177440547757E-007  0.118789014677882E+003  0.757723611539088E+002
  0.609980051523643E-007  0.118681315469214E+003  0.757656471872107E+002
  0.944469938282816E-007  0.117763440287858E+003  0.757079724039312E+002
  0.133136178955141E-006  0.117076772805758E+003  0.756642792564108E+002
  0.138674609620197E-006  0.116984417181704E+003  0.756583659602643E+002
  0.143944283842004E-006  0.116898984934620E+003  0.756528881074376E+002
  0.161962659747698E-006  0.116630760203450E+003  0.756356403984660E+002
  0.175069520951667E-006  0.116464401628493E+003  0.756249050888096E+002
  0.179259556261909E-006  0.116406374476368E+003  0.756211536456152E+002
  0.201421373206621E-006  0.116173245861794E+003  0.756060457694625E+002
  0.243620996334773E-006  0.115782034912230E+003  0.755805617859605E+002
  0.255695644031726E-006  0.115685286666799E+003  0.755742337384885E+002
  0.275499716431719E-006  0.115514467329353E+003  0.755630356970482E+002
  0.275566224479979E-006  0.115503202872807E+003  0.755622961207721E+002
  0.291633743649061E-006  0.115379079708625E+003  0.755541373650081E+002
  0.443354074152829E-006  0.114530558005643E+003  0.754978957146783E+002
  0.449200244984336E-006  0.114493576202400E+003  0.754954256198079E+002
  0.453223294808808E-006  0.114464962184500E+003  0.754935133286599E+002
  0.537473717768748E-006  0.114091800042850E+003  0.754684862377971E+002
  0.563055648574825E-006  0.113988136141774E+003  0.754615043248460E+002
  0.116180493620369E-005  0.112528766273603E+003  0.753618074851512E+002
  0.118796183167392E-005  0.112473570947890E+003  0.753579837325767E+002
  0.141269729407125E-005  0.112095216518679E+003  0.753316646801671E+002
  0.165260726025308E-005  0.111770955710472E+003  0.753089564536507E+002
  0.182637927844853E-005  0.111549940340314E+003  0.752933967244093E+002
  0.203296295745532E-005  0.111325123942041E+003  0.752775002919907E+002
  0.309462636720934E-005  0.110474279503104E+003  0.752166909019447E+002
  0.343580464383765E-005  0.110244168964606E+003  0.752000643932781E+002
  0.360366760633229E-005  0.110138323157478E+003  0.751923901115925E+002
  0.391073381061740E-005  0.109964333418829E+003  0.751797384972062E+002
  0.390883093126134E-005  0.109954862924889E+003  0.751790485389587E+002
  0.504864925859539E-005  0.109422264604698E+003  0.751400252712754E+002
  0.519832728417361E-005  0.109353442643437E+003  0.751349505256634E+002
  0.543565007516950E-005  0.109253768560184E+003  0.751275875718390E+002
  0.650463202821800E-005  0.108873972145378E+003  0.750993864597777E+002
  0.659939542284976E-005  0.108834709206254E+003  0.750964577703578E+002
  0.691037869664238E-005  0.108742616409885E+003  0.750895785323490E+002
  0.772380877429005E-005  0.108489041703823E+003  0.750705645652449E+002
  0.891377954872971E-005  0.108171769091678E+003  0.750466229117799E+002
  0.902527380404621E-005  0.108126603351067E+003  0.750432007960793E+002
  0.933534723443702E-005  0.108048918484770E+003  0.750373066053265E+002
  0.100750841190096E-004  0.107876201325337E+003  0.750241647599336E+002
  0.111893805678845E-004  0.107646301237932E+003  0.750065913083757E+002
  0.124055461215366E-004  0.107410018541470E+003  0.749884326097972E+002
  0.143482746494705E-004  0.107099244277488E+003  0.749643961059865E+002
  0.166210993405170E-004  0.106765940871935E+003  0.749384198594842E+002
  0.180109607299904E-004  0.106595593354355E+003  0.749250633254940E+002
  0.185818186647763E-004  0.106523454756044E+003  0.749193904980880E+002
  0.322133303914047E-004  0.105413328891402E+003  0.748308035098175E+002
  0.406122949733631E-004  0.104940215515244E+003  0.747922824997273E+002
  0.517038749285268E-004  0.104447559383246E+003  0.747516563797224E+002
  0.541935683897555E-004  0.104343767987861E+003  0.747430285924219E+002
  0.610110347112908E-004  0.104097050593136E+003  0.747224215982332E+002
  0.607458317090034E-004  0.104096030771228E+003  0.747223361279376E+002
  0.620987359506281E-004  0.104042244056632E+003  0.747178249033425E+002
  0.638931991515168E-004  0.103975537092338E+003  0.747122206918172E+002
  0.663725636393021E-004  0.103879977770637E+003  0.747041744104961E+002
  0.681787735713876E-004  0.103816593510566E+003  0.746988254888590E+002
  0.918785773287416E-004  0.103200600458267E+003  0.746463397120679E+002
  0.943965331633608E-004  0.103136888977743E+003  0.746408580166724E+002
  0.102684196506490E-003  0.102958942650050E+003  0.746254935300904E+002
  0.111302649152208E-003  0.102788114407215E+003  0.746106677770877E+002
  0.121590557673912E-003  0.102592070978007E+003  0.745935605917614E+002
  0.124128726620573E-003  0.102541158975016E+003  0.745891014235344E+002
  0.137058242213639E-003  0.102333392998302E+003  0.745708326856589E+002
  0.148326092401543E-003  0.102165786221972E+003  0.745560104596953E+002
  0.147840170914556E-003  0.102162756703576E+003  0.745557418419421E+002
  0.177855185039261E-003  0.101773942025542E+003  0.745210558472832E+002
  0.182951907216478E-003  0.101707888139566E+003  0.745151209890409E+002
  0.191411638061165E-003  0.101607935650300E+003  0.745061166580909E+002
  0.220172661845710E-003  0.101318417526753E+003  0.744798714923973E+002
  0.220944704195229E-003  0.101301870173566E+003  0.744783640099564E+002
  0.246578520809887E-003  0.101072787570763E+003  0.744574101578044E+002
  0.251970525046542E-003  0.101019977751314E+003  0.744525572328942E+002
  0.291137184173502E-003  0.100702508780313E+003  0.744232024783605E+002
  0.308291366603099E-003  0.100569139212039E+003  0.744107762281193E+002
  0.338612876264545E-003  0.100362735400017E+003  0.743914328649679E+002
  0.440409573421596E-003  0.998276724099942E+002  0.743406333113871E+002
  0.464831656073848E-003  0.997010403502314E+002  0.743284679420954E+002
  0.551900194950668E-003  0.993576565230496E+002  0.742951943961003E+002
  0.693045243222268E-003  0.988649900285615E+002  0.742467012696802E+002
  0.693334898933477E-003  0.988549164188330E+002  0.742457001508404E+002
  0.104054871614462E-002  0.979881378253108E+002  0.741580432542324E+002
  0.137086794061206E-002  0.974187279117394E+002  0.740987284587071E+002
  0.147455288804514E-002  0.972639176434547E+002  0.740823485032705E+002
  0.173037792253197E-002  0.968994023324514E+002  0.740433314201223E+002
  0.173021827839029E-002  0.968907568239382E+002  0.740423981859595E+002
  0.173010599028929E-002  0.968820565881887E+002  0.740414586714628E+002
  0.182995740249067E-002  0.967610065186530E+002  0.740283477571060E+002
  0.184885548482060E-002  0.967053696962822E+002  0.740222970903327E+002
  0.189906223000231E-002  0.966430682647764E+002  0.740155029970200E+002
  0.211541833746848E-002  0.964272834902578E+002  0.739918166881111E+002
  0.235470651861491E-002  0.962042037196097E+002  0.739670713749993E+002
  0.259298605017072E-002  0.960026629152458E+002  0.739444824607137E+002
  0.288076709472067E-002  0.957834171974924E+002  0.739196500654879E+002
  0.338925202402787E-002  0.954583119091890E+002  0.738823115757833E+002
  0.349662674864059E-002  0.953959329842199E+002  0.738750745968761E+002
  0.413150049624483E-002  0.950446278456168E+002  0.738338626993625E+002
  0.447276943044248E-002  0.948683496356925E+002  0.738128828824115E+002
  0.474019604666203E-002  0.947260640350657E+002  0.737957967526192E+002
  0.485878884156814E-002  0.946593265047920E+002  0.737877348952382E+002
  0.506811338570349E-002  0.945749676292368E+002  0.737774999812668E+002
  0.518533313989408E-002  0.945205599155556E+002  0.737708723001757E+002
  0.539734993758199E-002  0.944317351313744E+002  0.737600066470649E+002
  0.571960006746608E-002  0.943070767204575E+002  0.737446609909191E+002
  0.601808201374435E-002  0.941966604742283E+002  0.737309725266844E+002
  0.602315129602780E-002  0.941862996964904E+002  0.737296833869263E+002
  0.602672374165298E-002  0.941764370068940E+002  0.737284554668567E+002
  0.649921542394795E-002  0.940168043457965E+002  0.737084774113614E+002
  0.654774537332478E-002  0.939932489286606E+002  0.737055127363408E+002
  0.695635906559889E-002  0.938548619189074E+002  0.736880068659458E+002
  0.714416766023050E-002  0.937843402382896E+002  0.736790268545574E+002
  0.714517087284579E-002  0.937754572462034E+002  0.736778928550030E+002
  0.725023285382336E-002  0.937376613624051E+002  0.736730606211884E+002
  0.774785445823061E-002  0.935962944489703E+002  0.736548817603599E+002
  0.772535320856364E-002  0.935935091179867E+002  0.736545219009137E+002
  0.866349901539875E-002  0.933471193510251E+002  0.736224245909607E+002
  0.872744382855322E-002  0.933068249690794E+002  0.736171247376345E+002
  0.908336853893152E-002  0.932183872184225E+002  0.736054414351889E+002
  0.936832840143202E-002  0.931481154905343E+002  0.735961071253894E+002
  0.982281453006984E-002  0.930364202125875E+002  0.735811759818619E+002
  0.102460777624637E-001  0.929351679118810E+002  0.735675385913841E+002
  0.102610952978675E-001  0.929322386854987E+002  0.735671425927165E+002
  0.105327724503879E-001  0.928630969604006E+002  0.735577711121244E+002
  0.105156116831080E-001  0.928579370997935E+002  0.735570698643770E+002
  0.110826008945204E-001  0.927529062764899E+002  0.735427382351092E+002
  0.110541660177577E-001  0.927495876431749E+002  0.735422836014481E+002
  0.114626317006208E-001  0.926685610607203E+002  0.735311487214439E+002
  0.116328766995738E-001  0.926306184677545E+002  0.735259114217383E+002
  0.118181737674589E-001  0.925905553778201E+002  0.735203652193745E+002
  0.120021138126927E-001  0.925596668000381E+002  0.735160776480713E+002
  0.120029707788718E-001  0.925510314208314E+002  0.735148771960806E+002
  0.131871758755153E-001  0.923543575416297E+002  0.734873202068656E+002
  0.136755875547541E-001  0.922646733272007E+002  0.734746133648491E+002
  0.138743021152317E-001  0.922273645602448E+002  0.734693006731230E+002
  0.138929782622842E-001  0.922246741779510E+002  0.734689169572038E+002
  0.138949435260140E-001  0.922074420293002E+002  0.734664572629047E+002
  0.144869747762522E-001  0.921155354459199E+002  0.734532809081660E+002
  0.152053997774696E-001  0.920018563909162E+002  0.734368461409873E+002
  0.161171964726863E-001  0.918602264413370E+002  0.734161524135260E+002
  0.167021458039048E-001  0.917805749054094E+002  0.734044051213539E+002
  0.174890088142169E-001  0.916801533357223E+002  0.733894793280042E+002
  0.174846445066865E-001  0.916723017466515E+002  0.733883068284503E+002
  0.175600664496908E-001  0.916553423370854E+002  0.733857714770095E+002
  0.176445366653976E-001  0.916373939427830E+002  0.733830841582063E+002
  0.176915940081021E-001  0.916237163721939E+002  0.733810334315586E+002
  0.183768704892771E-001  0.915393591828182E+002  0.733683302958616E+002
  0.191793478562230E-001  0.914372099549306E+002  0.733528185232971E+002
  0.194423520685299E-001  0.913933729187904E+002  0.733461173192761E+002
  0.194332577473174E-001  0.913860270688895E+002  0.733449917429821E+002
  0.201520970661983E-001  0.912968531680611E+002  0.733312666600268E+002
  0.204788460123066E-001  0.912564375421200E+002  0.733250083558882E+002
  0.204470145359070E-001  0.912513012440746E+002  0.733242112977658E+002
  0.215452675987788E-001  0.911302016296377E+002  0.733053054097783E+002
  0.226186184520391E-001  0.910084270424886E+002  0.732860692873890E+002
  0.245889379522607E-001  0.908251202450538E+002  0.732566698370314E+002
  0.257537503854047E-001  0.907244394487156E+002  0.732402860989274E+002
  0.258527114317191E-001  0.907086553995447E+002  0.732377019098073E+002
  0.257584674753643E-001  0.907078459569114E+002  0.732375692707810E+002
  0.259706556305775E-001  0.906752438084544E+002  0.732322174897735E+002
  0.268930413105669E-001  0.905973623998671E+002  0.732193574547987E+002
  0.274942452135590E-001  0.905370149761754E+002  0.732093181700640E+002
  0.288497900288948E-001  0.904246986386055E+002  0.731904553958785E+002
  0.293096882219706E-001  0.903770677482542E+002  0.731823844410568E+002
  0.292575051736980E-001  0.903726476847318E+002  0.731816332661585E+002
  0.295302916210732E-001  0.903461027557439E+002  0.731771140990270E+002
  0.306255885712614E-001  0.902732641233254E+002  0.731646428000860E+002
  0.309211510639560E-001  0.902460389548141E+002  0.731599543145990E+002
  0.317932149340136E-001  0.901823980120720E+002  0.731489361113542E+002
  0.327661312765579E-001  0.901061129293140E+002  0.731356186720261E+002
  0.330301104521967E-001  0.900820805177425E+002  0.731313978542002E+002
  0.361617368311238E-001  0.898691698538074E+002  0.730934526706554E+002
  0.365001214877091E-001  0.898426522516081E+002  0.730886549275652E+002
  0.365606911343589E-001  0.898314465720128E+002  0.730866225904512E+002
  0.382411179868524E-001  0.897258231125634E+002  0.730673193815639E+002
  0.381864574485000E-001  0.897208253325080E+002  0.730663993373936E+002
  0.389492865340363E-001  0.896734077382993E+002  0.730576395629103E+002
  0.398171802782111E-001  0.896136453238464E+002  0.730465190718284E+002
  0.399558978357077E-001  0.895988619105735E+002  0.730437541749335E+002
  0.398836697946037E-001  0.895946527718490E+002  0.730429659242076E+002
  0.397789331700583E-001  0.895920839871478E+002  0.730424846400302E+002
  0.415327385194862E-001  0.894901698248648E+002  0.730232506648327E+002
  0.412802848845596E-001  0.894867994915792E+002  0.730226098729205E+002
  0.413747115590695E-001  0.894744628117901E+002  0.730202617154336E+002
  0.424065382190657E-001  0.894174304290598E+002  0.730093521571607E+002
  0.452524038476406E-001  0.892566353065848E+002  0.729780993212408E+002
  0.466063913694439E-001  0.891823457748178E+002  0.729634024188190E+002
  0.466943362001992E-001  0.891709271994760E+002  0.729611284635309E+002
  0.468769645079632E-001  0.891554719743882E+002  0.729580441677771E+002
  0.468807395123122E-001  0.891324535291234E+002  0.729534366469406E+002
  0.467800854183507E-001  0.891291620524088E+002  0.729527764371118E+002
  0.503241335391456E-001  0.889379930236409E+002  0.729138238672177E+002
  0.534626474168966E-001  0.888021261129359E+002  0.728853725694787E+002
  0.543781028039774E-001  0.887607483143339E+002  0.728765730790600E+002
  0.556322182232866E-001  0.886856255890937E+002  0.728604292135797E+002
  0.554976105291297E-001  0.886831311944819E+002  0.728598893689014E+002
  0.558695691217776E-001  0.886551193443222E+002  0.728538098596533E+002
  0.566848229056682E-001  0.886188334219216E+002  0.728458873373654E+002
  0.571853087788623E-001  0.885866537677881E+002  0.728388159165897E+002
  0.584005306636606E-001  0.885445978665222E+002  0.728295084462707E+002
  0.592290439496525E-001  0.885018251568794E+002  0.728199641689145E+002
  0.592613033410342E-001  0.884934501609836E+002  0.728180859797959E+002
  0.590624381439287E-001  0.884928869335341E+002  0.728179595579965E+002
  0.595580576592408E-001  0.884688880753127E+002  0.728125596350882E+002
  0.594141482805006E-001  0.884664405152356E+002  0.728120074640403E+002
  0.595066182907820E-001  0.884487846893844E+002  0.728080162682117E+002
  0.593184882676143E-001  0.884406248834652E+002  0.728061669063348E+002
  0.592813879029382E-001  0.884346428809269E+002  0.728048091907888E+002
  0.600137995315193E-001  0.883956441158029E+002  0.727959171607614E+002
  0.600846733073351E-001  0.883788950421279E+002  0.727920763488059E+002
  0.606062070976154E-001  0.883544286538466E+002  0.727864418080280E+002
  0.611586032905865E-001  0.883362821965638E+002  0.727822440705085E+002
  0.620120323295019E-001  0.883013591971134E+002  0.727741200345044E+002
  0.626140213871721E-001  0.882676490442465E+002  0.727662203340077E+002
  0.634483927291936E-001  0.882339924565924E+002  0.727582752742948E+002
  0.638533784564858E-001  0.882140858584662E+002  0.727535483140328E+002
  0.677972853902016E-001  0.880727534228251E+002  0.727193680387042E+002
  0.678874492086697E-001  0.880629652514173E+002  0.727169589895672E+002
  0.683516352039378E-001  0.880351016925380E+002  0.727100703098406E+002
  0.704547493824516E-001  0.879673865610312E+002  0.726931333196334E+002
  0.711610154546812E-001  0.879261984599658E+002  0.726826909210742E+002
  0.707046983878486E-001  0.879249801082120E+002  0.726823803710012E+002
  0.710663997071129E-001  0.879007397205310E+002  0.726761814603512E+002
  0.714803799168929E-001  0.878681804045228E+002  0.726677937592193E+002
  0.712873499425981E-001  0.878666321033047E+002  0.726673931161892E+002
  0.738208540099253E-001  0.877759899392020E+002  0.726436470158154E+002
  0.737612156954701E-001  0.877706978803976E+002  0.726422424546059E+002
  0.739346678460817E-001  0.877590918598241E+002  0.726391548833527E+002
  0.742947019892036E-001  0.877355830872757E+002  0.726328700388819E+002
  0.742183079138378E-001  0.877307559716857E+002  0.726315744014957E+002
  0.740867908233761E-001  0.877205574175167E+002  0.726288311881964E+002
  0.742166540686563E-001  0.877101937104540E+002  0.726260353749183E+002
  0.739064057752524E-001  0.877048731617386E+002  0.726245968267164E+002
  0.737033370541589E-001  0.877035384058522E+002  0.726242355958093E+002
  0.734923144962703E-001  0.876956209576810E+002  0.726220900041746E+002
  0.744960379488651E-001  0.876481170550632E+002  0.726091122572493E+002
  0.754920865826113E-001  0.876080396997185E+002  0.725980202111770E+002
  0.761624300048193E-001  0.875836134122339E+002  0.725911933848249E+002
  0.766822547508886E-001  0.875632639915257E+002  0.725854665451351E+002
  0.770538454318408E-001  0.875468503298472E+002  0.725808207044717E+002
  0.774359491961697E-001  0.875234889377238E+002  0.725741665486873E+002
  0.780296581037312E-001  0.875014905346136E+002  0.725678548618708E+002
  0.800475388747997E-001  0.874303264477030E+002  0.725471209293869E+002
  0.801482811764834E-001  0.874211331659308E+002  0.725444060201911E+002
  0.799393822677096E-001  0.874196749792740E+002  0.725439746096743E+002
  0.797943903808485E-001  0.874166280163401E+002  0.725430724544375E+002
  0.802738023231844E-001  0.873979699854392E+002  0.725375273411778E+002
  0.802105855185845E-001  0.873928678329441E+002  0.725360047176527E+002
  0.800215382612511E-001  0.873842537871645E+002  0.725334278593609E+002
  0.802324813515647E-001  0.873723329858595E+002  0.725298488599959E+002
  0.801546006696561E-001  0.873676197238970E+002  0.725284296096839E+002
  0.805458557611518E-001  0.873512253819615E+002  0.725234742981502E+002
  0.804935414750770E-001  0.873458692176660E+002  0.708447100095569E+002
  0.807675209062728E-001  0.873324177081778E+002  0.708488057234027E+002
  0.806368755270044E-001  0.873289998442056E+002  0.708498496009704E+002
  0.809792077364772E-001  0.873138715250566E+002  0.708544858526566E+002
  0.823588499186558E-001  0.872734289631188E+002  0.708670092350106E+002
  0.821895796634719E-001  0.872708881670204E+002  0.708678024349265E+002
  0.829810689730362E-001  0.872450646444810E+002  0.724906506470360E+002
  0.827230502221401E-001  0.872446374902558E+002  0.724905158800545E+002
  0.835048683389431E-001  0.872191686111133E+002  0.724824393853156E+002
  0.835950981053575E-001  0.872103531316268E+002  0.708869342151584E+002
  0.833697093306437E-001  0.872090972261414E+002  0.708873360067827E+002
  0.834327486787687E-001  0.872009299331940E+002  0.724766051542632E+002
  0.837386617585708E-001  0.871869545985011E+002  0.724721054924128E+002
  0.845376879034009E-001  0.871613056861797E+002  0.724637797786503E+002
  0.850431890909670E-001  0.871427265284359E+002  0.724576930285721E+002
  0.847727690064351E-001  0.871424406750099E+002  0.724575990058961E+002
  0.847285431110029E-001  0.871368287657173E+002  0.724557508235304E+002
  0.846346308778882E-001  0.871323911940997E+002  0.724542862516943E+002
  0.844927853307512E-001  0.871290903764614E+002  0.709133639750390E+002
  0.845703834445009E-001  0.871205988406445E+002  0.709161782945852E+002
  0.850474630129689E-001  0.871026925380495E+002  0.724444119969640E+002
  0.850297968283292E-001  0.870964524439726E+002  0.709242380703949E+002
  0.848961550940664E-001  0.870929427461037E+002  0.724411423212539E+002
  0.852130666046529E-001  0.870788352036071E+002  0.709301729147260E+002
  0.858065920184641E-001  0.870582975281936E+002  0.709371511780934E+002
  0.857008828214016E-001  0.870541073614964E+002  0.709385829387484E+002
  0.857201431918963E-001  0.870470023528828E+002  0.709410169991583E+002
  0.859120639687296E-001  0.870358739325469E+002  0.709448455395959E+002
  0.859760643060332E-001  0.870277290036578E+002  0.709476602900869E+002
  0.861513357894884E-001  0.870170003579655E+002  0.724151745711320E+002
  0.861679884059868E-001  0.870099582252764E+002  0.724127197486555E+002
  0.860331608326775E-001  0.870064345080655E+002  0.709550707142003E+002
  0.860118210460731E-001  0.870002750722368E+002  0.709572282828891E+002
  0.858460735673915E-001  0.869974772730500E+002  0.709582104352912E+002
  0.856463493945226E-001  0.869954801905339E+002  0.724076467062655E+002
  0.853780074463714E-001  0.869951007261794E+002  0.709590457555331E+002
  0.852587975667629E-001  0.869912396169523E+002  0.709604049350028E+002
  0.850429207834719E-001  0.869896544940943E+002  0.709609636670951E+002
  0.849134137094594E-001  0.869860469226687E+002  0.709622368960275E+002
  0.857719870766338E-001  0.869592705681311E+002  0.709717583494337E+002
  0.856729135725269E-001  0.869549264831202E+002  0.709733151092915E+002
  0.853884369297065E-001  0.869549229468766E+002  0.723932426432584E+002
  0.854541058752673E-001  0.869467298351674E+002  0.709762618212344E+002
  0.853451480588560E-001  0.869426259717766E+002  0.723888172291018E+002
  0.851348969329364E-001  0.869409035491940E+002  0.709783638728218E+002
  0.849584333475909E-001  0.869383977766082E+002  0.709792698545724E+002
  0.847748772312273E-001  0.869360679516277E+002  0.709801132683117E+002
  0.848541649511468E-001  0.869275426980734E+002  0.709832081342949E+002
  0.846301382824752E-001  0.869261743756428E+002  0.723828528788232E+002
  0.843905849565866E-001  0.869251880052845E+002  0.723824936641857E+002
  0.843300709451623E-001  0.869199670808310E+002  0.723805892351018E+002
  0.846070720740333E-001  0.869067528156303E+002  0.723757456826710E+002
  0.844746398528452E-001  0.869032302117263E+002  0.709921102427288E+002
  0.842229561878916E-001  0.869025423242075E+002  0.723741952373303E+002
  0.840540391817637E-001  0.868999019586388E+002  0.709933378332844E+002
  0.842003737631213E-001  0.868897674891764E+002  0.723694696724834E+002
  0.840560352484713E-001  0.868865433039888E+002  0.709982871657272E+002
  0.838827414662950E-001  0.868840152718796E+002  0.723673311992540E+002
  0.839582373382203E-001  0.868755604677489E+002  0.723641758080480E+002
  0.837931127105166E-001  0.868728422551254E+002  0.710034007797813E+002
  0.841253080462134E-001  0.868582734092585E+002  0.710088808140057E+002
  0.848500203219455E-001  0.868344622661559E+002  0.710179344759330E+002
  0.850773006953827E-001  0.868224566220112E+002  0.723440126215986E+002
  0.849867960483107E-001  0.868179297605231E+002  0.723422652650043E+002
  0.849141540136815E-001  0.868129844012407E+002  0.710262079628053E+002
  0.848110530692620E-001  0.868087586535799E+002  0.710278480578513E+002
  0.849157470275930E-001  0.867996357206477E+002  0.710314029162794E+002
  0.846531649498358E-001  0.867991742543380E+002  0.723349757738947E+002
  0.845626020879440E-001  0.867946594408702E+002  0.710333501779118E+002
  0.845002931855068E-001  0.867894780790261E+002  0.710353839092038E+002
  0.843038278699419E-001  0.867874779634833E+002  0.723303883387329E+002
  0.840457291323156E-001  0.867869548363780E+002  0.710363766196536E+002
  0.838851406725706E-001  0.867841243661057E+002  0.710374920176031E+002
  0.836216456427654E-001  0.867837609548034E+002  0.723289236552229E+002
  0.835076962948151E-001  0.867798325885061E+002  0.723273720662647E+002
  0.833152776695948E-001  0.867777907304234E+002  0.723265641143472E+002
  0.830989221884625E-001  0.867763355622994E+002  0.710405713286595E+002
  0.832623631227217E-001  0.867657501979329E+002  0.723217789529098E+002
  0.830623517398774E-001  0.867639047622753E+002  0.710455166564444E+002
  0.830254475242495E-001  0.867581379702224E+002  0.710478239196039E+002
  0.829376783528664E-001  0.867535977799251E+002  0.723169126843400E+002
  0.827695333645891E-001  0.867510010465273E+002  0.723158680040886E+002
  0.825528355235557E-001  0.867495885067506E+002  0.723152990063674E+002
  0.824332752283996E-001  0.867458316024730E+002  0.723137831552617E+002
  0.822232458846480E-001  0.867442782667962E+002  0.723131553430539E+002
  0.820076421392762E-001  0.867428739245924E+002  0.710539718106988E+002
  0.817577645141927E-001  0.867423216558232E+002  0.723123636472819E+002
  0.817151609992973E-001  0.867367085361120E+002  0.710564721375315E+002
  0.815727368754346E-001  0.867335418650702E+002  0.723087987791818E+002
  0.817364945778985E-001  0.867228752989560E+002  0.723044402959400E+002
  0.817584186261825E-001  0.867156833339258E+002  0.723014842313148E+002
  0.820574800854308E-001  0.867017253662716E+002  0.710708525547007E+002
  0.818034907309884E-001  0.867012699094369E+002  0.722955170159490E+002
  0.817252037420183E-001  0.866965292713405E+002  0.722935416214830E+002
  0.819070725490910E-001  0.866854278963259E+002  0.710776684846734E+002
  0.816782106480110E-001  0.866843684687020E+002  0.722884448052223E+002
  0.814320260138964E-001  0.866837501508269E+002  0.710783745116598E+002
  0.816099320523142E-001  0.866727299000712E+002  0.722835263380246E+002
  0.813630381447550E-001  0.866721340755899E+002  0.722832734572988E+002
  0.813331287154447E-001  0.866662138398253E+002  0.722807549666719E+002
  0.815781223594637E-001  0.866535428659310E+002  0.710912303360165E+002
  0.813702384562406E-001  0.866519903506668E+002  0.710918986169050E+002
  0.811535532306854E-001  0.866506677830009E+002  0.722740905081925E+002
  0.811178339295398E-001  0.866448926858717E+002  0.722715955431806E+002
  0.808488024554957E-001  0.866448812325873E+002  0.710949684365949E+002
  0.806021481243686E-001  0.866443365987206E+002  0.710952042782125E+002
  0.804261521930902E-001  0.866420528215291E+002  0.722703647723578E+002
  0.802267262130937E-001  0.866403626321767E+002  0.722696310336591E+002
  0.799856454300190E-001  0.866397260869151E+002  0.722693544608789E+002
  0.799565405768178E-001  0.866337983910797E+002  0.710997863815419E+002
  0.800893672072352E-001  0.866238230968760E+002  0.711041571254540E+002
  0.798334615890164E-001  0.866235682498084E+002  0.722622898005272E+002
  0.800174425064659E-001  0.866123088545936E+002  0.722573154762254E+002
  0.798852387458628E-001  0.866089603806979E+002  0.711107312153115E+002
  0.799242329155748E-001  0.866013287840079E+002  0.722524226859279E+002
  0.804440872850621E-001  0.865817066480900E+002  0.711229864792430E+002
  0.806173784223624E-001  0.865707473394267E+002  0.711279908276004E+002
  0.803709133107845E-001  0.865702155661712E+002  0.722383242222368E+002
  0.802864746028401E-001  0.865656623160888E+002  0.722362308374751E+002
  0.801436415283098E-001  0.865625679902543E+002  0.711317553537808E+002
  0.799483818400731E-001  0.865607910987369E+002  0.722339824548437E+002
  0.796831744675205E-001  0.865607810120290E+002  0.711325812315494E+002
  0.796015277657206E-001  0.865561757658131E+002  0.722318436775664E+002
  0.795864160418370E-001  0.865498999059399E+002  0.722289219503408E+002
  0.795882599198382E-001  0.865431979897908E+002  0.711407745222935E+002
  0.794085710163834E-001  0.865410629771891E+002  0.722247811909624E+002
  0.792018874847484E-001  0.865396197556483E+002  0.711424570986796E+002
  0.791229702857721E-001  0.865349579800145E+002  0.711446570682267E+002
  0.264031089582168E+000  0.842560327813396E+002  0.711456897198654E+002
  0.262315865935738E+000  0.842467211541277E+002  0.711501197168262E+002
  0.264001556815942E+000  0.842339098993884E+002  0.711562755162807E+002
  0.265347702772053E+000  0.842237377959345E+002  0.711612148985634E+002
  0.261154116482832E+000  0.842101419622237E+002  0.711678906936212E+002
  0.262002108095978E+000  0.842036582977582E+002  0.711711049289273E+002
  0.259408544450640E+000  0.842006975846535E+002  0.711725794115526E+002
  0.255697875583359E+000  0.841840563557012E+002  0.711809475327304E+002
  0.251049609961254E+000  0.841758026543453E+002  0.711851500952058E+002
  0.251195428989777E+000  0.841746413165814E+002  0.711857442658866E+002
  0.251895820000454E+000  0.841690726133724E+002  0.711886032753092E+002
  0.252377139466068E+000  0.841652546841914E+002  0.711905730116688E+002
  0.252536048280267E+000  0.841639957840613E+002  0.711912242288581E+002
  0.252711192775559E+000  0.841626091797371E+002  0.711919425051210E+002
  0.252872462295373E+000  0.841613332719923E+002  0.711926043682307E+002
  0.253555220383262E+000  0.841559405296530E+002  0.711954117116590E+002
  0.253861251197390E+000  0.841535280667679E+002  0.711966728302641E+002
  0.254737553202716E+000  0.841466361679677E+002  0.712002937209997E+002
  0.255464682566581E+000  0.841409354492707E+002  0.712033094269078E+002
  0.252430617169101E+000  0.841396733726975E+002  0.712039796364762E+002
  0.253695335965918E+000  0.841296780628634E+002  0.712093209907568E+002
  0.251229392030201E+000  0.841237353075983E+002  0.712125254437548E+002
  0.252225187151473E+000  0.841158235994838E+002  0.712168257572275E+002
  0.249909710851232E+000  0.841084619743356E+002  0.712208629956661E+002
  0.250138876797105E+000  0.841066288247771E+002  0.712218738190103E+002
  0.250209851087231E+000  0.841060614261878E+002  0.712221871393228E+002
  0.250364641235716E+000  0.841048245261396E+002  0.712228709007012E+002
  0.250554510009817E+000  0.841033083630404E+002  0.712237104271585E+002
  0.243163224630143E+000  0.840826477198411E+002  0.712353073624687E+002
  0.240287231682371E+000  0.840799531017768E+002  0.712368420732143E+002
  0.240406633797208E+000  0.840789595204073E+002  0.712374092971969E+002
  0.242433180832702E+000  0.840621708557272E+002  0.712471052712368E+002
  0.236946556933727E+000  0.840538965347794E+002  0.712519641250763E+002
  0.238213511422845E+000  0.840432310131920E+002  0.712583090883859E+002
  0.239277105521386E+000  0.840343211345905E+002  0.712636831613448E+002
  0.236152615087724E+000  0.840330225853429E+002  0.712644721504310E+002
  0.236260935410911E+000  0.840321054200756E+002  0.712650303102347E+002
  0.236699021580111E+000  0.840284003597380E+002  0.712672927244810E+002
  0.236920709076814E+000  0.840265280769884E+002  0.712684406859793E+002
  0.238080352523270E+000  0.840167626609158E+002  0.712744804532001E+002
  0.235610341957291E+000  0.840084228326110E+002  0.712797100691594E+002
  0.237804266352089E+000  0.839898856767032E+002  0.712915840695652E+002
  0.237813278037003E+000  0.839898098873634E+002  0.712916333554659E+002
  0.237872775460163E+000  0.839893095790359E+002  0.712919588623251E+002
  0.234407859065245E+000  0.839881214113319E+002  0.712927329863149E+002
  0.231223008326913E+000  0.839849463405593E+002  0.712948092013413E+002
  0.228269976956817E+000  0.839801186181420E+002  0.712979875424135E+002
  0.230419100174400E+000  0.839613770430646E+002  0.713105828612307E+002
  0.231119152870079E+000  0.839553099123085E+002  0.713147525136239E+002
  0.227937739926052E+000  0.839515349376965E+002  0.713173708536529E+002
  0.228144818373334E+000  0.839497187887757E+002  0.713186372414685E+002
  0.228630129774840E+000  0.839454688920938E+002  0.713216179933443E+002
  0.228707898140386E+000  0.839447887092833E+002  0.713220973370396E+002
  0.229228850258593E+000  0.839402382787292E+002  0.713253206627347E+002
  0.229816798281459E+000  0.839351150553963E+002  0.713289848227936E+002
  0.229936870614736E+000  0.839340703887052E+002  0.713297366359202E+002
  0.226870091211424E+000  0.839261413580982E+002  0.713354958815940E+002
  0.226889905057858E+000  0.839259666944292E+002  0.713356238224053E+002
  0.227196806173578E+000  0.839232632357738E+002  0.713376101395757E+002
  0.228259169023843E+000  0.839139331153250E+002  0.713445547313818E+002
  0.224651622083935E+000  0.839090965052968E+002  0.713482113560258E+002
  0.225439302529873E+000  0.839020963086076E+002  0.713535755342713E+002
  0.225565652923345E+000  0.839009756965589E+002  0.713544423726986E+002
  0.225636193086983E+000  0.839003503430517E+002  0.713549271035994E+002
  0.225798568836244E+000  0.838989115902577E+002  0.713560450518427E+002
  0.225914912874716E+000  0.838978813439112E+002  0.713568479323693E+002
  0.226173219352168E+000  0.838955958912559E+002  0.713586360948383E+002
  0.226960736341174E+000  0.838886441475431E+002  0.713641367940476E+002
  0.222265041233852E+000  0.838883503004755E+002  0.713643713961202E+002
  0.222291672080795E+000  0.838881106833812E+002  0.713645628298065E+002
  0.222529241740088E+000  0.838859743658251E+002  0.713662746756842E+002
  0.222733349560940E+000  0.838841407706465E+002  0.713677513544787E+002
  0.223118964352359E+000  0.838806811955761E+002  0.713705564988404E+002
  0.223323309679352E+000  0.838788503175151E+002  0.713720512693515E+002
  0.223918766857754E+000  0.838735247226171E+002  0.713764405992819E+002
  0.224096666468141E+000  0.838719363878723E+002  0.713777619054257E+002
  0.224180847115621E+000  0.838711852402379E+002  0.713783887654855E+002
  0.213721949785951E+000  0.838667188174516E+002  0.713821431047093E+002
  0.208877669215799E+000  0.838631878008502E+002  0.713851446303126E+002
  0.208925573095399E+000  0.838627291746362E+002  0.713855367038338E+002
  0.208934728524041E+000  0.838626415335886E+002  0.713856116857849E+002
  0.208964005368536E+000  0.838623613045076E+002  0.713858515647137E+002
  0.209971275689996E+000  0.838527438546723E+002  0.713942048193907E+002
  0.210525272152837E+000  0.838474739252403E+002  0.713988860632778E+002
  0.210796324311717E+000  0.838449005732114E+002  0.714012001835188E+002
  0.211139123654283E+000  0.838416507925196E+002  0.714041500021629E+002
  0.211483441145837E+000  0.838383919266056E+002  0.714071397088524E+002
  0.211730289508570E+000  0.838360588417093E+002  0.714093001354717E+002
  0.212307462428625E+000  0.838306142955682E+002  0.714144092767901E+002
  0.212573166186459E+000  0.838281128514017E+002  0.714167894602111E+002
  0.212575397423754E+000  0.838280918588595E+002  0.714168095250720E+002
  0.205685050084051E+000  0.838238104613801E+002  0.714209337939294E+002
  0.205724024353665E+000  0.838234315269117E+002  0.714213019489553E+002
  0.205961610634771E+000  0.838211231023539E+002  0.714235559790024E+002
  0.206169085359821E+000  0.838191094232507E+002  0.714255383058641E+002
  0.206444323246134E+000  0.838164411829909E+002  0.714281887313047E+002
  0.206609264597128E+000  0.838148438952335E+002  0.714297886142787E+002
  0.206751979445175E+000  0.838134628770004E+002  0.714311800604218E+002
  0.206782632155147E+000  0.838131663822532E+002  0.714314797965738E+002
  0.207251535869102E+000  0.838086362835257E+002  0.714361046181735E+002
  0.207772934510331E+000  0.838036110481215E+002  0.714413383352625E+002
  0.207907010733713E+000  0.838023208609997E+002  0.714427004161614E+002
  0.207990069076090E+000  0.838015220254463E+002  0.714435476448449E+002
  0.208023266057744E+000  0.838012028339308E+002  0.714438870112468E+002
  0.208137568415606E+000  0.838001041975262E+002  0.714450587840212E+002
  0.208577931034782E+000  0.837958772102058E+002  0.714496219547408E+002
  0.208596223498326E+000  0.837957018161805E+002  0.714498132254746E+002
  0.208611733551772E+000  0.837955531128474E+002  0.714499755123004E+002
  0.208613231999736E+000  0.837955387469960E+002  0.714499911963986E+002
  0.208678968766366E+000  0.837949086200293E+002  0.714506801859570E+002
  0.208713365514141E+000  0.837945789853424E+002  0.714510414274236E+002
  0.208722459181501E+000  0.837944918469913E+002  0.714511370149121E+002
  0.209258125261971E+000  0.837893656148775E+002  0.714568312943344E+002
  0.209335046135148E+000  0.837886305730345E+002  0.714576595680995E+002
  0.209422164378020E+000  0.837877984130913E+002  0.714586009635141E+002
  0.209513312281915E+000  0.837869281320060E+002  0.714595897223384E+002
  0.209881386793227E+000  0.837834176002169E+002  0.714636233511347E+002
  0.209975425229471E+000  0.837825216906104E+002  0.714646646783741E+002
  0.210264139156050E+000  0.837797736012207E+002  0.714678902208331E+002
