  0.256239047275485E-001  0.870976220903020E+002  0.658017438368966E+002
  0.256239047275485E-001  0.852707177909232E+002  0.659980492039923E+002
  0.256239047275485E-001  0.794695024112772E+002  0.668156296230282E+002
  0.256239047275485E-001  0.794801431824652E+002  0.668136284100187E+002
  0.256239047275485E-001  0.795225920851623E+002  0.668056774829957E+002
  0.256239047275485E-001  0.815305183834486E+002  0.664752484087000E+002
  0.256239047275485E-001  0.811507564716846E+002  0.665321573134000E+002
  0.256239047275485E-001  0.811221822088397E+002  0.665365267790374E+002
  0.256239047275485E-001  0.810611078984286E+002  0.665459090479622E+002
  0.256239047275485E-001  0.795610078181632E+002  0.667985261039788E+002
  0.256239047275485E-001  0.796196337765980E+002  0.667876915422479E+002
  0.256239047275485E-001  0.806509778366031E+002  0.666105146710077E+002
  0.256239047275485E-001  0.797458120544633E+002  0.667646864726200E+002
  0.256239047275485E-001  0.797562849509693E+002  0.667627957475868E+002
  0.256239047275485E-001  0.804486646212015E+002  0.666434892526712E+002
  0.256239047275485E-001  0.800327611788143E+002  0.667138611950497E+002
  0.256239047275485E-001  0.802155599109259E+002  0.666824797253579E+002
  0.256239047275485E-001  0.800851307976968E+002  0.667047950497664E+002
  0.256239047275485E-001  0.800751862544619E+002  0.667065118702444E+002
  0.256239047275485E-001  0.796319153875238E+002  0.678354804624318E+002
  0.256239047275485E-001  0.796315924958627E+002  0.678358540646909E+002
  0.256239047275485E-001  0.796300062884258E+002  0.678376997226136E+002
  0.256239047275485E-001  0.796276196233479E+002  0.678405099640439E+002
  0.256239047275485E-001  0.796270445159489E+002  0.678411932685369E+002
  0.256239047275485E-001  0.796270011203247E+002  0.678412449267062E+002
  0.256239047275485E-001  0.796212529892146E+002  0.678482145286148E+002
  0.256239047275485E-001  0.796199798886509E+002  0.678497938588833E+002
  0.256239047275485E-001  0.796195807106742E+002  0.678502918529291E+002
  0.256239047275485E-001  0.796193499783783E+002  0.678505803199162E+002
  0.256239047275485E-001  0.796191670622473E+002  0.678508093290736E+002
  0.256239047275485E-001  0.796172154651887E+002  0.678532707887056E+002
  0.256239047275485E-001  0.796141878148034E+002  0.678571572770887E+002
  0.256239047275485E-001  0.796090765542562E+002  0.678639200094122E+002
