  0.140519068813314E-067  0.393318260382729E+003  0.799244058249768E+002
  0.200159713647925E-066  0.387998889785664E+003  0.798213807618550E+002
  0.319993150089970E-066  0.387053866258490E+003  0.798029832930176E+002
  0.725990617069676E-066  0.385408735676307E+003  0.797708875280681E+002
  0.111126567922663E-065  0.384550644484773E+003  0.797541116724848E+002
  0.160033434655775E-064  0.379209392805145E+003  0.796491443475009E+002
  0.152001720122276E-062  0.370095378698235E+003  0.794678091672139E+002
  0.838281620655718E-062  0.366673798579081E+003  0.793989854149503E+002
  0.145491648959348E-061  0.365564443647637E+003  0.793765815261069E+002
  0.341055675074289E-061  0.363853933978506E+003  0.793419500811003E+002
  0.666605563458455E-061  0.362506972842536E+003  0.793146043153574E+002
  0.203059917284771E-059  0.355667371725038E+003  0.791747122504467E+002
  0.205034735820206E-059  0.355641359518292E+003  0.791741768631556E+002
  0.139219082055031E-058  0.351803794923270E+003  0.790949075919266E+002
  0.556089988502502E-057  0.344422206539607E+003  0.789408127424716E+002
  0.149566973954817E-056  0.342436752477722E+003  0.788989922984352E+002
  0.133971399888532E-055  0.338045162582212E+003  0.788059137048205E+002
  0.134128801688159E-055  0.338036158599201E+003  0.788057220415760E+002
  0.219570849540089E-055  0.337043754194083E+003  0.787845762865640E+002
  0.353540941749150E-055  0.336084449934914E+003  0.787640962066677E+002
  0.578644754058697E-055  0.335092415471626E+003  0.787428761797742E+002
  0.174016843522489E-054  0.332883662989537E+003  0.786954783520771E+002
  0.117145312431841E-053  0.329063311114595E+003  0.786129957726563E+002
  0.254624816413555E-053  0.327503903528865E+003  0.785791422641245E+002
  0.615618543478035E-053  0.325731575207519E+003  0.785405339789917E+002
  0.448086464860157E-051  0.317149861872172E+003  0.783515473417465E+002
  0.495300542535290E-051  0.316942849253491E+003  0.783469457287115E+002
  0.289618469922790E-050  0.313404224085567E+003  0.782679668716667E+002
  0.421130368224854E-050  0.312648812479076E+003  0.782510277048767E+002
  0.776035766061211E-050  0.311419644578055E+003  0.782234049537916E+002
  0.774880350564609E-050  0.311415968954550E+003  0.782233222402217E+002
  0.972530504941934E-048  0.301744587379420E+003  0.780033082892600E+002
  0.596179468714511E-047  0.298111481010865E+003  0.779193937214690E+002
  0.230677926826982E-046  0.295398693769210E+003  0.778562684591956E+002
  0.804462333223386E-046  0.292893734861531E+003  0.777976168508475E+002
  0.150093867605976E-044  0.287034565434997E+003  0.776590335401563E+002
  0.380242041384904E-044  0.285168815617709E+003  0.776144833260193E+002
  0.320986648934381E-043  0.280895806793148E+003  0.775116638359220E+002
  0.376973871891705E-042  0.275962428327856E+003  0.773915491403034E+002
  0.123914315845142E-039  0.264365433298136E+003  0.771029299549028E+002
  0.654193569353937E-039  0.261031151798420E+003  0.770182323938130E+002
  0.159939544865233E-038  0.259236540804306E+003  0.769723133855581E+002
  0.215358033098717E-038  0.258634873195943E+003  0.769568655243709E+002
  0.111538735417574E-037  0.255338907389592E+003  0.768717622659360E+002
  0.314831853126053E-037  0.253256918282834E+003  0.768175794937500E+002
  0.665393695601482E-037  0.251753582318177E+003  0.767782471633459E+002
  0.210535615640211E-035  0.244838034475393E+003  0.765949858738705E+002
  0.174447627611245E-034  0.240602269241137E+003  0.764807753318772E+002
  0.579172238447938E-034  0.238195662979404E+003  0.764151918060258E+002
  0.166347647139178E-033  0.236078877314711E+003  0.763570791569881E+002
  0.274953784372769E-033  0.235067175397744E+003  0.763291608668532E+002
  0.973199471348445E-033  0.232532547735593E+003  0.762588007816080E+002
  0.173591709269519E-032  0.231368488017976E+003  0.762262845375473E+002
  0.191759775339594E-032  0.231162757687524E+003  0.762205243429180E+002
  0.213083257059038E-032  0.230945223009353E+003  0.762144292294832E+002
  0.578201075076640E-032  0.228942089986400E+003  0.761580884376870E+002
  0.138861193719998E-031  0.227183157942369E+003  0.761082919716442E+002
  0.193605825902773E-031  0.226511803484179E+003  0.760892043379826E+002
  0.665556018898414E-031  0.224035550817824E+003  0.760184061552636E+002
  0.704616327445582E-031  0.223914833980966E+003  0.760149387031279E+002
  0.849789882007647E-031  0.223533507034772E+003  0.760039756167205E+002
  0.873528777720605E-031  0.223471747548498E+003  0.760021986224748E+002
  0.118356230244994E-030  0.222857605976754E+003  0.600831763041923E+002
  0.152730495629639E-030  0.222340998547378E+003  0.600980892777300E+002
  0.199318241115811E-030  0.221801887272718E+003  0.601136818138744E+002
  0.749255115776724E-030  0.219146878122359E+003  0.758767587279238E+002
  0.834156262160708E-030  0.218925540111229E+003  0.758702849587981E+002
  0.103469519309457E-029  0.218488001704262E+003  0.602102108074851E+002
  0.156190475944084E-029  0.217657747739735E+003  0.602345821330267E+002
  0.161908334900608E-029  0.217579184001422E+003  0.602368922430998E+002
  0.253643078182993E-029  0.216674732953939E+003  0.602635364388101E+002
  0.534212305768871E-029  0.215178346850745E+003  0.603078201980927E+002
  0.796636098878209E-029  0.214372481971323E+003  0.757359084456634E+002
  0.129386879141007E-028  0.213395838218471E+003  0.603609049609019E+002
  0.351186431939056E-028  0.211392162141621E+003  0.756466645447645E+002
  0.436654746771579E-028  0.210949855357234E+003  0.756333306222693E+002
  0.650579431109709E-028  0.210145758639866E+003  0.756090299453444E+002
  0.150272866676701E-027  0.208464754164854E+003  0.755579746268884E+002
  0.149992110445871E-027  0.208461838698689E+003  0.755578857776607E+002
  0.271369188421240E-027  0.207269388084549E+003  0.605462254515333E+002
  0.636113221322305E-027  0.205558939792802E+003  0.605987900142654E+002
  0.830777363544550E-027  0.205018313659394E+003  0.754522010260870E+002
  0.121582377039196E-026  0.204250027516600E+003  0.606392671634600E+002
  0.145337253639543E-026  0.203886442145342E+003  0.754171325789098E+002
  0.194372000180151E-026  0.203298352723644E+003  0.753988460579960E+002
  0.220427652605220E-026  0.203040105772875E+003  0.753908015592779E+002
  0.658208047560275E-026  0.200845547136483E+003  0.753220818323993E+002
  0.863260565683650E-026  0.200296500531163E+003  0.753047875853787E+002
  0.906960852593665E-026  0.200191079526687E+003  0.607662204810920E+002
  0.320909974542875E-025  0.197657131074728E+003  0.608466126527371E+002
  0.598650000296246E-025  0.196403442514544E+003  0.751809611334336E+002
  0.814240986311598E-025  0.195781628427338E+003  0.751609838492656E+002
  0.985250309392647E-025  0.195393694135289E+003  0.751484921057813E+002
  0.134070567101677E-024  0.194770927266321E+003  0.609392901335498E+002
  0.138070447694627E-024  0.194705476158246E+003  0.609414058448329E+002
  0.162104327389382E-024  0.194377868420571E+003  0.609520052858463E+002
  0.225328199328299E-024  0.193712577082620E+003  0.609735791320711E+002
  0.465035938425175E-024  0.192256808129500E+003  0.750466649124937E+002
  0.475586361906241E-024  0.192205284950686E+003  0.750449800615793E+002
  0.514889996371388E-024  0.192039819791064E+003  0.750395664727022E+002
  0.549378541514778E-024  0.191903495338294E+003  0.750351031467617E+002
  0.551307440134361E-024  0.191889829945586E+003  0.750346555785346E+002
  0.831249312634232E-024  0.191061900077520E+003  0.750074856733152E+002
  0.956880191945154E-024  0.190773747642790E+003  0.749980046024625E+002
  0.102729645143899E-023  0.190625076795363E+003  0.749931078387038E+002
  0.156334541593288E-023  0.189778626264123E+003  0.611025203077818E+002
  0.168559470607921E-023  0.189621389843284E+003  0.611077238579908E+002
  0.461019913228932E-023  0.187602429045156E+003  0.611748897054373E+002
  0.879959380229107E-023  0.186302904445394E+003  0.612184718191742E+002
  0.148506358225158E-022  0.185249574627059E+003  0.612540028725292E+002
  0.294842667905789E-022  0.183871290824315E+003  0.747669042352816E+002
  0.324231748614706E-022  0.183674601946786E+003  0.747602025676216E+002
  0.360073434558808E-022  0.183458247442750E+003  0.613148596097274E+002
  0.488172315109270E-022  0.182842870957115E+003  0.747317893446610E+002
  0.794085189612800E-022  0.181863170779055E+003  0.746981658828982E+002
  0.335006221623146E-021  0.178977428299949E+003  0.614695566814481E+002
  0.344792519464826E-021  0.178913185240555E+003  0.745958815883835E+002
  0.390552885567549E-021  0.178657288565901E+003  0.745869336801687E+002
  0.704370121429835E-021  0.177471151849373E+003  0.745452975934173E+002
  0.821582529245356E-021  0.177156639398369E+003  0.615334699720318E+002
  0.126442118316707E-020  0.176287709138878E+003  0.615641936970027E+002
  0.170548549389721E-020  0.175682582833484E+003  0.744820064482459E+002
  0.189650675971138E-020  0.175463599595113E+003  0.744742146667225E+002
  0.384890609298853E-020  0.174041393355355E+003  0.616443037309719E+002
  0.398716301431848E-020  0.173964155819593E+003  0.744206066226767E+002
  0.757199795998139E-020  0.172674746219593E+003  0.743741452477198E+002
  0.145039579392594E-019  0.171368161420255E+003  0.617409676429502E+002
  0.170452040006502E-019  0.171038611239333E+003  0.743146955726460E+002
  0.179511742885671E-019  0.170928382341358E+003  0.617570126210780E+002
  0.211332230593955E-019  0.170595345117210E+003  0.742984921800852E+002
  0.236137494775411E-019  0.170366723951801E+003  0.617775641009081E+002
  0.136969919616862E-018  0.166844203992584E+003  0.619080276029144E+002
  0.203340217751437E-018  0.166047310034718E+003  0.619379294188053E+002
  0.231120328929093E-018  0.165784538547266E+003  0.619478215903783E+002
  0.291946687864673E-018  0.165310617506200E+003  0.741019793660143E+002
  0.455287336022398E-018  0.164415246890851E+003  0.740680510132254E+002
  0.464179728402726E-018  0.164369905119571E+003  0.620013549363243E+002
  0.492169015281883E-018  0.164246148816239E+003  0.620060608067826E+002
  0.662684955990865E-018  0.163644538209543E+003  0.620289897693918E+002
  0.113844466151365E-017  0.162555645469191E+003  0.739969682025143E+002
  0.315551783384611E-017  0.160510010659318E+003  0.621499002361615E+002
  0.568909120876649E-017  0.159324559270290E+003  0.738714025735089E+002
  0.610876562278855E-017  0.159175555272253E+003  0.738655468047310E+002
  0.739298692213706E-017  0.158787285470912E+003  0.622174223978403E+002
  0.197987933602873E-016  0.156810451577082E+003  0.622958832832831E+002
  0.204549580014676E-016  0.156738587389457E+003  0.622987558057677E+002
  0.341390336931768E-016  0.155707499580151E+003  0.737275531975489E+002
  0.445924700914875E-016  0.155166596799928E+003  0.623619546473180E+002
  0.531071645933196E-016  0.154810447554080E+003  0.736913117029242E+002
  0.839750505252814E-016  0.153887376190705E+003  0.736537750365042E+002
  0.197919449495146E-015  0.152166039830479E+003  0.735830987725733E+002
  0.366667945393853E-015  0.150926191189572E+003  0.735316290168645E+002
  0.581117652287918E-015  0.149998542452513E+003  0.734928022323014E+002
  0.602275141524897E-015  0.149920364571066E+003  0.734895174683639E+002
  0.614734901300293E-015  0.149872755523957E+003  0.734875161317470E+002
  0.649580521523365E-015  0.149755828577814E+003  0.734825977660627E+002
  0.716167400060804E-015  0.149553998726542E+003  0.625935851151383E+002
  0.779062579112642E-015  0.149378988273027E+003  0.734667162154234E+002
  0.874329616132381E-015  0.149141600563933E+003  0.734566878741740E+002
  0.952465871780383E-015  0.148963751310775E+003  0.626185201929064E+002
  0.979272369134693E-015  0.148901584652174E+003  0.626211531177474E+002
  0.111386022334962E-014  0.148637374823101E+003  0.626323574312437E+002
  0.113775494846725E-014  0.148588268610169E+003  0.734332402991921E+002
  0.117996788727854E-014  0.148508752536610E+003  0.626378203202224E+002
  0.119706832108346E-014  0.148473320400547E+003  0.734283565560448E+002
  0.154507450125350E-014  0.147956271563986E+003  0.626613486511595E+002
  0.166747421396647E-014  0.147797140174328E+003  0.626681446666002E+002
  0.208473098771178E-014  0.147343825015249E+003  0.733801310051059E+002
  0.307333645465577E-014  0.146560921554528E+003  0.627212358780876E+002
  0.307569872629798E-014  0.146552729296350E+003  0.627215894763184E+002
  0.313518256930079E-014  0.146507763106764E+003  0.733441519855895E+002
  0.331584655194648E-014  0.146389056420689E+003  0.627286589436506E+002
  0.466495208487674E-014  0.145699671636712E+003  0.733091434387099E+002
  0.764758725676691E-014  0.144704390768990E+003  0.628019792834023E+002
  0.152800926307334E-013  0.143313413910563E+003  0.628633012146382E+002
  0.180298963391901E-013  0.142975797446565E+003  0.628782952119391E+002
  0.180732375973129E-013  0.142964339925471E+003  0.628788048208547E+002
  0.240429993795646E-013  0.142386861125710E+003  0.629045555734863E+002
  0.248624047092835E-013  0.142313179658775E+003  0.731598322738780E+002
  0.279942597120682E-013  0.142069238743769E+003  0.629187741501801E+002
  0.322663249792952E-013  0.141778533889185E+003  0.629318224760022E+002
  0.327886099257166E-013  0.141739764147708E+003  0.731341175498938E+002
  0.424535541324116E-013  0.141216449692166E+003  0.629571468109528E+002
  0.431782244645909E-013  0.141175942771081E+003  0.629589767054178E+002
  0.478416109713870E-013  0.140964168234138E+003  0.730991283807696E+002
  0.478154160932448E-013  0.140958608020581E+003  0.629688060614097E+002
  0.584798708131820E-013  0.140549283427496E+003  0.629873704884036E+002
  0.592963581854929E-013  0.140514897278596E+003  0.730787495922332E+002
  0.657780911077591E-013  0.140300763837852E+003  0.730690075430077E+002
  0.740078922037198E-013  0.140058338421827E+003  0.730579555449649E+002
  0.808063416609756E-013  0.139875915422778E+003  0.630180597775513E+002
  0.827954538490829E-013  0.139820624429935E+003  0.630205880554475E+002
  0.916467875352216E-013  0.139610831314652E+003  0.730374898993104E+002
  0.971448789104754E-013  0.139487652656499E+003  0.630358408179157E+002
  0.103553092094855E-012  0.139353235102172E+003  0.730256713153013E+002
  0.110770214823607E-012  0.139211832580766E+003  0.730191718180970E+002
  0.133208131396931E-012  0.138836267232834E+003  0.630658148754584E+002
  0.133349540684536E-012  0.138827489645808E+003  0.630662200186229E+002
  0.188148285335390E-012  0.138132320870571E+003  0.729692705026292E+002
  0.197779708029842E-012  0.138025818446603E+003  0.631033627646231E+002
  0.222022175426953E-012  0.137787915985237E+003  0.729532435974293E+002
  0.225419109599224E-012  0.137750892179755E+003  0.729515175827586E+002
  0.228053072130070E-012  0.137721002608520E+003  0.631175590164981E+002
  0.251684761608742E-012  0.137517149060213E+003  0.631270760497277E+002
  0.261410444813429E-012  0.137434664681690E+003  0.631309321353561E+002
  0.360298612486310E-012  0.136786326283197E+003  0.631613477531454E+002
  0.369182894737165E-012  0.136730952694631E+003  0.631639543096047E+002
  0.472152813132415E-012  0.136232276076680E+003  0.631874912745778E+002
  0.512656769464866E-012  0.136061012764391E+003  0.631956011213090E+002
  0.624998162484398E-012  0.135658072876543E+003  0.728529473369657E+002
  0.683684531954428E-012  0.135471921514493E+003  0.728440819241250E+002
  0.773587052872894E-012  0.135218182719996E+003  0.632357114384403E+002
  0.784241654520929E-012  0.135184169144074E+003  0.728303455465222E+002
  0.877865055778091E-012  0.134951962201597E+003  0.728192319822923E+002
  0.905060155427022E-012  0.134884289571879E+003  0.632516944646000E+002
  0.130209851952522E-011  0.134150171839357E+003  0.632870249513987E+002
  0.397095506040984E-011  0.131913457406416E+003  0.726713535711052E+002
  0.455739836683375E-011  0.131631311242268E+003  0.634103006726853E+002
  0.461800765452094E-011  0.131598232779383E+003  0.634119414410298E+002
  0.531883078487057E-011  0.131308996932302E+003  0.726413696343806E+002
  0.897843930164794E-011  0.130255196215823E+003  0.634790583070631E+002
  0.109136672021861E-010  0.129858161024660E+003  0.725685927674499E+002
  0.124758718389078E-010  0.129583944143420E+003  0.635129768806270E+002
  0.133039966618561E-010  0.129448752633443E+003  0.635198389834797E+002
  0.156221401376457E-010  0.129120847739854E+003  0.725311563310711E+002
  0.193630254669029E-010  0.128684839767516E+003  0.635588116800870E+002
  0.196028907795671E-010  0.128653560786613E+003  0.725072680517760E+002
  0.254045418128820E-010  0.128128403355516E+003  0.724802682015733E+002
  0.254309641306149E-010  0.128119668730803E+003  0.724798177431989E+002
  0.423231204316555E-010  0.127094281096208E+003  0.636410668416347E+002
  0.475170090575566E-010  0.126856117089370E+003  0.724141663713481E+002
  0.609252733632759E-010  0.126352340801149E+003  0.636799674910267E+002
  0.937844042265214E-010  0.125482984241837E+003  0.637259956257760E+002
  0.988719596084795E-010  0.125370674462017E+003  0.637319777943771E+002
  0.145204764016121E-009  0.124595380409598E+003  0.637735028804943E+002
  0.178954504934530E-009  0.124170751430856E+003  0.637964186618028E+002
  0.198110010227516E-009  0.123960714105765E+003  0.722598831389846E+002
  0.235286929175289E-009  0.123610092003655E+003  0.722408159835562E+002
  0.242299049499299E-009  0.123544702502640E+003  0.722372504726076E+002
  0.266484918009567E-009  0.123347757034093E+003  0.638411894791339E+002
  0.285675930916018E-009  0.123202020632884E+003  0.638491674454185E+002
  0.290981389561296E-009  0.123158562548604E+003  0.722161333410667E+002
  0.294031581546849E-009  0.123131051228283E+003  0.722146247380007E+002
  0.358656676012572E-009  0.122727038818327E+003  0.721924073961617E+002
  0.393014505881925E-009  0.122537421387848E+003  0.638857437589244E+002
  0.518316029310713E-009  0.121977288548478E+003  0.721508596446713E+002
  0.700272538629383E-009  0.121368864070797E+003  0.721168327846887E+002
  0.943872692531423E-009  0.120765165096061E+003  0.639848951546518E+002
  0.104551147783256E-008  0.120553969116510E+003  0.720708095305083E+002
  0.108346167152441E-008  0.120476003639256E+003  0.640013040321565E+002
  0.112272681098846E-008  0.120398149634409E+003  0.720619493443530E+002
  0.119676523423507E-008  0.120263770254481E+003  0.640133901320577E+002
  0.121125541464637E-008  0.120233044523041E+003  0.720525398448255E+002
  0.128464376353050E-008  0.120108740745697E+003  0.720454410893727E+002
  0.180790926524666E-008  0.119418705920569E+003  0.720058038079407E+002
  0.188569290770461E-008  0.119327801804204E+003  0.720005525280666E+002
  0.336770923915183E-008  0.118161271386847E+003  0.641351451596959E+002
  0.365015866864692E-008  0.117993540056109E+003  0.641450226101602E+002
  0.425664766903236E-008  0.117679461914276E+003  0.719040967299345E+002
  0.429432827339122E-008  0.117655179879047E+003  0.641650248877600E+002
  0.440206014541673E-008  0.117598969298150E+003  0.641683578210442E+002
  0.449062094524733E-008  0.117552477035696E+003  0.718965660414840E+002
  0.485490520811997E-008  0.117389824276278E+003  0.641807841226436E+002
  0.579073833018333E-008  0.117030628246777E+003  0.642022197087981E+002
  0.596409793253256E-008  0.116964976635074E+003  0.642061505469836E+002
  0.657288788189955E-008  0.116763930106120E+003  0.642182132367522E+002
  0.712235693270900E-008  0.116596703708423E+003  0.718394068693910E+002
  0.738766310074045E-008  0.116516902608433E+003  0.642330871801695E+002
  0.789712582144963E-008  0.116376872202684E+003  0.642415445552617E+002
  0.822290912708527E-008  0.116289366259184E+003  0.642468392152480E+002
  0.873087855626815E-008  0.116162826786233E+003  0.718131739658706E+002
  0.952668995142577E-008  0.115981708552543E+003  0.642655134976020E+002
  0.124251858146801E-007  0.115443796574803E+003  0.642983881083211E+002
  0.131083932474388E-007  0.115330086586258E+003  0.643053746330774E+002
  0.142394885529782E-007  0.115157898489750E+003  0.643159791397233E+002
  0.146846687726790E-007  0.115089672869977E+003  0.717474934230278E+002
  0.264228062246710E-007  0.113908170288858E+003  0.643938715716189E+002
  0.264648438914274E-007  0.113898335314201E+003  0.716731915612869E+002
  0.266510348508983E-007  0.113877658185168E+003  0.716718885634068E+002
  0.274253264306496E-007  0.113813724749539E+003  0.643998259797749E+002
  0.283991442637493E-007  0.113737284960559E+003  0.716630303821650E+002
  0.316607562046123E-007  0.113513191528000E+003  0.716488440947642E+002
  0.383310636423170E-007  0.113124170569276E+003  0.644435988186856E+002
  0.420439534012849E-007  0.112932605085056E+003  0.644558544284260E+002
  0.437577144985609E-007  0.112846044808818E+003  0.716062767265765E+002
  0.445649329729441E-007  0.112802830498837E+003  0.716035019279798E+002
  0.482864355697837E-007  0.112635768137453E+003  0.715927544754500E+002
  0.486893678014087E-007  0.112612492553664E+003  0.644764281996952E+002
  0.500187651146000E-007  0.112551961870763E+003  0.715873508093405E+002
  0.523289021170773E-007  0.112455005084855E+003  0.644865937810336E+002
  0.677887077734910E-007  0.111930655926892E+003  0.645206517339877E+002
  0.936820321795530E-007  0.111276978781164E+003  0.645635779538514E+002
  0.939816562345089E-007  0.111263936791075E+003  0.715032429234673E+002
  0.104564332627233E-006  0.111043875434032E+003  0.645790145889316E+002
  0.138420486697418E-006  0.110476232749276E+003  0.714507858821879E+002
  0.138830288052844E-006  0.110463664808279E+003  0.646177403404712E+002
  0.145843721972822E-006  0.110358442401949E+003  0.714428722739984E+002
  0.155942931873026E-006  0.110217877885730E+003  0.646342782324634E+002
  0.213687914128459E-006  0.109581169332718E+003  0.713901843142130E+002
  0.222052743045596E-006  0.109497717093466E+003  0.646832045350475E+002
  0.241205149605911E-006  0.109325595754029E+003  0.646950042716694E+002
  0.577173280814442E-006  0.107587417366825E+003  0.713516912319344E+002
  0.783459287676337E-006  0.106948866551050E+003  0.713072633301182E+002
  0.942709292348548E-006  0.106578788836660E+003  0.712812365481931E+002
  0.117280903636351E-005  0.106128244917017E+003  0.712492664021546E+002
  0.119699390777853E-005  0.106073675998604E+003  0.712453726387380E+002
  0.146579960261759E-005  0.105654755119190E+003  0.712153218367785E+002
  0.146545039684720E-005  0.105627833958606E+003  0.712133809662084E+002
  0.193040413007242E-005  0.105063048545513E+003  0.711723862765661E+002
  0.207002675110429E-005  0.104923384234282E+003  0.711621659598435E+002
  0.308823872028382E-005  0.104095907736499E+003  0.711009145578838E+002
  0.338514971954096E-005  0.103898661404932E+003  0.710861325925315E+002
  0.336785481740168E-005  0.103895253768191E+003  0.710858765895029E+002
  0.361222655430060E-005  0.103741505103483E+003  0.710743036000289E+002
  0.396737844151140E-005  0.103553942747231E+003  0.710601254552630E+002
  0.408933925319740E-005  0.103479641246996E+003  0.710544904805231E+002
  0.434772103874064E-005  0.103343358681502E+003  0.710441274876904E+002
  0.865357060900688E-005  0.101952972494403E+003  0.709362882679673E+002
  0.967613023741616E-005  0.101715846676711E+003  0.709174941264060E+002
  0.105923545472587E-004  0.101521160079627E+003  0.709019715743214E+002
  0.136513104786239E-004  0.101000008218990E+003  0.708600000874064E+002
  0.167929498023119E-004  0.100558363288428E+003  0.708239375734072E+002
  0.173800865092414E-004  0.100462420077044E+003  0.708160415285632E+002
  0.175281004617939E-004  0.100445459604167E+003  0.708146433640015E+002
  0.183028524458018E-004  0.100318277065141E+003  0.708041363760069E+002
  0.183821043461354E-004  0.100309635700336E+003  0.708034210369113E+002
  0.184322569836070E-004  0.100290627075944E+003  0.708018468371777E+002
  0.188416726470301E-004  0.100246689435488E+003  0.707982047094839E+002
  0.208786173450857E-004  0.100014169141737E+003  0.707788499252044E+002
  0.214814238475220E-004  0.999436837420550E+002  0.707729557703056E+002
  0.219512690190215E-004  0.999004109473429E+002  0.707693309056088E+002
  0.229480834859800E-004  0.998115920016330E+002  0.707618756534973E+002
  0.287470512347174E-004  0.993335927700151E+002  0.707213984149946E+002
  0.376858894721388E-004  0.987784397526759E+002  0.706736088460964E+002
  0.511555969900381E-004  0.981265880449053E+002  0.706163665343603E+002
  0.541952477703503E-004  0.980111454136930E+002  0.706060961748546E+002
  0.596329285476940E-004  0.978063566620685E+002  0.705877755176115E+002
  0.623189456234464E-004  0.977182415245606E+002  0.705798520624277E+002
  0.719996999456127E-004  0.974157966565862E+002  0.705524661263195E+002
  0.765185349869153E-004  0.972940545619642E+002  0.705413581327817E+002
  0.901476143498447E-004  0.969388258986796E+002  0.705086613906276E+002
  0.903285245896314E-004  0.969211643459606E+002  0.705070244667685E+002
  0.125947449068029E-003  0.962156620742963E+002  0.704407262099076E+002
  0.131741004405375E-003  0.961122476933980E+002  0.704308539456247E+002
  0.157117364436973E-003  0.957464693031783E+002  0.703956044935617E+002
  0.178080693896623E-003  0.954825138112093E+002  0.703698371564701E+002
  0.200507786968015E-003  0.952452812118610E+002  0.703464335452185E+002
  0.203679253426361E-003  0.952138944405814E+002  0.703433193942196E+002
  0.210870748476301E-003  0.950904392759264E+002  0.703310293882190E+002
  0.216202335262816E-003  0.950271226451651E+002  0.703247006158546E+002
  0.214889302283499E-003  0.950259280370884E+002  0.703245810415289E+002
  0.223566294620579E-003  0.949333801250631E+002  0.703152984064047E+002
  0.240170787655042E-003  0.947900955346702E+002  0.703008518629202E+002
  0.241357867847499E-003  0.947802345838530E+002  0.702998542538355E+002
  0.267937862418496E-003  0.945577265377249E+002  0.702772257005366E+002
  0.268852295545759E-003  0.945509124484704E+002  0.702765291203268E+002
  0.285458495029455E-003  0.944310434474887E+002  0.702642397626251E+002
  0.296076173787343E-003  0.943580032015001E+002  0.702567181275473E+002
  0.314467213409869E-003  0.941962385156466E+002  0.702399684200852E+002
  0.315819983848550E-003  0.941876533974862E+002  0.702390759304550E+002
  0.351159070274462E-003  0.939617737737637E+002  0.702154628178949E+002
  0.364353539159630E-003  0.938742573247393E+002  0.702062449957667E+002
  0.386179411849978E-003  0.937441567635165E+002  0.701924691777936E+002
  0.398737384991885E-003  0.936664090885492E+002  0.701841946659458E+002
  0.413960294353997E-003  0.935777292406661E+002  0.701747176250678E+002
  0.469889727323674E-003  0.933105275169068E+002  0.701459052174273E+002
  0.467905293082211E-003  0.933052460267917E+002  0.701453317510528E+002
  0.476604936360656E-003  0.932684020031299E+002  0.701413268704670E+002
  0.491735899527862E-003  0.931920533959793E+002  0.701330035898759E+002
  0.536198631068095E-003  0.929776890416097E+002  0.701094558690318E+002
  0.538153825104088E-003  0.929567575778920E+002  0.701071422354201E+002
  0.538445449447341E-003  0.929556740759530E+002  0.701070224015789E+002
  0.552449222137355E-003  0.929043234099473E+002  0.701013351227563E+002
  0.579518632610913E-003  0.928086508266721E+002  0.700906970831003E+002
  0.709181580657022E-003  0.923770450289712E+002  0.700420054697777E+002
  0.804620797051394E-003  0.921245260189518E+002  0.700129621421270E+002
  0.865971488508702E-003  0.919775642630544E+002  0.699958615192489E+002
  0.865839811405036E-003  0.919638332550388E+002  0.699942561452127E+002
  0.863449172801966E-003  0.919553278740300E+002  0.699932610706920E+002
  0.866550557230345E-003  0.919481570341809E+002  0.699924217360553E+002
  0.914743374106976E-003  0.918399108210988E+002  0.699797077194964E+002
  0.973114149118288E-003  0.917019602225762E+002  0.699633833777195E+002
  0.977123718444491E-003  0.916653671865744E+002  0.699590299235469E+002
  0.970913322765367E-003  0.916639850053731E+002  0.699588652932178E+002
  0.103394127171145E-002  0.915240585551044E+002  0.699421252844554E+002
  0.105358711614946E-002  0.914722788893075E+002  0.699358933116907E+002
  0.111736415546515E-002  0.913265657374497E+002  0.699182453150663E+002
  0.124190479406265E-002  0.911011828996972E+002  0.698906178043582E+002
  0.135950619931834E-002  0.909061973146804E+002  0.698663803906505E+002
  0.139532989369371E-002  0.908541786643376E+002  0.698598599229584E+002
  0.145833771306712E-002  0.907517116016258E+002  0.698469472264032E+002
  0.148025132378168E-002  0.907077479624949E+002  0.698413787361486E+002
  0.160462984027292E-002  0.905463855342065E+002  0.698207916450033E+002
  0.183633832014341E-002  0.902482553750552E+002  0.697821177233293E+002
  0.186163723539440E-002  0.902208897967031E+002  0.697785248608093E+002
  0.187707477086327E-002  0.902043732817343E+002  0.697763528011342E+002
  0.210389279592203E-002  0.899055450509335E+002  0.697365758993869E+002
  0.241771826382842E-002  0.895996970503416E+002  0.696948785262239E+002
  0.246704650325007E-002  0.895454612480782E+002  0.696873746029717E+002
  0.259769522361347E-002  0.894146687799164E+002  0.696691368621550E+002
  0.260494283526830E-002  0.893953507587609E+002  0.696664258835053E+002
  0.272969274191707E-002  0.892743964232752E+002  0.696493484448427E+002
  0.288011895847725E-002  0.891534594047200E+002  0.696320910267995E+002
  0.317175965580053E-002  0.889468976105281E+002  0.696021760619115E+002
  0.335313321723200E-002  0.888084689722050E+002  0.695818048671612E+002
  0.334955183757931E-002  0.887970468790190E+002  0.695801120030896E+002
  0.336810796038142E-002  0.887859976919173E+002  0.695784726418346E+002
  0.349978901594376E-002  0.886956426919605E+002  0.695650008624374E+002
  0.363826558312000E-002  0.886043819729821E+002  0.695512726396738E+002
  0.364159874774937E-002  0.886025505295865E+002  0.695509958667223E+002
  0.363822617216630E-002  0.885906578792170E+002  0.695491973855432E+002
  0.364463275113571E-002  0.885733934032315E+002  0.695465827381787E+002
  0.378614626855976E-002  0.884698095547849E+002  0.695307994138835E+002
  0.388000272630493E-002  0.884208352144095E+002  0.695232788426109E+002
  0.386020555965159E-002  0.884036683665658E+002  0.695206336721651E+002
  0.393596385460289E-002  0.883511457164020E+002  0.695125112829285E+002
  0.394114877119828E-002  0.883348608837800E+002  0.695099838307263E+002
  0.396689037112863E-002  0.883081884359684E+002  0.695058348163970E+002
  0.394338540787376E-002  0.883064223278095E+002  0.695055596777635E+002
  0.397687337647066E-002  0.882622983600754E+002  0.694986689144492E+002
  0.406843980212586E-002  0.882167710436810E+002  0.694915248485045E+002
  0.417601376079455E-002  0.881509239918907E+002  0.694811298615276E+002
  0.423476998746535E-002  0.881229802547748E+002  0.694766958714440E+002
  0.428774143724124E-002  0.880843722792846E+002  0.694705472124753E+002
  0.429667287695750E-002  0.880802105775717E+002  0.694698828530798E+002
  0.443521126809509E-002  0.879891553782671E+002  0.694552694048940E+002
  0.459019378240437E-002  0.878930637087627E+002  0.694396829237615E+002
  0.456635672703156E-002  0.878898249180228E+002  0.694391545664808E+002
  0.493602045942453E-002  0.877069260945812E+002  0.694089881428322E+002
  0.508211028278406E-002  0.876485917869936E+002  0.693992265939987E+002
  0.522258653447078E-002  0.875804074597886E+002  0.693877275545432E+002
  0.518998101806464E-002  0.875657216438672E+002  0.693852380383162E+002
  0.542026478269799E-002  0.874788923890889E+002  0.693704241285766E+002
  0.551875893891200E-002  0.874021963447164E+002  0.693572011200934E+002
  0.553451176359147E-002  0.873696496075728E+002  0.693515497022220E+002
  0.554092350808765E-002  0.873673339441049E+002  0.693511466863632E+002
  0.563753904510718E-002  0.873327610527272E+002  0.693451149236237E+002
  0.592916425038404E-002  0.872048623414802E+002  0.693225556865908E+002
  0.603371418598679E-002  0.871699033312050E+002  0.693163204354841E+002
  0.609234872288543E-002  0.871505615236197E+002  0.693128575904369E+002
  0.615443247844972E-002  0.871302837750825E+002  0.693092170843654E+002
  0.615113739473900E-002  0.871176091034452E+002  0.693069362873048E+002
  0.632459168686546E-002  0.870482464045881E+002  0.692943814382256E+002
  0.655245999351095E-002  0.869500585687263E+002  0.692763922895042E+002
  0.661054608673372E-002  0.869324071386773E+002  0.692731306523798E+002
  0.674876832665480E-002  0.868772738752642E+002  0.692628873708456E+002
  0.222980801461029E-001  0.831240904645759E+002  0.686775668387021E+002
  0.223548766868898E-001  0.831190026428104E+002  0.686757519775769E+002
  0.222044431672764E-001  0.831185694682126E+002  0.686755972241246E+002
  0.219828509576261E-001  0.831108507720109E+002  0.686728334034606E+002
  0.218819954255149E-001  0.830924610786672E+002  0.686661999649919E+002
  0.219174173023656E-001  0.830892261599898E+002  0.686650258709934E+002
  0.217743946613827E-001  0.830884790916918E+002  0.686647544165566E+002
  0.216995771691299E-001  0.830815221011672E+002  0.686622208966000E+002
  0.215920564003540E-001  0.830776157899896E+002  0.686607938511876E+002
  0.217099141987489E-001  0.830667287021462E+002  0.686567993515749E+002
  0.218086180420541E-001  0.830576563361931E+002  0.686534510074349E+002
  0.218492207149381E-001  0.830539362542334E+002  0.686520727917636E+002
  0.219050677732809E-001  0.830488307351540E+002  0.686501762822158E+002
  0.216585085306724E-001  0.830431007336822E+002  0.686480408266201E+002
  0.215495917188966E-001  0.830250142746338E+002  0.686412511230976E+002
  0.215832794419860E-001  0.830218901858326E+002  0.686400706301386E+002
  0.219777528476431E-001  0.829856666008207E+002  0.686262111460134E+002
  0.219063588291366E-001  0.829779391759756E+002  0.686232123831521E+002
  0.219410117396289E-001  0.829747779448908E+002  0.686219812050385E+002
  0.218594653640606E-001  0.829678880510047E+002  0.686192888850645E+002
  0.217424981789495E-001  0.829642815489516E+002  0.686178746465827E+002
  0.217338183205996E-001  0.829365082171485E+002  0.686068668056438E+002
  0.217531904053331E-001  0.829204914082116E+002  0.686004213884175E+002
  0.217819730566096E-001  0.829178468649797E+002  0.685993501164263E+002
  0.217348910126666E-001  0.829078375932984E+002  0.685952769742835E+002
  0.216206058110746E-001  0.829040446490929E+002  0.685937257433587E+002
  0.216342252941346E-001  0.829027851843661E+002  0.685932096985459E+002
  0.216506410736519E-001  0.829012681848527E+002  0.685925875003644E+002
  0.216085409817920E-001  0.828906154910840E+002  0.685881986224573E+002
  0.215088867066898E-001  0.828708744113360E+002  0.685799721215569E+002
  0.213731282635133E-001  0.828690973965083E+002  0.685792255164721E+002
  0.212264621954000E-001  0.828684285491657E+002  0.685789442382768E+002
  0.212480341879484E-001  0.828663970247225E+002  0.685780890062172E+002
  0.211060409476985E-001  0.828652616699529E+002  0.685776104581383E+002
  0.209983901379763E-001  0.828609432026068E+002  0.685757863788054E+002
  0.210177453296762E-001  0.828591005587888E+002  0.685750061922607E+002
  0.209081348826988E-001  0.828549060476434E+002  0.685732260026441E+002
  0.209161119944010E-001  0.828541431302073E+002  0.685729015814926E+002
  0.210589892232293E-001  0.828257674362930E+002  0.685606932969695E+002
  0.209560711264876E-001  0.828208054513547E+002  0.685585292869470E+002
  0.209946944756750E-001  0.828171227190330E+002  0.685569173937406E+002
  0.210909007884255E-001  0.828079788321779E+002  0.685528935672443E+002
  0.208781801864452E-001  0.827984017353867E+002  0.685486453834789E+002
  0.197305202233213E-001  0.827814679079396E+002  0.685410468503864E+002
  0.197559888299607E-001  0.827788879270011E+002  0.685398791475533E+002
  0.199115069676563E-001  0.827632056731677E+002  0.685327225433024E+002
  0.199404670809599E-001  0.827602989043972E+002  0.685313847296208E+002
  0.199522218885513E-001  0.827591202615697E+002  0.685308412439354E+002
  0.199123038220179E-001  0.827486851392388E+002  0.685260033119251E+002
  0.199489052086733E-001  0.827305717595202E+002  0.685174906923857E+002
  0.199551198869967E-001  0.827155083010165E+002  0.685102956032841E+002
  0.200182255614876E-001  0.826947530244368E+002  0.685001999927465E+002
  0.198793783180796E-001  0.826942329437968E+002  0.684999442111146E+002
  0.197918755732360E-001  0.826886152480554E+002  0.684971723638598E+002
  0.199598934221513E-001  0.826717084432810E+002  0.684887284212403E+002
  0.198191048227064E-001  0.826713200621598E+002  0.684885326055059E+002
  0.198934532066299E-001  0.826638314011945E+002  0.684847403112765E+002
  0.196712922922788E-001  0.826570945306067E+002  0.684813012657944E+002
  0.197038750307158E-001  0.826537845514407E+002  0.684796018635360E+002
  0.195966833042125E-001  0.826500424427025E+002  0.684776727617225E+002
  0.194840643830351E-001  0.826469171873187E+002  0.684760552062624E+002
  0.195109124407674E-001  0.826441631852229E+002  0.684746248822627E+002
  0.192544968934270E-001  0.826412094566163E+002  0.684730856514116E+002
  0.191732448171254E-001  0.826350150368380E+002  0.684698400021331E+002
  0.191835452326669E-001  0.826339408681418E+002  0.684692747157058E+002
  0.190546837506538E-001  0.826326605633912E+002  0.684685999890822E+002
  0.190979515150625E-001  0.826281242808874E+002  0.684662008722955E+002
  0.188674365491794E-001  0.826227812624740E+002  0.684633579078917E+002
  0.187839315836465E-001  0.826168924495399E+002  0.684602025720826E+002
  0.186710252660108E-001  0.826141900952788E+002  0.684587467568738E+002
  0.187543804577185E-001  0.826052811386034E+002  0.684539115814151E+002
  0.187333965853804E-001  0.825926501913734E+002  0.684469593798082E+002
  0.186146557671976E-001  0.825904974938839E+002  0.684457628105316E+002
  0.184803659330896E-001  0.825901082315794E+002  0.684455460691754E+002
  0.182671766647008E-001  0.825836841461992E+002  0.684419525120164E+002
  0.184390977221350E-001  0.825649492222695E+002  0.684312869096487E+002
  0.183134728790826E-001  0.825637518144794E+002  0.684305954896431E+002
  0.183165863610290E-001  0.825634118224599E+002  0.684303989480719E+002
  0.183513363587886E-001  0.825596210423354E+002  0.684282009507658E+002
  0.181265426472695E-001  0.825541954661033E+002  0.684250335675406E+002
  0.181356267201492E-001  0.825531934220195E+002  0.684244457769807E+002
  0.181648858024275E-001  0.825499693255447E+002  0.684225485186380E+002
  0.182048122114811E-001  0.825455781507731E+002  0.684199494837204E+002
  0.180704924976472E-001  0.825450636195540E+002  0.684196437985878E+002
  0.181375779754759E-001  0.825376525033343E+002  0.684152136437161E+002
  0.180146788558949E-001  0.825358064106944E+002  0.684141020724549E+002
  0.179309610339405E-001  0.825296783828284E+002  0.684103887339793E+002
  0.179928799824509E-001  0.825227839073963E+002  0.684061666895664E+002
  0.180206121600475E-001  0.825197037081234E+002  0.684042648827722E+002
  0.179886845026901E-001  0.825075639557382E+002  0.683966723857027E+002
  0.180017063905831E-001  0.825061166929397E+002  0.683957566060728E+002
  0.176220899149185E-001  0.825016823561676E+002  0.683929361656914E+002
  0.176337480274084E-001  0.825003596687949E+002  0.683920905767511E+002
  0.175664927477382E-001  0.824923159163130E+002  0.683869046326121E+002
  0.171949067341152E-001  0.824883812812477E+002  0.683843399611955E+002
  0.172027519166622E-001  0.824874689886103E+002  0.683837426265770E+002
  0.172082561437334E-001  0.824868291669452E+002  0.683833230865085E+002
  0.170795729888055E-001  0.824861549912559E+002  0.683828804744005E+002
  0.166701133917638E-001  0.824726658947858E+002  0.683739035124810E+002
  0.165534813224396E-001  0.824713822840421E+002  0.683730368931882E+002
  0.164767866529732E-001  0.824653443599342E+002  0.683689303725025E+002
  0.162365847910620E-001  0.824641804243092E+002  0.683681329556586E+002
  0.158574707382745E-001  0.824512780883739E+002  0.683591626176773E+002
  0.157568856042356E-001  0.824491346879481E+002  0.683576483509677E+002
  0.155416576400142E-001  0.824470114013074E+002  0.683561412796230E+002
  0.155661921186728E-001  0.824438566369715E+002  0.683538889786225E+002
  0.154528108680675E-001  0.824436076213087E+002  0.683537105219721E+002
  0.152285496762531E-001  0.824285633409890E+002  0.683427378555764E+002
  0.152595147951974E-001  0.824245007505782E+002  0.683397072787134E+002
  0.151876619189740E-001  0.824191802302162E+002  0.683356923079104E+002
  0.151945979748746E-001  0.824182670583790E+002  0.683349978284154E+002
  0.152010083178396E-001  0.824174234702633E+002  0.683343548421401E+002
  0.151203062829560E-001  0.824130883967980E+002  0.683310286894030E+002
  0.151407180239420E-001  0.824103903064922E+002  0.683289396102534E+002
  0.151439677692597E-001  0.824099610802685E+002  0.683286059036381E+002
  0.151485033327556E-001  0.824093621771926E+002  0.683281396475719E+002
  0.151497893570472E-001  0.824091923954421E+002  0.683280073351906E+002
  0.150638547366408E-001  0.824051252628647E+002  0.683248198011133E+002
  0.149528896487003E-001  0.824044683297383E+002  0.683243016615343E+002
  0.148544445607102E-001  0.824022351399739E+002  0.683225333351250E+002
  0.148575134187052E-001  0.824018219921083E+002  0.683222049999480E+002
  0.148713373340720E-001  0.823999619920056E+002  0.683207221742631E+002
  0.148748423156464E-001  0.823994906734521E+002  0.683203452118630E+002
  0.148967897263025E-001  0.823965419046912E+002  0.683179754229386E+002
  0.147844512862692E-001  0.823957449561486E+002  0.683173315518740E+002
  0.148135559699427E-001  0.823918116247183E+002  0.683141320692526E+002
  0.148309358120535E-001  0.823894665220624E+002  0.683122069985112E+002
  0.145993014137208E-001  0.823886909133989E+002  0.683115673728939E+002
  0.146068644229083E-001  0.823876551034403E+002  0.683107108611888E+002
  0.143969794866808E-001  0.823843426545070E+002  0.683079538319336E+002
  0.142092913523668E-001  0.823785866827907E+002  0.683030958601568E+002
  0.142365151825846E-001  0.823747585138131E+002  0.682998158055029E+002
  0.142404533657194E-001  0.823742053393201E+002  0.682993384832487E+002
  0.142433653096609E-001  0.823737964132579E+002  0.682989850774336E+002
  0.142438493807454E-001  0.823737284429646E+002  0.682989262898609E+002
  0.142656130257110E-001  0.823706749095261E+002  0.682962717013108E+002
  0.142822538400190E-001  0.823683432724520E+002  0.682942264715199E+002
  0.143115709063077E-001  0.823642420965062E+002  0.682905895370150E+002
  0.143161010278058E-001  0.823636091255058E+002  0.682900236171764E+002
  0.143278114016407E-001  0.823619738217370E+002  0.682885557222063E+002
  0.143278496033321E-001  0.823619684892212E+002  0.682885509217514E+002
  0.143461217451472E-001  0.823594195372025E+002  0.682862458439165E+002
  0.143673249176026E-001  0.823564657745897E+002  0.682835480718232E+002
  0.142496008982679E-001  0.823552997675037E+002  0.682824750596298E+002
  0.140217559395160E-001  0.823524487083823E+002  0.682798316735392E+002
  0.140441264611525E-001  0.823492604207590E+002  0.682768415672452E+002
  0.135012997914700E-001  0.823415034117434E+002  0.682694082784111E+002
  0.135180980294948E-001  0.823390165702082E+002  0.682669750539931E+002
  0.135212836930757E-001  0.823385453074215E+002  0.682665110838321E+002
  0.135277434672400E-001  0.823375900384206E+002  0.682655677472306E+002
  0.134101160261828E-001  0.823375892761852E+002  0.682655669929831E+002
  0.131932898612947E-001  0.823354077766998E+002  0.682633982018214E+002
  0.131978428279768E-001  0.823347177014717E+002  0.682627078677914E+002
  0.132024882853823E-001  0.823340138531096E+002  0.682620016038113E+002
  0.131110024549374E-001  0.823302997108168E+002  0.682582379035394E+002
  0.129988819260872E-001  0.823298552748177E+002  0.682577833000278E+002
  0.127081690729932E-001  0.823226871846398E+002  0.682503193963438E+002
  0.126147130675669E-001  0.823201334277042E+002  0.682475972940813E+002
  0.125120096087656E-001  0.823191670716783E+002  0.682465581507039E+002
  0.124192462563269E-001  0.823167340761907E+002  0.682439191380059E+002
  0.124285414000469E-001  0.823152377427090E+002  0.682422795075324E+002
  0.124382314556229E-001  0.823136790272098E+002  0.682405576916790E+002
  0.123349699122306E-001  0.823127309688429E+002  0.682395033805451E+002
  0.123500807784410E-001  0.823102823827270E+002  0.682367550280205E+002
  0.122495338809260E-001  0.823088539240663E+002  0.682351343610601E+002
  0.122501922360776E-001  0.823087464363093E+002  0.682350118819415E+002
  0.122504540632567E-001  0.823087036901424E+002  0.682349631532199E+002
  0.122626122508367E-001  0.823067197378418E+002  0.682326883980842E+002
  0.121548326180372E-001  0.823061110543061E+002  0.682319852601348E+002
  0.120516567696125E-001  0.823048954777940E+002  0.682305735320363E+002
  0.119434252438168E-001  0.823046729178146E+002  0.682303139600206E+002
  0.119506589702277E-001  0.823034619525284E+002  0.682288955565676E+002
  0.119525997028330E-001  0.823031371880039E+002  0.682285134024757E+002
  0.118486206952526E-001  0.823020070812595E+002  0.682271777055397E+002
  0.117418860585620E-001  0.823015003158088E+002  0.682265757426735E+002
  0.117468486286709E-001  0.823006552178929E+002  0.682255676867052E+002
  0.116447498028388E-001  0.822993349073318E+002  0.682239820872641E+002
  0.116484624470696E-001  0.822986973577791E+002  0.682232116822546E+002
  0.115494210651735E-001  0.822968176319207E+002  0.682209217853518E+002
  0.115613887040538E-001  0.822947462826136E+002  0.682183655441599E+002
  0.115621715641153E-001  0.822946108605501E+002  0.682181971861110E+002
  0.114563713733637E-001  0.822936723789444E+002  0.682170262048662E+002
  0.112420504963359E-001  0.822929791965554E+002  0.682161564641974E+002
  0.111365257125350E-001  0.822927021854590E+002  0.682158077339207E+002
  0.110495311510879E-001  0.822892479105495E+002  0.682114016232226E+002
  0.109561628125422E-001  0.822870807793669E+002  0.682085806256158E+002
  0.109620427461149E-001  0.822860077109174E+002  0.682071667961699E+002
  0.109739016446335E-001  0.822838452510820E+002  0.682042820034879E+002
  0.109784706980516E-001  0.822830127117258E+002  0.682031582650458E+002
  0.298383983740605E-001  0.795639782209111E+002  0.681243476417780E+002
  0.290571553675327E-001  0.795637043967470E+002  0.681236512289891E+002
  0.275850368637996E-001  0.795623994937936E+002  0.681202554225795E+002
  0.275890481967624E-001  0.795621086809625E+002  0.681194802811448E+002
  0.275896550117508E-001  0.795620646918904E+002  0.681193624195892E+002
  0.275900164214002E-001  0.795620384931372E+002  0.681192921470544E+002
  0.275937740888362E-001  0.795617661184121E+002  0.681185581071056E+002
  0.275954274576234E-001  0.795616462856375E+002  0.681182331397727E+002
  0.275994622336028E-001  0.795613538834960E+002  0.681174348899292E+002
  0.267700468804943E-001  0.795608359251230E+002  0.681160018430281E+002
  0.267737084877044E-001  0.795605623838154E+002  0.681152348499955E+002
  0.267754866421199E-001  0.795604295598271E+002  0.681148598008454E+002
  0.267792781843355E-001  0.795601463699198E+002  0.681140543152918E+002
  0.267799570870513E-001  0.795600956669766E+002  0.681139092441061E+002
  0.267841605803025E-001  0.795597817633080E+002  0.681130051858182E+002
  0.267901698495841E-001  0.795593330955032E+002  0.681116947759264E+002
  0.267913052207379E-001  0.795592483370189E+002  0.681114447396220E+002
  0.267969369676885E-001  0.795588279651805E+002  0.681101925484574E+002
  0.257354761624711E-001  0.795580182826927E+002  0.681077209065171E+002
  0.257362628303507E-001  0.795579571487271E+002  0.681075309226538E+002
  0.257400583886637E-001  0.795576622124745E+002  0.681066073909749E+002
  0.257406392549443E-001  0.795576170797310E+002  0.681064650310696E+002
  0.257457045387046E-001  0.795572235552813E+002  0.681052117259437E+002
  0.257479031946075E-001  0.795570527646919E+002  0.681046608867743E+002
  0.257535446328284E-001  0.795566146070492E+002  0.681032277299483E+002
  0.257537549464315E-001  0.795565982743271E+002  0.681031737350127E+002
  0.257577833332400E-001  0.795562854599984E+002  0.681021313522540E+002
  0.257579758236248E-001  0.795562705138625E+002  0.681020811490842E+002
  0.257595066427638E-001  0.795561516556368E+002  0.681016805889888E+002
  0.257602506578768E-001  0.795560938902161E+002  0.681014850591817E+002
  0.257605217706619E-001  0.795560728414024E+002  0.681014136705407E+002
  0.257704575985101E-001  0.795553015905477E+002  0.680987437877554E+002
  0.257828738311083E-001  0.795543382205776E+002  0.680952459866842E+002
  0.257853394564153E-001  0.795541469690177E+002  0.680945276114035E+002
  0.257901718519941E-001  0.795537721868414E+002  0.680930946110499E+002
  0.257909988053140E-001  0.795537080585318E+002  0.680928459260754E+002
  0.257939316684991E-001  0.795534806383794E+002  0.680919554288773E+002
  0.257947548746659E-001  0.795534168099532E+002  0.680917030363005E+002
  0.257969812028851E-001  0.795532441987259E+002  0.680910149105643E+002
  0.257974611392898E-001  0.795532069903459E+002  0.680908654890625E+002
  0.257983757814585E-001  0.795531360821313E+002  0.680905796461944E+002
  0.258049675160760E-001  0.795526251280549E+002  0.680884757079292E+002
