  0.112103795361825E-068  0.395812912027128E+003  0.799244058249768E+002
  0.159684118091326E-067  0.390493541430063E+003  0.798213807618550E+002
  0.255285257138516E-067  0.389548517902889E+003  0.798029832930176E+002
  0.579183339726720E-067  0.387903387320706E+003  0.797708875280681E+002
  0.886549429545051E-067  0.387045296129172E+003  0.797541116724848E+002
  0.127672034558784E-065  0.381704044449545E+003  0.796491443475009E+002
  0.121264465179967E-063  0.372590030342635E+003  0.794678091672139E+002
  0.668767250247113E-063  0.369168450223481E+003  0.793989854149503E+002
  0.116070837784028E-062  0.368059095292036E+003  0.793765815261069E+002
  0.272088592163333E-062  0.366348585622905E+003  0.793419500811003E+002
  0.531806923459488E-062  0.365001624486935E+003  0.793146043153574E+002
  0.161997852716515E-060  0.358162023369438E+003  0.791747122504467E+002
  0.163573330371195E-060  0.358136011162691E+003  0.791741768631556E+002
  0.111066687368189E-059  0.354298446567670E+003  0.790949075919266E+002
  0.443639420616052E-058  0.346916858184006E+003  0.789408127424716E+002
  0.119322064846547E-057  0.344931404122121E+003  0.788989922984352E+002
  0.106880173091624E-056  0.340539814226611E+003  0.788059137048205E+002
  0.107005745651163E-056  0.340530810243600E+003  0.788057220415760E+002
  0.175170002136625E-056  0.339538405838482E+003  0.787845762865640E+002
  0.282049131983118E-056  0.338579101579313E+003  0.787640962066677E+002
  0.461633240555914E-056  0.337587067116025E+003  0.787428761797742E+002
  0.138827767508714E-055  0.335378314633936E+003  0.786954783520771E+002
  0.934565980500707E-055  0.331557962758994E+003  0.786129957726563E+002
  0.203135478724172E-054  0.329998555173264E+003  0.785791422641245E+002
  0.491130319904791E-054  0.328226226851918E+003  0.785405339789917E+002
  0.357475990876519E-052  0.319644513516572E+003  0.783515473417465E+002
  0.395142603291394E-052  0.319437500897890E+003  0.783469457287115E+002
  0.231052838304548E-051  0.315898875729967E+003  0.782679668716667E+002
  0.335970861597786E-051  0.315143464123475E+003  0.782510277048767E+002
  0.619108534141828E-051  0.313914296222455E+003  0.782234049537916E+002
  0.618186762716175E-051  0.313910620598949E+003  0.782233222402217E+002
  0.775868795814372E-049  0.304239239023820E+003  0.780033082892600E+002
  0.475622146688726E-048  0.300606132655264E+003  0.779193937214690E+002
  0.184031045194703E-047  0.297893345413609E+003  0.778562684591956E+002
  0.641786780552738E-047  0.295388386505931E+003  0.777976168508475E+002
  0.119742411910795E-045  0.289529217079397E+003  0.776590335401563E+002
  0.303350828861586E-045  0.287663467262109E+003  0.776144833260193E+002
  0.256077854129712E-044  0.283390458437547E+003  0.775116638359220E+002
  0.300743537145452E-043  0.278457079972256E+003  0.773915491403034E+002
  0.988567973244905E-041  0.266860084942535E+003  0.771029299549028E+002
  0.521904839287755E-040  0.263525803442819E+003  0.770182323938130E+002
  0.127597130832511E-039  0.261731192448705E+003  0.769723133855581E+002
  0.171809086666361E-039  0.261129524840342E+003  0.769568655243709E+002
  0.889837633836028E-039  0.257833559033991E+003  0.768717622659360E+002
  0.251167659551713E-038  0.255751569927233E+003  0.768175794937500E+002
  0.530840115271865E-038  0.254248233962576E+003  0.767782471633459E+002
  0.167961841559470E-036  0.247332686119793E+003  0.765949858738705E+002
  0.139171439949319E-035  0.243096920885536E+003  0.764807753318772E+002
  0.462054058901264E-035  0.240690314623803E+003  0.764151918060258E+002
  0.132709409130703E-034  0.238573528959111E+003  0.763570791569881E+002
  0.219353594053727E-034  0.237561827042143E+003  0.763291608668532E+002
  0.776402486179456E-034  0.235027199379993E+003  0.762588007816080E+002
  0.138488602413904E-033  0.233863139662375E+003  0.762262845375473E+002
  0.152982785858474E-033  0.233657409331924E+003  0.762205243429180E+002
  0.169994307862324E-033  0.233439874653752E+003  0.762144292294832E+002
  0.461279280782107E-033  0.231436741630800E+003  0.761580884376870E+002
  0.110781169957554E-032  0.229677809586768E+003  0.761082919716442E+002
  0.154455534548806E-032  0.229006455128578E+003  0.760892043379826E+002
  0.530969614120794E-032  0.226530202462223E+003  0.760184061552636E+002
  0.562131284014572E-032  0.226409485625366E+003  0.760149387031279E+002
  0.677948351335134E-032  0.226028158679172E+003  0.760039756167205E+002
  0.696886850782878E-032  0.225966399192897E+003  0.760021986224748E+002
  0.944226483083863E-032  0.225352257621153E+003  0.600831763041923E+002
  0.121845870259232E-031  0.224835650191777E+003  0.600980892777300E+002
  0.159012805184549E-031  0.224296538917117E+003  0.601136818138744E+002
  0.597743373067926E-031  0.221641529766759E+003  0.758767587279238E+002
  0.665476107283924E-031  0.221420191755629E+003  0.758702849587981E+002
  0.825462758671117E-031  0.220982653348661E+003  0.602102108074851E+002
  0.124606185484785E-030  0.220152399384134E+003  0.602345821330267E+002
  0.129167799049291E-030  0.220073835645821E+003  0.602368922430998E+002
  0.202352264156731E-030  0.219169384598339E+003  0.602635364388101E+002
  0.426185766184114E-030  0.217672998495145E+003  0.603078201980927E+002
  0.635543139878970E-030  0.216867133615722E+003  0.757359084456634E+002
  0.103222718056853E-029  0.215890489862870E+003  0.603609049609019E+002
  0.280170742892193E-029  0.213886813786021E+003  0.756466645447645E+002
  0.348355954741514E-029  0.213444507001633E+003  0.756333306222693E+002
  0.519021539408501E-029  0.212640410284265E+003  0.756090299453444E+002
  0.119885214416985E-028  0.210959405809253E+003  0.755579746268884E+002
  0.119661231726854E-028  0.210956490343088E+003  0.755578857776607E+002
  0.216493862528333E-028  0.209764039728948E+003  0.605462254515333E+002
  0.507480635847409E-028  0.208053591437202E+003  0.605987900142654E+002
  0.662780477699904E-028  0.207512965303794E+003  0.754522010260870E+002
  0.969964150083705E-028  0.206744679161000E+003  0.606392671634600E+002
  0.115947663744505E-027  0.206381093789742E+003  0.754171325789098E+002
  0.155066775749939E-027  0.205793004368043E+003  0.753988460579960E+002
  0.175853545489776E-027  0.205534757417274E+003  0.753908015592779E+002
  0.525107523785498E-027  0.203340198780882E+003  0.753220818323993E+002
  0.688695040584867E-027  0.202791152175562E+003  0.753047875853787E+002
  0.723558408684185E-027  0.202685731171086E+003  0.607662204810920E+002
  0.256016684564834E-026  0.200151782719127E+003  0.608466126527371E+002
  0.477593096035433E-026  0.198898094158943E+003  0.751809611334336E+002
  0.649588028696339E-026  0.198276280071738E+003  0.751609838492656E+002
  0.786016446003255E-026  0.197888345779689E+003  0.751484921057813E+002
  0.106959287058597E-025  0.197265578910720E+003  0.609392901335498E+002
  0.110150325821169E-025  0.197200127802645E+003  0.609414058448329E+002
  0.129324158624112E-025  0.196872520064971E+003  0.609520052858463E+002
  0.179763120835275E-025  0.196207228727020E+003  0.609735791320711E+002
  0.370998001320163E-025  0.194751459773899E+003  0.750466649124937E+002
  0.379414955153472E-025  0.194699936595086E+003  0.750449800615793E+002
  0.410770746451168E-025  0.194534471435464E+003  0.750395664727022E+002
  0.438285138908594E-025  0.194398146982693E+003  0.750351031467617E+002
  0.439823982411832E-025  0.194384481589986E+003  0.750346555785346E+002
  0.663156990899276E-025  0.193556551721919E+003  0.750074856733152E+002
  0.763383234243554E-025  0.193268399287189E+003  0.749980046024625E+002
  0.819560164613985E-025  0.193119728439762E+003  0.749931078387038E+002
  0.124721118683487E-024  0.192273277908522E+003  0.611025203077818E+002
  0.134473965411999E-024  0.192116041487684E+003  0.611077238579908E+002
  0.367794082659375E-024  0.190097080689555E+003  0.611748897054373E+002
  0.702017079397095E-024  0.188797556089793E+003  0.612184718191742E+002
  0.118475923111339E-023  0.187744226271458E+003  0.612540028725292E+002
  0.235220617286875E-023  0.186365942468715E+003  0.747669042352816E+002
  0.258666741129627E-023  0.186169253591185E+003  0.747602025676216E+002
  0.287260646999003E-023  0.185952899087149E+003  0.613148596097274E+002
  0.389455821024717E-023  0.185337522601514E+003  0.747317893446610E+002
  0.633508066542041E-023  0.184357822423455E+003  0.746981658828982E+002
  0.267262437980378E-022  0.181472079944348E+003  0.614695566814481E+002
  0.275069784982165E-022  0.181407836884954E+003  0.745958815883835E+002
  0.311576650282260E-022  0.181151940210301E+003  0.745869336801687E+002
  0.561934864916158E-022  0.179965803493772E+003  0.745452975934173E+002
  0.655444990556651E-022  0.179651291042768E+003  0.615334699720318E+002
  0.100873436442446E-021  0.178782360783277E+003  0.615641936970027E+002
  0.136060819656026E-021  0.178177234477883E+003  0.744820064482459E+002
  0.151300181170044E-021  0.177958251239512E+003  0.744742146667225E+002
  0.307059379669320E-021  0.176536044999755E+003  0.616443037309719E+002
  0.318089288810492E-021  0.176458807463992E+003  0.744206066226767E+002
  0.604081507908124E-021  0.175169397863993E+003  0.743741452477198E+002
  0.115710184140159E-020  0.173862813064654E+003  0.617409676429502E+002
  0.135983826061933E-020  0.173533262883733E+003  0.743146955726460E+002
  0.143211507587168E-020  0.173423033985758E+003  0.617570126210780E+002
  0.168597367830109E-020  0.173089996761610E+003  0.742984921800852E+002
  0.188386598453235E-020  0.172861375596200E+003  0.617775641009081E+002
  0.109272342672962E-019  0.169338855636983E+003  0.619080276029144E+002
  0.162221471805511E-019  0.168541961679117E+003  0.619379294188053E+002
  0.184383986294747E-019  0.168279190191666E+003  0.619478215903783E+002
  0.232910252176699E-019  0.167805269150600E+003  0.741019793660143E+002
  0.363220727117770E-019  0.166909898535250E+003  0.740680510132254E+002
  0.370314931086673E-019  0.166864556763970E+003  0.620013549363243E+002
  0.392644322500397E-019  0.166740800460638E+003  0.620060608067826E+002
  0.528679127488788E-019  0.166139189853942E+003  0.620289897693918E+002
  0.908232373320396E-019  0.165050297113590E+003  0.739969682025143E+002
  0.251742008037386E-018  0.163004662303717E+003  0.621499002361615E+002
  0.453866312983906E-018  0.161819210914689E+003  0.738714025735089E+002
  0.487347245518854E-018  0.161670206916653E+003  0.738655468047310E+002
  0.589800302571728E-018  0.161281937115311E+003  0.622174223978403E+002
  0.157951507792970E-017  0.159305103221481E+003  0.622958832832831E+002
  0.163186281071767E-017  0.159233239033857E+003  0.622987558057677E+002
  0.272355579873276E-017  0.158202151224551E+003  0.737275531975489E+002
  0.355751371257357E-017  0.157661248444327E+003  0.623619546473180E+002
  0.423680199569618E-017  0.157305099198479E+003  0.736913117029242E+002
  0.669939102150746E-017  0.156382027835105E+003  0.736537750365042E+002
  0.157896872301410E-016  0.154660691474879E+003  0.735830987725733E+002
  0.292521638972585E-016  0.153420842833971E+003  0.735316290168645E+002
  0.463606077974917E-016  0.152493194096913E+003  0.734928022323014E+002
  0.480485173914155E-016  0.152415016215465E+003  0.734895174683639E+002
  0.490425364750284E-016  0.152367407168356E+003  0.734875161317470E+002
  0.518224625816643E-016  0.152250480222213E+003  0.734825977660627E+002
  0.571346539222295E-016  0.152048650370941E+003  0.625935851151383E+002
  0.621523275669635E-016  0.151873639917426E+003  0.734667162154234E+002
  0.697525746458703E-016  0.151636252208332E+003  0.734566878741740E+002
  0.759861562426419E-016  0.151458402955174E+003  0.626185201929064E+002
  0.781247343866284E-016  0.151396236296574E+003  0.626211531177474E+002
  0.888619314051639E-016  0.151132026467500E+003  0.626323574312437E+002
  0.907682131628173E-016  0.151082920254568E+003  0.734332402991921E+002
  0.941358917946822E-016  0.151003404181010E+003  0.626378203202224E+002
  0.955001361979899E-016  0.150967972044946E+003  0.734283565560448E+002
  0.123263495246621E-015  0.150450923208386E+003  0.626613486511595E+002
  0.133028342439389E-015  0.150291791818727E+003  0.626681446666002E+002
  0.166316399620742E-015  0.149838476659649E+003  0.733801310051059E+002
  0.245185713156475E-015  0.149055573198927E+003  0.627212358780876E+002
  0.245374171291733E-015  0.149047380940750E+003  0.627215894763184E+002
  0.250119694173177E-015  0.149002414751164E+003  0.733441519855895E+002
  0.264532768719430E-015  0.148883708065088E+003  0.627286589436506E+002
  0.372162182906659E-015  0.148194323281111E+003  0.733091434387099E+002
  0.610111897327813E-015  0.147199042413390E+003  0.628019792834023E+002
  0.121902058692204E-014  0.145808065554962E+003  0.628633012146382E+002
  0.143839539122535E-014  0.145470449090964E+003  0.628782952119391E+002
  0.144185308531082E-014  0.145458991569871E+003  0.628788048208547E+002
  0.191811083370616E-014  0.144881512770110E+003  0.629045555734863E+002
  0.198348163937473E-014  0.144807831303174E+003  0.731598322738780E+002
  0.223333586577972E-014  0.144563890388168E+003  0.629187741501801E+002
  0.257415418640625E-014  0.144273185533584E+003  0.629318224760022E+002
  0.261582121796907E-014  0.144234415792107E+003  0.731341175498938E+002
  0.338687452531076E-014  0.143711101336566E+003  0.629571468109528E+002
  0.344468752913247E-014  0.143670594415480E+003  0.629589767054178E+002
  0.381672481280218E-014  0.143458819878538E+003  0.730991283807696E+002
  0.381463502863013E-014  0.143453259664980E+003  0.629688060614097E+002
  0.466542763611436E-014  0.143043935071895E+003  0.629873704884036E+002
  0.473056565195381E-014  0.143009548922995E+003  0.730787495922332E+002
  0.524766761344851E-014  0.142795415482251E+003  0.730690075430077E+002
  0.590422757055703E-014  0.142552990066226E+003  0.730579555449649E+002
  0.644659665481735E-014  0.142370567067178E+003  0.630180597775513E+002
  0.660528474432047E-014  0.142315276074334E+003  0.630205880554475E+002
  0.731142954631057E-014  0.142105482959051E+003  0.730374898993104E+002
  0.775005820761413E-014  0.141982304300898E+003  0.630358408179157E+002
  0.826129488568444E-014  0.141847886746571E+003  0.730256713153013E+002
  0.883706503298025E-014  0.141706484225165E+003  0.730191718180970E+002
  0.106271250078466E-013  0.141330918877233E+003  0.630658148754584E+002
  0.106384064075695E-013  0.141322141290208E+003  0.630662200186229E+002
  0.150101598701445E-013  0.140626972514970E+003  0.729692705026292E+002
  0.157785388865297E-013  0.140520470091003E+003  0.631033627646231E+002
  0.177125629496716E-013  0.140282567629636E+003  0.729532435974293E+002
  0.179835647549932E-013  0.140245543824154E+003  0.729515175827586E+002
  0.181936979412167E-013  0.140215654252919E+003  0.631175590164981E+002
  0.200789951494489E-013  0.140011800704612E+003  0.631270760497277E+002
  0.208548941138668E-013  0.139929316326089E+003  0.631309321353561E+002
  0.287440290235458E-013  0.139280977927596E+003  0.631613477531454E+002
  0.294528024076833E-013  0.139225604339031E+003  0.631639543096047E+002
  0.376675726575062E-013  0.138726927721079E+003  0.631874912745778E+002
  0.408989114860248E-013  0.138555664408790E+003  0.631956011213090E+002
  0.498613225239570E-013  0.138152724520943E+003  0.728529473369657E+002
  0.545432242823127E-013  0.137966573158893E+003  0.728440819241250E+002
  0.617154991149515E-013  0.137712834364395E+003  0.632357114384403E+002
  0.625655056606111E-013  0.137678820788473E+003  0.728303455465222E+002
  0.700346261894099E-013  0.137446613845997E+003  0.728192319822923E+002
  0.722042063834962E-013  0.137378941216278E+003  0.632516944646000E+002
  0.103879272191673E-012  0.136644823483757E+003  0.632870249513987E+002
  0.316796244981247E-012  0.134408109050816E+003  0.726713535711052E+002
  0.363581724681516E-012  0.134125962886668E+003  0.634103006726853E+002
  0.368417033683549E-012  0.134092884423782E+003  0.634119414410298E+002
  0.424327547077233E-012  0.133803648576701E+003  0.726413696343806E+002
  0.716285078345993E-012  0.132749847860222E+003  0.634790583070631E+002
  0.870674368264111E-012  0.132352812669059E+003  0.725685927674499E+002
  0.995304477463756E-012  0.132078595787819E+003  0.635129768806270E+002
  0.106137090992010E-011  0.131943404277842E+003  0.635198389834797E+002
  0.124630857284648E-011  0.131615499384253E+003  0.725311563310711E+002
  0.154475023415599E-011  0.131179491411915E+003  0.635588116800870E+002
  0.156388629316378E-011  0.131148212431013E+003  0.725072680517760E+002
  0.202673244329274E-011  0.130623054999915E+003  0.724802682015733E+002
  0.202884037222018E-011  0.130614320375202E+003  0.724798177431989E+002
  0.337646873980321E-011  0.129588932740607E+003  0.636410668416347E+002
  0.379082860751892E-011  0.129350768733769E+003  0.724141663713481E+002
  0.486051781808619E-011  0.128846992445549E+003  0.636799674910267E+002
  0.748196508013318E-011  0.127977635886236E+003  0.637259956257760E+002
  0.788784185703432E-011  0.127865326106416E+003  0.637319777943771E+002
  0.115841965708237E-010  0.127090032053997E+003  0.637735028804943E+002
  0.142766952340894E-010  0.126665403075255E+003  0.637964186618028E+002
  0.158048898510562E-010  0.126455365750165E+003  0.722598831389846E+002
  0.187708031246785E-010  0.126104743648055E+003  0.722408159835562E+002
  0.193302185182574E-010  0.126039354147039E+003  0.722372504726076E+002
  0.212597272155611E-010  0.125842408678492E+003  0.638411894791339E+002
  0.227907545713634E-010  0.125696672277283E+003  0.638491674454185E+002
  0.232140153112004E-010  0.125653214193004E+003  0.722161333410667E+002
  0.234573545967863E-010  0.125625702872682E+003  0.722146247380007E+002
  0.286130380398993E-010  0.125221690462726E+003  0.721924073961617E+002
  0.313540490366825E-010  0.125032073032247E+003  0.638857437589244E+002
  0.413503979020792E-010  0.124471940192877E+003  0.721508596446713E+002
  0.558665880943952E-010  0.123863515715197E+003  0.721168327846887E+002
  0.753006065758470E-010  0.123259816740460E+003  0.639848951546518E+002
  0.834091812230083E-010  0.123048620760909E+003  0.720708095305083E+002
  0.864367850802646E-010  0.122970655283655E+003  0.640013040321565E+002
  0.895692931423393E-010  0.122892801278809E+003  0.720619493443530E+002
  0.954759564291412E-010  0.122758421898880E+003  0.640133901320577E+002
  0.966319591220869E-010  0.122727696167440E+003  0.720525398448255E+002
  0.102486760548487E-009  0.122603392390096E+003  0.720454410893727E+002
  0.144232019195361E-009  0.121913357564969E+003  0.720058038079407E+002
  0.150437469893433E-009  0.121822453448603E+003  0.720005525280666E+002
  0.268670288361765E-009  0.120655923031246E+003  0.641351451596959E+002
  0.291203637971599E-009  0.120488191700508E+003  0.641450226101602E+002
  0.339588330072523E-009  0.120174113558675E+003  0.719040967299345E+002
  0.342594426537457E-009  0.120149831523447E+003  0.641650248877600E+002
  0.351189097593478E-009  0.120093620942549E+003  0.641683578210442E+002
  0.358254332130781E-009  0.120047128680095E+003  0.718965660414840E+002
  0.387316329768172E-009  0.119884475920678E+003  0.641807841226436E+002
  0.461975552672635E-009  0.119525279891176E+003  0.642022197087981E+002
  0.475805895806765E-009  0.119459628279474E+003  0.642061505469836E+002
  0.524374153822233E-009  0.119258581750519E+003  0.642182132367522E+002
  0.568209888395327E-009  0.119091355352822E+003  0.718394068693910E+002
  0.589375576881878E-009  0.119011554252832E+003  0.642330871801695E+002
  0.630019672426474E-009  0.118871523847083E+003  0.642415445552617E+002
  0.656010127199401E-009  0.118784017903584E+003  0.642468392152480E+002
  0.696535090409081E-009  0.118657478430632E+003  0.718131739658706E+002
  0.760023610894437E-009  0.118476360196942E+003  0.642655134976020E+002
  0.991260830052961E-009  0.117938448219202E+003  0.642983881083211E+002
  0.104576599214839E-008  0.117824738230658E+003  0.643053746330774E+002
  0.113600290998290E-008  0.117652550134150E+003  0.643159791397233E+002
  0.117151865362533E-008  0.117584324514376E+003  0.717474934230278E+002
  0.210796789852841E-008  0.116402821933258E+003  0.643938715716189E+002
  0.211132159424477E-008  0.116392986958600E+003  0.716731915612869E+002
  0.212617560188589E-008  0.116372309829567E+003  0.716718885634068E+002
  0.218794730699314E-008  0.116308376393938E+003  0.643998259797749E+002
  0.226563688749168E-008  0.116231936604958E+003  0.716630303821650E+002
  0.252584290839407E-008  0.116007843172400E+003  0.716488440947642E+002
  0.305798903369347E-008  0.115618822213675E+003  0.644435988186856E+002
  0.335419725458161E-008  0.115427256729456E+003  0.644558544284260E+002
  0.349091828822532E-008  0.115340696453218E+003  0.716062767265765E+002
  0.355531684667632E-008  0.115297482143237E+003  0.716035019279798E+002
  0.385221218556354E-008  0.115130419781853E+003  0.715927544754500E+002
  0.388435745440165E-008  0.115107144198064E+003  0.644764281996952E+002
  0.399041457932501E-008  0.115046613515162E+003  0.715873508093405E+002
  0.417471349901662E-008  0.114949656729254E+003  0.644865937810336E+002
  0.540807129470677E-008  0.114425307571292E+003  0.645206517339877E+002
  0.747379800707976E-008  0.113771630425563E+003  0.645635779538514E+002
  0.749770151998094E-008  0.113758588435474E+003  0.715032429234673E+002
  0.834196998740608E-008  0.113538527078431E+003  0.645790145889316E+002
  0.110429581164016E-007  0.112970884393675E+003  0.714507858821879E+002
  0.110756513926063E-007  0.112958316452679E+003  0.646177403404712E+002
  0.116351715827046E-007  0.112853094046348E+003  0.714428722739984E+002
  0.124408698907921E-007  0.112712529530130E+003  0.646342782324634E+002
  0.170476693299026E-007  0.112075820977117E+003  0.713901843142130E+002
  0.177150015838683E-007  0.111992368737865E+003  0.646832045350475E+002
  0.192429489890538E-007  0.111820247398428E+003  0.646950042716694E+002
  0.516397673934475E-007  0.109813667158228E+003  0.647410908282521E+002
  0.523356803844305E-007  0.109786894553821E+003  0.647429557231444E+002
  0.780964266083490E-007  0.108947776272032E+003  0.648019514162149E+002
  0.885997554973080E-007  0.108682627083357E+003  0.648208184145830E+002
  0.100111821955902E-006  0.108425530121515E+003  0.648392188471094E+002
  0.103754551119198E-006  0.108341270038212E+003  0.648452724450935E+002
  0.109722691150726E-006  0.108229413700511E+003  0.648533264741829E+002
  0.119983614707842E-006  0.108037753927552E+003  0.648671742357811E+002
  0.138378648760814E-006  0.107752476787621E+003  0.648878989047692E+002
  0.156023281530143E-006  0.107486647023211E+003  0.649073344174422E+002
  0.174554563433926E-006  0.107262182742192E+003  0.649238401692146E+002
  0.242186808922465E-006  0.106594293735460E+003  0.649734791797319E+002
  0.330301916081285E-006  0.105935111794889E+003  0.650232734797788E+002
  0.335180184532587E-006  0.105893009962509E+003  0.650264818436334E+002
  0.441409042243546E-006  0.105329622911349E+003  0.650697488125500E+002
  0.474056717318665E-006  0.105186912926665E+003  0.650808092729047E+002
  0.479258035755939E-006  0.105152226790374E+003  0.650835038183368E+002
  0.492143878545050E-006  0.105086301088382E+003  0.650886319624620E+002
  0.533953684703597E-006  0.104910363322470E+003  0.651023614999354E+002
  0.801061659737366E-006  0.104073464305371E+003  0.651685706488440E+002
  0.814976709496468E-006  0.104039021079425E+003  0.651713283472654E+002
  0.105906270765043E-005  0.103489419657879E+003  0.652156972647380E+002
  0.118245678047742E-005  0.103268999632784E+003  0.652336891207273E+002
  0.129114719349573E-005  0.103093125974724E+003  0.652481282130143E+002
  0.132873854687888E-005  0.103022783124313E+003  0.652539243037611E+002
  0.134955876742808E-005  0.102978742757466E+003  0.652575592892954E+002
  0.136012025199209E-005  0.102963151924792E+003  0.652588472601569E+002
  0.140046804292812E-005  0.102891655801338E+003  0.652647612833512E+002
  0.141014928231699E-005  0.102851903259000E+003  0.652680550082668E+002
  0.146154525417759E-005  0.102767360836949E+003  0.652750729047875E+002
  0.185751020302114E-005  0.102262068584910E+003  0.653173953807542E+002
  0.198227243210313E-005  0.102119193026012E+003  0.653294825257861E+002
  0.199822373007358E-005  0.102103163483253E+003  0.653308419830349E+002
  0.227774178524408E-005  0.101815504961357E+003  0.653553554448870E+002
  0.254317489848236E-005  0.101582185673837E+003  0.653754042856422E+002
  0.262681854591634E-005  0.101517465323704E+003  0.653809924701129E+002
  0.287800431239795E-005  0.101321872952122E+003  0.653979526107861E+002
  0.318592002755778E-005  0.101118584945918E+003  0.654156964857928E+002
  0.324796473676455E-005  0.101066980673143E+003  0.654202199054873E+002
  0.376724361551555E-005  0.100757321246605E+003  0.654475295530983E+002
  0.430386316519249E-005  0.100477953019964E+003  0.654724175726855E+002
  0.447397616788489E-005  0.100374449616169E+003  0.654816999752148E+002
  0.462034867980780E-005  0.100297119311528E+003  0.654886572140419E+002
  0.473678805501886E-005  0.100234396069665E+003  0.654943142868072E+002
  0.574084819407148E-005  0.998113142879458E+002  0.655328066828804E+002
  0.602059918481083E-005  0.997033750551251E+002  0.655427223271737E+002
  0.617982773544453E-005  0.996383882392690E+002  0.655487113050427E+002
  0.627851960263611E-005  0.996067005911309E+002  0.655516367784146E+002
  0.632883042734588E-005  0.995778763467784E+002  0.655543008938983E+002
  0.711961066257239E-005  0.993295393876514E+002  0.655773734137573E+002
  0.784535253354529E-005  0.991354028260035E+002  0.655955623226198E+002
  0.833199120356227E-005  0.990150405357495E+002  0.656069076797270E+002
  0.845863264582474E-005  0.989718410394881E+002  0.656109926226119E+002
  0.999379818460089E-005  0.986252573088542E+002  0.656440182810839E+002
  0.101489179215532E-004  0.985814232027544E+002  0.656482277627724E+002
  0.123260527905293E-004  0.981796977521122E+002  0.656871579880536E+002
  0.130242864530153E-004  0.980564670543293E+002  0.656992300787803E+002
  0.142135769171137E-004  0.978686740413322E+002  0.657177479143554E+002
  0.143925999340137E-004  0.978176665457107E+002  0.657228032700302E+002
  0.144276602164516E-004  0.977998554537909E+002  0.657245711352366E+002
  0.144804516629363E-004  0.977925507214181E+002  0.657252965682873E+002
  0.147135257297621E-004  0.977606155019302E+002  0.657284707357638E+002
  0.188695227564346E-004  0.972369095797417E+002  0.657811619194089E+002
  0.188987972706383E-004  0.972207797864336E+002  0.657828043511256E+002
  0.190310241186720E-004  0.971938059997841E+002  0.657855536638526E+002
  0.202011555561751E-004  0.970356312027657E+002  0.658017438368966E+002
  0.211048979239112E-004  0.969097607023156E+002  0.658147118599722E+002
  0.219944368224072E-004  0.968271918882504E+002  0.658232599723952E+002
  0.221200420701854E-004  0.968158028304758E+002  0.658244416443928E+002
  0.231333081404626E-004  0.967005826311064E+002  0.658364320521654E+002
  0.231215774999043E-004  0.966888174696565E+002  0.658376600790270E+002
  0.232316054344305E-004  0.966793227049643E+002  0.658386516267825E+002
  0.261404027902778E-004  0.964177444036013E+002  0.658661468713841E+002
  0.306812591575604E-004  0.960974046030842E+002  0.659003013247033E+002
  0.309888704100226E-004  0.960645906150386E+002  0.659038308570047E+002
  0.326179553959201E-004  0.959492592448287E+002  0.659162827838825E+002
  0.336028363346405E-004  0.958641227432458E+002  0.659255218568639E+002
  0.355571264426579E-004  0.957382829059414E+002  0.659392527191121E+002
  0.356775596432110E-004  0.957315202838584E+002  0.659399931639476E+002
  0.437686054668595E-004  0.952717723522684E+002  0.659909605395870E+002
  0.448861976490237E-004  0.952087269033869E+002  0.659980492039923E+002
  0.477544180789180E-004  0.950848444185966E+002  0.660120506234783E+002
  0.496323918670792E-004  0.950077002294854E+002  0.660208188010324E+002
  0.511197627103255E-004  0.949231672062773E+002  0.660304708552617E+002
  0.607754531445749E-004  0.945392815704377E+002  0.660749015327622E+002
  0.632733568165652E-004  0.944213405826181E+002  0.660887557400570E+002
  0.683989171615235E-004  0.942655552699027E+002  0.661072081143839E+002
  0.687547121865741E-004  0.942427176072771E+002  0.661099280513210E+002
  0.686148104279430E-004  0.942343302442011E+002  0.661109279416756E+002
  0.718747368342501E-004  0.941290362831130E+002  0.661235249717955E+002
  0.718264746517213E-004  0.941179185872989E+002  0.661248599089497E+002
  0.762261221214500E-004  0.939990164310813E+002  0.661391956898654E+002
  0.762605900956528E-004  0.939855730482450E+002  0.661408233612135E+002
  0.816903212572067E-004  0.938354753509376E+002  0.661590925631207E+002
  0.858885518145852E-004  0.937352453134971E+002  0.661713918891551E+002
  0.875996623008362E-004  0.936706345566489E+002  0.661793635777930E+002
  0.875046582226013E-004  0.936602655589124E+002  0.661806461000503E+002
  0.911660580238316E-004  0.935657450764053E+002  0.661923783475086E+002
  0.988089026067794E-004  0.933921957483097E+002  0.662141168953175E+002
  0.101722348273330E-003  0.933215378864886E+002  0.662230421533108E+002
  0.108106396192089E-003  0.931747998286364E+002  0.662417196037141E+002
  0.123513386829435E-003  0.928834874817104E+002  0.662793881892719E+002
  0.124070548939099E-003  0.928744858791067E+002  0.662805650452099E+002
  0.124334807744531E-003  0.928577694944756E+002  0.662827526183106E+002
  0.128330502813991E-003  0.927573547234476E+002  0.662959512474249E+002
  0.130731672834876E-003  0.927202788550158E+002  0.663008499503513E+002
  0.136797762305578E-003  0.926295654069321E+002  0.663128943913990E+002
  0.140918325235547E-003  0.925702117644160E+002  0.663208208785985E+002
  0.140807540871672E-003  0.925592454769495E+002  0.663222894086222E+002
  0.143615544147530E-003  0.925197536823662E+002  0.663275883504737E+002
  0.144925291828993E-003  0.924889783760388E+002  0.663317291654147E+002
  0.151305122613943E-003  0.923901998443093E+002  0.663450884009619E+002
  0.157150746352245E-003  0.923143857743490E+002  0.663554139461249E+002
  0.161103600217200E-003  0.922520030687528E+002  0.663639580794537E+002
  0.165954226987629E-003  0.921799758701066E+002  0.663738778547186E+002
  0.168035432199667E-003  0.921423517071062E+002  0.663790831975758E+002
  0.169161563372437E-003  0.921289929242660E+002  0.663809353428169E+002
  0.171763805227724E-003  0.920984608180282E+002  0.663851763174617E+002
  0.189927623143834E-003  0.918845535151459E+002  0.664152000941118E+002
  0.192777979659466E-003  0.918547613281397E+002  0.664194259884378E+002
  0.206744107724552E-003  0.916890691750477E+002  0.664431335439098E+002
  0.230846427530144E-003  0.914685274959123E+002  0.664752484087000E+002
  0.273784260687005E-003  0.910887655841482E+002  0.665321573134000E+002
  0.277723928663689E-003  0.910601913213033E+002  0.665365267790374E+002
  0.284500161944719E-003  0.909991170108922E+002  0.665459090479622E+002
  0.290500542452325E-003  0.909445119886236E+002  0.665543478787990E+002
  0.303157529199466E-003  0.908592177383013E+002  0.665676267023995E+002
  0.309869564933522E-003  0.907896131648305E+002  0.665785526962575E+002
  0.336061655765307E-003  0.905889869490668E+002  0.666105146710077E+002
  0.336339792468881E-003  0.905873323617950E+002  0.666107812496320E+002
  0.349336015186499E-003  0.905115077274403E+002  0.666230517725868E+002
  0.363132279597286E-003  0.904211801042898E+002  0.666378100421933E+002
  0.362773665229107E-003  0.904102944165371E+002  0.666395991588340E+002
  0.362865171030389E-003  0.903969282207477E+002  0.666417991043540E+002
  0.364730446910469E-003  0.903866737336652E+002  0.666434892526712E+002
  0.387409403931660E-003  0.902530818126286E+002  0.666656986916919E+002
  0.391337116666014E-003  0.902071002943157E+002  0.666734269177849E+002
  0.401399555329600E-003  0.901563243961377E+002  0.666820122774385E+002
  0.399359694366044E-003  0.901535690233896E+002  0.666824797253579E+002
  0.423521611099187E-003  0.900231399101605E+002  0.667047950497664E+002
  0.425632719738724E-003  0.900131953669256E+002  0.667065118702444E+002
  0.429621072224618E-003  0.899945418096533E+002  0.667097382139178E+002
  0.431916356997078E-003  0.899707702912779E+002  0.667138611950497E+002
  0.436863694231737E-003  0.899089025341476E+002  0.667246525364074E+002
  0.446193611282650E-003  0.898666390743264E+002  0.667320758075444E+002
  0.459346755763471E-003  0.898085342339537E+002  0.667423511551201E+002
  0.473878037096012E-003  0.896942940634329E+002  0.667627957475868E+002
  0.473312355133424E-003  0.896838211669269E+002  0.667646864726200E+002
  0.499052812811852E-003  0.895650466129762E+002  0.667863299648771E+002
  0.497692740208515E-003  0.895576428890617E+002  0.667876915422479E+002
  0.503349618863838E-003  0.895221769146018E+002  0.667942346318070E+002
  0.505948101404676E-003  0.894990169306269E+002  0.667985261039788E+002
  0.512454062989162E-003  0.894606011976260E+002  0.668056774829957E+002
  0.509262304435004E-003  0.894602351311915E+002  0.668057458293317E+002
  0.520091436126078E-003  0.894181522949289E+002  0.668136284100187E+002
  0.521715985803856E-003  0.894119148619434E+002  0.668148010874438E+002
  0.519470664068589E-003  0.894075115237409E+002  0.668156296230282E+002
  0.255994571109344E-001  0.796319153875238E+002  0.678354804624318E+002
  0.256035903701889E-001  0.796315924958627E+002  0.678358540646909E+002
  0.256239047275485E-001  0.796300062884258E+002  0.678376997226136E+002
  0.236810776789482E-001  0.796276196233479E+002  0.678405099640439E+002
  0.236878882395960E-001  0.796270445159489E+002  0.678411932685369E+002
  0.236884022205204E-001  0.796270011203247E+002  0.678412449267062E+002
  0.237565821712884E-001  0.796212529892146E+002  0.678482145286148E+002
  0.237580836848808E-001  0.796211265849926E+002  0.678483707365710E+002
  0.237717092444259E-001  0.796199798886509E+002  0.678497938588833E+002
  0.237764542893390E-001  0.796195807106742E+002  0.678502918529291E+002
  0.237791974455135E-001  0.796193499783783E+002  0.678505803199162E+002
  0.237813723443650E-001  0.796191670622473E+002  0.678508093290736E+002
  0.238045894983135E-001  0.796172154651887E+002  0.678532707887056E+002
  0.238406527754586E-001  0.796141878148034E+002  0.678571572770887E+002
  0.239016585903837E-001  0.796090765542562E+002  0.678639200094122E+002
