  0.505124671869698E-068  0.394339911630261E+003  0.799244058249768E+002
  0.719515226878312E-067  0.389020541033196E+003  0.798213807618550E+002
  0.115028114194586E-066  0.388075517506022E+003  0.798029832930176E+002
  0.260972247627828E-066  0.386430386923839E+003  0.797708875280681E+002
  0.399467286767458E-066  0.385572295732305E+003  0.797541116724848E+002
  0.575273070419214E-065  0.380231044052677E+003  0.796491443475009E+002
  0.546401421876801E-063  0.371117029945767E+003  0.794678091672139E+002
  0.301337556634892E-062  0.367695449826613E+003  0.793989854149503E+002
  0.522999633153085E-062  0.366586094895169E+003  0.793765815261069E+002
  0.122599471670336E-061  0.364875585226038E+003  0.793419500811003E+002
  0.239625069645042E-061  0.363528624090068E+003  0.793146043153574E+002
  0.729940604891340E-060  0.356689022972570E+003  0.791747122504467E+002
  0.737039495975218E-060  0.356663010765824E+003  0.791741768631556E+002
  0.500451602298015E-059  0.352825446170802E+003  0.790949075919266E+002
  0.199897974947121E-057  0.345443857787139E+003  0.789408127424716E+002
  0.537649226396785E-057  0.343458403725254E+003  0.788989922984352E+002
  0.481587730264058E-056  0.339066813829744E+003  0.788059137048205E+002
  0.482153543381521E-056  0.339057809846733E+003  0.788057220415760E+002
  0.789292544156013E-056  0.338065405441615E+003  0.787845762865640E+002
  0.127087557369739E-055  0.337106101182446E+003  0.787640962066677E+002
  0.208005748964462E-055  0.336114066719158E+003  0.787428761797742E+002
  0.625539307415119E-055  0.333905314237069E+003  0.786954783520771E+002
  0.421102900858395E-054  0.330084962362127E+003  0.786129957726563E+002
  0.915301232259468E-054  0.328525554776397E+003  0.785791422641245E+002
  0.221296737444492E-053  0.326753226455051E+003  0.785405339789917E+002
  0.161073888720723E-051  0.318171513119704E+003  0.783515473417465E+002
  0.178045959269360E-051  0.317964500501023E+003  0.783469457287115E+002
  0.104109311157989E-050  0.314425875333099E+003  0.782679668716667E+002
  0.151383965792265E-050  0.313670463726608E+003  0.782510277048767E+002
  0.278962004944414E-050  0.312441295825587E+003  0.782234049537916E+002
  0.278546667098423E-050  0.312437620202082E+003  0.782233222402217E+002
  0.349596077130794E-048  0.302766238626952E+003  0.780033082892600E+002
  0.214308962515225E-047  0.299133132258397E+003  0.779193937214690E+002
  0.829219216153967E-047  0.296420345016742E+003  0.778562684591956E+002
  0.289180518724369E-046  0.293915386109063E+003  0.777976168508475E+002
  0.539543253911308E-045  0.288056216682529E+003  0.776590335401563E+002
  0.136685816386101E-044  0.286190466865241E+003  0.776144833260193E+002
  0.115385247772280E-043  0.281917458040680E+003  0.775116638359220E+002
  0.135511005695418E-042  0.276984079575388E+003  0.773915491403034E+002
  0.445435474771012E-040  0.265387084545668E+003  0.771029299549028E+002
  0.235163323276935E-039  0.262052803045952E+003  0.770182323938130E+002
  0.574935564271154E-039  0.260258192051838E+003  0.769723133855581E+002
  0.774148709653222E-039  0.259656524443475E+003  0.769568655243709E+002
  0.400948907535211E-038  0.256360558637124E+003  0.768717622659360E+002
  0.113172779927616E-037  0.254278569530366E+003  0.768175794937500E+002
  0.239189438837940E-037  0.252775233565709E+003  0.767782471633459E+002
  0.756813539011130E-036  0.245859685722925E+003  0.765949858738705E+002
  0.627087849355493E-035  0.241623920488669E+003  0.764807753318772E+002
  0.208195364068868E-034  0.239217314226936E+003  0.764151918060258E+002
  0.597970804867125E-034  0.237100528562243E+003  0.763570791569881E+002
  0.988377885531986E-034  0.236088826645276E+003  0.763291608668532E+002
  0.349836550853994E-033  0.233554198983125E+003  0.762588007816080E+002
  0.624011074970616E-033  0.232390139265508E+003  0.762262845375473E+002
  0.689319922301140E-033  0.232184408935056E+003  0.762205243429180E+002
  0.765971559674030E-033  0.231966874256885E+003  0.762144292294832E+002
  0.207846259436016E-032  0.229963741233932E+003  0.761580884376870E+002
  0.499165099125698E-032  0.228204809189901E+003  0.761082919716442E+002
  0.695955930444751E-032  0.227533454731711E+003  0.760892043379826E+002
  0.239247789283045E-031  0.225057202065356E+003  0.760184061552636E+002
  0.253288819945033E-031  0.224936485228498E+003  0.760149387031279E+002
  0.305474437691864E-031  0.224555158282304E+003  0.760039756167205E+002
  0.314007871629913E-031  0.224493398796030E+003  0.760021986224748E+002
  0.425455793801650E-031  0.223879257224286E+003  0.600831763041923E+002
  0.549021155213565E-031  0.223362649794910E+003  0.600980892777300E+002
  0.716490380924962E-031  0.222823538520250E+003  0.601136818138744E+002
  0.269335149812466E-030  0.220168529369891E+003  0.758767587279238E+002
  0.299854611740822E-030  0.219947191358761E+003  0.758702849587981E+002
  0.371942451875635E-030  0.219509652951794E+003  0.602102108074851E+002
  0.561458765537678E-030  0.218679398987267E+003  0.602345821330267E+002
  0.582012784672627E-030  0.218600835248954E+003  0.602368922430998E+002
  0.911772172426103E-030  0.217696384201471E+003  0.602635364388101E+002
  0.192033592265514E-029  0.216199998098277E+003  0.603078201980927E+002
  0.286367217946782E-029  0.215394133218855E+003  0.757359084456634E+002
  0.465107728241315E-029  0.214417489466003E+003  0.603609049609019E+002
  0.126241180429388E-028  0.212413813389153E+003  0.756466645447645E+002
  0.156964522712841E-028  0.211971506604766E+003  0.756333306222693E+002
  0.233864147008452E-028  0.211167409887398E+003  0.756090299453444E+002
  0.540186702858335E-028  0.209486405412386E+003  0.755579746268884E+002
  0.539177466886514E-028  0.209483489946221E+003  0.755578857776607E+002
  0.975492318689778E-028  0.208291039332081E+003  0.605462254515333E+002
  0.228663970595546E-027  0.206580591040334E+003  0.605987900142654E+002
  0.298639997191227E-027  0.206039964906926E+003  0.754522010260870E+002
  0.437052841480571E-027  0.205271678764132E+003  0.606392671634600E+002
  0.522444627445209E-027  0.204908093392874E+003  0.754171325789098E+002
  0.698710101346443E-027  0.204320003971176E+003  0.753988460579960E+002
  0.792372498860965E-027  0.204061757020407E+003  0.753908015592779E+002
  0.236606409972442E-026  0.201867198384015E+003  0.753220818323993E+002
  0.310316751784297E-026  0.201318151778695E+003  0.753047875853787E+002
  0.326025718028126E-026  0.201212730774219E+003  0.607662204810920E+002
  0.115357685586461E-025  0.198678782322260E+003  0.608466126527371E+002
  0.215197045865841E-025  0.197425093762076E+003  0.751809611334336E+002
  0.292695656544621E-025  0.196803279674870E+003  0.751609838492656E+002
  0.354168472253876E-025  0.196415345382821E+003  0.751484921057813E+002
  0.481944207192207E-025  0.195792578513853E+003  0.609392901335498E+002
  0.496322600025968E-025  0.195727127405778E+003  0.609414058448329E+002
  0.582717319953261E-025  0.195399519668103E+003  0.609520052858463E+002
  0.809988521201433E-025  0.194734228330152E+003  0.609735791320711E+002
  0.167166725333708E-024  0.193278459377032E+003  0.750466649124937E+002
  0.170959291882836E-024  0.193226936198218E+003  0.750449800615793E+002
  0.185087791046797E-024  0.193061471038596E+003  0.750395664727022E+002
  0.197485407395908E-024  0.192925146585826E+003  0.750351031467617E+002
  0.198178789646812E-024  0.192911481193118E+003  0.750346555785346E+002
  0.298809648990857E-024  0.192083551325052E+003  0.750074856733152E+002
  0.343970250483978E-024  0.191795398890322E+003  0.749980046024625E+002
  0.369282822131017E-024  0.191646728042895E+003  0.749931078387038E+002
  0.561976639121654E-024  0.190800277511655E+003  0.611025203077818E+002
  0.605921658892248E-024  0.190643041090816E+003  0.611077238579908E+002
  0.165723082540880E-023  0.188624080292688E+003  0.611748897054373E+002
  0.316319483861246E-023  0.187324555692926E+003  0.612184718191742E+002
  0.533836625182229E-023  0.186271225874591E+003  0.612540028725292E+002
  0.105987256488985E-022  0.184892942071847E+003  0.747669042352816E+002
  0.116551765544598E-022  0.184696253194318E+003  0.747602025676216E+002
  0.129435796163832E-022  0.184479898690282E+003  0.613148596097274E+002
  0.175483571424066E-022  0.183864522204647E+003  0.747317893446610E+002
  0.285450241185885E-022  0.182884822026587E+003  0.746981658828982E+002
  0.120424871300932E-021  0.179999079547481E+003  0.614695566814481E+002
  0.123942757184922E-021  0.179934836488087E+003  0.745958815883835E+002
  0.140392261232650E-021  0.179678939813433E+003  0.745869336801687E+002
  0.253200316132727E-021  0.178492803096905E+003  0.745452975934173E+002
  0.295334725033154E-021  0.178178290645901E+003  0.615334699720318E+002
  0.454522180260745E-021  0.177309360386410E+003  0.615641936970027E+002
  0.613071811362407E-021  0.176704234081016E+003  0.744820064482459E+002
  0.681738331166000E-021  0.176485250842645E+003  0.744742146667225E+002
  0.138356839658616E-020  0.175063044602887E+003  0.616443037309719E+002
  0.143326768836932E-020  0.174985807067125E+003  0.744206066226767E+002
  0.272191028394528E-020  0.173696397467125E+003  0.743741452477198E+002
  0.521374576187502E-020  0.172389812667787E+003  0.617409676429502E+002
  0.612724888550143E-020  0.172060262486865E+003  0.743146955726460E+002
  0.645291852469862E-020  0.171950033588890E+003  0.617570126210780E+002
  0.759677135180033E-020  0.171616996364742E+003  0.742984921800852E+002
  0.848844755177188E-020  0.171388375199333E+003  0.617775641009081E+002
  0.492366525673502E-019  0.167865855240116E+003  0.619080276029144E+002
  0.730948202525216E-019  0.167068961282250E+003  0.619379294188053E+002
  0.830809521431053E-019  0.166806189794798E+003  0.619478215903783E+002
  0.104946236945969E-018  0.166332268753732E+003  0.741019793660143E+002
  0.163662389849934E-018  0.165436898138383E+003  0.740680510132254E+002
  0.166858943044590E-018  0.165391556367103E+003  0.620013549363243E+002
  0.176920267439989E-018  0.165267800063771E+003  0.620060608067826E+002
  0.238215726715775E-018  0.164666189457075E+003  0.620289897693918E+002
  0.409237330524080E-018  0.163577296716723E+003  0.739969682025143E+002
  0.113431573654827E-017  0.161531661906850E+003  0.621499002361615E+002
  0.204506075533623E-017  0.160346210517822E+003  0.738714025735089E+002
  0.219592134846800E-017  0.160197206519785E+003  0.738655468047310E+002
  0.265756108741573E-017  0.159808936718444E+003  0.622174223978403E+002
  0.711708317169241E-017  0.157832102824614E+003  0.622958832832831E+002
  0.735295503724612E-017  0.157760238636989E+003  0.622987558057677E+002
  0.122719772752870E-016  0.156729150827683E+003  0.737275531975489E+002
  0.160296798242717E-016  0.156188248047460E+003  0.623619546473180E+002
  0.190904617541768E-016  0.155832098801612E+003  0.736913117029242E+002
  0.301865577391346E-016  0.154909027438237E+003  0.736537750365042E+002
  0.711462136969384E-016  0.153187691078011E+003  0.735830987725733E+002
  0.131806328611721E-015  0.151947842437104E+003  0.735316290168645E+002
  0.208894683055156E-015  0.151020193700045E+003  0.734928022323014E+002
  0.216500177383199E-015  0.150942015818598E+003  0.734895174683639E+002
  0.220979094103380E-015  0.150894406771489E+003  0.734875161317470E+002
  0.233505068428373E-015  0.150777479825346E+003  0.734825977660627E+002
  0.257441090390444E-015  0.150575649974074E+003  0.625935851151383E+002
  0.280050055101813E-015  0.150400639520559E+003  0.734667162154234E+002
  0.314295749455604E-015  0.150163251811465E+003  0.734566878741740E+002
  0.342383432379095E-015  0.149985402558307E+003  0.626185201929064E+002
  0.352019578771478E-015  0.149923235899706E+003  0.626211531177474E+002
  0.400399948974678E-015  0.149659026070633E+003  0.626323574312437E+002
  0.408989398994795E-015  0.149609919857701E+003  0.734332402991921E+002
  0.424163707397048E-015  0.149530403784142E+003  0.626378203202224E+002
  0.430310809770761E-015  0.149494971648079E+003  0.734283565560448E+002
  0.555408783342276E-015  0.148977922811518E+003  0.626613486511595E+002
  0.599407875595887E-015  0.148818791421860E+003  0.626681446666002E+002
  0.749399398243637E-015  0.148365476262781E+003  0.733801310051059E+002
  0.110477395083343E-014  0.147582572802060E+003  0.627212358780876E+002
  0.110562311792386E-014  0.147574380543882E+003  0.627215894763184E+002
  0.112700580778374E-014  0.147529414354296E+003  0.733441519855895E+002
  0.119194918929292E-014  0.147410707668221E+003  0.627286589436506E+002
  0.167691289948115E-014  0.146721322884244E+003  0.733091434387099E+002
  0.274908241016135E-014  0.145726042016522E+003  0.628019792834023E+002
  0.549274332759215E-014  0.144335065158095E+003  0.628633012146382E+002
  0.648121678366505E-014  0.143997448694097E+003  0.628782952119391E+002
  0.649679668963266E-014  0.143985991173003E+003  0.628788048208547E+002
  0.864275025085806E-014  0.143408512373242E+003  0.629045555734863E+002
  0.893730233677646E-014  0.143334830906307E+003  0.731598322738780E+002
  0.100631119823888E-013  0.143090889991301E+003  0.629187741501801E+002
  0.115987936407842E-013  0.142800185136717E+003  0.629318224760022E+002
  0.117865396986052E-013  0.142761415395240E+003  0.731341175498938E+002
  0.152608025244794E-013  0.142238100939698E+003  0.629571468109528E+002
  0.155213001685691E-013  0.142197594018613E+003  0.629589767054178E+002
  0.171976502888342E-013  0.141985819481670E+003  0.730991283807696E+002
  0.171882340015374E-013  0.141980259268113E+003  0.629688060614097E+002
  0.210217914230104E-013  0.141570934675028E+003  0.629873704884036E+002
  0.213152945891695E-013  0.141536548526128E+003  0.730787495922332E+002
  0.236452866985369E-013  0.141322415085384E+003  0.730690075430077E+002
  0.266036578386652E-013  0.141079989669359E+003  0.730579555449649E+002
  0.290475002155894E-013  0.140897566670310E+003  0.630180597775513E+002
  0.297625274711893E-013  0.140842275677467E+003  0.630205880554475E+002
  0.329443212743915E-013  0.140632482562184E+003  0.730374898993104E+002
  0.349207232142054E-013  0.140509303904031E+003  0.630358408179157E+002
  0.372242871428360E-013  0.140374886349704E+003  0.730256713153013E+002
  0.398186302316357E-013  0.140233483828298E+003  0.730191718180970E+002
  0.478844004806537E-013  0.139857918480366E+003  0.630658148754584E+002
  0.479352329552808E-013  0.139849140893340E+003  0.630662200186229E+002
  0.676337679259386E-013  0.139153972118103E+003  0.729692705026292E+002
  0.710959807553129E-013  0.139047469694135E+003  0.631033627646231E+002
  0.798104338844817E-013  0.138809567232769E+003  0.729532435974293E+002
  0.810315316853855E-013  0.138772543427287E+003  0.729515175827586E+002
  0.819783636494361E-013  0.138742653856052E+003  0.631175590164981E+002
  0.904732601033114E-013  0.138538800307745E+003  0.631270760497277E+002
  0.939693568103024E-013  0.138456315929222E+003  0.631309321353561E+002
  0.129516740997658E-012  0.137807977530729E+003  0.631613477531454E+002
  0.132710378839596E-012  0.137752603942163E+003  0.631639543096047E+002
  0.169725032210914E-012  0.137253927324212E+003  0.631874912745778E+002
  0.184285011738700E-012  0.137082664011923E+003  0.631956011213090E+002
  0.224668434263200E-012  0.136679724124075E+003  0.728529473369657E+002
  0.245764455872307E-012  0.136493572762025E+003  0.728440819241250E+002
  0.278081764663708E-012  0.136239833967528E+003  0.632357114384403E+002
  0.281911780195988E-012  0.136205820391606E+003  0.728303455465222E+002
  0.315566635895451E-012  0.135973613449129E+003  0.728192319822923E+002
  0.325342473369069E-012  0.135905940819411E+003  0.632516944646000E+002
  0.468066073146992E-012  0.135171823086889E+003  0.632870249513987E+002
  0.142744140623628E-011  0.132935108653948E+003  0.726713535711052E+002
  0.163825050512173E-011  0.132652962489800E+003  0.634103006726853E+002
  0.166003775920316E-011  0.132619884026915E+003  0.634119414410298E+002
  0.191196303649550E-011  0.132330648179834E+003  0.726413696343806E+002
  0.322748452893060E-011  0.131276847463355E+003  0.634790583070631E+002
  0.392314196995099E-011  0.130879812272192E+003  0.725685927674499E+002
  0.448470853254031E-011  0.130605595390952E+003  0.635129768806270E+002
  0.478239501950008E-011  0.130470403880975E+003  0.635198389834797E+002
  0.561569933360053E-011  0.130142498987386E+003  0.725311563310711E+002
  0.696043744665592E-011  0.129706491015048E+003  0.635588116800870E+002
  0.704666196292665E-011  0.129675212034145E+003  0.725072680517760E+002
  0.913218466048969E-011  0.129150054603048E+003  0.724802682015733E+002
  0.914168270562152E-011  0.129141319978335E+003  0.724798177431989E+002
  0.152139154501118E-010  0.128115932343740E+003  0.636410668416347E+002
  0.170809654597955E-010  0.127877768336902E+003  0.724141663713481E+002
  0.219008416267568E-010  0.127373992048681E+003  0.636799674910267E+002
  0.337127315256796E-010  0.126504635489369E+003  0.637259956257760E+002
  0.355415578655016E-010  0.126392325709549E+003  0.637319777943771E+002
  0.521968366264976E-010  0.125617031657130E+003  0.637735028804943E+002
  0.643288746132771E-010  0.125192402678388E+003  0.637964186618028E+002
  0.712147146685310E-010  0.124982365353297E+003  0.722598831389846E+002
  0.845787222322082E-010  0.124631743251187E+003  0.722408159835562E+002
  0.870993729934824E-010  0.124566353750172E+003  0.722372504726076E+002
  0.957934804895716E-010  0.124369408281625E+003  0.638411894791339E+002
  0.102692084486226E-009  0.124223671880416E+003  0.638491674454185E+002
  0.104599240632327E-009  0.124180213796136E+003  0.722161333410667E+002
  0.105695694828082E-009  0.124152702475815E+003  0.722146247380007E+002
  0.128926513187629E-009  0.123748690065859E+003  0.721924073961617E+002
  0.141277141245071E-009  0.123559072635380E+003  0.638857437589244E+002
  0.186319348997548E-009  0.122998939796010E+003  0.721508596446713E+002
  0.251727355782921E-009  0.122390515318329E+003  0.721168327846887E+002
  0.339294437493837E-009  0.121786816343593E+003  0.639848951546518E+002
  0.375830587717464E-009  0.121575620364042E+003  0.720708095305083E+002
  0.389472564779994E-009  0.121497654886788E+003  0.640013040321565E+002
  0.403587226124667E-009  0.121419800881941E+003  0.720619493443530E+002
  0.430201858974170E-009  0.121285421502013E+003  0.640133901320577E+002
  0.435410652120468E-009  0.121254695770573E+003  0.720525398448255E+002
  0.461791602380248E-009  0.121130391993229E+003  0.720454410893727E+002
  0.649890140953886E-009  0.120440357168101E+003  0.720058038079407E+002
  0.677851069819419E-009  0.120349453051736E+003  0.720005525280666E+002
  0.121059229807390E-008  0.119182922634379E+003  0.641351451596959E+002
  0.131212455031439E-008  0.119015191303641E+003  0.641450226101602E+002
  0.153013948586684E-008  0.118701113161808E+003  0.719040967299345E+002
  0.154368455350313E-008  0.118676831126579E+003  0.641650248877600E+002
  0.158241098897295E-008  0.118620620545682E+003  0.641683578210442E+002
  0.161424598854472E-008  0.118574128283228E+003  0.718965660414840E+002
  0.174519545348551E-008  0.118411475523810E+003  0.641807841226436E+002
  0.208159990214800E-008  0.118052279494309E+003  0.642022197087981E+002
  0.214391757404235E-008  0.117986627882606E+003  0.642061505469836E+002
  0.236275963299463E-008  0.117785581353652E+003  0.642182132367522E+002
  0.256027757581659E-008  0.117618354955955E+003  0.718394068693910E+002
  0.265564733040128E-008  0.117538553855965E+003  0.642330871801695E+002
  0.283878417567170E-008  0.117398523450216E+003  0.642415445552617E+002
  0.295589368027452E-008  0.117311017506716E+003  0.642468392152480E+002
  0.313849373121617E-008  0.117184478033765E+003  0.718131739658706E+002
  0.342456449246160E-008  0.117003359800075E+003  0.642655134976020E+002
  0.446648839944899E-008  0.116465447822334E+003  0.642983881083211E+002
  0.471208135221027E-008  0.116351737833790E+003  0.643053746330774E+002
  0.511867680568779E-008  0.116179549737282E+003  0.643159791397233E+002
  0.527870598485775E-008  0.116111324117509E+003  0.717474934230278E+002
  0.949822073034499E-008  0.114929821536390E+003  0.643938715716189E+002
  0.951333203360484E-008  0.114919986561733E+003  0.716731915612869E+002
  0.958026220052247E-008  0.114899309432700E+003  0.716718885634068E+002
  0.985859722185183E-008  0.114835375997071E+003  0.643998259797749E+002
  0.102086560555457E-007  0.114758936208091E+003  0.716630303821650E+002
  0.113811094992728E-007  0.114534842775532E+003  0.716488440947642E+002
  0.137788885937365E-007  0.114145821816808E+003  0.644435988186856E+002
  0.151135631236957E-007  0.113954256332588E+003  0.644558544284260E+002
  0.157296097707701E-007  0.113867696056350E+003  0.716062767265765E+002
  0.160197810410777E-007  0.113824481746369E+003  0.716035019279798E+002
  0.173575516326178E-007  0.113657419384985E+003  0.715927544754500E+002
  0.175023939042071E-007  0.113634143801196E+003  0.644764281996952E+002
  0.179802730897732E-007  0.113573613118295E+003  0.715873508093405E+002
  0.188106993124954E-007  0.113476656332387E+003  0.644865937810336E+002
  0.243680441805718E-007  0.112952307174424E+003  0.645206517339877E+002
  0.336759317894804E-007  0.112298630028696E+003  0.645635779538514E+002
  0.337836378138100E-007  0.112285588038607E+003  0.715032429234673E+002
  0.375877983348845E-007  0.112065526681564E+003  0.645790145889316E+002
  0.497580887160379E-007  0.111497883996808E+003  0.714507858821879E+002
  0.499054002353495E-007  0.111485316055811E+003  0.646177403404712E+002
  0.524265231956890E-007  0.111380093649481E+003  0.714428722739984E+002
  0.560568917499829E-007  0.111239529133262E+003  0.646342782324634E+002
  0.768145123777210E-007  0.110602820580250E+003  0.713901843142130E+002
  0.798214220432181E-007  0.110519368340998E+003  0.646832045350475E+002
  0.867061481953295E-007  0.110347247001561E+003  0.646950042716694E+002
  0.207476797665582E-006  0.108609068614357E+003  0.713516912319344E+002
  0.281630542354754E-006  0.107970517798581E+003  0.713072633301182E+002
  0.338876229388284E-006  0.107600440084192E+003  0.712812365481931E+002
  0.421590311309278E-006  0.107149896164549E+003  0.712492664021546E+002
  0.430284060378988E-006  0.107095327246136E+003  0.712453726387380E+002
  0.526911791795767E-006  0.106676406366722E+003  0.712153218367785E+002
  0.526786262604838E-006  0.106649485206138E+003  0.712133809662084E+002
  0.693923437589974E-006  0.106084699793045E+003  0.711723862765661E+002
  0.744113658198403E-006  0.105945035481814E+003  0.711621659598435E+002
  0.111013087647994E-005  0.105117558984030E+003  0.711009145578838E+002
  0.121686163718084E-005  0.104920312652464E+003  0.710861325925315E+002
  0.121064462916770E-005  0.104916905015723E+003  0.710858765895029E+002
  0.129848907224417E-005  0.104763156351015E+003  0.710743036000289E+002
  0.142615571706773E-005  0.104575593994763E+003  0.710601254552630E+002
  0.146999703732703E-005  0.104501292494528E+003  0.710544904805231E+002
  0.156287768031867E-005  0.104365009929034E+003  0.710441274876904E+002
  0.311070380076546E-005  0.102974623741935E+003  0.709362882679673E+002
  0.347828387450881E-005  0.102737497924243E+003  0.709174941264060E+002
  0.380763953262459E-005  0.102542811327159E+003  0.709019715743214E+002
  0.490724410881743E-005  0.102021659466521E+003  0.708600000874064E+002
  0.603657092966273E-005  0.101580014535960E+003  0.708239375734072E+002
  0.624762928561052E-005  0.101484071324576E+003  0.708160415285632E+002
  0.630083594278984E-005  0.101467110851698E+003  0.708146433640015E+002
  0.657933646589138E-005  0.101339928312673E+003  0.708041363760069E+002
  0.660782519022545E-005  0.101331286947868E+003  0.708034210369113E+002
  0.662585358648525E-005  0.101312278323475E+003  0.708018468371777E+002
  0.677302646087972E-005  0.101268340683020E+003  0.707982047094839E+002
  0.750524809521823E-005  0.101035820389269E+003  0.707788499252044E+002
  0.772193928120139E-005  0.100965334989587E+003  0.707729557703056E+002
  0.789083478420144E-005  0.100922062194875E+003  0.707693309056088E+002
  0.824916023055517E-005  0.100833243249165E+003  0.707618756534973E+002
  0.103337183663307E-004  0.100355244017547E+003  0.707213984149946E+002
  0.135469674788569E-004  0.998000910002079E+002  0.706736088460964E+002
  0.183889306711971E-004  0.991482392924373E+002  0.706163665343603E+002
  0.194815956140908E-004  0.990327966612249E+002  0.706060961748546E+002
  0.214362817229472E-004  0.988280079096005E+002  0.705877755176115E+002
  0.224018257629724E-004  0.987398927720926E+002  0.705798520624277E+002
  0.258817718597771E-004  0.984374479041181E+002  0.705524661263195E+002
  0.275061599849958E-004  0.983157058094962E+002  0.705413581327817E+002
  0.324054126623902E-004  0.979604771462116E+002  0.705086613906276E+002
  0.324704445660897E-004  0.979428155934926E+002  0.705070244667685E+002
  0.452743989983565E-004  0.972373133218283E+002  0.704407262099076E+002
  0.473570115316233E-004  0.971338989409300E+002  0.704308539456247E+002
  0.564790656716478E-004  0.967681205507103E+002  0.703956044935617E+002
  0.640147652774216E-004  0.965041650587413E+002  0.703698371564701E+002
  0.720766447962279E-004  0.962669324593930E+002  0.703464335452185E+002
  0.732166935936235E-004  0.962355456881134E+002  0.703433193942196E+002
  0.758018242865834E-004  0.961120905234584E+002  0.703310293882190E+002
  0.777183727300272E-004  0.960487738926971E+002  0.703247006158546E+002
  0.772463760405861E-004  0.960475792846204E+002  0.703245810415289E+002
  0.803654992628636E-004  0.959550313725950E+002  0.703152984064047E+002
  0.863343255342211E-004  0.958117467822022E+002  0.703008518629202E+002
  0.867610459058845E-004  0.958018858313850E+002  0.702998542538355E+002
  0.963157712177997E-004  0.955793777852569E+002  0.702772257005366E+002
  0.966444829985256E-004  0.955725636960024E+002  0.702765291203268E+002
  0.102613922688130E-003  0.954526946950207E+002  0.702642397626251E+002
  0.106430665528720E-003  0.953796544490320E+002  0.702567181275473E+002
  0.113041702687679E-003  0.952178897631786E+002  0.702399684200852E+002
  0.113527983823560E-003  0.952093046450181E+002  0.702390759304550E+002
  0.126231344716720E-003  0.949834250212956E+002  0.702154628178949E+002
  0.130974367725911E-003  0.948959085722712E+002  0.702062449957667E+002
  0.138820126222666E-003  0.947658080110485E+002  0.701924691777936E+002
  0.143334347755889E-003  0.946880603360812E+002  0.701841946659458E+002
  0.148806535382363E-003  0.945993804881981E+002  0.701747176250678E+002
  0.168911519506760E-003  0.943321787644388E+002  0.701459052174273E+002
  0.168198173835221E-003  0.943268972743236E+002  0.701453317510528E+002
  0.171325439403887E-003  0.942900532506619E+002  0.701413268704670E+002
  0.176764575080954E-003  0.942137046435113E+002  0.701330035898759E+002
  0.192747617716633E-003  0.939993402891416E+002  0.701094558690318E+002
  0.193450452395380E-003  0.939784088254240E+002  0.701071422354201E+002
  0.193555282758931E-003  0.939773253234850E+002  0.701070224015789E+002
  0.198589226653321E-003  0.939259746574793E+002  0.701013351227563E+002
  0.208319882569727E-003  0.938303020742041E+002  0.700906970831003E+002
  0.254929894035477E-003  0.933986962765032E+002  0.700420054697777E+002
  0.289237481804050E-003  0.931461772664837E+002  0.700129621421270E+002
  0.311291248707760E-003  0.929992155105864E+002  0.699958615192489E+002
  0.311243914666663E-003  0.929854845025707E+002  0.699942561452127E+002
  0.310384550489167E-003  0.929769791215620E+002  0.699932610706920E+002
  0.311499406860588E-003  0.929698082817128E+002  0.699924217360553E+002
  0.328823305329932E-003  0.928615620686307E+002  0.699797077194964E+002
  0.349805880024859E-003  0.927236114701082E+002  0.699633833777195E+002
  0.351247202122520E-003  0.926870184341063E+002  0.699590299235469E+002
  0.349014747761634E-003  0.926856362529051E+002  0.699588652932178E+002
  0.371671439340135E-003  0.925457098026363E+002  0.699421252844554E+002
  0.378733541878356E-003  0.924939301368395E+002  0.699358933116907E+002
  0.401659509385273E-003  0.923482169849817E+002  0.699182453150663E+002
  0.446428201447688E-003  0.921228341472292E+002  0.698906178043582E+002
  0.488702443472531E-003  0.919278485622124E+002  0.698663803906505E+002
  0.501580006652629E-003  0.918758299118695E+002  0.698598599229584E+002
  0.524229462242535E-003  0.917733628491578E+002  0.698469472264032E+002
  0.532106759975253E-003  0.917293992100269E+002  0.698413787361486E+002
  0.576817173914694E-003  0.915680367817385E+002  0.698207916450033E+002
  0.660109549001173E-003  0.912699066225872E+002  0.697821177233293E+002
  0.669203764023185E-003  0.912425410442351E+002  0.697785248608093E+002
  0.674753103414661E-003  0.912260245292662E+002  0.697763528011342E+002
  0.756287504012025E-003  0.909271962984655E+002  0.697365758993869E+002
  0.869098518089540E-003  0.906213482978736E+002  0.696948785262239E+002
  0.886830567527523E-003  0.905671124956102E+002  0.696873746029717E+002
  0.933794935111995E-003  0.904363200274484E+002  0.696691368621550E+002
  0.936400238071872E-003  0.904170020062929E+002  0.696664258835053E+002
  0.981244155836124E-003  0.902960476708072E+002  0.696493484448427E+002
  0.103531795088918E-002  0.901751106522520E+002  0.696320910267995E+002
  0.114015419324642E-002  0.899685488580601E+002  0.696021760619115E+002
  0.120535264743319E-002  0.898301202197370E+002  0.695818048671612E+002
  0.120406524691368E-002  0.898186981265510E+002  0.695801120030896E+002
  0.121073562661427E-002  0.898076489394493E+002  0.695784726418346E+002
  0.125807108830222E-002  0.897172939394924E+002  0.695650008624374E+002
  0.130784933629893E-002  0.896260332205140E+002  0.695512726396738E+002
  0.130904751082706E-002  0.896242017771185E+002  0.695509958667223E+002
  0.130783516922164E-002  0.896123091267490E+002  0.695491973855432E+002
  0.131013814569813E-002  0.895950446507635E+002  0.695465827381787E+002
  0.136100808787581E-002  0.894914608023169E+002  0.695307994138835E+002
  0.139474672051959E-002  0.894424864619415E+002  0.695232788426109E+002
  0.138763022210114E-002  0.894253196140977E+002  0.695206336721651E+002
  0.141486309818113E-002  0.893727969639340E+002  0.695125112829285E+002
  0.141672692301004E-002  0.893565121313120E+002  0.695099838307263E+002
  0.142598027013797E-002  0.893298396835004E+002  0.695058348163970E+002
  0.141753092802968E-002  0.893280735753415E+002  0.695055596777635E+002
  0.142956886657563E-002  0.892839496076074E+002  0.694986689144492E+002
  0.146248430012068E-002  0.892384222912130E+002  0.694915248485045E+002
  0.150115397038902E-002  0.891725752394226E+002  0.694811298615276E+002
  0.152227510360462E-002  0.891446315023068E+002  0.694766958714440E+002
  0.154131677987851E-002  0.891060235268166E+002  0.694705472124753E+002
  0.154452736944055E-002  0.891018618251036E+002  0.694698828530798E+002
  0.159432784133074E-002  0.890108066257991E+002  0.694552694048940E+002
  0.165003949124925E-002  0.889147149562947E+002  0.694396829237615E+002
  0.164147077180411E-002  0.889114761655548E+002  0.694391545664808E+002
  0.177435399762111E-002  0.887285773421132E+002  0.694089881428322E+002
  0.182686898701804E-002  0.886702430345256E+002  0.693992265939987E+002
  0.187736606270889E-002  0.886020587073206E+002  0.693877275545432E+002
  0.186564533973878E-002  0.885873728913992E+002  0.693852380383162E+002
  0.194842557165298E-002  0.885005436366209E+002  0.693704241285766E+002
  0.198383132032385E-002  0.884238475922484E+002  0.693572011200934E+002
  0.198949399690180E-002  0.883913008551047E+002  0.693515497022220E+002
  0.199179883023303E-002  0.883889851916368E+002  0.693511466863632E+002
  0.202652927062567E-002  0.883544123002592E+002  0.693451149236237E+002
  0.213135994404845E-002  0.882265135890122E+002  0.693225556865908E+002
  0.216894256707700E-002  0.881915545787369E+002  0.693163204354841E+002
  0.219001995640308E-002  0.881722127711517E+002  0.693128575904369E+002
  0.221233723826573E-002  0.881519350226145E+002  0.693092170843654E+002
  0.221115275270643E-002  0.881392603509772E+002  0.693069362873048E+002
  0.227350446278727E-002  0.880698976521200E+002  0.692943814382256E+002
  0.235541640868603E-002  0.879717098162583E+002  0.692763922895042E+002
  0.237629664866138E-002  0.879540583862093E+002  0.692731306523798E+002
  0.242598347349936E-002  0.878989251227962E+002  0.692628873708456E+002
  0.801550317137991E-002  0.841457417121078E+002  0.686775668387021E+002
  0.803591985522973E-002  0.841406538903424E+002  0.686757519775769E+002
  0.798184343494404E-002  0.841402207157446E+002  0.686755972241246E+002
  0.790218756109452E-002  0.841325020195429E+002  0.686728334034606E+002
  0.786593296732723E-002  0.841141123261992E+002  0.686661999649919E+002
  0.787866608894007E-002  0.841108774075218E+002  0.686650258709934E+002
  0.782725366128413E-002  0.841101303392238E+002  0.686647544165566E+002
  0.780035897606920E-002  0.841031733486992E+002  0.686622208966000E+002
  0.776170842600095E-002  0.840992670375216E+002  0.686607938511876E+002
  0.780407483380900E-002  0.840883799496781E+002  0.686567993515749E+002
  0.783955595881420E-002  0.840793075837251E+002  0.686534510074349E+002
  0.785415142403525E-002  0.840755875017653E+002  0.686520727917636E+002
  0.787422679690708E-002  0.840704819826859E+002  0.686501762822158E+002
  0.778559600994639E-002  0.840647519812142E+002  0.686480408266201E+002
  0.774644362353084E-002  0.840466655221658E+002  0.686412511230976E+002
  0.775855336793441E-002  0.840435414333646E+002  0.686400706301386E+002
  0.790035494068649E-002  0.840073178483526E+002  0.686262111460134E+002
  0.787469089346776E-002  0.839995904235075E+002  0.686232123831521E+002
  0.788714759431953E-002  0.839964291924228E+002  0.686219812050385E+002
  0.785783407370697E-002  0.839895392985367E+002  0.686192888850645E+002
  0.781578781514742E-002  0.839859327964836E+002  0.686178746465827E+002
  0.781266766167787E-002  0.839581594646805E+002  0.686068668056438E+002
  0.781963135566411E-002  0.839421426557436E+002  0.686004213884175E+002
  0.782997787119718E-002  0.839394981125117E+002  0.685993501164263E+002
  0.781305326288704E-002  0.839294888408303E+002  0.685952769742835E+002
  0.777197109842259E-002  0.839256958966249E+002  0.685937257433587E+002
  0.777686690151177E-002  0.839244364318981E+002  0.685932096985459E+002
  0.778276789083102E-002  0.839229194323847E+002  0.685925875003644E+002
  0.776763414758460E-002  0.839122667386160E+002  0.685881986224573E+002
  0.773181137033701E-002  0.838925256588680E+002  0.685799721215569E+002
  0.768301020787399E-002  0.838907486440403E+002  0.685792255164721E+002
  0.763028807545750E-002  0.838900797966977E+002  0.685789442382768E+002
  0.763804257151958E-002  0.838880482722545E+002  0.685780890062172E+002
  0.758700018311308E-002  0.838869129174848E+002  0.685776104581383E+002
  0.754830288715408E-002  0.838825944501388E+002  0.685757863788054E+002
  0.755526050859219E-002  0.838807518063207E+002  0.685750061922607E+002
  0.751585878074811E-002  0.838765572951754E+002  0.685732260026441E+002
  0.751872631749235E-002  0.838757943777393E+002  0.685729015814926E+002
  0.757008647376088E-002  0.838474186838250E+002  0.685606932969695E+002
  0.753309044874797E-002  0.838424566988867E+002  0.685585292869470E+002
  0.754697440538785E-002  0.838387739665650E+002  0.685569173937406E+002
  0.758155774170674E-002  0.838296300797099E+002  0.685528935672443E+002
  0.750509094956054E-002  0.838200529829187E+002  0.685486453834789E+002
  0.709254098948283E-002  0.838031191554715E+002  0.685410468503864E+002
  0.710169620356178E-002  0.838005391745331E+002  0.685398791475533E+002
  0.715760039431455E-002  0.837848569206997E+002  0.685327225433024E+002
  0.716801070222023E-002  0.837819501519292E+002  0.685313847296208E+002
  0.717223620938992E-002  0.837807715091016E+002  0.685308412439354E+002
  0.715788683999146E-002  0.837703363867708E+002  0.685260033119251E+002
  0.717104396064450E-002  0.837522230070522E+002  0.685174906923857E+002
  0.717327795448989E-002  0.837371595485485E+002  0.685102956032841E+002
  0.719596258611286E-002  0.837164042719688E+002  0.685001999927465E+002
  0.714605109092663E-002  0.837158841913288E+002  0.684999442111146E+002
  0.711459643096481E-002  0.837102664955874E+002  0.684971723638598E+002
  0.717499389980540E-002  0.836933596908130E+002  0.684887284212403E+002
  0.712438454429354E-002  0.836929713096918E+002  0.684885326055059E+002
  0.715111059887856E-002  0.836854826487264E+002  0.684847403112765E+002
  0.707125029243648E-002  0.836787457781386E+002  0.684813012657944E+002
  0.708296282739746E-002  0.836754357989727E+002  0.684796018635360E+002
  0.704443055833646E-002  0.836716936902344E+002  0.684776727617225E+002
  0.700394737261191E-002  0.836685684348507E+002  0.684760552062624E+002
  0.701359845873641E-002  0.836658144327549E+002  0.684746248822627E+002
  0.692142462047617E-002  0.836628607041483E+002  0.684730856514116E+002
  0.689221689178341E-002  0.836566662843699E+002  0.684698400021331E+002
  0.689591958784061E-002  0.836555921156738E+002  0.684692747157058E+002
  0.684959767981189E-002  0.836543118109232E+002  0.684685999890822E+002
  0.686515116695355E-002  0.836497755284194E+002  0.684662008722955E+002
  0.678228782499861E-002  0.836444325100060E+002  0.684633579078917E+002
  0.675227024897096E-002  0.836385436970719E+002  0.684602025720826E+002
  0.671168375268303E-002  0.836358413428108E+002  0.684587467568738E+002
  0.674164748943106E-002  0.836269323861354E+002  0.684539115814151E+002
  0.673410440526547E-002  0.836143014389054E+002  0.684469593798082E+002
  0.669142057784716E-002  0.836121487414159E+002  0.684457628105316E+002
  0.664314733709615E-002  0.836117594791114E+002  0.684455460691754E+002
  0.656651207317760E-002  0.836053353937312E+002  0.684419525120164E+002
  0.662831263053775E-002  0.835866004698015E+002  0.684312869096487E+002
  0.658315419890183E-002  0.835854030620114E+002  0.684305954896431E+002
  0.658427340397473E-002  0.835850630699919E+002  0.684303989480719E+002
  0.659676500484003E-002  0.835812722898674E+002  0.684282009507658E+002
  0.651595828534749E-002  0.835758467136353E+002  0.684250335675406E+002
  0.651922374203701E-002  0.835748446695515E+002  0.684244457769807E+002
  0.652974152048505E-002  0.835716205730767E+002  0.684225485186380E+002
  0.654409388877389E-002  0.835672293983050E+002  0.684199494837204E+002
  0.649580990714140E-002  0.835667148670860E+002  0.684196437985878E+002
  0.651992516086575E-002  0.835593037508663E+002  0.684152136437161E+002
  0.647574654654977E-002  0.835574576582264E+002  0.684141020724549E+002
  0.644565245490694E-002  0.835513296303603E+002  0.684103887339793E+002
  0.646791049348702E-002  0.835444351549283E+002  0.684061666895664E+002
  0.647787939466678E-002  0.835413549556554E+002  0.684042648827722E+002
  0.646640234206288E-002  0.835292152032702E+002  0.683966723857027E+002
  0.647108332728758E-002  0.835277679404717E+002  0.683957566060728E+002
  0.633462238335607E-002  0.835233336036996E+002  0.683929361656914E+002
  0.633881313148431E-002  0.835220109163269E+002  0.683920905767511E+002
  0.631463683899831E-002  0.835139671638450E+002  0.683869046326121E+002
  0.618106260968706E-002  0.835100325287797E+002  0.683843399611955E+002
  0.618388272178521E-002  0.835091202361423E+002  0.683837426265770E+002
  0.618586132932704E-002  0.835084804144772E+002  0.683833230865085E+002
  0.613960352463401E-002  0.835078062387879E+002  0.683828804744005E+002
  0.599241485739742E-002  0.834943171423178E+002  0.683739035124810E+002
  0.595048906309464E-002  0.834930335315740E+002  0.683730368931882E+002
  0.592291958795107E-002  0.834869956074661E+002  0.683689303725025E+002
  0.583657409213691E-002  0.834858316718412E+002  0.683681329556586E+002
  0.570029375443419E-002  0.834729293359059E+002  0.683591626176773E+002
  0.566413636081112E-002  0.834707859354801E+002  0.683576483509677E+002
  0.558676824577682E-002  0.834686626488394E+002  0.683561412796230E+002
  0.559558766835529E-002  0.834655078845035E+002  0.683538889786225E+002
  0.555483044765074E-002  0.834652588688406E+002  0.683537105219721E+002
  0.547421515331029E-002  0.834502145885210E+002  0.683427378555764E+002
  0.548534620169977E-002  0.834461519981102E+002  0.683397072787134E+002
  0.545951720864441E-002  0.834408314777482E+002  0.683356923079104E+002
  0.546201051648545E-002  0.834399183059110E+002  0.683349978284154E+002
  0.546431484600750E-002  0.834390747177953E+002  0.683343548421401E+002
  0.543530484100671E-002  0.834347396443300E+002  0.683310286894030E+002
  0.544264226079955E-002  0.834320415540242E+002  0.683289396102534E+002
  0.544381044854178E-002  0.834316123278004E+002  0.683286059036381E+002
  0.544544085005380E-002  0.834310134247246E+002  0.683281396475719E+002
  0.544590313791530E-002  0.834308436429741E+002  0.683280073351906E+002
  0.541501217250998E-002  0.834267765103967E+002  0.683248198011133E+002
  0.537512349113150E-002  0.834261195772702E+002  0.683243016615343E+002
  0.533973538104220E-002  0.834238863875059E+002  0.683225333351250E+002
  0.534083854511867E-002  0.834234732396402E+002  0.683222049999480E+002
  0.534580783560188E-002  0.834216132395375E+002  0.683207221742631E+002
  0.534706777326202E-002  0.834211419209841E+002  0.683203452118630E+002
  0.535495722107838E-002  0.834181931522232E+002  0.683179754229386E+002
  0.531457486006543E-002  0.834173962036806E+002  0.683173315518740E+002
  0.532503713676181E-002  0.834134628722502E+002  0.683141320692526E+002
  0.533128467819340E-002  0.834111177695944E+002  0.683122069985112E+002
  0.524801893323821E-002  0.834103421609309E+002  0.683115673728939E+002
  0.525073761232316E-002  0.834093063509723E+002  0.683107108611888E+002
  0.517529015850946E-002  0.834059939020390E+002  0.683079538319336E+002
  0.510782180132503E-002  0.834002379303227E+002  0.683030958601568E+002
  0.511760796659210E-002  0.833964097613451E+002  0.682998158055029E+002
  0.511902362745614E-002  0.833958565868521E+002  0.682993384832487E+002
  0.512007038555125E-002  0.833954476607899E+002  0.682989850774336E+002
  0.512024439485105E-002  0.833953796904966E+002  0.682989262898609E+002
  0.512806778431324E-002  0.833923261570581E+002  0.682962717013108E+002
  0.513404966701285E-002  0.833899945199840E+002  0.682942264715199E+002
  0.514458828900509E-002  0.833858933440382E+002  0.682905895370150E+002
  0.514621673427916E-002  0.833852603730378E+002  0.682900236171764E+002
  0.515042626882190E-002  0.833836250692690E+002  0.682885557222063E+002
  0.515044000120496E-002  0.833836197367532E+002  0.682885509217514E+002
  0.515700829810351E-002  0.833810707847344E+002  0.682862458439165E+002
  0.516463021420328E-002  0.833781170221216E+002  0.682835480718232E+002
  0.512231189602784E-002  0.833769510150357E+002  0.682824750596298E+002
  0.504040834300924E-002  0.833740999559143E+002  0.682798316735392E+002
  0.504844988676312E-002  0.833709116682910E+002  0.682768415672452E+002
  0.485331968434926E-002  0.833631546592754E+002  0.682694082784111E+002
  0.485935815623919E-002  0.833606678177402E+002  0.682669750539931E+002
  0.486050330848405E-002  0.833601965549534E+002  0.682665110838321E+002
  0.486282540706657E-002  0.833592412859526E+002  0.682655677472306E+002
  0.482054180593781E-002  0.833592405237172E+002  0.682655669929831E+002
  0.474259918482821E-002  0.833570590242318E+002  0.682633982018214E+002
  0.474423584227324E-002  0.833563689490037E+002  0.682627078677914E+002
  0.474590574740949E-002  0.833556651006416E+002  0.682620016038113E+002
  0.471301928546918E-002  0.833519509583488E+002  0.682582379035394E+002
  0.467271525710946E-002  0.833515065223496E+002  0.682577833000278E+002
  0.456821254742921E-002  0.833443384321718E+002  0.682503193963438E+002
  0.453461786560139E-002  0.833417846752362E+002  0.682475972940813E+002
  0.449769899660737E-002  0.833408183192103E+002  0.682465581507039E+002
  0.446435330313109E-002  0.833383853237226E+002  0.682439191380059E+002
  0.446769463357202E-002  0.833368889902410E+002  0.682422795075324E+002
  0.447117792319568E-002  0.833353302747418E+002  0.682405576916790E+002
  0.443405843922582E-002  0.833343822163748E+002  0.682395033805451E+002
  0.443949035063865E-002  0.833319336302590E+002  0.682367550280205E+002
  0.440334670191993E-002  0.833305051715983E+002  0.682351343610601E+002
  0.440358336120949E-002  0.833303976838413E+002  0.682350118819415E+002
  0.440367748036992E-002  0.833303549376744E+002  0.682349631532199E+002
  0.440804799076672E-002  0.833283709853738E+002  0.682326883980842E+002
  0.436930438670510E-002  0.833277623018381E+002  0.682319852601348E+002
  0.433221570755250E-002  0.833265467253260E+002  0.682305735320363E+002
  0.429330966126620E-002  0.833263241653466E+002  0.682303139600206E+002
  0.429590997288986E-002  0.833251132000604E+002  0.682288955565676E+002
  0.429660760911013E-002  0.833247884355359E+002  0.682285134024757E+002
  0.425923021789271E-002  0.833236583287915E+002  0.682271777055397E+002
  0.422086225915888E-002  0.833231515633408E+002  0.682265757426735E+002
  0.422264615697364E-002  0.833223064654249E+002  0.682255676867052E+002
  0.418594463572653E-002  0.833209861548637E+002  0.682239820872641E+002
  0.418727922199635E-002  0.833203486053111E+002  0.682232116822546E+002
  0.415167676180762E-002  0.833184688794526E+002  0.682209217853518E+002
  0.415597877555815E-002  0.833163975301456E+002  0.682183655441599E+002
  0.415626019069643E-002  0.833162621080821E+002  0.682181971861110E+002
  0.411822813775973E-002  0.833153236264764E+002  0.682170262048662E+002
  0.404118609385938E-002  0.833146304440874E+002  0.682161564641974E+002
  0.400325304161128E-002  0.833143534329910E+002  0.682158077339207E+002
  0.397198105861529E-002  0.833108991580815E+002  0.682114016232226E+002
  0.393841789044943E-002  0.833087320268989E+002  0.682085806256158E+002
  0.394053155341458E-002  0.833076589584494E+002  0.682071667961699E+002
  0.394479447820734E-002  0.833054964986140E+002  0.682042820034879E+002
  0.394643691836019E-002  0.833046639592578E+002  0.682031582650458E+002
  0.136670456938709E-001  0.795521269148407E+002  0.680863431097386E+002
  0.136670806487473E-001  0.795521217996413E+002  0.680863207647139E+002
  0.131989801575078E-001  0.795516401662917E+002  0.680841723953384E+002
  0.131993519407773E-001  0.795515838319342E+002  0.680839150900922E+002
  0.131993857067225E-001  0.795515787156373E+002  0.680838916560580E+002
  0.131999393702346E-001  0.795514948250816E+002  0.680835058374361E+002
  0.132006963531514E-001  0.795513801334621E+002  0.680829734602864E+002
  0.132008869642488E-001  0.795513512547248E+002  0.680828384989433E+002
  0.132010365909227E-001  0.795513285856683E+002  0.680827322968014E+002
  0.132022338730612E-001  0.795511472017536E+002  0.680818740768287E+002
  0.132029475653093E-001  0.795510390877837E+002  0.680813551614118E+002
  0.132033785148515E-001  0.795509738080411E+002  0.680810390754078E+002
  0.132034042680074E-001  0.795509699070500E+002  0.680810201196641E+002
  0.132048662549476E-001  0.795507484632504E+002  0.680799312967705E+002
  0.132055390346480E-001  0.795506465670934E+002  0.680794215439606E+002
  0.132083535957563E-001  0.795502203427337E+002  0.680772244058639E+002
  0.132092980613158E-001  0.795500773375079E+002  0.680764618613955E+002
  0.132097400769217E-001  0.795500104137079E+002  0.680761002785469E+002
  0.132099168570707E-001  0.795499836487655E+002  0.680759548010731E+002
  0.132102615872949E-001  0.795499314568055E+002  0.680756696629731E+002
  0.132119981612673E-001  0.795496685612029E+002  0.680742027800953E+002
  0.132124353553565E-001  0.795496023809248E+002  0.680738250349822E+002
  0.132125938607775E-001  0.795495783876994E+002  0.680736872014858E+002
  0.132126609998279E-001  0.795495682248380E+002  0.680736286750997E+002
  0.132130214228402E-001  0.795495136683642E+002  0.680733130092969E+002
  0.132132010034787E-001  0.795494864861760E+002  0.680731547861204E+002
  0.132155076072852E-001  0.795491373803840E+002  0.680710629556540E+002
  0.132157558422119E-001  0.795490998135190E+002  0.680708308070570E+002
  0.132177893938844E-001  0.795487920906376E+002  0.680688713316203E+002
  0.132184088910516E-001  0.795486983559544E+002  0.680682522975315E+002
