  0.171344750043487E-068  0.394624865197831E+003  0.799244058249768E+002
  0.244068768697462E-067  0.389305494600766E+003  0.798213807618550E+002
  0.390190077267285E-067  0.388360471073592E+003  0.798029832930176E+002
  0.885251246441039E-067  0.386715340491409E+003  0.797708875280681E+002
  0.135504413491361E-066  0.385857249299875E+003  0.797541116724848E+002
  0.195139984140700E-065  0.380515997620248E+003  0.796491443475009E+002
  0.185346351640961E-063  0.371401983513338E+003  0.794678091672139E+002
  0.102217553795590E-062  0.367980403394184E+003  0.793989854149503E+002
  0.177408165559902E-062  0.366871048462739E+003  0.793765815261069E+002
  0.415873090321673E-062  0.365160538793608E+003  0.793419500811003E+002
  0.812838888080964E-062  0.363813577657639E+003  0.793146043153574E+002
  0.247605190276593E-060  0.356973976540141E+003  0.791747122504467E+002
  0.250013224938314E-060  0.356947964333394E+003  0.791741768631556E+002
  0.169759585068804E-059  0.353110399738373E+003  0.790949075919266E+002
  0.678079501140446E-058  0.345728811354709E+003  0.789408127424716E+002
  0.182377494979685E-057  0.343743357292824E+003  0.788989922984352E+002
  0.163360718376059E-056  0.339351767397314E+003  0.788059137048205E+002
  0.163552649423149E-056  0.339342763414303E+003  0.788057220415760E+002
  0.267738127280559E-056  0.338350359009185E+003  0.787845762865640E+002
  0.431097251111355E-056  0.337391054750016E+003  0.787640962066677E+002
  0.705582107720088E-056  0.336399020286728E+003  0.787428761797742E+002
  0.212190934714565E-055  0.334190267804639E+003  0.786954783520771E+002
  0.142843490544810E-054  0.330369915929697E+003  0.786129957726563E+002
  0.310481886136127E-054  0.328810508343967E+003  0.785791422641245E+002
  0.750666840772477E-054  0.327038180022621E+003  0.785405339789917E+002
  0.546383234444420E-052  0.318456466687274E+003  0.783515473417465E+002
  0.603954668742263E-052  0.318249454068593E+003  0.783469457287115E+002
  0.353152100679148E-051  0.314710828900670E+003  0.782679668716667E+002
  0.513513776376344E-051  0.313955417294178E+003  0.782510277048767E+002
  0.946274804434022E-051  0.312726249393158E+003  0.782234049537916E+002
  0.944865925332151E-051  0.312722573769652E+003  0.782233222402217E+002
  0.118587461250779E-048  0.303051192194523E+003  0.780033082892600E+002
  0.726963414365220E-048  0.299418085825967E+003  0.779193937214690E+002
  0.281281765147696E-047  0.296705298584312E+003  0.778562684591956E+002
  0.980937310285556E-047  0.294200339676634E+003  0.777976168508475E+002
  0.183019973340229E-045  0.288341170250100E+003  0.776590335401563E+002
  0.463655773464328E-045  0.286475420432812E+003  0.776144833260193E+002
  0.391401520045863E-044  0.282202411608250E+003  0.775116638359220E+002
  0.459670665324621E-043  0.277269033142959E+003  0.773915491403034E+002
  0.151097410868159E-040  0.265672038113238E+003  0.771029299549028E+002
  0.797704073672247E-040  0.262337756613522E+003  0.770182323938130E+002
  0.195025497738037E-039  0.260543145619408E+003  0.769723133855581E+002
  0.262601144903551E-039  0.259941478011045E+003  0.769568655243709E+002
  0.136006998208060E-038  0.256645512204694E+003  0.768717622659360E+002
  0.383896546107064E-038  0.254563523097937E+003  0.768175794937500E+002
  0.811361172659201E-038  0.253060187133279E+003  0.767782471633459E+002
  0.256720833277441E-036  0.246144639290496E+003  0.765949858738705E+002
  0.212716219949043E-035  0.241908874056239E+003  0.764807753318772E+002
  0.706225306409000E-035  0.239502267794506E+003  0.764151918060258E+002
  0.202839346005433E-034  0.237385482129814E+003  0.763570791569881E+002
  0.335270421692398E-034  0.236373780212846E+003  0.763291608668532E+002
  0.118669033013727E-033  0.233839152550696E+003  0.762588007816080E+002
  0.211672538720874E-033  0.232675092833078E+003  0.762262845375473E+002
  0.233826135139071E-033  0.232469362502627E+003  0.762205243429180E+002
  0.259827351031906E-033  0.232251827824455E+003  0.762144292294832E+002
  0.705041098838371E-033  0.230248694801503E+003  0.761580884376870E+002
  0.169323186736339E-032  0.228489762757471E+003  0.761082919716442E+002
  0.236077153986451E-032  0.227818408299281E+003  0.760892043379826E+002
  0.811559104832920E-032  0.225342155632926E+003  0.760184061552636E+002
  0.859188076908786E-032  0.225221438796069E+003  0.760149387031279E+002
  0.103620836767380E-031  0.224840111849875E+003  0.760039756167205E+002
  0.106515486715315E-031  0.224778352363600E+003  0.760021986224748E+002
  0.144320047511562E-031  0.224164210791856E+003  0.600831763041923E+002
  0.186234998699331E-031  0.223647603362480E+003  0.600980892777300E+002
  0.243042702257508E-031  0.223108492087820E+003  0.601136818138744E+002
  0.913619280399077E-031  0.220453482937462E+003  0.758767587279238E+002
  0.101714519918305E-030  0.220232144926332E+003  0.758702849587981E+002
  0.126167637409784E-030  0.219794606519364E+003  0.602102108074851E+002
  0.190453995218025E-030  0.218964352554837E+003  0.602345821330267E+002
  0.197426181427084E-030  0.218885788816524E+003  0.602368922430998E+002
  0.309284783898371E-030  0.217981337769042E+003  0.602635364388101E+002
  0.651402509105230E-030  0.216484951665848E+003  0.603078201980927E+002
  0.971394234182200E-030  0.215679086786425E+003  0.757359084456634E+002
  0.157770490884595E-029  0.214702443033573E+003  0.603609049609019E+002
  0.428226232264649E-029  0.212698766956724E+003  0.756466645447645E+002
  0.532443739292630E-029  0.212256460172336E+003  0.756333306222693E+002
  0.793297101584312E-029  0.211452363454968E+003  0.756090299453444E+002
  0.183238239453789E-028  0.209771358979957E+003  0.755579746268884E+002
  0.182895893702420E-028  0.209768443513791E+003  0.755578857776607E+002
  0.330899472592690E-028  0.208575992899651E+003  0.605462254515333E+002
  0.775657438006742E-028  0.206865544607905E+003  0.605987900142654E+002
  0.101302507126237E-027  0.206324918474497E+003  0.754522010260870E+002
  0.148253914428874E-027  0.205556632331703E+003  0.606392671634600E+002
  0.177219900524389E-027  0.205193046960445E+003  0.754171325789098E+002
  0.237011403986518E-027  0.204604957538746E+003  0.753988460579960E+002
  0.268782887313979E-027  0.204346710587977E+003  0.753908015592779E+002
  0.802599208337089E-027  0.202152151951585E+003  0.753220818323993E+002
  0.105263411648409E-026  0.201603105346265E+003  0.753047875853787E+002
  0.110592093940894E-026  0.201497684341789E+003  0.607662204810920E+002
  0.391308025585928E-026  0.198963735889830E+003  0.608466126527371E+002
  0.729975906690432E-026  0.197710047329646E+003  0.751809611334336E+002
  0.992861107413693E-026  0.197088233242441E+003  0.751609838492656E+002
  0.120138476164708E-025  0.196700298950392E+003  0.751484921057813E+002
  0.163481639909991E-025  0.196077532081423E+003  0.609392901335498E+002
  0.168358974681640E-025  0.196012080973348E+003  0.609414058448329E+002
  0.197665168806397E-025  0.195684473235674E+003  0.609520052858463E+002
  0.274758467428717E-025  0.195019181897723E+003  0.609735791320711E+002
  0.567050915606058E-025  0.193563412944603E+003  0.750466649124937E+002
  0.579915786470082E-025  0.193511889765789E+003  0.750449800615793E+002
  0.627841462893246E-025  0.193346424606167E+003  0.750395664727022E+002
  0.669895763401092E-025  0.193210100153396E+003  0.750351031467617E+002
  0.672247804690740E-025  0.193196434760689E+003  0.750346555785346E+002
  0.101360055186787E-024  0.192368504892622E+003  0.750074856733152E+002
  0.116679108888937E-024  0.192080352457892E+003  0.749980046024625E+002
  0.125265456979528E-024  0.191931681610465E+003  0.749931078387038E+002
  0.190629664562132E-024  0.191085231079225E+003  0.611025203077818E+002
  0.205536377394783E-024  0.190927994658387E+003  0.611077238579908E+002
  0.562153894587987E-024  0.188909033860258E+003  0.611748897054373E+002
  0.107299615153369E-023  0.187609509260496E+003  0.612184718191742E+002
  0.181084211878496E-023  0.186556179442161E+003  0.612540028725292E+002
  0.359522331460867E-023  0.185177895639418E+003  0.747669042352816E+002
  0.395358497545691E-023  0.184981206761888E+003  0.747602025676216E+002
  0.439062777477881E-023  0.184764852257852E+003  0.613148596097274E+002
  0.595262721401007E-023  0.184149475772217E+003  0.747317893446610E+002
  0.968283731713380E-023  0.183169775594158E+003  0.746981658828982E+002
  0.408496567702792E-022  0.180284033115051E+003  0.614695566814481E+002
  0.420429686614658E-022  0.180219790055657E+003  0.745958815883835E+002
  0.476228508496878E-022  0.179963893381004E+003  0.745869336801687E+002
  0.858887860656421E-022  0.178777756664475E+003  0.745452975934173E+002
  0.100181316530549E-021  0.178463244213472E+003  0.615334699720318E+002
  0.154179737603645E-021  0.177594313953981E+003  0.615641936970027E+002
  0.207961800574445E-021  0.176989187648586E+003  0.744820064482459E+002
  0.231254362445464E-021  0.176770204410215E+003  0.744742146667225E+002
  0.469324098155075E-021  0.175347998170458E+003  0.616443037309719E+002
  0.486182733660650E-021  0.175270760634695E+003  0.744206066226767E+002
  0.923306785861592E-021  0.173981351034696E+003  0.743741452477198E+002
  0.176856925450120E-020  0.172674766235357E+003  0.617409676429502E+002
  0.207844119918830E-020  0.172345216054436E+003  0.743146955726460E+002
  0.218891250663496E-020  0.172234987156461E+003  0.617570126210780E+002
  0.257692201727877E-020  0.171901949932313E+003  0.742984921800852E+002
  0.287938999026121E-020  0.171673328766903E+003  0.617775641009081E+002
  0.167017023656821E-019  0.168150808807686E+003  0.619080276029144E+002
  0.247946980282773E-019  0.167353914849820E+003  0.619379294188053E+002
  0.281821217040203E-019  0.167091143362369E+003  0.619478215903783E+002
  0.355991060008055E-019  0.166617222321303E+003  0.741019793660143E+002
  0.555163761385045E-019  0.165721851705953E+003  0.740680510132254E+002
  0.566006878711136E-019  0.165676509934673E+003  0.620013549363243E+002
  0.600136178063213E-019  0.165552753631341E+003  0.620060608067826E+002
  0.808058216587585E-019  0.164951143024645E+003  0.620289897693918E+002
  0.138818537307954E-018  0.163862250284293E+003  0.739969682025143E+002
  0.384774407533578E-018  0.161816615474420E+003  0.621499002361615E+002
  0.693710767778969E-018  0.160631164085392E+003  0.738714025735089E+002
  0.744884610715397E-018  0.160482160087356E+003  0.738655468047310E+002
  0.901478715270512E-018  0.160093890286015E+003  0.622174223978403E+002
  0.241420565061393E-017  0.158117056392184E+003  0.622958832832831E+002
  0.249421640458482E-017  0.158045192204560E+003  0.622987558057677E+002
  0.416281166982040E-017  0.157014104395254E+003  0.737275531975489E+002
  0.543747244140839E-017  0.156473201615030E+003  0.623619546473180E+002
  0.647572882428505E-017  0.156117052369182E+003  0.736913117029242E+002
  0.102396665190402E-016  0.155193981005808E+003  0.736537750365042E+002
  0.241337057588566E-016  0.153472644645582E+003  0.735830987725733E+002
  0.447103926769804E-016  0.152232796004674E+003  0.735316290168645E+002
  0.708597485864478E-016  0.151305147267616E+003  0.734928022323014E+002
  0.734396295488489E-016  0.151226969386168E+003  0.734895174683639E+002
  0.749589353927792E-016  0.151179360339059E+003  0.734875161317470E+002
  0.792079061108849E-016  0.151062433392916E+003  0.734825977660627E+002
  0.873273109400838E-016  0.150860603541645E+003  0.625935851151383E+002
  0.949965609746787E-016  0.150685593088129E+003  0.734667162154234E+002
  0.106613138556204E-015  0.150448205379035E+003  0.734566878741740E+002
  0.116140839889838E-015  0.150270356125877E+003  0.626185201929064E+002
  0.119409544007724E-015  0.150208189467277E+003  0.626211531177474E+002
  0.135820784442279E-015  0.149943979638203E+003  0.626323574312437E+002
  0.138734435761783E-015  0.149894873425271E+003  0.734332402991921E+002
  0.143881755275286E-015  0.149815357351713E+003  0.626378203202224E+002
  0.145966931031634E-015  0.149779925215649E+003  0.734283565560448E+002
  0.188401763868480E-015  0.149262876379089E+003  0.626613486511595E+002
  0.203326818779043E-015  0.149103744989430E+003  0.626681446666002E+002
  0.254205861890507E-015  0.148650429830352E+003  0.733801310051059E+002
  0.374753455932835E-015  0.147867526369630E+003  0.627212358780876E+002
  0.375041504272101E-015  0.147859334111453E+003  0.627215894763184E+002
  0.382294786191073E-015  0.147814367921867E+003  0.733441519855895E+002
  0.404324411927784E-015  0.147695661235791E+003  0.627286589436506E+002
  0.568830305878257E-015  0.147006276451814E+003  0.733091434387099E+002
  0.932523918648637E-015  0.146010995584093E+003  0.628019792834023E+002
  0.186320879761359E-014  0.144620018725665E+003  0.628633012146382E+002
  0.219851163805593E-014  0.144282402261668E+003  0.628782952119391E+002
  0.220379654145190E-014  0.144270944740574E+003  0.628788048208547E+002
  0.293173143956737E-014  0.143693465940813E+003  0.629045555734863E+002
  0.303164727489904E-014  0.143619784473877E+003  0.731598322738780E+002
  0.341353630758072E-014  0.143375843558871E+003  0.629187741501801E+002
  0.393445916991122E-014  0.143085138704288E+003  0.629318224760022E+002
  0.399814503429387E-014  0.143046368962810E+003  0.731341175498938E+002
  0.517665942615934E-014  0.142523054507269E+003  0.629571468109528E+002
  0.526502355921245E-014  0.142482547586183E+003  0.629589767054178E+002
  0.583366296318169E-014  0.142270773049241E+003  0.730991283807696E+002
  0.583046883808138E-014  0.142265212835683E+003  0.629688060614097E+002
  0.713086055272146E-014  0.141855888242598E+003  0.629873704884036E+002
  0.723042058105337E-014  0.141821502093698E+003  0.730787495922332E+002
  0.802078370884342E-014  0.141607368652954E+003  0.730690075430077E+002
  0.902430104183147E-014  0.141364943236929E+003  0.730579555449649E+002
  0.985328363670219E-014  0.141182520237881E+003  0.630180597775513E+002
  0.100958300281336E-013  0.141127229245037E+003  0.630205880554475E+002
  0.111751351863665E-013  0.140917436129755E+003  0.730374898993104E+002
  0.118455560056652E-013  0.140794257471601E+003  0.630358408179157E+002
  0.126269543564910E-013  0.140659839917274E+003  0.730256713153013E+002
  0.135069887179725E-013  0.140518437395868E+003  0.730191718180970E+002
  0.162430011604271E-013  0.140142872047936E+003  0.630658148754584E+002
  0.162602441860486E-013  0.140134094460911E+003  0.630662200186229E+002
  0.229422392235841E-013  0.139438925685673E+003  0.729692705026292E+002
  0.241166661024986E-013  0.139332423261706E+003  0.631033627646231E+002
  0.270727200755825E-013  0.139094520800339E+003  0.729532435974293E+002
  0.274869320694253E-013  0.139057496994857E+003  0.729515175827586E+002
  0.278081095831130E-013  0.139027607423622E+003  0.631175590164981E+002
  0.306896871234594E-013  0.138823753875315E+003  0.631270760497277E+002
  0.318756078470897E-013  0.138741269496793E+003  0.631309321353561E+002
  0.439337352708351E-013  0.138092931098299E+003  0.631613477531454E+002
  0.450170580785111E-013  0.138037557509734E+003  0.631639543096047E+002
  0.575729019781535E-013  0.137538880891782E+003  0.631874912745778E+002
  0.625118332791991E-013  0.137367617579493E+003  0.631956011213090E+002
  0.762104067674990E-013  0.136964677691646E+003  0.728529473369657E+002
  0.833664471488663E-013  0.136778526329596E+003  0.728440819241250E+002
  0.943288916805187E-013  0.136524787535098E+003  0.632357114384403E+002
  0.956280819410384E-013  0.136490773959176E+003  0.728303455465222E+002
  0.107044239493251E-012  0.136258567016700E+003  0.728192319822923E+002
  0.110360328612760E-012  0.136190894386981E+003  0.632516944646000E+002
  0.158773999318522E-012  0.135456776654460E+003  0.632870249513987E+002
  0.484206384233738E-012  0.133220062221519E+003  0.726713535711052E+002
  0.555715527158236E-012  0.132937916057371E+003  0.634103006726853E+002
  0.563106042436166E-012  0.132904837594485E+003  0.634119414410298E+002
  0.648562319017379E-012  0.132615601747404E+003  0.726413696343806E+002
  0.109480403685665E-011  0.131561801030925E+003  0.634790583070631E+002
  0.133077993941221E-011  0.131164765839762E+003  0.725685927674499E+002
  0.152127050076905E-011  0.130890548958522E+003  0.635129768806270E+002
  0.162224956502782E-011  0.130755357448545E+003  0.635198389834797E+002
  0.190491704765386E-011  0.130427452554956E+003  0.725311563310711E+002
  0.236106941693441E-011  0.129991444582618E+003  0.635588116800870E+002
  0.239031787580172E-011  0.129960165601716E+003  0.725072680517760E+002
  0.309775385195637E-011  0.129435008170618E+003  0.724802682015733E+002
  0.310097571036019E-011  0.129426273545905E+003  0.724798177431989E+002
  0.516075473077392E-011  0.128400885911310E+003  0.636410668416347E+002
  0.579408197658793E-011  0.128162721904472E+003  0.724141663713481E+002
  0.742904562627782E-011  0.127658945616252E+003  0.636799674910267E+002
  0.114357897727888E-010  0.126789589056939E+003  0.637259956257760E+002
  0.120561510608444E-010  0.126677279277119E+003  0.637319777943771E+002
  0.177058346639918E-010  0.125901985224700E+003  0.637735028804943E+002
  0.218211771371049E-010  0.125477356245958E+003  0.637964186618028E+002
  0.241569421646572E-010  0.125267318920868E+003  0.722598831389846E+002
  0.286901844770981E-010  0.124916696818758E+003  0.722408159835562E+002
  0.295452214584409E-010  0.124851307317742E+003  0.722372504726076E+002
  0.324943739325313E-010  0.124654361849195E+003  0.638411894791339E+002
  0.348344686522777E-010  0.124508625447987E+003  0.638491674454185E+002
  0.354814004125850E-010  0.124465167363707E+003  0.722161333410667E+002
  0.358533317011730E-010  0.124437656043385E+003  0.722146247380007E+002
  0.437335224477233E-010  0.124033643633429E+003  0.721924073961617E+002
  0.479230134689192E-010  0.123844026202950E+003  0.638857437589244E+002
  0.632019064997987E-010  0.123283893363580E+003  0.721508596446713E+002
  0.853891390734887E-010  0.122675468885900E+003  0.721168327846887E+002
  0.115093013311619E-009  0.122071769911163E+003  0.639848951546518E+002
  0.127486542822754E-009  0.121860573931612E+003  0.720708095305083E+002
  0.132114075944875E-009  0.121782608454358E+003  0.640013040321565E+002
  0.136901949621883E-009  0.121704754449512E+003  0.720619493443530E+002
  0.145929973527777E-009  0.121570375069583E+003  0.640133901320577E+002
  0.147696862791722E-009  0.121539649338143E+003  0.720525398448255E+002
  0.156645618574015E-009  0.121415345560799E+003  0.720454410893727E+002
  0.220451048936675E-009  0.120725310735672E+003  0.720058038079407E+002
  0.229935753672469E-009  0.120634406619306E+003  0.720005525280666E+002
  0.410648392901212E-009  0.119467876201949E+003  0.641351451596959E+002
  0.445089431619637E-009  0.119300144871211E+003  0.641450226101602E+002
  0.519042886515663E-009  0.118986066729378E+003  0.719040967299345E+002
  0.523637546720772E-009  0.118961784694150E+003  0.641650248877600E+002
  0.536774049004639E-009  0.118905574113252E+003  0.641683578210442E+002
  0.547572888079487E-009  0.118859081850798E+003  0.718965660414840E+002
  0.591992621638650E-009  0.118696429091381E+003  0.641807841226436E+002
  0.706105313771141E-009  0.118337233061879E+003  0.642022197087981E+002
  0.727244265219514E-009  0.118271581450177E+003  0.642061505469836E+002
  0.801478290952962E-009  0.118070534921222E+003  0.642182132367522E+002
  0.868478903725780E-009  0.117903308523525E+003  0.718394068693910E+002
  0.900829544411250E-009  0.117823507423535E+003  0.642330871801695E+002
  0.962951904937526E-009  0.117683477017786E+003  0.642415445552617E+002
  0.100267694691503E-008  0.117595971074287E+003  0.642468392152480E+002
  0.106461721993855E-008  0.117469431601335E+003  0.718131739658706E+002
  0.116165608145150E-008  0.117288313367645E+003  0.642655134976020E+002
  0.151508999856009E-008  0.116750401389905E+003  0.642983881083211E+002
  0.159839826965987E-008  0.116636691401361E+003  0.643053746330774E+002
  0.173632064847986E-008  0.116464503304853E+003  0.643159791397233E+002
  0.179060459308117E-008  0.116396277685079E+003  0.717474934230278E+002
  0.322191796903287E-008  0.115214775103961E+003  0.643938715716189E+002
  0.322704391639618E-008  0.115204940129303E+003  0.716731915612869E+002
  0.324974748515753E-008  0.115184263000270E+003  0.716718885634068E+002
  0.334416228473864E-008  0.115120329564641E+003  0.643998259797749E+002
  0.346290671893500E-008  0.115043889775661E+003  0.716630303821650E+002
  0.386061792458532E-008  0.114819796343103E+003  0.716488440947642E+002
  0.467397526482301E-008  0.114430775384378E+003  0.644435988186856E+002
  0.512671393798815E-008  0.114239209900159E+003  0.644558544284260E+002
  0.533568484088897E-008  0.114152649623921E+003  0.716062767265765E+002
  0.543411464752783E-008  0.114109435313940E+003  0.716035019279798E+002
  0.588790354438484E-008  0.113942372952556E+003  0.715927544754500E+002
  0.593703589567019E-008  0.113919097368767E+003  0.644764281996952E+002
  0.609913862824655E-008  0.113858566685865E+003  0.715873508093405E+002
  0.638082982546162E-008  0.113761609899957E+003  0.644865937810336E+002
  0.826595229196360E-008  0.113237260741995E+003  0.645206517339877E+002
  0.114233068315429E-007  0.112583583596266E+003  0.645635779538514E+002
  0.114598420927263E-007  0.112570541606177E+003  0.715032429234673E+002
  0.127502620027184E-007  0.112350480249134E+003  0.645790145889316E+002
  0.168785801773119E-007  0.111782837564378E+003  0.714507858821879E+002
  0.169285501290103E-007  0.111770269623382E+003  0.646177403404712E+002
  0.177837472863169E-007  0.111665047217051E+003  0.714428722739984E+002
  0.190152147381018E-007  0.111524482700833E+003  0.646342782324634E+002
  0.260564651779037E-007  0.110887774147820E+003  0.713901843142130E+002
  0.270764473995815E-007  0.110804321908568E+003  0.646832045350475E+002
  0.294118345769394E-007  0.110632200569131E+003  0.646950042716694E+002
  0.703787837253029E-007  0.108894022181927E+003  0.713516912319344E+002
  0.955326824678144E-007  0.108255471366152E+003  0.713072633301182E+002
  0.114951151772673E-006  0.107885393651762E+003  0.712812365481931E+002
  0.143008826404501E-006  0.107434849732119E+003  0.712492664021546E+002
  0.145957857295778E-006  0.107380280813706E+003  0.712453726387380E+002
  0.178735219814210E-006  0.106961359934293E+003  0.712153218367785E+002
  0.178692638706930E-006  0.106934438773709E+003  0.712133809662084E+002
  0.235387706411303E-006  0.106369653360615E+003  0.711723862765661E+002
  0.252412871254166E-006  0.106229989049384E+003  0.711621659598435E+002
  0.376570593635704E-006  0.105402512551601E+003  0.711009145578838E+002
  0.412775032921070E-006  0.105205266220034E+003  0.710861325925315E+002
  0.410666144277623E-006  0.105201858583294E+003  0.710858765895029E+002
  0.440464103038841E-006  0.105048109918586E+003  0.710743036000289E+002
  0.483770262021758E-006  0.104860547562333E+003  0.710601254552630E+002
  0.498641798653702E-006  0.104786246062098E+003  0.710544904805231E+002
  0.530148100847118E-006  0.104649963496605E+003  0.710441274876904E+002
  0.105519052005239E-005  0.103259577309506E+003  0.709362882679673E+002
  0.117987838299797E-005  0.103022451491813E+003  0.709174941264060E+002
  0.129160003521181E-005  0.102827764894729E+003  0.709019715743214E+002
  0.166459997314205E-005  0.102306613034092E+003  0.708600000874064E+002
  0.204768207665306E-005  0.101864968103530E+003  0.708239375734072E+002
  0.211927577076148E-005  0.101769024892146E+003  0.708160415285632E+002
  0.213732414947422E-005  0.101752064419269E+003  0.708146433640015E+002
  0.223179508937342E-005  0.101624881880243E+003  0.708041363760069E+002
  0.224145882908349E-005  0.101616240515438E+003  0.708034210369113E+002
  0.224757429170658E-005  0.101597231891046E+003  0.708018468371777E+002
  0.229749721327555E-005  0.101553294250591E+003  0.707982047094839E+002
  0.254587615791860E-005  0.101320773956839E+003  0.707788499252044E+002
  0.261938058002786E-005  0.101250288557157E+003  0.707729557703056E+002
  0.267667209508670E-005  0.101207015762445E+003  0.707693309056088E+002
  0.279822067004036E-005  0.101118196816735E+003  0.707618756534973E+002
  0.350532945449846E-005  0.100640197585117E+003  0.707213984149946E+002
  0.459530465601720E-005  0.100085044567778E+003  0.706736088460964E+002
  0.623776050724377E-005  0.994331928600077E+002  0.706163665343603E+002
  0.660840643279004E-005  0.993177502287953E+002  0.706060961748546E+002
  0.727146096444800E-005  0.991129614771709E+002  0.705877755176115E+002
  0.759898585366341E-005  0.990248463396629E+002  0.705798520624277E+002
  0.877942808372668E-005  0.987224014716885E+002  0.705524661263195E+002
  0.933044131429999E-005  0.986006593770666E+002  0.705413581327817E+002
  0.109923304916803E-004  0.982454307137820E+002  0.705086613906276E+002
  0.110143901452763E-004  0.982277691610630E+002  0.705070244667685E+002
  0.153576552715754E-004  0.975222668893987E+002  0.704407262099076E+002
  0.160641040827752E-004  0.974188525085004E+002  0.704308539456247E+002
  0.191584215326044E-004  0.970530741182807E+002  0.703956044935617E+002
  0.217146272324267E-004  0.967891186263117E+002  0.703698371564701E+002
  0.244493198894247E-004  0.965518860269634E+002  0.703464335452185E+002
  0.248360390245326E-004  0.965204992556838E+002  0.703433193942196E+002
  0.257129484235040E-004  0.963970440910288E+002  0.703310293882190E+002
  0.263630661712128E-004  0.963337274602675E+002  0.703247006158546E+002
  0.262029588565687E-004  0.963325328521907E+002  0.703245810415289E+002
  0.272610053520956E-004  0.962399849401654E+002  0.703152984064047E+002
  0.292857075740899E-004  0.960967003497726E+002  0.703008518629202E+002
  0.294304565825882E-004  0.960868393989554E+002  0.702998542538355E+002
  0.326715416284728E-004  0.958643313528273E+002  0.702772257005366E+002
  0.327830448692398E-004  0.958575172635728E+002  0.702765291203268E+002
  0.348079551705502E-004  0.957376482625910E+002  0.702642397626251E+002
  0.361026431642696E-004  0.956646080166024E+002  0.702567181275473E+002
  0.383451915342338E-004  0.955028433307489E+002  0.702399684200852E+002
  0.385101443158310E-004  0.954942582125885E+002  0.702390759304550E+002
  0.428192868269144E-004  0.952683785888660E+002  0.702154628178949E+002
  0.444281809024148E-004  0.951808621398416E+002  0.702062449957667E+002
  0.470895625442027E-004  0.950507615786189E+002  0.701924691777936E+002
  0.486208442323212E-004  0.949730139036515E+002  0.701841946659458E+002
  0.504770802731756E-004  0.948843340557684E+002  0.701747176250678E+002
  0.572969480627887E-004  0.946171323320091E+002  0.701459052174273E+002
  0.570549720861809E-004  0.946118508418940E+002  0.701453317510528E+002
  0.581157805697561E-004  0.945750068182323E+002  0.701413268704670E+002
  0.599608049665849E-004  0.944986582110817E+002  0.701330035898759E+002
  0.653824574770590E-004  0.942842938567120E+002  0.701094558690318E+002
  0.656208679904598E-004  0.942633623929944E+002  0.701071422354201E+002
  0.656564277907227E-004  0.942622788910554E+002  0.701070224015789E+002
  0.673640059518220E-004  0.942109282250496E+002  0.701013351227563E+002
  0.706647689091816E-004  0.941152556417745E+002  0.700906970831003E+002
  0.864754810142974E-004  0.936836498440735E+002  0.700420054697777E+002
  0.981130536338298E-004  0.934311308340541E+002  0.700129621421270E+002
  0.105593973470207E-003  0.932841690781568E+002  0.699958615192489E+002
  0.105577917157989E-003  0.932704380701411E+002  0.699942561452127E+002
  0.105286409836352E-003  0.932619326891324E+002  0.699932610706920E+002
  0.105664583378318E-003  0.932547618492832E+002  0.699924217360553E+002
  0.111541071339243E-003  0.931465156362011E+002  0.699797077194964E+002
  0.118658629076155E-003  0.930085650376786E+002  0.699633833777195E+002
  0.119147543968477E-003  0.929719720016767E+002  0.699590299235469E+002
  0.118390266892634E-003  0.929705898204755E+002  0.699588652932178E+002
  0.126075706491062E-003  0.928306633702067E+002  0.699421252844554E+002
  0.128471262007513E-003  0.927788837044098E+002  0.699358933116907E+002
  0.136248043445327E-003  0.926331705525521E+002  0.699182453150663E+002
  0.151434156455437E-003  0.924077877147996E+002  0.698906178043582E+002
  0.165774120104834E-003  0.922128021297828E+002  0.698663803906505E+002
  0.170142354259970E-003  0.921607834794399E+002  0.698598599229584E+002
  0.177825339318507E-003  0.920583164167282E+002  0.698469472264032E+002
  0.180497419472570E-003  0.920143527775973E+002  0.698413787361486E+002
  0.195663763797898E-003  0.918529903493089E+002  0.698207916450033E+002
  0.223917602868746E-003  0.915548601901576E+002  0.697821177233293E+002
  0.227002476933639E-003  0.915274946118055E+002  0.697785248608093E+002
  0.228884883840075E-003  0.915109780968366E+002  0.697763528011342E+002
  0.256542395476936E-003  0.912121498660359E+002  0.697365758993869E+002
  0.294809334483727E-003  0.909063018654440E+002  0.696948785262239E+002
  0.300824272474113E-003  0.908520660631806E+002  0.696873746029717E+002
  0.316755186707475E-003  0.907212735950188E+002  0.696691368621550E+002
  0.317638938797421E-003  0.907019555738633E+002  0.696664258835053E+002
  0.332850569327850E-003  0.905810012383775E+002  0.696493484448427E+002
  0.351193092299402E-003  0.904600642198223E+002  0.696320910267995E+002
  0.386754886728708E-003  0.902535024256305E+002  0.696021760619115E+002
  0.408871036380441E-003  0.901150737873073E+002  0.695818048671612E+002
  0.408434333656331E-003  0.901036516941214E+002  0.695801120030896E+002
  0.410697011775503E-003  0.900926025070197E+002  0.695784726418346E+002
  0.426753805875647E-003  0.900022475070628E+002  0.695650008624374E+002
  0.443639224338828E-003  0.899109867880844E+002  0.695512726396738E+002
  0.444045660465324E-003  0.899091553446889E+002  0.695509958667223E+002
  0.443634418684999E-003  0.898972626943194E+002  0.695491973855432E+002
  0.444415617764538E-003  0.898799982183339E+002  0.695465827381787E+002
  0.461671352858409E-003  0.897764143698873E+002  0.695307994138835E+002
  0.473115928621774E-003  0.897274400295119E+002  0.695232788426109E+002
  0.470701921326940E-003  0.897102731816681E+002  0.695206336721651E+002
  0.479939661244927E-003  0.896577505315043E+002  0.695125112829285E+002
  0.480571894468173E-003  0.896414656988824E+002  0.695099838307263E+002
  0.483710748178942E-003  0.896147932510708E+002  0.695058348163970E+002
  0.480844623255330E-003  0.896130271429119E+002  0.695055596777635E+002
  0.484928045994434E-003  0.895689031751778E+002  0.694986689144492E+002
  0.496093382093487E-003  0.895233758587834E+002  0.694915248485045E+002
  0.509210628894889E-003  0.894575288069930E+002  0.694811298615276E+002
  0.516375187454398E-003  0.894295850698772E+002  0.694766958714440E+002
  0.522834367619725E-003  0.893909770943870E+002  0.694705472124753E+002
  0.523923440667700E-003  0.893868153926740E+002  0.694698828530798E+002
  0.540816397759833E-003  0.892957601933694E+002  0.694552694048940E+002
  0.559714502052507E-003  0.891996685238651E+002  0.694396829237615E+002
  0.556807882809212E-003  0.891964297331252E+002  0.694391545664808E+002
  0.601883572793443E-003  0.890135309096835E+002  0.694089881428322E+002
  0.619697328946846E-003  0.889551966020960E+002  0.693992265939987E+002
  0.636826582958830E-003  0.888870122748910E+002  0.693877275545432E+002
  0.632850763800740E-003  0.888723264589696E+002  0.693852380383162E+002
  0.660930877356429E-003  0.887854972041913E+002  0.693704241285766E+002
  0.672940960201239E-003  0.887088011598188E+002  0.693572011200934E+002
  0.674861812531088E-003  0.886762544226751E+002  0.693515497022220E+002
  0.675643641479513E-003  0.886739387592072E+002  0.693511466863632E+002
  0.687424651118086E-003  0.886393658678296E+002  0.693451149236237E+002
  0.722984556493584E-003  0.885114671565826E+002  0.693225556865908E+002
  0.735733062966194E-003  0.884765081463073E+002  0.693163204354841E+002
  0.742882783038820E-003  0.884571663387220E+002  0.693128575904369E+002
  0.750453090520047E-003  0.884368885901849E+002  0.693092170843654E+002
  0.750051297866883E-003  0.884242139185476E+002  0.693069362873048E+002
  0.771201795503516E-003  0.883548512196904E+002  0.692943814382256E+002
  0.798987375336013E-003  0.882566633838287E+002  0.692763922895042E+002
  0.806070219827020E-003  0.882390119537796E+002  0.692731306523798E+002
  0.822924626385317E-003  0.881838786903665E+002  0.692628873708456E+002
  0.266521416366898E-001  0.807080367164384E+002  0.687638079342256E+002
  0.267602770206747E-001  0.806999385599090E+002  0.687612596875457E+002
  0.271871734107949E-001  0.806682851418077E+002  0.687512124742741E+002
  0.273661290085184E-001  0.806551635721356E+002  0.687470060155155E+002
  0.274562434715670E-001  0.806485885524761E+002  0.687448888640352E+002
  0.275791466046561E-001  0.806396558757220E+002  0.687420024078789E+002
  0.278832821538826E-001  0.806177211278529E+002  0.687348641115739E+002
  0.281835220501721E-001  0.805963007690122E+002  0.687278223562004E+002
  0.282295707421671E-001  0.805930356615740E+002  0.687267426951673E+002
  0.286963148842392E-001  0.805602383078574E+002  0.687158029052198E+002
  0.288035277788200E-001  0.805527799904873E+002  0.687132905487755E+002
  0.290291734971088E-001  0.805371731204404E+002  0.687080030345425E+002
