  0.851348220492388E-001  0.808764787719505E+002  0.692731306523798E+002
  0.851348220492388E-001  0.808941302019996E+002  0.692763922895042E+002
  0.851348220492388E-001  0.857839824543720E+002  0.699797077194964E+002
  0.851348220492388E-001  0.809923180378613E+002  0.692943814382256E+002
  0.851348220492388E-001  0.841649614299764E+002  0.697785248608093E+002
  0.851348220492388E-001  0.811489339747535E+002  0.693225556865908E+002
  0.851348220492388E-001  0.832184680565484E+002  0.696493484448427E+002
  0.851348220492388E-001  0.828909692438014E+002  0.696021760619115E+002
  0.851348220492388E-001  0.827525406054782E+002  0.695818048671612E+002
  0.851348220492388E-001  0.827411185122923E+002  0.695801120030896E+002
  0.851348220492388E-001  0.827300693251906E+002  0.695784726418346E+002
  0.851348220492388E-001  0.812768326860005E+002  0.693451149236237E+002
  0.851348220492388E-001  0.813462679779897E+002  0.693572011200934E+002
  0.851348220492388E-001  0.825466221628598E+002  0.695509958667223E+002
  0.851348220492388E-001  0.815244790930619E+002  0.693877275545432E+002
  0.851348220492388E-001  0.820284439125579E+002  0.694705472124753E+002
  0.851348220492388E-001  0.822063699933487E+002  0.694986689144492E+002
  0.851348220492388E-001  0.822522600692417E+002  0.695058348163970E+002
  0.851348220492388E-001  0.791125155202394E+002  0.686775668387021E+002
  0.851348220492388E-001  0.791074276984739E+002  0.686757519775769E+002
  0.851348220492388E-001  0.791069945238761E+002  0.686755972241246E+002
  0.851348220492388E-001  0.790992758276745E+002  0.686728334034606E+002
  0.851348220492388E-001  0.790808861343307E+002  0.686661999649919E+002
  0.851348220492388E-001  0.790776512156533E+002  0.686650258709934E+002
  0.851348220492388E-001  0.790769041473554E+002  0.686647544165566E+002
  0.851348220492388E-001  0.790699471568307E+002  0.686622208966000E+002
  0.851348220492388E-001  0.790660408456531E+002  0.686607938511876E+002
  0.851348220492388E-001  0.790551537578097E+002  0.686567993515749E+002
  0.851348220492388E-001  0.790460813918566E+002  0.686534510074349E+002
  0.851348220492388E-001  0.790423613098969E+002  0.686520727917636E+002
  0.851348220492388E-001  0.790372557908175E+002  0.686501762822158E+002
  0.851348220492388E-001  0.790315257893457E+002  0.686480408266201E+002
  0.851348220492388E-001  0.790134393302974E+002  0.686412511230976E+002
  0.851348220492388E-001  0.790103152414962E+002  0.686400706301386E+002
  0.851348220492388E-001  0.789740916564842E+002  0.686262111460134E+002
  0.851348220492388E-001  0.789663642316391E+002  0.686232123831521E+002
  0.851348220492388E-001  0.789632030005543E+002  0.686219812050385E+002
  0.851348220492388E-001  0.789563131066682E+002  0.686192888850645E+002
  0.851348220492388E-001  0.789527066046151E+002  0.686178746465827E+002
  0.851348220492388E-001  0.789249332728120E+002  0.686068668056438E+002
  0.851348220492388E-001  0.789089164638751E+002  0.686004213884175E+002
  0.851348220492388E-001  0.789062719206432E+002  0.685993501164263E+002
  0.851348220492388E-001  0.788962626489619E+002  0.685952769742835E+002
  0.851348220492388E-001  0.788924697047564E+002  0.685937257433587E+002
  0.851348220492388E-001  0.788912102400296E+002  0.685932096985459E+002
  0.851348220492388E-001  0.788896932405162E+002  0.685925875003644E+002
  0.851348220492388E-001  0.788790405467475E+002  0.685881986224573E+002
  0.851348220492388E-001  0.788592994669995E+002  0.685799721215569E+002
  0.851348220492388E-001  0.788568536048292E+002  0.685789442382768E+002
  0.851348220492388E-001  0.788548220803861E+002  0.685780890062172E+002
  0.851348220492388E-001  0.788536867256164E+002  0.685776104581383E+002
  0.851348220492388E-001  0.788493682582703E+002  0.685757863788054E+002
  0.851348220492388E-001  0.788475256144523E+002  0.685750061922607E+002
  0.851348220492388E-001  0.788433311033069E+002  0.685732260026441E+002
  0.851348220492388E-001  0.788425681858708E+002  0.685729015814926E+002
  0.851348220492388E-001  0.788141924919565E+002  0.685606932969695E+002
  0.851348220492388E-001  0.788092305070182E+002  0.685585292869470E+002
  0.851348220492388E-001  0.788055477746965E+002  0.685569173937406E+002
  0.851348220492388E-001  0.787964038878414E+002  0.685528935672443E+002
  0.851348220492388E-001  0.787868267910502E+002  0.685486453834789E+002
  0.851348220492388E-001  0.787698929636031E+002  0.685410468503864E+002
  0.851348220492388E-001  0.787673129826646E+002  0.685398791475533E+002
  0.851348220492388E-001  0.787516307288312E+002  0.685327225433024E+002
  0.851348220492388E-001  0.787487239600607E+002  0.685313847296208E+002
  0.851348220492388E-001  0.787475453172332E+002  0.685308412439354E+002
  0.851348220492388E-001  0.787371101949023E+002  0.685260033119251E+002
  0.851348220492388E-001  0.787189968151837E+002  0.685174906923857E+002
  0.851348220492388E-001  0.787039333566801E+002  0.685102956032841E+002
  0.851348220492388E-001  0.786831780801003E+002  0.685001999927465E+002
  0.851348220492388E-001  0.786826579994603E+002  0.684999442111146E+002
  0.851348220492388E-001  0.786770403037189E+002  0.684971723638598E+002
  0.851348220492388E-001  0.786601334989445E+002  0.684887284212403E+002
  0.851348220492388E-001  0.786597451178233E+002  0.684885326055059E+002
  0.851348220492388E-001  0.786522564568580E+002  0.684847403112765E+002
  0.851348220492388E-001  0.786455195862702E+002  0.684813012657944E+002
  0.851348220492388E-001  0.786422096071042E+002  0.684796018635360E+002
  0.851348220492388E-001  0.786384674983660E+002  0.684776727617225E+002
  0.851348220492388E-001  0.786353422429823E+002  0.684760552062624E+002
  0.851348220492388E-001  0.786325882408865E+002  0.684746248822627E+002
  0.851348220492388E-001  0.786296345122798E+002  0.684730856514116E+002
  0.851348220492388E-001  0.786234400925015E+002  0.684698400021331E+002
  0.851348220492388E-001  0.786223659238053E+002  0.684692747157058E+002
  0.851348220492388E-001  0.786210856190547E+002  0.684685999890822E+002
  0.851348220492388E-001  0.786165493365509E+002  0.684662008722955E+002
  0.851348220492388E-001  0.786112063181376E+002  0.684633579078917E+002
  0.851348220492388E-001  0.786053175052034E+002  0.684602025720826E+002
  0.851348220492388E-001  0.786026151509423E+002  0.684587467568738E+002
  0.851348220492388E-001  0.785810752470369E+002  0.684469593798082E+002
  0.851348220492388E-001  0.785789225495474E+002  0.684457628105316E+002
  0.851348220492388E-001  0.785721092018628E+002  0.684419525120164E+002
  0.851348220492388E-001  0.785533742779330E+002  0.684312869096487E+002
  0.851348220492388E-001  0.785521768701429E+002  0.684305954896431E+002
  0.851348220492388E-001  0.785518368781234E+002  0.684303989480719E+002
  0.851348220492388E-001  0.785480460979990E+002  0.684282009507658E+002
  0.851348220492388E-001  0.785426205217668E+002  0.684250335675406E+002
  0.851348220492388E-001  0.785416184776830E+002  0.684244457769807E+002
  0.851348220492388E-001  0.785383943812082E+002  0.684225485186380E+002
  0.851348220492388E-001  0.785340032064366E+002  0.684199494837204E+002
  0.851348220492388E-001  0.785260775589978E+002  0.684152136437161E+002
  0.851348220492388E-001  0.785242314663579E+002  0.684141020724549E+002
  0.851348220492388E-001  0.785181034384919E+002  0.684103887339793E+002
  0.851348220492388E-001  0.785112089630598E+002  0.684061666895664E+002
  0.851348220492388E-001  0.785081287637869E+002  0.684042648827722E+002
  0.851348220492388E-001  0.784959890114018E+002  0.683966723857027E+002
  0.851348220492388E-001  0.784945417486032E+002  0.683957566060728E+002
  0.851348220492388E-001  0.784901074118311E+002  0.683929361656914E+002
  0.851348220492388E-001  0.784887847244584E+002  0.683920905767511E+002
  0.851348220492388E-001  0.784807409719766E+002  0.683869046326121E+002
  0.851348220492388E-001  0.784768063369112E+002  0.683843399611955E+002
  0.851348220492388E-001  0.784758940442738E+002  0.683837426265770E+002
  0.851348220492388E-001  0.784752542226088E+002  0.683833230865085E+002
  0.851348220492388E-001  0.784745800469194E+002  0.683828804744005E+002
  0.851348220492388E-001  0.784610909504493E+002  0.683739035124810E+002
  0.851348220492388E-001  0.784598073397056E+002  0.683730368931882E+002
  0.851348220492388E-001  0.784537694155977E+002  0.683689303725025E+002
  0.851348220492388E-001  0.784526054799728E+002  0.683681329556586E+002
  0.851348220492388E-001  0.784375597436116E+002  0.683576483509677E+002
  0.851348220492388E-001  0.784354364569709E+002  0.683561412796230E+002
  0.851348220492388E-001  0.784169883966525E+002  0.683427378555764E+002
  0.851348220492388E-001  0.784129258062417E+002  0.683397072787134E+002
  0.851348220492388E-001  0.784066921140426E+002  0.683349978284154E+002
  0.851348220492388E-001  0.784058485259268E+002  0.683343548421401E+002
  0.851348220492388E-001  0.784015134524616E+002  0.683310286894030E+002
  0.851348220492388E-001  0.783988153621557E+002  0.683289396102534E+002
  0.851348220492388E-001  0.783983861359320E+002  0.683286059036381E+002
  0.851348220492388E-001  0.783976174511056E+002  0.683280073351906E+002
  0.851348220492388E-001  0.783935503185283E+002  0.683248198011133E+002
  0.851348220492388E-001  0.783928933854018E+002  0.683243016615343E+002
  0.851348220492388E-001  0.783906601956374E+002  0.683225333351250E+002
  0.851348220492388E-001  0.783879157291157E+002  0.683203452118630E+002
  0.851348220492388E-001  0.783849669603547E+002  0.683179754229386E+002
  0.851348220492388E-001  0.783841700118122E+002  0.683173315518740E+002
  0.851348220492388E-001  0.783802366803818E+002  0.683141320692526E+002
  0.851348220492388E-001  0.783778915777260E+002  0.683122069985112E+002
  0.851348220492388E-001  0.783760801591039E+002  0.683107108611888E+002
  0.851348220492388E-001  0.783727677101706E+002  0.683079538319336E+002
  0.851348220492388E-001  0.783670117384542E+002  0.683030958601568E+002
  0.851348220492388E-001  0.783631835694767E+002  0.682998158055029E+002
  0.851348220492388E-001  0.783520341811693E+002  0.682900236171764E+002
  0.851348220492388E-001  0.783503988774005E+002  0.682885557222063E+002
  0.851348220492388E-001  0.783503935448847E+002  0.682885509217514E+002
  0.851348220492388E-001  0.783376854764225E+002  0.682768415672452E+002
  0.851348220492388E-001  0.783274416258717E+002  0.682669750539931E+002
  0.851348220492388E-001  0.783269703630850E+002  0.682665110838321E+002
  0.851348220492388E-001  0.783260150940842E+002  0.682655677472306E+002
  0.851348220492388E-001  0.783260143318487E+002  0.682655669929831E+002
  0.851348220492388E-001  0.783238328323633E+002  0.682633982018214E+002
  0.851348220492388E-001  0.783224389087731E+002  0.682620016038113E+002
  0.851348220492388E-001  0.783187247664803E+002  0.682582379035394E+002
  0.851348220492388E-001  0.783182803304812E+002  0.682577833000278E+002
  0.851348220492388E-001  0.783111122403033E+002  0.682503193963438E+002
  0.851348220492388E-001  0.783021040828733E+002  0.682405576916790E+002
  0.851348220492388E-001  0.783011560245064E+002  0.682395033805451E+002
  0.851348220492388E-001  0.782972789797298E+002  0.682351343610601E+002
  0.851348220492388E-001  0.782971714919728E+002  0.682350118819415E+002
  0.851348220492388E-001  0.782971287458059E+002  0.682349631532199E+002
  0.851348220492388E-001  0.782951447935053E+002  0.682326883980842E+002
  0.851348220492388E-001  0.782930979734781E+002  0.682303139600206E+002
  0.851348220492388E-001  0.782918870081919E+002  0.682288955565676E+002
  0.851348220492388E-001  0.782899253714723E+002  0.682265757426735E+002
  0.851348220492388E-001  0.782871224134427E+002  0.682232116822546E+002
  0.851348220492388E-001  0.782852426875842E+002  0.682209217853518E+002
  0.851348220492388E-001  0.782830359162136E+002  0.682181971861110E+002
  0.851348220492388E-001  0.782820974346080E+002  0.682170262048662E+002
  0.851348220492388E-001  0.782776729662130E+002  0.682114016232226E+002
  0.851348220492388E-001  0.782722703067455E+002  0.682042820034879E+002
  0.851348220492388E-001  0.782714377673894E+002  0.682031582650458E+002
  0.851348220492388E-001  0.795620384931372E+002  0.681192921470544E+002
  0.851348220492388E-001  0.795605623838154E+002  0.681152348499955E+002
  0.851348220492388E-001  0.795570527646919E+002  0.681046608867743E+002
  0.851348220492388E-001  0.795561516556368E+002  0.681016805889888E+002
  0.851348220492388E-001  0.795560938902161E+002  0.681014850591817E+002
  0.851348220492388E-001  0.795560728414024E+002  0.681014136705407E+002
  0.851348220492388E-001  0.795541469690177E+002  0.680945276114035E+002
  0.851348220492388E-001  0.795534806383794E+002  0.680919554288773E+002
  0.851348220492388E-001  0.795532069903459E+002  0.680908654890625E+002
  0.851348220492388E-001  0.795531360821313E+002  0.680905796461944E+002
