  0.320762449525427E-001  0.872288668108884E+002  0.658017438368966E+002
  0.320762449525427E-001  0.854019625115096E+002  0.659980492039923E+002
  0.320762449525427E-001  0.835854313564324E+002  0.662141168953175E+002
  0.320762449525427E-001  0.833680354367591E+002  0.662417196037141E+002
  0.320762449525427E-001  0.823355873152289E+002  0.663790831975758E+002
  0.320762449525427E-001  0.816617631040350E+002  0.664752484087000E+002
  0.320762449525427E-001  0.812820011922709E+002  0.665321573134000E+002
  0.320762449525427E-001  0.812534269294260E+002  0.665365267790374E+002
  0.320762449525427E-001  0.811923526190149E+002  0.665459090479622E+002
  0.320762449525427E-001  0.811377475967463E+002  0.665543478787990E+002
  0.320762449525427E-001  0.810524533464240E+002  0.665676267023995E+002
  0.320762449525427E-001  0.807822225571895E+002  0.666105146710077E+002
  0.320762449525427E-001  0.807047433355630E+002  0.666230517725868E+002
  0.320762449525427E-001  0.806144157124125E+002  0.666378100421933E+002
  0.320762449525427E-001  0.805799093417879E+002  0.666434892526712E+002
  0.320762449525427E-001  0.804463174207513E+002  0.666656986916919E+002
  0.320762449525427E-001  0.803468046315123E+002  0.666824797253579E+002
  0.320762449525427E-001  0.802163755182832E+002  0.667047950497664E+002
  0.320762449525427E-001  0.802064309750483E+002  0.667065118702444E+002
  0.320762449525427E-001  0.801877774177760E+002  0.667097382139178E+002
  0.320762449525427E-001  0.801640058994006E+002  0.667138611950497E+002
  0.320762449525427E-001  0.800017698420764E+002  0.667423511551201E+002
  0.320762449525427E-001  0.798875296715556E+002  0.667627957475868E+002
  0.320762449525427E-001  0.798770567750496E+002  0.667646864726200E+002
  0.320762449525427E-001  0.797582822210989E+002  0.667863299648771E+002
  0.320762449525427E-001  0.797508784971844E+002  0.667876915422479E+002
  0.320762449525427E-001  0.797154125227245E+002  0.667942346318070E+002
  0.320762449525427E-001  0.796922525387496E+002  0.667985261039788E+002
  0.320762449525427E-001  0.796538368057487E+002  0.668056774829957E+002
  0.320762449525427E-001  0.796534707393142E+002  0.668057458293317E+002
  0.320762449525427E-001  0.796113879030516E+002  0.668136284100187E+002
  0.320762449525427E-001  0.796051504700661E+002  0.668148010874438E+002
  0.320762449525427E-001  0.796007471318636E+002  0.668156296230282E+002
  0.320762449525427E-001  0.785788745333946E+002  0.679300309937877E+002
  0.320762449525427E-001  0.785772201823656E+002  0.679337518268641E+002
  0.320762449525427E-001  0.785751931550038E+002  0.679385086291676E+002
  0.320762449525427E-001  0.785745879360865E+002  0.679399756097971E+002
  0.320762449525427E-001  0.785737337866711E+002  0.679420858685208E+002
  0.320762449525427E-001  0.785732108294566E+002  0.679434021841153E+002
  0.320762449525427E-001  0.785723431851712E+002  0.679456294163170E+002
  0.320762449525427E-001  0.785722152592135E+002  0.679459625754439E+002
  0.320762449525427E-001  0.785721599913207E+002  0.679461069016423E+002
  0.320762449525427E-001  0.785703557698756E+002  0.679509563321205E+002
  0.320762449525427E-001  0.785700213035113E+002  0.679518868410889E+002
  0.320762449525427E-001  0.785699243751634E+002  0.679521584836262E+002
  0.320762449525427E-001  0.785686052849879E+002  0.679559493588555E+002
  0.320762449525427E-001  0.785679827263935E+002  0.679578041227599E+002
  0.320762449525427E-001  0.785679559042535E+002  0.679578850505721E+002
  0.320762449525427E-001  0.785677829139724E+002  0.679584090829158E+002
  0.320762449525427E-001  0.785676336090221E+002  0.679588643109128E+002
  0.320762449525427E-001  0.785672883821377E+002  0.679599276367041E+002
  0.320762449525427E-001  0.785671547064399E+002  0.679603434997878E+002
  0.320762449525427E-001  0.785670421711340E+002  0.679606954284474E+002
  0.320762449525427E-001  0.785666052754754E+002  0.679620780752133E+002
  0.320762449525427E-001  0.785660835425579E+002  0.679637649386915E+002
  0.320762449525427E-001  0.785659151777859E+002  0.679643180290632E+002
  0.320762449525427E-001  0.785655045516851E+002  0.679656857851749E+002
  0.320762449525427E-001  0.785650464025749E+002  0.679672449832917E+002
  0.320762449525427E-001  0.785648977351074E+002  0.679677588418750E+002
  0.320762449525427E-001  0.785647419973430E+002  0.679683014591108E+002
  0.320762449525427E-001  0.785644191712198E+002  0.679694408002646E+002
  0.320762449525427E-001  0.785640380278099E+002  0.679708124654217E+002
  0.320762449525427E-001  0.785632317028076E+002  0.679738174916753E+002
  0.320762449525427E-001  0.785632284745013E+002  0.679738298254181E+002
  0.320762449525427E-001  0.785625010652590E+002  0.679766767040393E+002
  0.320762449525427E-001  0.785623582188144E+002  0.679772525872921E+002
  0.320762449525427E-001  0.785618027471847E+002  0.679795499926247E+002
  0.320762449525427E-001  0.785608294562312E+002  0.679838293013337E+002
  0.320762449525427E-001  0.785607752024553E+002  0.679840786682422E+002
  0.320762449525427E-001  0.785607640576276E+002  0.679841300481432E+002
  0.320762449525427E-001  0.785607009192001E+002  0.679844221375561E+002
  0.320762449525427E-001  0.785600831159310E+002  0.679873769872343E+002
  0.320762449525427E-001  0.785599987025419E+002  0.679877954441972E+002
  0.320762449525427E-001  0.785598754758412E+002  0.679884132278607E+002
  0.320762449525427E-001  0.785598247668691E+002  0.679886699055299E+002
  0.320762449525427E-001  0.785598215604177E+002  0.679886861849283E+002
  0.320762449525427E-001  0.785595380795725E+002  0.679901494055477E+002
  0.320762449525427E-001  0.785592611488676E+002  0.679916277627184E+002
  0.320762449525427E-001  0.785591863116373E+002  0.679920362430648E+002
  0.320762449525427E-001  0.785590196102663E+002  0.679929608101504E+002
  0.320762449525427E-001  0.785587571770335E+002  0.679944602891679E+002
  0.320762449525427E-001  0.785586683340638E+002  0.679949810231229E+002
  0.320762449525427E-001  0.785586336372997E+002  0.679951862954742E+002
  0.320762449525427E-001  0.785586049533335E+002  0.679953568217426E+002
  0.320762449525427E-001  0.785585200835704E+002  0.679958658570963E+002
  0.320762449525427E-001  0.785584118401272E+002  0.679965251584274E+002
  0.320762449525427E-001  0.785582769538151E+002  0.679973634120327E+002
  0.320762449525427E-001  0.785581097353048E+002  0.679984301317487E+002
  0.320762449525427E-001  0.785580962405704E+002  0.679985176220008E+002
  0.320762449525427E-001  0.785580429020747E+002  0.679988655728076E+002
  0.320762449525427E-001  0.785578956766204E+002  0.679998444659120E+002
  0.320762449525427E-001  0.785578422042729E+002  0.680002070524040E+002
  0.320762449525427E-001  0.785576541563211E+002  0.680015144553224E+002
  0.320762449525427E-001  0.785574939479971E+002  0.680026715347861E+002
  0.320762449525427E-001  0.785574888159383E+002  0.680649734226085E+002
  0.320762449525427E-001  0.785572921666726E+002  0.680634896800311E+002
  0.320762449525427E-001  0.785572106564686E+002  0.680628524385506E+002
  0.320762449525427E-001  0.785571779565511E+002  0.680050899103386E+002
  0.320762449525427E-001  0.785571441969725E+002  0.680053604211354E+002
  0.320762449525427E-001  0.785569760355403E+002  0.680067480792477E+002
  0.320762449525427E-001  0.785569395973759E+002  0.680606244933657E+002
  0.320762449525427E-001  0.785568803238356E+002  0.680075705979429E+002
  0.320762449525427E-001  0.785568510143995E+002  0.680078276756374E+002
  0.320762449525427E-001  0.785567885376129E+002  0.680083843330021E+002
  0.320762449525427E-001  0.785565277129582E+002  0.680568293555393E+002
  0.320762449525427E-001  0.785565137692699E+002  0.680566898485196E+002
  0.320762449525427E-001  0.785565017493027E+002  0.680565689011340E+002
  0.320762449525427E-001  0.785564151131927E+002  0.680556773441616E+002
  0.320762449525427E-001  0.785562829112207E+002  0.680542419233946E+002
  0.320762449525427E-001  0.785562569378818E+002  0.680539478697083E+002
  0.320762449525427E-001  0.785562097333765E+002  0.680142805976149E+002
  0.320762449525427E-001  0.785561262592672E+002  0.680523978445286E+002
  0.320762449525427E-001  0.785560150240787E+002  0.680509682735621E+002
  0.320762449525427E-001  0.785558652045489E+002  0.680488288418597E+002
  0.320762449525427E-001  0.785558601643857E+002  0.680487515315778E+002
  0.320762449525427E-001  0.785558293285287E+002  0.680194132057391E+002
  0.320762449525427E-001  0.785558102509280E+002  0.680197196482644E+002
  0.320762449525427E-001  0.785557771969815E+002  0.680202669588474E+002
  0.320762449525427E-001  0.785557744779438E+002  0.680203129665440E+002
  0.320762449525427E-001  0.785557492721111E+002  0.680469355770441E+002
  0.320762449525427E-001  0.785557038151202E+002  0.680461137741097E+002
  0.320762449525427E-001  0.785556036599765E+002  0.680440727551081E+002
  0.320762449525427E-001  0.785555769779541E+002  0.680242265316564E+002
  0.320762449525427E-001  0.785555209434774E+002  0.680256714274108E+002
  0.320762449525427E-001  0.785554631394588E+002  0.680401848092979E+002
  0.320762449525427E-001  0.785554602788353E+002  0.680276021847565E+002
  0.320762449525427E-001  0.785554548276140E+002  0.680278058479067E+002
  0.320762449525427E-001  0.785554489223127E+002  0.680396482030177E+002
  0.320762449525427E-001  0.785554470413080E+002  0.680281092881757E+002
  0.320762449525427E-001  0.785554447437496E+002  0.680282019452015E+002
  0.320762449525427E-001  0.785554222410132E+002  0.680292063449196E+002
  0.320762449525427E-001  0.793423101709447E+002  0.680306926689127E+002
  0.320762449525427E-001  0.793422977743228E+002  0.680317848487439E+002
