  0.167457792531435E-001  0.865791432435443E+002  0.658017438368966E+002
  0.167457792531435E-001  0.847522389441655E+002  0.659980492039923E+002
  0.167457792531435E-001  0.829357077890882E+002  0.662141168953175E+002
  0.167457792531435E-001  0.827183118694150E+002  0.662417196037141E+002
  0.167457792531435E-001  0.816858637478848E+002  0.663790831975758E+002
  0.167457792531435E-001  0.810120395366909E+002  0.664752484087000E+002
  0.167457792531435E-001  0.806322776249268E+002  0.665321573134000E+002
  0.167457792531435E-001  0.806037033620819E+002  0.665365267790374E+002
  0.167457792531435E-001  0.805426290516708E+002  0.665459090479622E+002
  0.167457792531435E-001  0.804880240294022E+002  0.665543478787990E+002
  0.167457792531435E-001  0.804027297790799E+002  0.665676267023995E+002
  0.167457792531435E-001  0.801324989898453E+002  0.666105146710077E+002
  0.167457792531435E-001  0.800550197682189E+002  0.666230517725868E+002
  0.167457792531435E-001  0.799646921450683E+002  0.666378100421933E+002
  0.167457792531435E-001  0.799301857744438E+002  0.666434892526712E+002
  0.167457792531435E-001  0.797965938534071E+002  0.666656986916919E+002
  0.167457792531435E-001  0.796970810641682E+002  0.666824797253579E+002
  0.167457792531435E-001  0.795666519509390E+002  0.667047950497664E+002
  0.167457792531435E-001  0.795567074077042E+002  0.667065118702444E+002
  0.167457792531435E-001  0.795380538504319E+002  0.667097382139178E+002
  0.167457792531435E-001  0.795142823320565E+002  0.667138611950497E+002
  0.167457792531435E-001  0.793520462747322E+002  0.667423511551201E+002
  0.167457792531435E-001  0.792378061042115E+002  0.667627957475868E+002
  0.167457792531435E-001  0.792273332077055E+002  0.667646864726200E+002
  0.167457792531435E-001  0.791085586537548E+002  0.667863299648771E+002
  0.167457792531435E-001  0.791011549298403E+002  0.667876915422479E+002
  0.167457792531435E-001  0.790656889553804E+002  0.667942346318070E+002
  0.167457792531435E-001  0.790425289714054E+002  0.667985261039788E+002
  0.167457792531435E-001  0.790041132384046E+002  0.668056774829957E+002
  0.167457792531435E-001  0.790037471719701E+002  0.668057458293317E+002
  0.167457792531435E-001  0.789616643357075E+002  0.668136284100187E+002
  0.167457792531435E-001  0.789554269027219E+002  0.668148010874438E+002
  0.167457792531435E-001  0.789510235645195E+002  0.668156296230282E+002
  0.167457792531435E-001  0.779291509660504E+002  0.679300309937877E+002
  0.167457792531435E-001  0.779274966150214E+002  0.679337518268641E+002
  0.167457792531435E-001  0.779254695876597E+002  0.679385086291676E+002
  0.167457792531435E-001  0.779248643687424E+002  0.679399756097971E+002
  0.167457792531435E-001  0.779240102193270E+002  0.679420858685208E+002
  0.167457792531435E-001  0.779234872621124E+002  0.679434021841153E+002
  0.167457792531435E-001  0.779226196178271E+002  0.679456294163170E+002
  0.167457792531435E-001  0.779224916918694E+002  0.679459625754439E+002
  0.167457792531435E-001  0.779224364239765E+002  0.679461069016423E+002
  0.167457792531435E-001  0.779206322025315E+002  0.679509563321205E+002
  0.167457792531435E-001  0.779202977361672E+002  0.679518868410889E+002
  0.167457792531435E-001  0.779202008078192E+002  0.679521584836262E+002
  0.167457792531435E-001  0.779188817176437E+002  0.679559493588555E+002
  0.167457792531435E-001  0.779182591590494E+002  0.679578041227599E+002
  0.167457792531435E-001  0.779182323369093E+002  0.679578850505721E+002
  0.167457792531435E-001  0.779180593466282E+002  0.679584090829158E+002
  0.167457792531435E-001  0.779179100416780E+002  0.679588643109128E+002
  0.167457792531435E-001  0.779175648147935E+002  0.679599276367041E+002
  0.167457792531435E-001  0.779174311390958E+002  0.679603434997878E+002
  0.167457792531435E-001  0.779173186037899E+002  0.679606954284474E+002
  0.167457792531435E-001  0.779168817081313E+002  0.679620780752133E+002
  0.167457792531435E-001  0.779163599752138E+002  0.679637649386915E+002
  0.167457792531435E-001  0.779161916104418E+002  0.679643180290632E+002
  0.167457792531435E-001  0.779157809843410E+002  0.679656857851749E+002
  0.167457792531435E-001  0.779153228352308E+002  0.679672449832917E+002
  0.167457792531435E-001  0.779151741677632E+002  0.679677588418750E+002
  0.167457792531435E-001  0.779150184299988E+002  0.679683014591108E+002
  0.167457792531435E-001  0.779146956038757E+002  0.679694408002646E+002
  0.167457792531435E-001  0.779143144604658E+002  0.679708124654217E+002
  0.167457792531435E-001  0.779135081354634E+002  0.679738174916753E+002
  0.167457792531435E-001  0.779135049071572E+002  0.679738298254181E+002
  0.167457792531435E-001  0.779127774979148E+002  0.679766767040393E+002
  0.167457792531435E-001  0.779126346514703E+002  0.679772525872921E+002
  0.167457792531435E-001  0.779120791798405E+002  0.679795499926247E+002
  0.167457792531435E-001  0.779111058888870E+002  0.679838293013337E+002
  0.167457792531435E-001  0.779110516351111E+002  0.679840786682422E+002
  0.167457792531435E-001  0.779110404902834E+002  0.679841300481432E+002
  0.167457792531435E-001  0.779109773518560E+002  0.679844221375561E+002
  0.167457792531435E-001  0.779103595485869E+002  0.679873769872343E+002
  0.167457792531435E-001  0.779102751351978E+002  0.679877954441972E+002
  0.167457792531435E-001  0.779101519084970E+002  0.679884132278607E+002
  0.167457792531435E-001  0.779101011995249E+002  0.679886699055299E+002
  0.167457792531435E-001  0.779100979930735E+002  0.679886861849283E+002
  0.167457792531435E-001  0.779098145122284E+002  0.679901494055477E+002
  0.167457792531435E-001  0.779095375815235E+002  0.679916277627184E+002
  0.167457792531435E-001  0.779094627442932E+002  0.679920362430648E+002
  0.167457792531435E-001  0.779092960429221E+002  0.679929608101504E+002
  0.167457792531435E-001  0.779090336096893E+002  0.679944602891679E+002
  0.167457792531435E-001  0.779089447667196E+002  0.679949810231229E+002
  0.167457792531435E-001  0.779089100699556E+002  0.679951862954742E+002
  0.167457792531435E-001  0.779088813859894E+002  0.679953568217426E+002
  0.167457792531435E-001  0.779087965162263E+002  0.679958658570963E+002
  0.167457792531435E-001  0.779086882727831E+002  0.679965251584274E+002
  0.167457792531435E-001  0.779085533864710E+002  0.679973634120327E+002
  0.167457792531435E-001  0.779083861679606E+002  0.679984301317487E+002
  0.167457792531435E-001  0.779083726732262E+002  0.679985176220008E+002
  0.167457792531435E-001  0.779083193347306E+002  0.679988655728076E+002
  0.167457792531435E-001  0.779081721092763E+002  0.679998444659120E+002
  0.167457792531435E-001  0.779081186369287E+002  0.680002070524040E+002
  0.167457792531435E-001  0.779079305889770E+002  0.680015144553224E+002
  0.167457792531435E-001  0.779077703806530E+002  0.680026715347861E+002
  0.167457792531435E-001  0.779077652485941E+002  0.680649734226085E+002
  0.167457792531435E-001  0.779075685993284E+002  0.680634896800311E+002
  0.167457792531435E-001  0.779074870891244E+002  0.680628524385506E+002
  0.167457792531435E-001  0.779074543892069E+002  0.680050899103386E+002
  0.167457792531435E-001  0.779074206296283E+002  0.680053604211354E+002
  0.167457792531435E-001  0.779072524681962E+002  0.680067480792477E+002
  0.167457792531435E-001  0.779072160300318E+002  0.680606244933657E+002
  0.167457792531435E-001  0.779071567564914E+002  0.680075705979429E+002
  0.167457792531435E-001  0.779071274470554E+002  0.680078276756374E+002
  0.167457792531435E-001  0.779070649702688E+002  0.680083843330021E+002
  0.167457792531435E-001  0.779068041456140E+002  0.680568293555393E+002
  0.167457792531435E-001  0.779067902019257E+002  0.680566898485196E+002
  0.167457792531435E-001  0.779067781819586E+002  0.680565689011340E+002
  0.167457792531435E-001  0.779066915458485E+002  0.680556773441616E+002
  0.167457792531435E-001  0.779065593438766E+002  0.680542419233946E+002
  0.167457792531435E-001  0.779065333705377E+002  0.680539478697083E+002
  0.167457792531435E-001  0.779064861660324E+002  0.680142805976149E+002
  0.167457792531435E-001  0.779064026919231E+002  0.680523978445286E+002
  0.167457792531435E-001  0.779062914567345E+002  0.680509682735621E+002
  0.167457792531435E-001  0.779061416372048E+002  0.680488288418597E+002
  0.167457792531435E-001  0.779061365970416E+002  0.680487515315778E+002
  0.167457792531435E-001  0.779061057611845E+002  0.680194132057391E+002
  0.167457792531435E-001  0.779060866835839E+002  0.680197196482644E+002
  0.167457792531435E-001  0.779060536296373E+002  0.680202669588474E+002
  0.167457792531435E-001  0.779060509105997E+002  0.680203129665440E+002
  0.167457792531435E-001  0.779060257047670E+002  0.680469355770441E+002
  0.167457792531435E-001  0.779059802477760E+002  0.680461137741097E+002
  0.167457792531435E-001  0.779058800926324E+002  0.680440727551081E+002
  0.167457792531435E-001  0.779058534106100E+002  0.680242265316564E+002
  0.167457792531435E-001  0.779057973761333E+002  0.680256714274108E+002
  0.167457792531435E-001  0.779057395721146E+002  0.680401848092979E+002
  0.167457792531435E-001  0.779057367114912E+002  0.680276021847565E+002
  0.167457792531435E-001  0.779057312602698E+002  0.680278058479067E+002
  0.167457792531435E-001  0.779057253549686E+002  0.680396482030177E+002
  0.167457792531435E-001  0.779057234739639E+002  0.680281092881757E+002
  0.167457792531435E-001  0.779057211764055E+002  0.680282019452015E+002
  0.167457792531435E-001  0.779056986736690E+002  0.680292063449196E+002
  0.167457792531435E-001  0.789583408750937E+002  0.680361103170499E+002
