  0.310131286114742E-001  0.872263559571451E+002  0.658017438368966E+002
  0.310131286114742E-001  0.853994516577664E+002  0.659980492039923E+002
  0.310131286114742E-001  0.835829205026891E+002  0.662141168953175E+002
  0.310131286114742E-001  0.833655245830159E+002  0.662417196037141E+002
  0.310131286114742E-001  0.823330764614857E+002  0.663790831975758E+002
  0.310131286114742E-001  0.816592522502918E+002  0.664752484087000E+002
  0.310131286114742E-001  0.812794903385277E+002  0.665321573134000E+002
  0.310131286114742E-001  0.812509160756828E+002  0.665365267790374E+002
  0.310131286114742E-001  0.811898417652717E+002  0.665459090479622E+002
  0.310131286114742E-001  0.811352367430030E+002  0.665543478787990E+002
  0.310131286114742E-001  0.810499424926808E+002  0.665676267023995E+002
  0.310131286114742E-001  0.807797117034462E+002  0.666105146710077E+002
  0.310131286114742E-001  0.807022324818198E+002  0.666230517725868E+002
  0.310131286114742E-001  0.806119048586692E+002  0.666378100421933E+002
  0.310131286114742E-001  0.805773984880447E+002  0.666434892526712E+002
  0.310131286114742E-001  0.804438065670080E+002  0.666656986916919E+002
  0.310131286114742E-001  0.803442937777691E+002  0.666824797253579E+002
  0.310131286114742E-001  0.802138646645399E+002  0.667047950497664E+002
  0.310131286114742E-001  0.802039201213050E+002  0.667065118702444E+002
  0.310131286114742E-001  0.801852665640327E+002  0.667097382139178E+002
  0.310131286114742E-001  0.801614950456574E+002  0.667138611950497E+002
  0.310131286114742E-001  0.799992589883331E+002  0.667423511551201E+002
  0.310131286114742E-001  0.798850188178124E+002  0.667627957475868E+002
  0.310131286114742E-001  0.798745459213064E+002  0.667646864726200E+002
  0.310131286114742E-001  0.797557713673557E+002  0.667863299648771E+002
  0.310131286114742E-001  0.797483676434412E+002  0.667876915422479E+002
  0.310131286114742E-001  0.797129016689813E+002  0.667942346318070E+002
  0.310131286114742E-001  0.796897416850063E+002  0.667985261039788E+002
  0.310131286114742E-001  0.796513259520055E+002  0.668056774829957E+002
  0.310131286114742E-001  0.796509598855710E+002  0.668057458293317E+002
  0.310131286114742E-001  0.796088770493083E+002  0.668136284100187E+002
  0.310131286114742E-001  0.796026396163228E+002  0.668148010874438E+002
  0.310131286114742E-001  0.795982362781203E+002  0.668156296230282E+002
  0.310131286114742E-001  0.796010106400673E+002  0.678751773265124E+002
  0.310131286114742E-001  0.795994623748296E+002  0.678774308473940E+002
  0.310131286114742E-001  0.795982634555975E+002  0.678791984493945E+002
  0.310131286114742E-001  0.795972545269118E+002  0.678807017507937E+002
  0.310131286114742E-001  0.795941257326259E+002  0.678854604658692E+002
  0.310131286114742E-001  0.795935294885600E+002  0.678863847390802E+002
  0.310131286114742E-001  0.795932295468278E+002  0.678868518937015E+002
  0.310131286114742E-001  0.795917589979076E+002  0.678891640761248E+002
  0.310131286114742E-001  0.795907108893433E+002  0.678908348605934E+002
  0.310131286114742E-001  0.795883377476197E+002  0.678946919892545E+002
  0.310131286114742E-001  0.795868892099251E+002  0.678970997975886E+002
  0.310131286114742E-001  0.795860263226600E+002  0.678985544836939E+002
  0.310131286114742E-001  0.795858701333854E+002  0.678988194682815E+002
  0.310131286114742E-001  0.795836208407076E+002  0.679026948909844E+002
  0.310131286114742E-001  0.795826226075670E+002  0.679044519810990E+002
  0.310131286114742E-001  0.795820517751818E+002  0.679054675684380E+002
  0.310131286114742E-001  0.795816386183959E+002  0.679062076707703E+002
  0.310131286114742E-001  0.795808142453299E+002  0.679076973745469E+002
  0.310131286114742E-001  0.795787279822824E+002  0.679115484543456E+002
  0.310131286114742E-001  0.795777363650153E+002  0.679134220765761E+002
  0.310131286114742E-001  0.795769824190535E+002  0.679148663718911E+002
  0.310131286114742E-001  0.795761265908115E+002  0.679165273836679E+002
  0.310131286114742E-001  0.795749480894594E+002  0.679188539087698E+002
  0.310131286114742E-001  0.795745793318192E+002  0.679195916184489E+002
  0.310131286114742E-001  0.795732335975358E+002  0.679223251902399E+002
  0.310131286114742E-001  0.795730602915063E+002  0.679226821102763E+002
