  0.169103814396118E-001  0.865886916084129E+002  0.658017438368966E+002
  0.169103814396118E-001  0.847617873090342E+002  0.659980492039923E+002
  0.169103814396118E-001  0.829452561539569E+002  0.662141168953175E+002
  0.169103814396118E-001  0.827278602342837E+002  0.662417196037141E+002
  0.169103814396118E-001  0.816954121127535E+002  0.663790831975758E+002
  0.169103814396118E-001  0.810215879015596E+002  0.664752484087000E+002
  0.169103814396118E-001  0.806418259897955E+002  0.665321573134000E+002
  0.169103814396118E-001  0.806132517269506E+002  0.665365267790374E+002
  0.169103814396118E-001  0.805521774165395E+002  0.665459090479622E+002
  0.169103814396118E-001  0.804975723942709E+002  0.665543478787990E+002
  0.169103814396118E-001  0.804122781439486E+002  0.665676267023995E+002
  0.169103814396118E-001  0.801420473547140E+002  0.666105146710077E+002
  0.169103814396118E-001  0.800645681330876E+002  0.666230517725868E+002
  0.169103814396118E-001  0.799742405099370E+002  0.666378100421933E+002
  0.169103814396118E-001  0.799397341393125E+002  0.666434892526712E+002
  0.169103814396118E-001  0.798061422182758E+002  0.666656986916919E+002
  0.169103814396118E-001  0.797066294290369E+002  0.666824797253579E+002
  0.169103814396118E-001  0.795762003158077E+002  0.667047950497664E+002
  0.169103814396118E-001  0.795662557725728E+002  0.667065118702444E+002
  0.169103814396118E-001  0.795476022153005E+002  0.667097382139178E+002
  0.169103814396118E-001  0.795238306969252E+002  0.667138611950497E+002
  0.169103814396118E-001  0.793615946396009E+002  0.667423511551201E+002
  0.169103814396118E-001  0.792473544690802E+002  0.667627957475868E+002
  0.169103814396118E-001  0.792368815725742E+002  0.667646864726200E+002
  0.169103814396118E-001  0.791181070186235E+002  0.667863299648771E+002
  0.169103814396118E-001  0.791107032947090E+002  0.667876915422479E+002
  0.169103814396118E-001  0.790752373202491E+002  0.667942346318070E+002
  0.169103814396118E-001  0.790520773362741E+002  0.667985261039788E+002
  0.169103814396118E-001  0.790136616032733E+002  0.668056774829957E+002
  0.169103814396118E-001  0.790132955368388E+002  0.668057458293317E+002
  0.169103814396118E-001  0.789712127005762E+002  0.668136284100187E+002
  0.169103814396118E-001  0.789649752675906E+002  0.668148010874438E+002
  0.169103814396118E-001  0.789605719293882E+002  0.668156296230282E+002
  0.169103814396118E-001  0.779386993309191E+002  0.679300309937877E+002
  0.169103814396118E-001  0.779370449798901E+002  0.679337518268641E+002
  0.169103814396118E-001  0.779350179525284E+002  0.679385086291676E+002
  0.169103814396118E-001  0.779344127336111E+002  0.679399756097971E+002
  0.169103814396118E-001  0.779335585841957E+002  0.679420858685208E+002
  0.169103814396118E-001  0.779330356269811E+002  0.679434021841153E+002
  0.169103814396118E-001  0.779321679826957E+002  0.679456294163170E+002
  0.169103814396118E-001  0.779320400567381E+002  0.679459625754439E+002
  0.169103814396118E-001  0.779319847888452E+002  0.679461069016423E+002
  0.169103814396118E-001  0.779301805674002E+002  0.679509563321205E+002
  0.169103814396118E-001  0.779298461010359E+002  0.679518868410889E+002
  0.169103814396118E-001  0.779297491726879E+002  0.679521584836262E+002
  0.169103814396118E-001  0.779284300825124E+002  0.679559493588555E+002
  0.169103814396118E-001  0.779278075239181E+002  0.679578041227599E+002
  0.169103814396118E-001  0.779277807017780E+002  0.679578850505721E+002
  0.169103814396118E-001  0.779276077114969E+002  0.679584090829158E+002
  0.169103814396118E-001  0.779274584065467E+002  0.679588643109128E+002
  0.169103814396118E-001  0.779271131796622E+002  0.679599276367041E+002
  0.169103814396118E-001  0.779269795039645E+002  0.679603434997878E+002
  0.169103814396118E-001  0.779268669686586E+002  0.679606954284474E+002
  0.169103814396118E-001  0.779264300730000E+002  0.679620780752133E+002
  0.169103814396118E-001  0.779259083400825E+002  0.679637649386915E+002
  0.169103814396118E-001  0.779257399753105E+002  0.679643180290632E+002
  0.169103814396118E-001  0.779253293492097E+002  0.679656857851749E+002
  0.169103814396118E-001  0.779248712000995E+002  0.679672449832917E+002
  0.169103814396118E-001  0.779247225326319E+002  0.679677588418750E+002
  0.169103814396118E-001  0.779245667948675E+002  0.679683014591108E+002
  0.169103814396118E-001  0.779242439687444E+002  0.679694408002646E+002
  0.169103814396118E-001  0.779238628253345E+002  0.679708124654217E+002
  0.169103814396118E-001  0.779230565003321E+002  0.679738174916753E+002
  0.169103814396118E-001  0.779230532720259E+002  0.679738298254181E+002
  0.169103814396118E-001  0.779223258627835E+002  0.679766767040393E+002
  0.169103814396118E-001  0.779221830163390E+002  0.679772525872921E+002
  0.169103814396118E-001  0.779216275447092E+002  0.679795499926247E+002
  0.169103814396118E-001  0.779206542537557E+002  0.679838293013337E+002
  0.169103814396118E-001  0.779205999999798E+002  0.679840786682422E+002
  0.169103814396118E-001  0.779205888551521E+002  0.679841300481432E+002
  0.169103814396118E-001  0.779205257167247E+002  0.679844221375561E+002
  0.169103814396118E-001  0.779199079134556E+002  0.679873769872343E+002
  0.169103814396118E-001  0.779198235000665E+002  0.679877954441972E+002
  0.169103814396118E-001  0.779197002733657E+002  0.679884132278607E+002
  0.169103814396118E-001  0.779196495643936E+002  0.679886699055299E+002
  0.169103814396118E-001  0.779196463579422E+002  0.679886861849283E+002
  0.169103814396118E-001  0.779193628770971E+002  0.679901494055477E+002
  0.169103814396118E-001  0.779190859463922E+002  0.679916277627184E+002
  0.169103814396118E-001  0.779190111091619E+002  0.679920362430648E+002
  0.169103814396118E-001  0.779188444077909E+002  0.679929608101504E+002
  0.169103814396118E-001  0.779185819745580E+002  0.679944602891679E+002
  0.169103814396118E-001  0.779184931315883E+002  0.679949810231229E+002
  0.169103814396118E-001  0.779184584348243E+002  0.679951862954742E+002
  0.169103814396118E-001  0.779184297508581E+002  0.679953568217426E+002
  0.169103814396118E-001  0.779183448810950E+002  0.679958658570963E+002
  0.169103814396118E-001  0.779182366376518E+002  0.679965251584274E+002
  0.169103814396118E-001  0.779181017513397E+002  0.679973634120327E+002
  0.169103814396118E-001  0.779179345328293E+002  0.679984301317487E+002
  0.169103814396118E-001  0.779179210380949E+002  0.679985176220008E+002
  0.169103814396118E-001  0.779178676995993E+002  0.679988655728076E+002
  0.169103814396118E-001  0.779177204741450E+002  0.679998444659120E+002
  0.169103814396118E-001  0.779176670017974E+002  0.680002070524040E+002
  0.169103814396118E-001  0.779174789538457E+002  0.680015144553224E+002
  0.169103814396118E-001  0.779173187455217E+002  0.680026715347861E+002
  0.169103814396118E-001  0.779173136134629E+002  0.680649734226085E+002
  0.169103814396118E-001  0.779171169641972E+002  0.680634896800311E+002
  0.169103814396118E-001  0.779170354539931E+002  0.680628524385506E+002
  0.169103814396118E-001  0.779170027540756E+002  0.680050899103386E+002
  0.169103814396118E-001  0.779169689944970E+002  0.680053604211354E+002
  0.169103814396118E-001  0.779168008330649E+002  0.680067480792477E+002
  0.169103814396118E-001  0.779167643949005E+002  0.680606244933657E+002
  0.169103814396118E-001  0.779167051213601E+002  0.680075705979429E+002
  0.169103814396118E-001  0.779166758119241E+002  0.680078276756374E+002
  0.169103814396118E-001  0.779166133351375E+002  0.680083843330021E+002
  0.169103814396118E-001  0.779163525104827E+002  0.680568293555393E+002
  0.169103814396118E-001  0.779163385667945E+002  0.680566898485196E+002
  0.169103814396118E-001  0.779163265468273E+002  0.680565689011340E+002
  0.169103814396118E-001  0.779162399107173E+002  0.680556773441616E+002
  0.169103814396118E-001  0.779161077087453E+002  0.680542419233946E+002
  0.169103814396118E-001  0.779160817354064E+002  0.680539478697083E+002
  0.169103814396118E-001  0.779160345309011E+002  0.680142805976149E+002
  0.169103814396118E-001  0.779159510567918E+002  0.680523978445286E+002
  0.169103814396118E-001  0.779158398216032E+002  0.680509682735621E+002
  0.169103814396118E-001  0.779156900020735E+002  0.680488288418597E+002
  0.169103814396118E-001  0.779156849619103E+002  0.680487515315778E+002
  0.169103814396118E-001  0.779156541260532E+002  0.680194132057391E+002
  0.169103814396118E-001  0.779156350484526E+002  0.680197196482644E+002
  0.169103814396118E-001  0.779156019945060E+002  0.680202669588474E+002
  0.169103814396118E-001  0.779155992754684E+002  0.680203129665440E+002
  0.169103814396118E-001  0.779155740696357E+002  0.680469355770441E+002
  0.169103814396118E-001  0.779155286126447E+002  0.680461137741097E+002
  0.169103814396118E-001  0.779154284575011E+002  0.680440727551081E+002
  0.169103814396118E-001  0.779154017754787E+002  0.680242265316564E+002
  0.169103814396118E-001  0.779153457410020E+002  0.680256714274108E+002
  0.169103814396118E-001  0.779152879369833E+002  0.680401848092979E+002
  0.169103814396118E-001  0.779152850763599E+002  0.680276021847565E+002
  0.169103814396118E-001  0.779152796251385E+002  0.680278058479067E+002
  0.169103814396118E-001  0.779152737198373E+002  0.680396482030177E+002
  0.169103814396118E-001  0.779152718388326E+002  0.680281092881757E+002
  0.169103814396118E-001  0.779152695412742E+002  0.680282019452015E+002
  0.169103814396118E-001  0.779152470385377E+002  0.680292063449196E+002
  0.169103814396118E-001  0.795461165981441E+002  0.680342022734687E+002
