  0.382691442440886E+000  0.825718444198895E+002  0.668156296230282E+002
  0.382691442440886E+000  0.883730597995355E+002  0.659980492039923E+002
  0.382691442440886E+000  0.825762477580919E+002  0.668148010874438E+002
  0.382691442440886E+000  0.825824851910775E+002  0.668136284100187E+002
  0.382691442440886E+000  0.853066846032548E+002  0.663790831975758E+002
  0.382691442440886E+000  0.846328603920609E+002  0.664752484087000E+002
  0.382691442440886E+000  0.826245680273401E+002  0.668057458293317E+002
  0.382691442440886E+000  0.826865098107504E+002  0.667942346318070E+002
  0.382691442440886E+000  0.827219757852103E+002  0.667876915422479E+002
  0.382691442440886E+000  0.841088448847722E+002  0.665543478787990E+002
  0.382691442440886E+000  0.828586269595815E+002  0.667627957475868E+002
  0.382691442440886E+000  0.837533198452153E+002  0.666105146710077E+002
  0.382691442440886E+000  0.831588747058018E+002  0.667097382139178E+002
  0.382691442440886E+000  0.831775282630742E+002  0.667065118702444E+002
  0.382691442440886E+000  0.835510066298138E+002  0.666434892526712E+002
  0.382691442440886E+000  0.834174147087771E+002  0.666656986916919E+002
  0.382691442440886E+000  0.831874728063090E+002  0.667047950497664E+002
  0.382691442440886E+000  0.825277129265050E+002  0.668645056260197E+002
  0.382691442440886E+000  0.825180106122808E+002  0.668664097245406E+002
  0.382691442440886E+000  0.824546953323455E+002  0.668789125585778E+002
  0.382691442440886E+000  0.822996203713665E+002  0.669101225808237E+002
  0.382691442440886E+000  0.821432502510696E+002  0.669424966394448E+002
  0.382691442440886E+000  0.805408848516573E+002  0.673584184352945E+002
  0.382691442440886E+000  0.821353878992202E+002  0.669441498156569E+002
  0.382691442440886E+000  0.821251070364749E+002  0.669463153111557E+002
  0.382691442440886E+000  0.821184110950822E+002  0.669477280233966E+002
  0.382691442440886E+000  0.821094402046189E+002  0.669496235903034E+002
  0.382691442440886E+000  0.820718244144800E+002  0.669576082304402E+002
  0.382691442440886E+000  0.820439962797704E+002  0.669635535956298E+002
  0.382691442440886E+000  0.820168874824108E+002  0.669693772071716E+002
  0.382691442440886E+000  0.819677996113461E+002  0.669800043385447E+002
  0.382691442440886E+000  0.819638188287138E+002  0.669808708477092E+002
  0.382691442440886E+000  0.818958419149302E+002  0.669957792185645E+002
  0.382691442440886E+000  0.818904908820506E+002  0.669969618823454E+002
  0.382691442440886E+000  0.818778646119166E+002  0.669997578510029E+002
  0.382691442440886E+000  0.817803114744713E+002  0.670216203873800E+002
  0.382691442440886E+000  0.817733094806675E+002  0.670232077882927E+002
  0.382691442440886E+000  0.816772353258755E+002  0.670452458590335E+002
  0.382691442440886E+000  0.816650916845616E+002  0.670480665133846E+002
  0.382691442440886E+000  0.816530426326201E+002  0.670508731966572E+002
  0.382691442440886E+000  0.816116129962675E+002  0.670605854967204E+002
  0.382691442440886E+000  0.815744247913857E+002  0.670693867778512E+002
  0.382691442440886E+000  0.808934525961623E+002  0.672477866403440E+002
  0.382691442440886E+000  0.815590587704149E+002  0.670730469716473E+002
  0.382691442440886E+000  0.814129611113982E+002  0.671085705006301E+002
  0.382691442440886E+000  0.814096848464901E+002  0.671093827705263E+002
  0.382691442440886E+000  0.813847892725589E+002  0.671155784937534E+002
  0.382691442440886E+000  0.813631383333379E+002  0.671210009174844E+002
  0.382691442440886E+000  0.812798913827403E+002  0.671421569893862E+002
  0.382691442440886E+000  0.812742325647304E+002  0.671436133500507E+002
  0.382691442440886E+000  0.812740483156808E+002  0.671436608086746E+002
  0.382691442440886E+000  0.812590894630662E+002  0.671475223682701E+002
  0.382691442440886E+000  0.812562374223422E+002  0.671482605208030E+002
  0.382691442440886E+000  0.812304993908785E+002  0.671549499653421E+002
  0.382691442440886E+000  0.812122474801607E+002  0.671597247522633E+002
  0.382691442440886E+000  0.811916963669987E+002  0.671651324323932E+002
  0.382691442440886E+000  0.811268948577142E+002  0.671824087225488E+002
  0.382691442440886E+000  0.811163187726317E+002  0.671852617269283E+002
  0.382691442440886E+000  0.810847051420309E+002  0.671938475906036E+002
  0.382691442440886E+000  0.810590425492884E+002  0.672008823037910E+002
  0.382691442440886E+000  0.809160420041260E+002  0.672412245436061E+002
  0.382691442440886E+000  0.810365640459709E+002  0.672070933607138E+002
  0.382691442440886E+000  0.810201208875033E+002  0.672116665003457E+002
  0.382691442440886E+000  0.809307044340920E+002  0.672369941108610E+002
  0.382691442440886E+000  0.809974296107000E+002  0.672180194505487E+002
  0.382691442440886E+000  0.809312649625654E+002  0.672368328317148E+002
  0.382691442440886E+000  0.808852473651374E+002  0.672501838185522E+002
  0.382691442440886E+000  0.808532568122964E+002  0.672596008117934E+002
  0.382691442440886E+000  0.805504593506702E+002  0.673551757965292E+002
  0.382691442440886E+000  0.808132696366635E+002  0.672715353207811E+002
  0.382691442440886E+000  0.807986047640595E+002  0.672759592739074E+002
  0.382691442440886E+000  0.807957254426431E+002  0.672768309153710E+002
  0.382691442440886E+000  0.805552428382015E+002  0.673535615413012E+002
  0.382691442440886E+000  0.807582291591035E+002  0.672882750011015E+002
  0.382691442440886E+000  0.807541683253763E+002  0.672895249511806E+002
  0.382691442440886E+000  0.807358870238293E+002  0.672951782444512E+002
  0.382691442440886E+000  0.807260123598700E+002  0.672982499488043E+002
  0.382691442440886E+000  0.806989124062536E+002  0.673067465834706E+002
  0.382691442440886E+000  0.806579371215737E+002  0.673197855198248E+002
  0.382691442440886E+000  0.806447063742007E+002  0.673240468933336E+002
  0.382691442440886E+000  0.806385111771560E+002  0.673260510683628E+002
  0.382691442440886E+000  0.806211141525819E+002  0.673317096743462E+002
  0.382691442440886E+000  0.806003517393649E+002  0.673385231883713E+002
  0.382691442440886E+000  0.805776063014484E+002  0.673460649356608E+002
  0.382691442440886E+000  0.805707942567726E+002  0.673483397637173E+002
  0.382691442440886E+000  0.805080102755302E+002  0.673696727047827E+002
  0.382691442440886E+000  0.805008446841420E+002  0.673721511784507E+002
  0.382691442440886E+000  0.804967685898623E+002  0.673735651913701E+002
  0.382691442440886E+000  0.804964033587801E+002  0.673736920393011E+002
  0.382691442440886E+000  0.804957807138762E+002  0.673739083455051E+002
  0.382691442440886E+000  0.804851877672822E+002  0.673775992487564E+002
  0.382691442440886E+000  0.804848287683521E+002  0.673777246986025E+002
  0.382691442440886E+000  0.804715589972023E+002  0.673823786831937E+002
  0.382691442440886E+000  0.804589618658362E+002  0.673868277321731E+002
  0.382691442440886E+000  0.804436534854882E+002  0.673922758652945E+002
  0.382691442440886E+000  0.804351453691384E+002  0.673953239348613E+002
  0.382691442440886E+000  0.804132921649876E+002  0.674032204544899E+002
  0.382691442440886E+000  0.803770583454316E+002  0.674165358693916E+002
  0.382691442440886E+000  0.803736814524525E+002  0.674177914905597E+002
  0.382691442440886E+000  0.803708849458232E+002  0.674188332486991E+002
  0.382691442440886E+000  0.803690834580210E+002  0.674195052767301E+002
  0.382691442440886E+000  0.803567774345841E+002  0.674241157337972E+002
  0.382691442440886E+000  0.803348631954392E+002  0.674324134148931E+002
  0.382691442440886E+000  0.803101572784953E+002  0.674419076163496E+002
  0.382691442440886E+000  0.803087686964422E+002  0.674424457565913E+002
  0.382691442440886E+000  0.803039187828175E+002  0.674443291783146E+002
  0.382691442440886E+000  0.802859315541409E+002  0.674513675368684E+002
  0.382691442440886E+000  0.802692619877600E+002  0.674579670936977E+002
  0.382691442440886E+000  0.802682979341458E+002  0.674583510819099E+002
  0.382691442440886E+000  0.802590552849825E+002  0.674620455702924E+002
  0.382691442440886E+000  0.802409169298150E+002  0.674693661510520E+002
  0.382691442440886E+000  0.802249539443558E+002  0.674758882148944E+002
  0.382691442440886E+000  0.802208140579168E+002  0.674775921533874E+002
  0.382691442440886E+000  0.801982786200884E+002  0.674869606280236E+002
  0.382691442440886E+000  0.801927098546560E+002  0.674893005207550E+002
  0.382691442440886E+000  0.801843091995033E+002  0.674928494700264E+002
  0.382691442440886E+000  0.801557701163694E+002  0.675050840083496E+002
  0.382691442440886E+000  0.801295942998437E+002  0.675165597812766E+002
  0.382691442440886E+000  0.801236570602911E+002  0.675191983363378E+002
  0.382691442440886E+000  0.801229558365640E+002  0.675195108593190E+002
  0.382691442440886E+000  0.801202178176461E+002  0.675207329684793E+002
  0.382691442440886E+000  0.801179209253541E+002  0.675217604312940E+002
  0.382691442440886E+000  0.801174316693075E+002  0.675219795553659E+002
  0.382691442440886E+000  0.801155393086908E+002  0.675228279751996E+002
  0.382691442440886E+000  0.801131228843410E+002  0.675239134055729E+002
  0.382691442440886E+000  0.801106845631002E+002  0.675250110187693E+002
  0.382691442440886E+000  0.800864408746459E+002  0.675360559888919E+002
  0.382691442440886E+000  0.800796898350890E+002  0.675391755324067E+002
  0.382691442440886E+000  0.800730242310989E+002  0.675422750199871E+002
  0.382691442440886E+000  0.800696644407892E+002  0.675438447449674E+002
  0.382691442440886E+000  0.800639251840212E+002  0.675465378746560E+002
  0.382691442440886E+000  0.800564385356688E+002  0.675500734968400E+002
  0.382691442440886E+000  0.800324370378494E+002  0.675615867968221E+002
  0.382691442440886E+000  0.800260457721826E+002  0.675647002635882E+002
  0.382691442440886E+000  0.800197076304121E+002  0.675678083927009E+002
  0.382691442440886E+000  0.799894245361286E+002  0.675829544081934E+002
  0.382691442440886E+000  0.799893171981201E+002  0.675830089980203E+002
  0.382691442440886E+000  0.799892675675294E+002  0.675830342413174E+002
  0.382691442440886E+000  0.799783333901923E+002  0.675886305150863E+002
  0.382691442440886E+000  0.799683928761327E+002  0.675937799735254E+002
  0.382691442440886E+000  0.799532314050047E+002  0.676017521965445E+002
  0.382691442440886E+000  0.799475292460401E+002  0.676047888432351E+002
  0.382691442440886E+000  0.799467001901247E+002  0.676052321428394E+002
  0.382691442440886E+000  0.799460976441430E+002  0.676055546145735E+002
  0.382691442440886E+000  0.799429581022323E+002  0.676072387846548E+002
  0.382691442440886E+000  0.799341666515263E+002  0.676119906284246E+002
  0.382691442440886E+000  0.799326543591235E+002  0.676128134397693E+002
  0.382691442440886E+000  0.799280380899685E+002  0.676153350751090E+002
  0.382691442440886E+000  0.799168243069428E+002  0.676215248276711E+002
  0.382691442440886E+000  0.799103932739326E+002  0.676251169031550E+002
  0.382691442440886E+000  0.798985913676804E+002  0.676317923786008E+002
  0.382691442440886E+000  0.798920861658191E+002  0.676355197201737E+002
  0.382691442440886E+000  0.798853037857055E+002  0.676394433865854E+002
  0.382691442440886E+000  0.798843054122597E+002  0.676400242551008E+002
  0.382691442440886E+000  0.798557323974205E+002  0.676570277944738E+002
  0.382691442440886E+000  0.798452288610547E+002  0.676634745266327E+002
  0.382691442440886E+000  0.798423095948393E+002  0.676652863035522E+002
  0.382691442440886E+000  0.798413302947969E+002  0.676658960824332E+002
  0.382691442440886E+000  0.798381852079860E+002  0.676678612985134E+002
  0.382691442440886E+000  0.798311794012414E+002  0.676722772914062E+002
  0.382691442440886E+000  0.798299851443091E+002  0.676730354632360E+002
  0.382691442440886E+000  0.798283427040468E+002  0.676740807731728E+002
  0.382691442440886E+000  0.798241774767136E+002  0.676767453976069E+002
  0.382691442440886E+000  0.798233781298879E+002  0.676772590417356E+002
  0.382691442440886E+000  0.798157973876832E+002  0.676821675660929E+002
  0.382691442440886E+000  0.798150829745221E+002  0.676826336852009E+002
  0.382691442440886E+000  0.798035862000742E+002  0.676902217088296E+002
  0.382691442440886E+000  0.798018472468804E+002  0.676913840794616E+002
  0.382691442440886E+000  0.798017487765512E+002  0.676914500181580E+002
  0.382691442440886E+000  0.797978561572383E+002  0.676940668844475E+002
  0.382691442440886E+000  0.797906219316171E+002  0.676989845059234E+002
  0.382691442440886E+000  0.797873053947224E+002  0.677012633020157E+002
  0.382691442440886E+000  0.797792047763375E+002  0.677068960136003E+002
  0.382691442440886E+000  0.797778094212045E+002  0.677078760914584E+002
  0.382691442440886E+000  0.797746851278884E+002  0.677100813096250E+002
  0.382691442440886E+000  0.797746184092206E+002  0.677101285654511E+002
  0.382691442440886E+000  0.797711299067358E+002  0.677126091033953E+002
  0.382691442440886E+000  0.797681217520863E+002  0.677147635681557E+002
  0.382691442440886E+000  0.797679235212782E+002  0.677149060537997E+002
  0.382691442440886E+000  0.797479250224749E+002  0.677296234890962E+002
  0.382691442440886E+000  0.797473822081467E+002  0.677300328991160E+002
  0.382691442440886E+000  0.797429175285399E+002  0.677334214870813E+002
  0.382691442440886E+000  0.797366617274404E+002  0.677382348320335E+002
  0.382691442440886E+000  0.797329810412223E+002  0.677411038083240E+002
  0.382691442440886E+000  0.797278686821973E+002  0.677451360247559E+002
  0.382691442440886E+000  0.797257829794321E+002  0.677467973264119E+002
  0.382691442440886E+000  0.797232165101717E+002  0.677488548574984E+002
  0.382691442440886E+000  0.797197907444448E+002  0.677516246582962E+002
  0.382691442440886E+000  0.797197646823588E+002  0.677516458342173E+002
  0.382691442440886E+000  0.797182040408357E+002  0.677529167936418E+002
  0.382691442440886E+000  0.797157061244174E+002  0.677549631081025E+002
  0.382691442440886E+000  0.797148001093984E+002  0.677557090440098E+002
  0.382691442440886E+000  0.797129073818439E+002  0.677572738468429E+002
  0.382691442440886E+000  0.797107801627167E+002  0.677590431490366E+002
  0.382691442440886E+000  0.797082532764120E+002  0.677611597898584E+002
  0.382691442440886E+000  0.797039409653236E+002  0.677648104448274E+002
  0.382691442440886E+000  0.797001746281935E+002  0.677680399134161E+002
  0.382691442440886E+000  0.796984213181237E+002  0.677695567608669E+002
  0.382691442440886E+000  0.796938596930792E+002  0.677735445875101E+002
  0.382691442440886E+000  0.796921545284550E+002  0.677750510406785E+002
  0.382691442440886E+000  0.796859928059341E+002  0.677805693862121E+002
  0.382691442440886E+000  0.796814265453364E+002  0.677847377123030E+002
  0.382691442440886E+000  0.796814141938933E+002  0.677847490819526E+002
  0.382691442440886E+000  0.796804410084142E+002  0.677856465479129E+002
  0.382691442440886E+000  0.796798746807191E+002  0.677861703088912E+002
  0.382691442440886E+000  0.796769650433604E+002  0.677888789063619E+002
  0.382691442440886E+000  0.796734100176963E+002  0.677922295105010E+002
  0.382691442440886E+000  0.796712345081212E+002  0.677943030385006E+002
  0.382691442440886E+000  0.796712009523881E+002  0.677943351618191E+002
  0.382691442440886E+000  0.796705351924550E+002  0.677949733951618E+002
  0.382691442440886E+000  0.796702122765767E+002  0.677952835746755E+002
  0.382691442440886E+000  0.796701263984271E+002  0.677953661335557E+002
  0.382691442440886E+000  0.796681605643707E+002  0.677972638642977E+002
  0.382691442440886E+000  0.796631213061755E+002  0.678021995424963E+002
  0.382691442440886E+000  0.796631032300659E+002  0.678022174363684E+002
  0.382691442440886E+000  0.796628581875316E+002  0.678024601449955E+002
  0.382691442440886E+000  0.796621428240889E+002  0.678031701559401E+002
  0.382691442440886E+000  0.796561132548285E+002  0.678092437808035E+002
  0.382691442440886E+000  0.796516519273056E+002  0.678138456123430E+002
  0.382691442440886E+000  0.796507558886363E+002  0.678147815281888E+002
  0.382691442440886E+000  0.796425384955897E+002  0.678235588059689E+002
