  0.133966234155301E-001  0.863559996922301E+002  0.658017438368966E+002
  0.133966234155301E-001  0.845290953928513E+002  0.659980492039923E+002
  0.133966234155301E-001  0.827125642377740E+002  0.662141168953175E+002
  0.133966234155301E-001  0.824951683181008E+002  0.662417196037141E+002
  0.133966234155301E-001  0.814627201965706E+002  0.663790831975758E+002
  0.133966234155301E-001  0.807888959853767E+002  0.664752484087000E+002
  0.133966234155301E-001  0.804091340736126E+002  0.665321573134000E+002
  0.133966234155301E-001  0.803805598107677E+002  0.665365267790374E+002
  0.133966234155301E-001  0.803194855003566E+002  0.665459090479622E+002
  0.133966234155301E-001  0.802648804780880E+002  0.665543478787990E+002
  0.133966234155301E-001  0.801795862277657E+002  0.665676267023995E+002
  0.133966234155301E-001  0.799093554385312E+002  0.666105146710077E+002
  0.133966234155301E-001  0.798318762169047E+002  0.666230517725868E+002
  0.133966234155301E-001  0.797415485937541E+002  0.666378100421933E+002
  0.133966234155301E-001  0.797070422231296E+002  0.666434892526712E+002
  0.133966234155301E-001  0.795734503020929E+002  0.666656986916919E+002
  0.133966234155301E-001  0.794739375128540E+002  0.666824797253579E+002
  0.133966234155301E-001  0.793435083996249E+002  0.667047950497664E+002
  0.133966234155301E-001  0.793335638563900E+002  0.667065118702444E+002
  0.133966234155301E-001  0.793149102991177E+002  0.667097382139178E+002
  0.133966234155301E-001  0.792911387807423E+002  0.667138611950497E+002
  0.133966234155301E-001  0.791289027234180E+002  0.667423511551201E+002
  0.133966234155301E-001  0.790146625528973E+002  0.667627957475868E+002
  0.133966234155301E-001  0.790041896563913E+002  0.667646864726200E+002
  0.133966234155301E-001  0.788854151024406E+002  0.667863299648771E+002
  0.133966234155301E-001  0.788780113785261E+002  0.667876915422479E+002
  0.133966234155301E-001  0.788425454040662E+002  0.667942346318070E+002
  0.133966234155301E-001  0.788193854200912E+002  0.667985261039788E+002
  0.133966234155301E-001  0.787809696870904E+002  0.668056774829957E+002
  0.133966234155301E-001  0.787806036206559E+002  0.668057458293317E+002
  0.133966234155301E-001  0.787385207843933E+002  0.668136284100187E+002
  0.133966234155301E-001  0.787322833514077E+002  0.668148010874438E+002
  0.133966234155301E-001  0.787278800132053E+002  0.668156296230282E+002
  0.133966234155301E-001  0.777060074147362E+002  0.679300309937877E+002
  0.133966234155301E-001  0.777043530637072E+002  0.679337518268641E+002
  0.133966234155301E-001  0.777023260363455E+002  0.679385086291676E+002
  0.133966234155301E-001  0.777017208174282E+002  0.679399756097971E+002
  0.133966234155301E-001  0.777008666680128E+002  0.679420858685208E+002
  0.133966234155301E-001  0.777003437107983E+002  0.679434021841153E+002
  0.133966234155301E-001  0.776994760665129E+002  0.679456294163170E+002
  0.133966234155301E-001  0.776993481405552E+002  0.679459625754439E+002
  0.133966234155301E-001  0.776992928726623E+002  0.679461069016423E+002
  0.133966234155301E-001  0.776974886512173E+002  0.679509563321205E+002
  0.133966234155301E-001  0.776971541848530E+002  0.679518868410889E+002
  0.133966234155301E-001  0.776970572565050E+002  0.679521584836262E+002
  0.133966234155301E-001  0.776957381663295E+002  0.679559493588555E+002
  0.133966234155301E-001  0.776951156077352E+002  0.679578041227599E+002
  0.133966234155301E-001  0.776950887855951E+002  0.679578850505721E+002
  0.133966234155301E-001  0.776949157953140E+002  0.679584090829158E+002
  0.133966234155301E-001  0.776947664903638E+002  0.679588643109128E+002
  0.133966234155301E-001  0.776944212634793E+002  0.679599276367041E+002
  0.133966234155301E-001  0.776942875877816E+002  0.679603434997878E+002
  0.133966234155301E-001  0.776941750524757E+002  0.679606954284474E+002
  0.133966234155301E-001  0.776937381568171E+002  0.679620780752133E+002
  0.133966234155301E-001  0.776932164238996E+002  0.679637649386915E+002
  0.133966234155301E-001  0.776930480591276E+002  0.679643180290632E+002
  0.133966234155301E-001  0.776926374330268E+002  0.679656857851749E+002
  0.133966234155301E-001  0.776921792839166E+002  0.679672449832917E+002
  0.133966234155301E-001  0.776920306164490E+002  0.679677588418750E+002
  0.133966234155301E-001  0.776918748786846E+002  0.679683014591108E+002
  0.133966234155301E-001  0.776915520525615E+002  0.679694408002646E+002
  0.133966234155301E-001  0.776911709091516E+002  0.679708124654217E+002
  0.133966234155301E-001  0.776903645841493E+002  0.679738174916753E+002
  0.133966234155301E-001  0.776903613558430E+002  0.679738298254181E+002
  0.133966234155301E-001  0.776896339466007E+002  0.679766767040393E+002
  0.133966234155301E-001  0.776894911001561E+002  0.679772525872921E+002
  0.133966234155301E-001  0.776889356285263E+002  0.679795499926247E+002
  0.133966234155301E-001  0.776879623375728E+002  0.679838293013337E+002
  0.133966234155301E-001  0.776879080837969E+002  0.679840786682422E+002
  0.133966234155301E-001  0.776878969389692E+002  0.679841300481432E+002
  0.133966234155301E-001  0.776878338005418E+002  0.679844221375561E+002
  0.133966234155301E-001  0.776872159972727E+002  0.679873769872343E+002
  0.133966234155301E-001  0.776871315838836E+002  0.679877954441972E+002
  0.133966234155301E-001  0.776870083571828E+002  0.679884132278607E+002
  0.133966234155301E-001  0.776869576482108E+002  0.679886699055299E+002
  0.133966234155301E-001  0.776869544417594E+002  0.679886861849283E+002
  0.133966234155301E-001  0.776866709609142E+002  0.679901494055477E+002
  0.133966234155301E-001  0.776863940302093E+002  0.679916277627184E+002
  0.133966234155301E-001  0.776863191929790E+002  0.679920362430648E+002
  0.133966234155301E-001  0.776861524916079E+002  0.679929608101504E+002
  0.133966234155301E-001  0.776858900583752E+002  0.679944602891679E+002
  0.133966234155301E-001  0.776858012154054E+002  0.679949810231229E+002
  0.133966234155301E-001  0.776857665186414E+002  0.679951862954742E+002
  0.133966234155301E-001  0.776857378346752E+002  0.679953568217426E+002
  0.133966234155301E-001  0.776856529649121E+002  0.679958658570963E+002
  0.133966234155301E-001  0.776855447214689E+002  0.679965251584274E+002
  0.133966234155301E-001  0.776854098351568E+002  0.679973634120327E+002
  0.133966234155301E-001  0.776852426166464E+002  0.679984301317487E+002
  0.133966234155301E-001  0.776852291219120E+002  0.679985176220008E+002
  0.133966234155301E-001  0.776851757834164E+002  0.679988655728076E+002
  0.133966234155301E-001  0.776850285579621E+002  0.679998444659120E+002
  0.133966234155301E-001  0.776849750856146E+002  0.680002070524040E+002
  0.133966234155301E-001  0.776847870376628E+002  0.680015144553224E+002
  0.133966234155301E-001  0.776846268293388E+002  0.680026715347861E+002
  0.133966234155301E-001  0.776846216972799E+002  0.680649734226085E+002
  0.133966234155301E-001  0.776844250480142E+002  0.680634896800311E+002
  0.133966234155301E-001  0.776843435378102E+002  0.680628524385506E+002
  0.133966234155301E-001  0.776843108378928E+002  0.680050899103386E+002
  0.133966234155301E-001  0.776842770783141E+002  0.680053604211354E+002
  0.133966234155301E-001  0.776841089168820E+002  0.680067480792477E+002
  0.133966234155301E-001  0.776840724787176E+002  0.680606244933657E+002
  0.133966234155301E-001  0.776840132051773E+002  0.680075705979429E+002
  0.133966234155301E-001  0.776839838957412E+002  0.680078276756374E+002
  0.133966234155301E-001  0.776839214189546E+002  0.680083843330021E+002
  0.133966234155301E-001  0.776836605942999E+002  0.680568293555393E+002
  0.133966234155301E-001  0.776836466506115E+002  0.680566898485196E+002
  0.133966234155301E-001  0.776836346306444E+002  0.680565689011340E+002
  0.133966234155301E-001  0.776835479945343E+002  0.680556773441616E+002
  0.133966234155301E-001  0.776834157925624E+002  0.680542419233946E+002
  0.133966234155301E-001  0.776833898192235E+002  0.680539478697083E+002
  0.133966234155301E-001  0.776833426147182E+002  0.680142805976149E+002
  0.133966234155301E-001  0.776832591406089E+002  0.680523978445286E+002
  0.133966234155301E-001  0.776831479054203E+002  0.680509682735621E+002
  0.133966234155301E-001  0.776829980858906E+002  0.680488288418597E+002
  0.133966234155301E-001  0.776829930457274E+002  0.680487515315778E+002
  0.133966234155301E-001  0.776829622098703E+002  0.680194132057391E+002
  0.133966234155301E-001  0.776829431322697E+002  0.680197196482644E+002
  0.133966234155301E-001  0.776829100783231E+002  0.680202669588474E+002
  0.133966234155301E-001  0.776829073592855E+002  0.680203129665440E+002
  0.133966234155301E-001  0.776828821534528E+002  0.680469355770441E+002
  0.133966234155301E-001  0.776828366964618E+002  0.680461137741097E+002
  0.133966234155301E-001  0.776827365413182E+002  0.680440727551081E+002
  0.133966234155301E-001  0.776827098592958E+002  0.680242265316564E+002
  0.133966234155301E-001  0.776826538248191E+002  0.680256714274108E+002
  0.133966234155301E-001  0.776825960208004E+002  0.680401848092979E+002
  0.133966234155301E-001  0.776825931601770E+002  0.680276021847565E+002
  0.133966234155301E-001  0.776825877089556E+002  0.680278058479067E+002
  0.133966234155301E-001  0.776825818036544E+002  0.680396482030177E+002
  0.133966234155301E-001  0.776825799226497E+002  0.680281092881757E+002
  0.133966234155301E-001  0.776825776250913E+002  0.680282019452015E+002
  0.133966234155301E-001  0.776825551223548E+002  0.680292063449196E+002
  0.133966234155301E-001  0.787351973237795E+002  0.680361103170499E+002
