  0.362892475525371E-066  0.389608228009904E+003  0.799244058249768E+002
  0.516915281317766E-065  0.384288857412838E+003  0.798213807618550E+002
  0.826386819724700E-065  0.383343833885665E+003  0.798029832930176E+002
  0.187488099986359E-064  0.381698703303481E+003  0.797708875280681E+002
  0.286985927750994E-064  0.380840612111948E+003  0.797541116724848E+002
  0.413288600326685E-063  0.375499360432320E+003  0.796491443475009E+002
  0.392546584354126E-061  0.366385346325410E+003  0.794678091672139E+002
  0.216487409912541E-060  0.362963766206256E+003  0.793989854149503E+002
  0.375734233830349E-060  0.361854411274812E+003  0.793765815261069E+002
  0.880781087327833E-060  0.360143901605680E+003  0.793419500811003E+002
  0.172151826200760E-059  0.358796940469711E+003  0.793146043153574E+002
  0.524405098082075E-058  0.351957339352213E+003  0.791747122504467E+002
  0.529505094780637E-058  0.351931327145466E+003  0.791741768631556E+002
  0.359535241401557E-057  0.348093762550445E+003  0.790949075919266E+002
  0.143611023220382E-055  0.340712174166781E+003  0.789408127424716E+002
  0.386258818064136E-055  0.338726720104897E+003  0.788989922984352E+002
  0.345983028251757E-054  0.334335130209386E+003  0.788059137048205E+002
  0.346389520617535E-054  0.334326126226376E+003  0.788057220415760E+002
  0.567044813317636E-054  0.333333721821258E+003  0.787845762865640E+002
  0.913024464468673E-054  0.332374417562089E+003  0.787640962066677E+002
  0.149435823211372E-053  0.331382383098801E+003  0.787428761797742E+002
  0.449400950791126E-053  0.329173630616712E+003  0.786954783520771E+002
  0.302529420267236E-052  0.325353278741770E+003  0.786129957726563E+002
  0.657572176778851E-052  0.323793871156040E+003  0.785791422641245E+002
  0.158984356435544E-051  0.322021542834694E+003  0.785405339789917E+002
  0.115718961031930E-049  0.313439829499347E+003  0.783515473417465E+002
  0.127912063129652E-049  0.313232816880665E+003  0.783469457287115E+002
  0.747943780126945E-049  0.309694191712742E+003  0.782679668716667E+002
  0.108757511087025E-048  0.308938780106251E+003  0.782510277048767E+002
  0.200412330241336E-048  0.307709612205230E+003  0.782234049537916E+002
  0.200113942561022E-048  0.307705936581725E+003  0.782233222402217E+002
  0.251157373474480E-046  0.298034555006595E+003  0.780033082892600E+002
  0.153964187982648E-045  0.294401448638039E+003  0.779193937214690E+002
  0.595728996941428E-045  0.291688661396385E+003  0.778562684591956E+002
  0.207753531272101E-044  0.289183702488706E+003  0.777976168508475E+002
  0.387619528343679E-043  0.283324533062172E+003  0.776590335401563E+002
  0.981980430572837E-043  0.281458783244884E+003  0.776144833260193E+002
  0.828952544491650E-042  0.277185774420322E+003  0.775116638359220E+002
  0.973540336798753E-041  0.272252395955031E+003  0.773915491403034E+002
  0.320010466976666E-038  0.260655400925311E+003  0.771029299549028E+002
  0.168946411231229E-037  0.257321119425595E+003  0.770182323938130E+002
  0.413046128619399E-037  0.255526508431481E+003  0.769723133855581E+002
  0.556165155487147E-037  0.254924840823118E+003  0.769568655243709E+002
  0.288050356115195E-036  0.251628875016767E+003  0.768717622659360E+002
  0.813057697577947E-036  0.249546885910009E+003  0.768175794937500E+002
  0.171838859618824E-035  0.248043549945352E+003  0.767782471633459E+002
  0.543711194438930E-034  0.241128002102568E+003  0.765949858738705E+002
  0.450513456771293E-033  0.236892236868312E+003  0.764807753318772E+002
  0.149572046798265E-032  0.234485630606579E+003  0.764151918060258E+002
  0.429595143050335E-032  0.232368844941886E+003  0.763570791569881E+002
  0.710072023026707E-032  0.231357143024918E+003  0.763291608668532E+002
  0.251330134991716E-031  0.228822515362768E+003  0.762588007816080E+002
  0.448303035591458E-031  0.227658455645150E+003  0.762262845375473E+002
  0.495222322257367E-031  0.227452725314699E+003  0.762205243429180E+002
  0.550290514306586E-031  0.227235190636527E+003  0.762144292294832E+002
  0.149321242488981E-030  0.225232057613575E+003  0.761580884376870E+002
  0.358610989732672E-030  0.223473125569544E+003  0.761082919716442E+002
  0.499989773852894E-030  0.222801771111354E+003  0.760892043379826E+002
  0.171880779839017E-029  0.220325518444998E+003  0.760184061552636E+002
  0.181968159568453E-029  0.220204801608141E+003  0.760149387031279E+002
  0.219459434625103E-029  0.219823474661947E+003  0.760039756167205E+002
  0.225590037897855E-029  0.219761715175672E+003  0.760021986224748E+002
  0.305656632584982E-029  0.219147573603929E+003  0.600831763041923E+002
  0.394428657372397E-029  0.218630966174552E+003  0.600980892777300E+002
  0.514742166644816E-029  0.218091854899893E+003  0.601136818138744E+002
  0.193496189563771E-028  0.215436845749534E+003  0.758767587279238E+002
  0.215422030267393E-028  0.215215507738404E+003  0.758702849587981E+002
  0.267211491797688E-028  0.214777969331437E+003  0.602102108074851E+002
  0.403364105295448E-028  0.213947715366910E+003  0.602345821330267E+002
  0.418130556631641E-028  0.213869151628597E+003  0.602368922430998E+002
  0.655036823962911E-028  0.212964700581114E+003  0.602635364388101E+002
  0.137961080822511E-027  0.211468314477920E+003  0.603078201980927E+002
  0.205732395223063E-027  0.210662449598498E+003  0.757359084456634E+002
  0.334143438812279E-027  0.209685805845645E+003  0.603609049609019E+002
  0.906943909702364E-027  0.207682129768796E+003  0.756466645447645E+002
  0.112766703724999E-026  0.207239822984409E+003  0.756333306222693E+002
  0.168013054936295E-026  0.206435726267041E+003  0.756090299453444E+002
  0.388081795966419E-026  0.204754721792029E+003  0.755579746268884E+002
  0.387356739043644E-026  0.204751806325863E+003  0.755578857776607E+002
  0.700814753464694E-026  0.203559355711723E+003  0.605462254515333E+002
  0.164277135871676E-025  0.201848907419977E+003  0.605987900142654E+002
  0.214549424937939E-025  0.201308281286569E+003  0.754522010260870E+002
  0.313988202146632E-025  0.200539995143775E+003  0.606392671634600E+002
  0.375335505741090E-025  0.200176409772517E+003  0.754171325789098E+002
  0.501968429721824E-025  0.199588320350819E+003  0.753988460579960E+002
  0.569257519308105E-025  0.199330073400050E+003  0.753908015592779E+002
  0.169983155885556E-024  0.197135514763658E+003  0.753220818323993E+002
  0.222938257668476E-024  0.196586468158338E+003  0.753047875853787E+002
  0.234223918349165E-024  0.196481047153862E+003  0.607662204810920E+002
  0.828754531794973E-024  0.193947098701903E+003  0.608466126527371E+002
  0.154602206245319E-023  0.192693410141719E+003  0.751809611334336E+002
  0.210278882213057E-023  0.192071596054513E+003  0.751609838492656E+002
  0.254442280899705E-023  0.191683661762464E+003  0.751484921057813E+002
  0.346239128977249E-023  0.191060894893496E+003  0.609392901335498E+002
  0.356568876978285E-023  0.190995443785420E+003  0.609414058448329E+002
  0.418636709995990E-023  0.190667836047746E+003  0.609520052858463E+002
  0.581913250283154E-023  0.190002544709795E+003  0.609735791320711E+002
  0.120096186466744E-022  0.188546775756675E+003  0.750466649124937E+002
  0.122820848199289E-022  0.188495252577861E+003  0.750449800615793E+002
  0.132971067189958E-022  0.188329787418239E+003  0.750395664727022E+002
  0.141877782577448E-022  0.188193462965469E+003  0.750351031467617E+002
  0.142375923364325E-022  0.188179797572761E+003  0.750346555785346E+002
  0.214671306455460E-022  0.187351867704695E+003  0.750074856733152E+002
  0.247115658087293E-022  0.187063715269964E+003  0.749980046024625E+002
  0.265300756338194E-022  0.186915044422538E+003  0.749931078387038E+002
  0.403736156864819E-022  0.186068593891298E+003  0.611025203077818E+002
  0.435307208329268E-022  0.185911357470459E+003  0.611077238579908E+002
  0.119059042300088E-021  0.183892396672331E+003  0.611748897054373E+002
  0.227250750058239E-021  0.182592872072569E+003  0.612184718191742E+002
  0.383519762995173E-021  0.181539542254234E+003  0.612540028725292E+002
  0.761435345041905E-021  0.180161258451490E+003  0.747669042352816E+002
  0.837333060148783E-021  0.179964569573961E+003  0.747602025676216E+002
  0.929894719211114E-021  0.179748215069925E+003  0.613148596097274E+002
  0.126071188351173E-020  0.179132838584290E+003  0.747317893446610E+002
  0.205073619310319E-020  0.178153138406230E+003  0.746981658828982E+002
  0.865158288536148E-020  0.175267395927124E+003  0.614695566814481E+002
  0.890431540629173E-020  0.175203152867729E+003  0.745958815883835E+002
  0.100860833098370E-019  0.174947256193076E+003  0.745869336801687E+002
  0.181904576517915E-019  0.173761119476547E+003  0.745452975934173E+002
  0.212174846022031E-019  0.173446607025544E+003  0.615334699720318E+002
  0.326538552483437E-019  0.172577676766053E+003  0.615641936970027E+002
  0.440444032315068E-019  0.171972550460659E+003  0.744820064482459E+002
  0.489775543415094E-019  0.171753567222288E+003  0.744742146667225E+002
  0.993985422722172E-019  0.170331360982530E+003  0.616443037309719E+002
  0.102969046749912E-018  0.170254123446767E+003  0.744206066226767E+002
  0.195547914427279E-018  0.168964713846768E+003  0.743741452477198E+002
  0.374566757803251E-018  0.167658129047430E+003  0.617409676429502E+002
  0.440194795472813E-018  0.167328578866508E+003  0.743146955726460E+002
  0.463591605835352E-018  0.167218349968533E+003  0.617570126210780E+002
  0.545768463783540E-018  0.166885312744385E+003  0.742984921800852E+002
  0.609828408109163E-018  0.166656691578976E+003  0.617775641009081E+002
  0.353726747707872E-017  0.163134171619758E+003  0.619080276029144E+002
  0.525128977987454E-017  0.162337277661893E+003  0.619379294188053E+002
  0.596871506604851E-017  0.162074506174441E+003  0.619478215903783E+002
  0.753956435773091E-017  0.161600585133375E+003  0.741019793660143E+002
  0.117578596157662E-016  0.160705214518026E+003  0.740680510132254E+002
  0.119875069021802E-016  0.160659872746746E+003  0.620013549363243E+002
  0.127103341803243E-016  0.160536116443414E+003  0.620060608067826E+002
  0.171139323796994E-016  0.159934505836718E+003  0.620289897693918E+002
  0.294004938229546E-016  0.158845613096366E+003  0.739969682025143E+002
  0.814916927616539E-016  0.156799978286492E+003  0.621499002361615E+002
  0.146921582221815E-015  0.155614526897465E+003  0.738714025735089E+002
  0.157759733108045E-015  0.155465522899428E+003  0.738655468047310E+002
  0.190924929147176E-015  0.155077253098087E+003  0.622174223978403E+002
  0.511306628744820E-015  0.153100419204257E+003  0.622958832832831E+002
  0.528252173075636E-015  0.153028555016632E+003  0.622987558057677E+002
  0.881645356291083E-015  0.151997467207326E+003  0.737275531975489E+002
  0.115160682446517E-014  0.151456564427102E+003  0.623619546473180E+002
  0.137150000993861E-014  0.151100415181255E+003  0.736913117029242E+002
  0.216866751429823E-014  0.150177343817880E+003  0.736537750365042E+002
  0.511129767571476E-014  0.148456007457654E+003  0.735830987725733E+002
  0.946925136378107E-014  0.147216158816747E+003  0.735316290168645E+002
  0.150074452664083E-013  0.146288510079688E+003  0.734928022323014E+002
  0.155538404076477E-013  0.146210332198241E+003  0.734895174683639E+002
  0.158756154597833E-013  0.146162723151132E+003  0.734875161317470E+002
  0.167755085127871E-013  0.146045796204989E+003  0.734825977660627E+002
  0.184951240350093E-013  0.145843966353717E+003  0.625935851151383E+002
  0.201194008977499E-013  0.145668955900202E+003  0.734667162154234E+002
  0.225796855546314E-013  0.145431568191108E+003  0.734566878741740E+002
  0.245975653683703E-013  0.145253718937950E+003  0.626185201929064E+002
  0.252898469403464E-013  0.145191552279349E+003  0.626211531177474E+002
  0.287655972427199E-013  0.144927342450276E+003  0.626323574312437E+002
  0.293826818863311E-013  0.144878236237343E+003  0.734332402991921E+002
  0.304728369801412E-013  0.144798720163785E+003  0.626378203202224E+002
  0.309144580930928E-013  0.144763288027722E+003  0.734283565560448E+002
  0.399017667399931E-013  0.144246239191161E+003  0.626613486511595E+002
  0.430627565704206E-013  0.144087107801502E+003  0.626681446666002E+002
  0.538384715557903E-013  0.143633792642424E+003  0.733801310051059E+002
  0.793693470623602E-013  0.142850889181702E+003  0.627212358780876E+002
  0.794303530604318E-013  0.142842696923525E+003  0.627215894763184E+002
  0.809665316889517E-013  0.142797730733939E+003  0.733441519855895E+002
  0.856322045014910E-013  0.142679024047863E+003  0.627286589436506E+002
  0.120473045016912E-012  0.141989639263886E+003  0.733091434387099E+002
  0.197500018669450E-012  0.140994358396165E+003  0.628019792834023E+002
  0.394610545590112E-012  0.139603381537738E+003  0.628633012146382E+002
  0.465624613886878E-012  0.139265765073740E+003  0.628782952119391E+002
  0.466743907985932E-012  0.139254307552646E+003  0.628788048208547E+002
  0.620913847322489E-012  0.138676828752885E+003  0.629045555734863E+002
  0.642075105440110E-012  0.138603147285950E+003  0.731598322738780E+002
  0.722955702254816E-012  0.138359206370944E+003  0.629187741501801E+002
  0.833282389836952E-012  0.138068501516360E+003  0.629318224760022E+002
  0.846770472183172E-012  0.138029731774883E+003  0.731341175498938E+002
  0.109636901838770E-011  0.137506417319341E+003  0.629571468109528E+002
  0.111508373184297E-011  0.137465910398256E+003  0.629589767054178E+002
  0.123551634558532E-011  0.137254135861313E+003  0.730991283807696E+002
  0.123483985916569E-011  0.137248575647756E+003  0.629688060614097E+002
  0.151025090523429E-011  0.136839251054671E+003  0.629873704884036E+002
  0.153133680669061E-011  0.136804864905771E+003  0.730787495922332E+002
  0.169872847286941E-011  0.136590731465027E+003  0.730690075430077E+002
  0.191126424598660E-011  0.136348306049001E+003  0.730579555449649E+002
  0.208683516131591E-011  0.136165883049953E+003  0.630180597775513E+002
  0.213820426389649E-011  0.136110592057109E+003  0.630205880554475E+002
  0.236679120374671E-011  0.135900798941827E+003  0.730374898993104E+002
  0.250878018835073E-011  0.135777620283674E+003  0.630358408179157E+002
  0.267427319693759E-011  0.135643202729347E+003  0.730256713153013E+002
  0.286065640850630E-011  0.135501800207941E+003  0.730191718180970E+002
  0.344011876615573E-011  0.135126234860009E+003  0.630658148754584E+002
  0.344377068093673E-011  0.135117457272983E+003  0.630662200186229E+002
  0.485895598425300E-011  0.134422288497746E+003  0.729692705026292E+002
  0.510768883267972E-011  0.134315786073778E+003  0.631033627646231E+002
  0.573375396966625E-011  0.134077883612412E+003  0.729532435974293E+002
  0.582148027339003E-011  0.134040859806930E+003  0.729515175827586E+002
  0.588950272694966E-011  0.134010970235695E+003  0.631175590164981E+002
  0.649979443811628E-011  0.133807116687388E+003  0.631270760497277E+002
  0.675096157750386E-011  0.133724632308865E+003  0.631309321353561E+002
  0.930476244382313E-011  0.133076293910371E+003  0.631613477531454E+002
  0.953420028500056E-011  0.133020920321806E+003  0.631639543096047E+002
  0.121934129389598E-010  0.132522243703855E+003  0.631874912745778E+002
  0.132394333194098E-010  0.132350980391566E+003  0.631956011213090E+002
  0.161406656262494E-010  0.131948040503718E+003  0.728529473369657E+002
  0.176562493883983E-010  0.131761889141668E+003  0.728440819241250E+002
  0.199779946609504E-010  0.131508150347171E+003  0.632357114384403E+002
  0.202531512500485E-010  0.131474136771249E+003  0.728303455465222E+002
  0.226709887817257E-010  0.131241929828772E+003  0.728192319822923E+002
  0.233733060627255E-010  0.131174257199054E+003  0.632516944646000E+002
  0.336268777696056E-010  0.130440139466532E+003  0.632870249513987E+002
  0.102550474056058E-009  0.128203425033591E+003  0.726713535711052E+002
  0.117695455091064E-009  0.127921278869443E+003  0.634103006726853E+002
  0.119260698487165E-009  0.127888200406557E+003  0.634119414410298E+002
  0.137359554594435E-009  0.127598964559476E+003  0.726413696343806E+002
  0.231869460283565E-009  0.126545163842998E+003  0.634790583070631E+002
  0.281846993543842E-009  0.126148128651835E+003  0.725685927674499E+002
  0.322191148446426E-009  0.125873911770594E+003  0.635129768806270E+002
  0.343577588705504E-009  0.125738720260618E+003  0.635198389834797E+002
  0.403443970660388E-009  0.125410815367029E+003  0.725311563310711E+002
  0.500052861486027E-009  0.124974807394691E+003  0.635588116800870E+002
  0.506247416989459E-009  0.124943528413788E+003  0.725072680517760E+002
  0.656075872543131E-009  0.124418370982691E+003  0.724802682015733E+002
  0.656758232622245E-009  0.124409636357978E+003  0.724798177431989E+002
  0.109300054968385E-008  0.123384248723383E+003  0.636410668416347E+002
  0.122713345541498E-008  0.123146084716545E+003  0.724141663713481E+002
  0.157340377071755E-008  0.122642308428324E+003  0.636799674910267E+002
  0.242199545605080E-008  0.121772951869012E+003  0.637259956257760E+002
  0.255338229077172E-008  0.121660642089192E+003  0.637319777943771E+002
  0.374993349421439E-008  0.120885348036773E+003  0.637735028804943E+002
  0.462152530973464E-008  0.120460719058031E+003  0.637964186618028E+002
  0.511621893348375E-008  0.120250681732940E+003  0.722598831389846E+002
  0.607631810459957E-008  0.119900059630830E+003  0.722408159835562E+002
  0.625740710017513E-008  0.119834670129815E+003  0.722372504726076E+002
  0.688201056293239E-008  0.119637724661268E+003  0.638411894791339E+002
  0.737762117580327E-008  0.119491988260059E+003  0.638491674454185E+002
  0.751463539300822E-008  0.119448530175779E+003  0.722161333410667E+002
  0.759340703089430E-008  0.119421018855458E+003  0.722146247380007E+002
  0.926235920299286E-008  0.119017006445502E+003  0.721924073961617E+002
  0.101496550013685E-007  0.118827389015023E+003  0.638857437589244E+002
  0.133855845024800E-007  0.118267256175652E+003  0.721508596446713E+002
  0.180846369985032E-007  0.117658831697972E+003  0.721168327846887E+002
  0.243756453032415E-007  0.117055132723236E+003  0.639848951546518E+002
  0.270004812574513E-007  0.116843936743684E+003  0.720708095305083E+002
  0.279805503578094E-007  0.116765971266431E+003  0.640013040321565E+002
  0.289945781180479E-007  0.116688117261584E+003  0.720619493443530E+002
  0.309066308325199E-007  0.116553737881656E+003  0.640133901320577E+002
  0.312808417837219E-007  0.116523012150215E+003  0.720525398448255E+002
  0.331761062361687E-007  0.116398708372872E+003  0.720454410893727E+002
  0.466895115610415E-007  0.115708673547744E+003  0.720058038079407E+002
  0.486982850894545E-007  0.115617769431379E+003  0.720005525280666E+002
  0.869715657075041E-007  0.114451239014022E+003  0.641351451596959E+002
  0.942658620294059E-007  0.114283507683283E+003  0.641450226101602E+002
  0.109928525935980E-006  0.113969429541450E+003  0.719040967299345E+002
  0.110901632853821E-006  0.113945147506222E+003  0.641650248877600E+002
  0.113683823631377E-006  0.113888936925324E+003  0.641683578210442E+002
  0.115970918767748E-006  0.113842444662870E+003  0.718965660414840E+002
  0.125378611194490E-006  0.113679791903453E+003  0.641807841226436E+002
  0.149546633457392E-006  0.113320595873952E+003  0.642022197087981E+002
  0.154023669619375E-006  0.113254944262249E+003  0.642061505469836E+002
  0.169745755857670E-006  0.113053897733295E+003  0.642182132367522E+002
  0.183935871530705E-006  0.112886671335598E+003  0.718394068693910E+002
  0.190787440709334E-006  0.112806870235608E+003  0.642330871801695E+002
  0.203944387269494E-006  0.112666839829859E+003  0.642415445552617E+002
  0.212357787049706E-006  0.112579333886359E+003  0.642468392152480E+002
  0.225476169145753E-006  0.112452794413408E+003  0.718131739658706E+002
  0.246028110578252E-006  0.112271676179718E+003  0.642655134976020E+002
  0.320882174727636E-006  0.111733764201977E+003  0.642983881083211E+002
  0.338526102962070E-006  0.111620054213433E+003  0.643053746330774E+002
  0.367736798631257E-006  0.111447866116925E+003  0.643159791397233E+002
  0.379233640543632E-006  0.111379640497152E+003  0.717474934230278E+002
  0.682372694480118E-006  0.110198137916033E+003  0.643938715716189E+002
  0.683458323148410E-006  0.110188302941375E+003  0.716731915612869E+002
  0.688266730916365E-006  0.110167625812342E+003  0.716718885634068E+002
  0.708262920083243E-006  0.110103692376714E+003  0.643998259797749E+002
  0.733411902861782E-006  0.110027252587734E+003  0.716630303821650E+002
  0.817643490888842E-006  0.109803159155175E+003  0.716488440947642E+002
  0.989905120504378E-006  0.109414138196451E+003  0.644435988186856E+002
  0.108579102178193E-005  0.109222572712231E+003  0.644558544284260E+002
  0.113004914363696E-005  0.109136012435993E+003  0.716062767265765E+002
  0.115089567449804E-005  0.109092798126012E+003  0.716035019279798E+002
  0.124700400352741E-005  0.108925735764628E+003  0.715927544754500E+002
  0.125740978519379E-005  0.108902460180839E+003  0.644764281996952E+002
  0.129174165815700E-005  0.108841929497937E+003  0.715873508093405E+002
  0.135140127181026E-005  0.108744972712029E+003  0.644865937810336E+002
  0.175065293161528E-005  0.108220623554067E+003  0.645206517339877E+002
  0.241935168351070E-005  0.107566946408338E+003  0.645635779538514E+002
  0.242708951695554E-005  0.107553904418250E+003  0.715032429234673E+002
  0.270038862619896E-005  0.107333843061207E+003  0.645790145889316E+002
  0.357472857636049E-005  0.106766200376450E+003  0.714507858821879E+002
  0.358531175411705E-005  0.106753632435454E+003  0.646177403404712E+002
  0.376643467349359E-005  0.106648410029123E+003  0.714428722739984E+002
  0.402724819243349E-005  0.106507845512905E+003  0.646342782324634E+002
  0.551852049709715E-005  0.105871136959893E+003  0.713901843142130E+002
  0.573454338272548E-005  0.105787684720641E+003  0.646832045350475E+002
  0.622915698126667E-005  0.105615563381204E+003  0.646950042716694E+002
  0.167163680448804E-004  0.103608983141003E+003  0.647410908282521E+002
  0.169416428335109E-004  0.103582210536596E+003  0.647429557231444E+002
  0.252806833971292E-004  0.102743092254807E+003  0.648019514162149E+002
  0.286807279803384E-004  0.102477943066132E+003  0.648208184145830E+002
  0.324073121535930E-004  0.102220846104290E+003  0.648392188471094E+002
  0.335865041688769E-004  0.102136586020988E+003  0.648452724450935E+002
  0.355184575905547E-004  0.102024729683286E+003  0.648533264741829E+002
  0.388400328671096E-004  0.101833069910327E+003  0.648671742357811E+002
  0.447947103366020E-004  0.101547792770397E+003  0.648878989047692E+002
  0.505064745500532E-004  0.101281963005987E+003  0.649073344174422E+002
  0.565052569668457E-004  0.101057498724967E+003  0.649238401692146E+002
  0.783985683498010E-004  0.100389609718235E+003  0.649734791797319E+002
  0.106922410263307E-003  0.997304277776641E+002  0.650232734797788E+002
  0.108501560111762E-003  0.996883259452843E+002  0.650264818436334E+002
  0.142889024891648E-003  0.991249388941242E+002  0.650697488125500E+002
  0.153457441054471E-003  0.989822289094409E+002  0.650808092729047E+002
  0.155141165782618E-003  0.989475427731500E+002  0.650835038183368E+002
  0.159312456659861E-003  0.988816170711574E+002  0.650886319624620E+002
  0.172846756733414E-003  0.987056793052458E+002  0.651023614999354E+002
  0.259312584210277E-003  0.978687802881469E+002  0.651685706488440E+002
  0.263817040850519E-003  0.978343370622003E+002  0.651713283472654E+002
  0.342830397914198E-003  0.972847356406546E+002  0.652156972647380E+002
  0.382774434071773E-003  0.970643156155593E+002  0.652336891207273E+002
  0.417958731729837E-003  0.968884419575000E+002  0.652481282130143E+002
  0.430127471640490E-003  0.968180991070887E+002  0.652539243037611E+002
  0.436867208998801E-003  0.967740587402412E+002  0.652575592892954E+002
  0.440286079221958E-003  0.967584679075676E+002  0.652588472601569E+002
  0.453347108679082E-003  0.966869717841139E+002  0.652647612833512E+002
  0.456481033731875E-003  0.966472192417756E+002  0.652680550082668E+002
  0.473118482446546E-003  0.965626768197248E+002  0.652750729047875E+002
  0.601296747993518E-003  0.960573845676859E+002  0.653173953807542E+002
  0.641683671574022E-003  0.959145090087875E+002  0.653294825257861E+002
  0.646847284446945E-003  0.958984794660286E+002  0.653308419830349E+002
  0.737330393129811E-003  0.956108209441329E+002  0.653553554448870E+002
  0.823254049183161E-003  0.953775016566122E+002  0.653754042856422E+002
  0.850330429765386E-003  0.953127813064797E+002  0.653809924701129E+002
  0.931642060938124E-003  0.951171889348973E+002  0.653979526107861E+002
  0.103131780854940E-002  0.949139009286936E+002  0.654156964857928E+002
  0.105140237218494E-002  0.948622966559189E+002  0.654202199054873E+002
  0.121949873073352E-002  0.945526372293800E+002  0.654475295530983E+002
  0.139320845766029E-002  0.942732690027397E+002  0.654724175726855E+002
  0.144827593192987E-002  0.941697655989444E+002  0.654816999752148E+002
  0.149565834483492E-002  0.940924352943040E+002  0.654886572140419E+002
  0.153335106788911E-002  0.940297120524409E+002  0.654943142868072E+002
  0.185837652154224E-002  0.936066302707213E+002  0.655328066828804E+002
  0.194893503406397E-002  0.934986910379006E+002  0.655427223271737E+002
  0.200047908993406E-002  0.934337042220445E+002  0.655487113050427E+002
  0.203242674691013E-002  0.934020165739064E+002  0.655516367784146E+002
  0.204871292140202E-002  0.933731923295539E+002  0.655543008938983E+002
  0.230469729394861E-002  0.931248553704269E+002  0.655773734137573E+002
  0.253962802336747E-002  0.929307188087790E+002  0.655955623226198E+002
  0.269715838269103E-002  0.928103565185250E+002  0.656069076797270E+002
  0.273815362851514E-002  0.927671570222636E+002  0.656109926226119E+002
  0.323510381731973E-002  0.924205732916297E+002  0.656440182810839E+002
  0.328531780442317E-002  0.923767391855299E+002  0.656482277627724E+002
  0.399008061785453E-002  0.919750137348877E+002  0.656871579880536E+002
  0.421610663370606E-002  0.918517830371048E+002  0.656992300787803E+002
  0.460109320730279E-002  0.916639900241077E+002  0.657177479143554E+002
  0.465904495244146E-002  0.916129825284862E+002  0.657228032700302E+002
  0.467039435648745E-002  0.915951714365664E+002  0.657245711352366E+002
  0.468748353588551E-002  0.915878667041936E+002  0.657252965682873E+002
  0.476293220808985E-002  0.915559314847057E+002  0.657284707357638E+002
  0.610827474927452E-002  0.910322255625172E+002  0.657811619194089E+002
  0.611775123568149E-002  0.910160957692091E+002  0.657828043511256E+002
  0.616055453958303E-002  0.909891219825596E+002  0.657855536638526E+002
  0.653933912281236E-002  0.908309471855412E+002  0.658017438368966E+002
  0.683189059620934E-002  0.907050766850911E+002  0.658147118599722E+002
  0.711984424836664E-002  0.906225078710259E+002  0.658232599723952E+002
  0.716050406649154E-002  0.906111188132513E+002  0.658244416443928E+002
  0.748850958264903E-002  0.904958986138819E+002  0.658364320521654E+002
  0.748471224360447E-002  0.904841334524320E+002  0.658376600790270E+002
  0.752032951187650E-002  0.904746386877398E+002  0.658386516267825E+002
  0.846193962405700E-002  0.902130603863768E+002  0.658661468713841E+002
  0.993186542167138E-002  0.898927205858597E+002  0.659003013247033E+002
  0.100314426113153E-001  0.898599065978141E+002  0.659038308570047E+002
  0.105587955715478E-001  0.897445752276042E+002  0.659162827838825E+002
  0.108776125043701E-001  0.896594387260213E+002  0.659255218568639E+002
  0.115102379858751E-001  0.895335988887169E+002  0.659392527191121E+002
  0.115492235546894E-001  0.895268362666339E+002  0.659399931639476E+002
  0.141683852334319E-001  0.890670883350439E+002  0.659909605395870E+002
  0.145301622743469E-001  0.890040428861624E+002  0.659980492039923E+002
  0.154586371835124E-001  0.888801604013721E+002  0.660120506234783E+002
  0.160665582220089E-001  0.888030162122609E+002  0.660208188010324E+002
  0.165480367353703E-001  0.887184831890528E+002  0.660304708552617E+002
  0.196736913069055E-001  0.883345975532132E+002  0.660749015327622E+002
  0.204822905556881E-001  0.882166565653936E+002  0.660887557400570E+002
  0.221414915453005E-001  0.880608712526782E+002  0.661072081143839E+002
  0.222566663589663E-001  0.880380335900526E+002  0.661099280513210E+002
  0.222113786009951E-001  0.880296462269767E+002  0.661109279416756E+002
  0.232666530988808E-001  0.879243522658885E+002  0.661235249717955E+002
  0.232510300926876E-001  0.879132345700745E+002  0.661248599089497E+002
  0.246752449968982E-001  0.877943324138568E+002  0.661391956898654E+002
  0.246864026641693E-001  0.877808890310205E+002  0.661408233612135E+002
  0.264440671360044E-001  0.876307913337131E+002  0.661590925631207E+002
  0.278030811416195E-001  0.875305612962726E+002  0.661713918891551E+002
  0.283569866701958E-001  0.874659505394244E+002  0.661793635777930E+002
  0.283262327915921E-001  0.874555815416879E+002  0.661806461000503E+002
  0.295114687003924E-001  0.873610610591808E+002  0.661923783475086E+002
  0.319855426439284E-001  0.871875117310852E+002  0.662141168953175E+002
  0.329286574660724E-001  0.871168538692641E+002  0.662230421533108E+002
  0.349952449046452E-001  0.869701158114119E+002  0.662417196037141E+002
  0.399826594294937E-001  0.866788034644859E+002  0.662793881892719E+002
  0.401630190119619E-001  0.866698018618822E+002  0.662805650452099E+002
  0.402485625314947E-001  0.866530854772511E+002  0.662827526183106E+002
  0.415420135431404E-001  0.865526707062231E+002  0.662959512474249E+002
  0.423192990313114E-001  0.865155948377913E+002  0.663008499503513E+002
  0.442829597777439E-001  0.864248813897076E+002  0.663128943913990E+002
  0.456168319070401E-001  0.863655277471915E+002  0.663208208785985E+002
  0.455809697741601E-001  0.863545614597250E+002  0.663222894086222E+002
  0.464899517196604E-001  0.863150696651417E+002  0.663275883504737E+002
  0.469139316365809E-001  0.862842943588143E+002  0.663317291654147E+002
  0.489791539419548E-001  0.861855158270848E+002  0.663450884009619E+002
  0.508714474745115E-001  0.861097017571245E+002  0.663554139461249E+002
  0.521510303109479E-001  0.860473190515283E+002  0.663639580794537E+002
  0.537212322393385E-001  0.859752918528821E+002  0.663738778547186E+002
  0.543949415540277E-001  0.859376676898817E+002  0.663790831975758E+002
  0.547594827613380E-001  0.859243089070415E+002  0.663809353428169E+002
  0.556018574425278E-001  0.858937768008037E+002  0.663851763174617E+002
  0.614816876724451E-001  0.856798694979214E+002  0.664152000941118E+002
  0.624043798335348E-001  0.856500773109152E+002  0.664194259884378E+002
  0.669253710905080E-001  0.854843851578232E+002  0.664431335439098E+002
  0.747275605453119E-001  0.852638434786878E+002  0.664752484087000E+002
  0.886270155260264E-001  0.848840815669237E+002  0.665321573134000E+002
  0.899023299435198E-001  0.848555073040788E+002  0.665365267790374E+002
  0.920958721533557E-001  0.847944329936678E+002  0.665459090479622E+002
  0.940382621763438E-001  0.847398279713991E+002  0.665543478787990E+002
  0.981354698030233E-001  0.846545337210768E+002  0.665676267023995E+002
  0.100308230551653E+000  0.845849291476060E+002  0.665785526962575E+002
  0.108786902170624E+000  0.843843029318423E+002  0.666105146710077E+002
  0.108876938120405E+000  0.843826483445705E+002  0.666107812496320E+002
  0.113083960210293E+000  0.843068237102158E+002  0.666230517725868E+002
  0.117549964709850E+000  0.842164960870653E+002  0.666378100421933E+002
  0.117433877243401E+000  0.842056103993126E+002  0.666395991588340E+002
  0.117463498690780E+000  0.841922442035232E+002  0.666417991043540E+002
  0.118067309274958E+000  0.841819897164407E+002  0.666434892526712E+002
  0.125408740338189E+000  0.840483977954041E+002  0.666656986916919E+002
  0.126680184710542E+000  0.840024162770912E+002  0.666734269177849E+002
  0.129937508215660E+000  0.839516403789132E+002  0.666820122774385E+002
  0.129277182494838E+000  0.839488850061651E+002  0.666824797253579E+002
  0.137098664139084E+000  0.838184558929360E+002  0.667047950497664E+002
  0.137782053526421E+000  0.838085113497011E+002  0.667065118702444E+002
  0.139073127661959E+000  0.837898577924288E+002  0.667097382139178E+002
  0.139816136915505E+000  0.837660862740534E+002  0.667138611950497E+002
  0.141417645098657E+000  0.837042185169231E+002  0.667246525364074E+002
  0.144437843196433E+000  0.836619550571019E+002  0.667320758075444E+002
  0.148695662609399E+000  0.836038502167292E+002  0.667423511551201E+002
  0.153399600275650E+000  0.834896100462084E+002  0.667627957475868E+002
  0.153216482721867E+000  0.834791371497024E+002  0.667646864726200E+002
  0.161548955657268E+000  0.833603625957517E+002  0.667863299648771E+002
  0.161108685002446E+000  0.833529588718372E+002  0.667876915422479E+002
  0.162939879648757E+000  0.833174928973773E+002  0.667942346318070E+002
  0.163781037397975E+000  0.832943329134024E+002  0.667985261039788E+002
  0.165887089648434E+000  0.832559171804015E+002  0.668056774829957E+002
  0.164853881843776E+000  0.832555511139670E+002  0.668057458293317E+002
  0.168359392423931E+000  0.832134682777044E+002  0.668136284100187E+002
  0.168885277254395E+000  0.832072308447189E+002  0.668148010874438E+002
  0.168158441592648E+000  0.832028275065164E+002  0.668156296230282E+002
  0.234079036059689E+000  0.825899625078420E+002  0.668523620239308E+002
  0.241479264938035E+000  0.825277129265050E+002  0.668645056260197E+002
  0.241487323914313E+000  0.825276461808835E+002  0.668645187143894E+002
  0.240614459258326E+000  0.825180106122808E+002  0.668664097245406E+002
  0.244214373638799E+000  0.824546953323455E+002  0.668789125585778E+002
  0.246252190002935E+000  0.824047417206322E+002  0.668888732176832E+002
  0.244741722651038E+000  0.824004495393917E+002  0.668897331164502E+002
  0.247079405362074E+000  0.823648393278980E+002  0.668968923730861E+002
  0.248035203099184E+000  0.823240588841784E+002  0.669051468571554E+002
  0.249026531087627E+000  0.822996203713665E+002  0.669101225808237E+002
  0.260718519595276E+000  0.822078565413032E+002  0.669290058802154E+002
  0.260591664575458E+000  0.821432502510696E+002  0.669424966394448E+002
  0.258859491140356E+000  0.821403943694564E+002  0.669430968411873E+002
  0.257415480234867E+000  0.821353878992202E+002  0.669441498156569E+002
  0.258742113658052E+000  0.821251070364749E+002  0.669463153111557E+002
  0.259609826400404E+000  0.821184110950822E+002  0.669477280233966E+002
  0.260776907540862E+000  0.821094402046189E+002  0.669496235903034E+002
  0.265727985988981E+000  0.820718244144800E+002  0.669576082304402E+002
  0.269451185440240E+000  0.820439962797704E+002  0.669635535956298E+002
  0.270833102678027E+000  0.820168874824108E+002  0.669693772071716E+002
  0.272936615644431E+000  0.819677996113461E+002  0.669800043385447E+002
  0.271201403919364E+000  0.819638188287138E+002  0.669808708477092E+002
  0.277397043889693E+000  0.819186425915391E+002  0.669907549342235E+002
  0.280577559062215E+000  0.818958419149302E+002  0.669957792185645E+002
  0.281329254071892E+000  0.818904908820506E+002  0.669969618823454E+002
  0.278312451212957E+000  0.818778646119166E+002  0.669997578510029E+002
  0.289747625398615E+000  0.817803114744713E+002  0.670216203873800E+002
  0.288299708652911E+000  0.817733094806675E+002  0.670232077882927E+002
  0.290089809084324E+000  0.816772353258755E+002  0.670452458590335E+002
  0.291856540590082E+000  0.816650916845616E+002  0.670480665133846E+002
  0.293620145004737E+000  0.816530426326201E+002  0.670508731966572E+002
  0.297267818025330E+000  0.816116129962675E+002  0.670605854967204E+002
  0.300323230439749E+000  0.815744247913857E+002  0.670693867778512E+002
  0.302131987020070E+000  0.815624155202395E+002  0.670722462028581E+002
  0.302639503549663E+000  0.815590587704149E+002  0.670730469716473E+002
  0.312231237614731E+000  0.814129611113982E+002  0.671085705006301E+002
  0.312743132899901E+000  0.814096848464901E+002  0.671093827705263E+002
  0.316660423008535E+000  0.813847892725589E+002  0.671155784937534E+002
  0.317439484084376E+000  0.813631383333379E+002  0.671210009174844E+002
  0.325461319885548E+000  0.812798913827403E+002  0.671421569893862E+002
  0.326383487053639E+000  0.812742325647304E+002  0.671436133500507E+002
  0.326413556362334E+000  0.812740483156808E+002  0.671436608086746E+002
  0.328864095391935E+000  0.812590894630662E+002  0.671475223682701E+002
  0.329333396825458E+000  0.812562374223422E+002  0.671482605208030E+002
  0.330747708213071E+000  0.812304993908785E+002  0.671549499653421E+002
  0.333779911866641E+000  0.812122474801607E+002  0.671597247522633E+002
  0.334320235684704E+000  0.811916963669987E+002  0.671651324323932E+002
  0.342352878983520E+000  0.811268948577142E+002  0.671824087225488E+002
  0.341201084740180E+000  0.811163187726317E+002  0.671852617269283E+002
  0.343648986163135E+000  0.810847051420309E+002  0.671938475906036E+002
  0.345086110310132E+000  0.810590425492884E+002  0.672008823037910E+002
  0.347636333448814E+000  0.810443166821948E+002  0.672049459645959E+002
  0.345951832410224E+000  0.810365640459709E+002  0.672070933607138E+002
  0.339864036678531E+000  0.810201208875033E+002  0.672116665003457E+002
  0.337774036273167E+000  0.810152904107810E+002  0.672130147850551E+002
  0.337891148085002E+000  0.809974296107000E+002  0.672180194505487E+002
  0.339420450536492E+000  0.809712305044673E+002  0.672254165941141E+002
  0.340402228553788E+000  0.809312649625654E+002  0.672368328317148E+002
  0.340497644494746E+000  0.809307044340920E+002  0.672369941108610E+002
  0.340071428399558E+000  0.809160420041260E+002  0.672412245436061E+002
  0.340781669159435E+000  0.809118693506120E+002  0.672424325790769E+002
  0.340969257858738E+000  0.808934525961623E+002  0.672477866403440E+002
  0.339419522945117E+000  0.808852473651374E+002  0.672501838185522E+002
  0.341919075172096E+000  0.808532568122964E+002  0.672596008117934E+002
  0.345131345057407E+000  0.808345548760332E+002  0.672651594965264E+002
  0.345790809227667E+000  0.808132696366635E+002  0.672715353207811E+002
  0.347066372376766E+000  0.808059055528432E+002  0.672737536259041E+002
  0.345280041142565E+000  0.807986047640595E+002  0.672759592739074E+002
  0.345777485240553E+000  0.807957254426431E+002  0.672768309153710E+002
  0.348395533259012E+000  0.807628616233387E+002  0.672868516534821E+002
  0.349203433463785E+000  0.807582291591035E+002  0.672882750011015E+002
  0.349913182303075E+000  0.807541683253763E+002  0.672895249511806E+002
  0.353126279029541E+000  0.807358870238293E+002  0.672951782444512E+002
  0.351647963807173E+000  0.807260123598700E+002  0.672982499488043E+002
  0.356445213473833E+000  0.806989124062536E+002  0.673067465834706E+002
  0.363823256805748E+000  0.806579371215737E+002  0.673197855198248E+002
  0.366238062218833E+000  0.806447063742007E+002  0.673240468933336E+002
  0.363940875081361E+000  0.806385111771560E+002  0.673260510683628E+002
  0.367120427896489E+000  0.806211141525819E+002  0.673317096743462E+002
  0.370951431724444E+000  0.806003517393649E+002  0.673385231883713E+002
  0.375194238499280E+000  0.805776063014484E+002  0.673460649356608E+002
  0.376474337241587E+000  0.805707942567726E+002  0.673483397637173E+002
  0.375729480569876E+000  0.805552428382015E+002  0.673535615413012E+002
  0.369386335416633E+000  0.805504593506702E+002  0.673551757965292E+002
  0.371158919484349E+000  0.805408848516573E+002  0.673584184352945E+002
  0.377310182101740E+000  0.805080102755302E+002  0.673696727047827E+002
  0.378664431949116E+000  0.805008446841420E+002  0.673721511784507E+002
  0.379436954863283E+000  0.804967685898623E+002  0.673735651913701E+002
  0.379506252275300E+000  0.804964033587801E+002  0.673736920393011E+002
  0.379624419485397E+000  0.804957807138762E+002  0.673739083455051E+002
  0.381640424230883E+000  0.804851877672822E+002  0.673775992487564E+002
  0.377773790975485E+000  0.804848287683521E+002  0.673777246986025E+002
  0.380288610395803E+000  0.804715589972023E+002  0.673823786831937E+002
  0.382691442440886E+000  0.804589618658362E+002  0.673868277321731E+002
  0.377597877091550E+000  0.804436534854882E+002  0.673922758652945E+002
  0.379207621973970E+000  0.804351453691384E+002  0.673953239348613E+002
  0.375386838348727E+000  0.804132921649876E+002  0.674032204544899E+002
  0.374368230314521E+000  0.803770583454316E+002  0.674165358693916E+002
  0.371134876674695E+000  0.803736814524525E+002  0.674177914905597E+002
  0.371654180220528E+000  0.803708849458232E+002  0.674188332486991E+002
  0.371989096270838E+000  0.803690834580210E+002  0.674195052767301E+002
  0.370345163509558E+000  0.803567774345841E+002  0.674241157337972E+002
  0.370484072783488E+000  0.803348631954392E+002  0.674324134148931E+002
  0.371140725430470E+000  0.803101572784953E+002  0.674419076163496E+002
  0.371398494578772E+000  0.803087686964422E+002  0.674424457565913E+002
  0.372300212760252E+000  0.803039187828175E+002  0.674443291783146E+002
  0.371624245330587E+000  0.802859315541409E+002  0.674513675368684E+002
  0.374734596890722E+000  0.802692619877600E+002  0.674579670936977E+002
  0.374915272553734E+000  0.802682979341458E+002  0.674583510819099E+002
  0.376651887358478E+000  0.802590552849825E+002  0.674620455702924E+002
  0.380083346950641E+000  0.802409169298150E+002  0.674693661510520E+002
  0.378824296600006E+000  0.802249539443558E+002  0.674758882148944E+002
  0.379609253511988E+000  0.802208140579168E+002  0.674775921533874E+002
  0.379548150105818E+000  0.801982786200884E+002  0.674869606280236E+002
  0.380606430059432E+000  0.801927098546560E+002  0.674893005207550E+002
  0.369325032553356E+000  0.801843091995033E+002  0.674928494700264E+002
  0.370423553333451E+000  0.801557701163694E+002  0.675050840083496E+002
  0.366963409729411E+000  0.801295942998437E+002  0.675165597812766E+002
  0.368054403135790E+000  0.801236570602911E+002  0.675191983363378E+002
  0.368183470000835E+000  0.801229558365640E+002  0.675195108593190E+002
  0.368687861833704E+000  0.801202178176461E+002  0.675207329684793E+002
  0.369111523217285E+000  0.801179209253541E+002  0.675217604312940E+002
  0.369201829284830E+000  0.801174316693075E+002  0.675219795553659E+002
  0.369551326102947E+000  0.801155393086908E+002  0.675228279751996E+002
  0.369998092354260E+000  0.801131228843410E+002  0.675239134055729E+002
  0.370449454543676E+000  0.801106845631002E+002  0.675250110187693E+002
  0.365931955268099E+000  0.800864408746459E+002  0.675360559888919E+002
  0.358427127837952E+000  0.800796898350890E+002  0.675391755324067E+002
  0.359623687325038E+000  0.800730242310989E+002  0.675422750199871E+002
  0.360228325136812E+000  0.800696644407892E+002  0.675438447449674E+002
  0.361263531181274E+000  0.800639251840212E+002  0.675465378746560E+002
  0.362618391950982E+000  0.800564385356688E+002  0.675500734968400E+002
  0.362408847014095E+000  0.800324370378494E+002  0.675615867968221E+002
  0.363568825069553E+000  0.800260457721826E+002  0.675647002635882E+002
  0.360106083381937E+000  0.800197076304121E+002  0.675678083927009E+002
  0.360972286059250E+000  0.799894245361286E+002  0.675829544081934E+002
  0.360991659602268E+000  0.799893171981201E+002  0.675830089980203E+002
  0.361000617828084E+000  0.799892675675294E+002  0.675830342413174E+002
  0.358265623680287E+000  0.799783333901923E+002  0.675886305150863E+002
  0.355374744968416E+000  0.799683928761327E+002  0.675937799735254E+002
  0.353428607630160E+000  0.799532314050047E+002  0.676017521965445E+002
  0.354437698497420E+000  0.799475292460401E+002  0.676047888432351E+002
  0.349919065745751E+000  0.799467001901247E+002  0.676052321428394E+002
  0.350024502791126E+000  0.799460976441430E+002  0.676055546145735E+002
  0.350574392576852E+000  0.799429581022323E+002  0.676072387846548E+002
  0.352118813260165E+000  0.799341666515263E+002  0.676119906284246E+002
  0.352385167251841E+000  0.799326543591235E+002  0.676128134397693E+002
  0.348293910984916E+000  0.799280380899685E+002  0.676153350751090E+002
  0.350252242103096E+000  0.799168243069428E+002  0.676215248276711E+002
  0.351380296635537E+000  0.799103932739326E+002  0.676251169031550E+002
  0.353459905096911E+000  0.798985913676804E+002  0.676317923786008E+002
  0.349472144596994E+000  0.798920861658191E+002  0.676355197201737E+002
  0.350659282826878E+000  0.798853037857055E+002  0.676394433865854E+002
  0.345675041997294E+000  0.798843054122597E+002  0.676400242551008E+002
  0.345492373930041E+000  0.798557323974205E+002  0.676570277944738E+002
  0.347311592663076E+000  0.798452288610547E+002  0.676634745266327E+002
  0.347818910321167E+000  0.798423095948393E+002  0.676652863035522E+002
  0.347989261560815E+000  0.798413302947969E+002  0.676658960824332E+002
  0.348536920274939E+000  0.798381852079860E+002  0.676678612985134E+002
  0.349759952259189E+000  0.798311794012414E+002  0.676722772914062E+002
  0.349968866251049E+000  0.798299851443091E+002  0.676730354632360E+002
  0.350256385771546E+000  0.798283427040468E+002  0.676740807731728E+002
  0.350986594614895E+000  0.798241774767136E+002  0.676767453976069E+002
  0.345274787617491E+000  0.798233781298879E+002  0.676772590417356E+002
  0.346585990597969E+000  0.798157973876832E+002  0.676821675660929E+002
  0.346709815508745E+000  0.798150829745221E+002  0.676826336852009E+002
  0.342696360259878E+000  0.798035862000742E+002  0.676902217088296E+002
  0.342726463835834E+000  0.798034105212090E+002  0.676903389594594E+002
  0.342994456299946E+000  0.798018472468804E+002  0.676913840794616E+002
  0.343011344104203E+000  0.798017487765512E+002  0.676914500181580E+002
  0.343679600501488E+000  0.797978561572383E+002  0.676940668844475E+002
  0.344924979367310E+000  0.797906219316171E+002  0.676989845059234E+002
  0.345497432086244E+000  0.797873053947224E+002  0.677012633020157E+002
  0.346170110461902E+000  0.797834152102256E+002  0.677039563125709E+002
  0.346899641284870E+000  0.797792047763375E+002  0.677068960136003E+002
  0.340198914832853E+000  0.797778094212045E+002  0.677078760914584E+002
  0.340730770741037E+000  0.797746851278884E+002  0.677100813096250E+002
  0.340742137482180E+000  0.797746184092206E+002  0.677101285654511E+002
  0.341336996019385E+000  0.797711299067358E+002  0.677126091033953E+002
  0.341850779543398E+000  0.797681217520863E+002  0.677147635681557E+002
  0.341884663900752E+000  0.797679235212782E+002  0.677149060537997E+002
  0.345320402699445E+000  0.797479250224749E+002  0.677296234890962E+002
  0.345414137850261E+000  0.797473822081467E+002  0.677300328991160E+002
  0.338135241787658E+000  0.797429175285399E+002  0.677334214870813E+002
  0.339194551039677E+000  0.797366617274404E+002  0.677382348320335E+002
  0.339819360149526E+000  0.797329810412223E+002  0.677411038083240E+002
  0.340689110581424E+000  0.797278686821973E+002  0.677451360247559E+002
  0.341044584012206E+000  0.797257829794321E+002  0.677467973264119E+002
  0.332726543480008E+000  0.797232165101717E+002  0.677488548574984E+002
  0.333296953457822E+000  0.797197907444448E+002  0.677516246582962E+002
  0.333301296693052E+000  0.797197646823588E+002  0.677516458342173E+002
  0.333561480114773E+000  0.797182040408357E+002  0.677529167936418E+002
  0.333978344732677E+000  0.797157061244174E+002  0.677549631081025E+002
  0.334129673704855E+000  0.797148001093984E+002  0.677557090440098E+002
  0.334446031596152E+000  0.797129073818439E+002  0.677572738468429E+002
  0.334801940834549E+000  0.797107801627167E+002  0.677590431490366E+002
  0.335225211386931E+000  0.797082532764120E+002  0.677611597898584E+002
  0.335311099300654E+000  0.797077409228656E+002  0.677615909682780E+002
  0.335948788877498E+000  0.797039409653236E+002  0.677648104448274E+002
  0.336582033141887E+000  0.797001746281935E+002  0.677680399134161E+002
  0.336817493964561E+000  0.796987759884690E+002  0.677692492220328E+002
  0.336877228849387E+000  0.796984213181237E+002  0.677695567608669E+002
  0.337646459553459E+000  0.796938596930792E+002  0.677735445875101E+002
  0.337934453704531E+000  0.796921545284550E+002  0.677750510406785E+002
  0.338977188307059E+000  0.796859928059341E+002  0.677805693862121E+002
  0.339752001559535E+000  0.796814265453364E+002  0.677847377123030E+002
  0.339754099779770E+000  0.796814141938933E+002  0.677847490819526E+002
  0.339919461886704E+000  0.796804410084142E+002  0.677856465479129E+002
  0.340015728418339E+000  0.796798746807191E+002  0.677861703088912E+002
  0.322589131244600E+000  0.796769650433604E+002  0.677888789063619E+002
  0.322968255438947E+000  0.796746159153308E+002  0.677910877714737E+002
  0.323163047485503E+000  0.796734100176963E+002  0.677922295105010E+002
  0.323514760891851E+000  0.796712345081212E+002  0.677943030385006E+002
  0.323520188824870E+000  0.796712009523881E+002  0.677943351618191E+002
  0.323627900140984E+000  0.796705351924550E+002  0.677949733951618E+002
  0.323680156653286E+000  0.796702122765767E+002  0.677952835746755E+002
  0.323694055478151E+000  0.796701263984271E+002  0.677953661335557E+002
  0.324012376293046E+000  0.796681605643707E+002  0.677972638642977E+002
  0.324829796669966E+000  0.796631213061755E+002  0.678021995424963E+002
  0.324832732512738E+000  0.796631032300659E+002  0.678022174363684E+002
  0.324872533868948E+000  0.796628581875316E+002  0.678024601449955E+002
  0.324988755620038E+000  0.796621428240889E+002  0.678031701559401E+002
  0.325244352977953E+000  0.796605704810771E+002  0.678047384675016E+002
  0.325970005110195E+000  0.796561132548285E+002  0.678092437808035E+002
  0.326697946181955E+000  0.796516519273056E+002  0.678138456123430E+002
  0.326844345970956E+000  0.796507558886363E+002  0.678147815281888E+002
  0.328190012774101E+000  0.796425384955897E+002  0.678235588059689E+002
