  0.684662007467667E-067  0.391733784216321E+003  0.799244058249768E+002
  0.975253768172971E-066  0.386414413619255E+003  0.798213807618550E+002
  0.155912755732511E-065  0.385469390092082E+003  0.798029832930176E+002
  0.353730064882486E-065  0.383824259509898E+003  0.797708875280681E+002
  0.541450635272898E-065  0.382966168318365E+003  0.797541116724848E+002
  0.779743372616134E-064  0.377624916638737E+003  0.796491443475009E+002
  0.740609824106652E-062  0.368510902531827E+003  0.794678091672139E+002
  0.408442485470719E-061  0.365089322412673E+003  0.793989854149503E+002
  0.708890297149857E-061  0.363979967481229E+003  0.793765815261069E+002
  0.166175213888465E-060  0.362269457812097E+003  0.793419500811003E+002
  0.324795422515167E-060  0.360922496676128E+003  0.793146043153574E+002
  0.989384656321018E-059  0.354082895558630E+003  0.791747122504467E+002
  0.999006718538433E-059  0.354056883351883E+003  0.791741768631556E+002
  0.678327980697321E-058  0.350219318756862E+003  0.790949075919266E+002
  0.270948057851584E-056  0.342837730373198E+003  0.789408127424716E+002
  0.728746820652640E-056  0.340852276311313E+003  0.788989922984352E+002
  0.652759290006396E-055  0.336460686415803E+003  0.788059137048205E+002
  0.653526211058619E-055  0.336451682432793E+003  0.788057220415760E+002
  0.106983215799149E-054  0.335459278027675E+003  0.787845762865640E+002
  0.172258507648931E-054  0.334499973768505E+003  0.787640962066677E+002
  0.281937592008100E-054  0.333507939305218E+003  0.787428761797742E+002
  0.847875825149259E-054  0.331299186823129E+003  0.786954783520771E+002
  0.570776233093084E-053  0.327478834948186E+003  0.786129957726563E+002
  0.124062833200524E-052  0.325919427362457E+003  0.785791422641245E+002
  0.299952619506725E-052  0.324147099041111E+003  0.785405339789917E+002
  0.218324659522073E-050  0.315565385705764E+003  0.783515473417465E+002
  0.241329142454377E-050  0.315358373087082E+003  0.783469457287115E+002
  0.141113063651522E-049  0.311819747919159E+003  0.782679668716667E+002
  0.205190630531076E-049  0.311064336312668E+003  0.782510277048767E+002
  0.378113952750483E-049  0.309835168411647E+003  0.782234049537916E+002
  0.377550990655688E-049  0.309831492788141E+003  0.782233222402217E+002
  0.473853615356438E-047  0.300160111213012E+003  0.780033082892600E+002
  0.290481167650899E-046  0.296527004844456E+003  0.779193937214690E+002
  0.112395003606000E-045  0.293814217602802E+003  0.778562684591956E+002
  0.391964450553391E-045  0.291309258695123E+003  0.777976168508475E+002
  0.731314045641854E-044  0.285450089268589E+003  0.776590335401563E+002
  0.185268292465039E-043  0.283584339451301E+003  0.776144833260193E+002
  0.156396825915286E-042  0.279311330626739E+003  0.775116638359220E+002
  0.183675916779052E-041  0.274377952161448E+003  0.773915491403034E+002
  0.603757375827994E-039  0.262780957131727E+003  0.771029299549028E+002
  0.318747829920063E-038  0.259446675632012E+003  0.770182323938130E+002
  0.779285906074266E-038  0.257652064637898E+003  0.769723133855581E+002
  0.104930572420421E-037  0.257050397029534E+003  0.769568655243709E+002
  0.543458871072193E-037  0.253754431223183E+003  0.768717622659360E+002
  0.153397976798738E-036  0.251672442116426E+003  0.768175794937500E+002
  0.324204954696993E-036  0.250169106151769E+003  0.767782471633459E+002
  0.102580908388438E-034  0.243253558308985E+003  0.765949858738705E+002
  0.849974768029282E-034  0.239017793074728E+003  0.764807753318772E+002
  0.282194602336952E-033  0.236611186812996E+003  0.764151918060258E+002
  0.810508602068427E-033  0.234494401148303E+003  0.763570791569881E+002
  0.133967874651654E-032  0.233482699231335E+003  0.763291608668532E+002
  0.474179561070908E-032  0.230948071569185E+003  0.762588007816080E+002
  0.845804410404346E-032  0.229784011851567E+003  0.762262845375473E+002
  0.934326094275394E-032  0.229578281521116E+003  0.762205243429180E+002
  0.103822215566783E-031  0.229360746842944E+003  0.762144292294832E+002
  0.281721414840765E-031  0.227357613819992E+003  0.761580884376870E+002
  0.676584213477812E-031  0.225598681775961E+003  0.761082919716442E+002
  0.943320750268654E-031  0.224927327317770E+003  0.760892043379826E+002
  0.324284044741702E-030  0.222451074651415E+003  0.760184061552636E+002
  0.343315703212013E-030  0.222330357814558E+003  0.760149387031279E+002
  0.414049745315390E-030  0.221949030868364E+003  0.760039756167205E+002
  0.425616232434285E-030  0.221887271382089E+003  0.760021986224748E+002
  0.576676282302302E-030  0.221273129810346E+003  0.600831763041923E+002
  0.744160693793437E-030  0.220756522380969E+003  0.600980892777300E+002
  0.971153795991776E-030  0.220217411106310E+003  0.601136818138744E+002
  0.365065407851978E-029  0.217562401955951E+003  0.758767587279238E+002
  0.406432454908614E-029  0.217341063944821E+003  0.758702849587981E+002
  0.504142600718797E-029  0.216903525537853E+003  0.602102108074851E+002
  0.761019025462504E-029  0.216073271573326E+003  0.602345821330267E+002
  0.788878595161156E-029  0.215994707835013E+003  0.602368922430998E+002
  0.123584493233275E-028  0.215090256787531E+003  0.602635364388101E+002
  0.260288424034156E-028  0.213593870684337E+003  0.603078201980927E+002
  0.388151213415590E-028  0.212788005804915E+003  0.757359084456634E+002
  0.630421772367061E-028  0.211811362052062E+003  0.603609049609019E+002
  0.171111301489087E-027  0.209807685975213E+003  0.756466645447645E+002
  0.212754694447986E-027  0.209365379190826E+003  0.756333306222693E+002
  0.316986885183908E-027  0.208561282473458E+003  0.756090299453444E+002
  0.732186196760807E-027  0.206880277998446E+003  0.755579746268884E+002
  0.730818246302324E-027  0.206877362532280E+003  0.755578857776607E+002
  0.132221324036953E-026  0.205684911918140E+003  0.605462254515333E+002
  0.309938401076278E-026  0.203974463626394E+003  0.605987900142654E+002
  0.404786127809312E-026  0.203433837492986E+003  0.754522010260870E+002
  0.592395288691663E-026  0.202665551350192E+003  0.606392671634600E+002
  0.708138024803520E-026  0.202301965978934E+003  0.754171325789098E+002
  0.947053840896521E-026  0.201713876557236E+003  0.753988460579960E+002
  0.107400682632319E-025  0.201455629606467E+003  0.753908015592779E+002
  0.320703835415183E-025  0.199261070970074E+003  0.753220818323993E+002
  0.420613171479151E-025  0.198712024364754E+003  0.753047875853787E+002
  0.441905602759396E-025  0.198606603360279E+003  0.607662204810920E+002
  0.156359467254102E-024  0.196072654908320E+003  0.608466126527371E+002
  0.291684904002522E-024  0.194818966348135E+003  0.751809611334336E+002
  0.396728979887561E-024  0.194197152260930E+003  0.751609838492656E+002
  0.480051184784827E-024  0.193809217968881E+003  0.751484921057813E+002
  0.653242470145556E-024  0.193186451099913E+003  0.609392901335498E+002
  0.672731400007728E-024  0.193120999991837E+003  0.609414058448329E+002
  0.789833544634876E-024  0.192793392254163E+003  0.609520052858463E+002
  0.109788414194624E-023  0.192128100916212E+003  0.609735791320711E+002
  0.226583083588317E-023  0.190672331963092E+003  0.750466649124937E+002
  0.231723648624207E-023  0.190620808784278E+003  0.750449800615793E+002
  0.250873864677399E-023  0.190455343624656E+003  0.750395664727022E+002
  0.267677987243770E-023  0.190319019171885E+003  0.750351031467617E+002
  0.268617819547132E-023  0.190305353779178E+003  0.750346555785346E+002
  0.405016079241451E-023  0.189477423911111E+003  0.750074856733152E+002
  0.466228191416206E-023  0.189189271476381E+003  0.749980046024625E+002
  0.500537654174938E-023  0.189040600628955E+003  0.749931078387038E+002
  0.761720967749943E-023  0.188194150097714E+003  0.611025203077818E+002
  0.821285441888533E-023  0.188036913676876E+003  0.611077238579908E+002
  0.224626324341247E-022  0.186017952878747E+003  0.611748897054373E+002
  0.428749464998298E-022  0.184718428278986E+003  0.612184718191742E+002
  0.723579099995561E-022  0.183665098460650E+003  0.612540028725292E+002
  0.143658490338910E-021  0.182286814657907E+003  0.747669042352816E+002
  0.157977961116596E-021  0.182090125780377E+003  0.747602025676216E+002
  0.175441385018242E-021  0.181873771276342E+003  0.613148596097274E+002
  0.237856000666287E-021  0.181258394790707E+003  0.747317893446610E+002
  0.386908314018906E-021  0.180278694612647E+003  0.746981658828982E+002
  0.163227691549383E-020  0.177392952133541E+003  0.614695566814481E+002
  0.167995945696344E-020  0.177328709074146E+003  0.745958815883835E+002
  0.190292125412688E-020  0.177072812399493E+003  0.745869336801687E+002
  0.343195742336651E-020  0.175886675682964E+003  0.745452975934173E+002
  0.400306057052522E-020  0.175572163231961E+003  0.615334699720318E+002
  0.616073784762930E-020  0.174703232972470E+003  0.615641936970027E+002
  0.830976985415387E-020  0.174098106667075E+003  0.744820064482459E+002
  0.924049765092797E-020  0.173879123428705E+003  0.744742146667225E+002
  0.187533250428885E-019  0.172456917188947E+003  0.616443037309719E+002
  0.194269650129187E-019  0.172379679653184E+003  0.744206066226767E+002
  0.368936356296925E-019  0.171090270053185E+003  0.743741452477198E+002
  0.706687643376915E-019  0.169783685253846E+003  0.617409676429502E+002
  0.830506755228052E-019  0.169454135072925E+003  0.743146955726460E+002
  0.874649051449448E-019  0.169343906174950E+003  0.617570126210780E+002
  0.102969049299144E-018  0.169010868950802E+003  0.742984921800852E+002
  0.115055111435524E-018  0.168782247785393E+003  0.617775641009081E+002
  0.667369211307214E-018  0.165259727826175E+003  0.619080276029144E+002
  0.990750386124254E-018  0.164462833868309E+003  0.619379294188053E+002
  0.112610558629171E-017  0.164200062380858E+003  0.619478215903783E+002
  0.142247459419563E-017  0.163726141339792E+003  0.741019793660143E+002
  0.221833196083749E-017  0.162830770724443E+003  0.740680510132254E+002
  0.226165905707948E-017  0.162785428953162E+003  0.620013549363243E+002
  0.239803344031520E-017  0.162661672649831E+003  0.620060608067826E+002
  0.322885154391477E-017  0.162060062043135E+003  0.620289897693918E+002
  0.554693262576576E-017  0.160971169302783E+003  0.739969682025143E+002
  0.153748754027925E-016  0.158925534492909E+003  0.621499002361615E+002
  0.277194023598004E-016  0.157740083103881E+003  0.738714025735089E+002
  0.297642147060087E-016  0.157591079105845E+003  0.738655468047310E+002
  0.360214262024277E-016  0.157202809304504E+003  0.622174223978403E+002
  0.964672035046085E-016  0.155225975410673E+003  0.622958832832831E+002
  0.996642856106437E-016  0.155154111223049E+003  0.622987558057677E+002
  0.166338273792789E-015  0.154123023413743E+003  0.737275531975489E+002
  0.217271366431707E-015  0.153582120633519E+003  0.623619546473180E+002
  0.258758175872092E-015  0.153225971387672E+003  0.736913117029242E+002
  0.409158181557713E-015  0.152302900024297E+003  0.736537750365042E+002
  0.964338354592091E-015  0.150581563664071E+003  0.735830987725733E+002
  0.178654479913270E-014  0.149341715023164E+003  0.735316290168645E+002
  0.283142481479814E-014  0.148414066286105E+003  0.734928022323014E+002
  0.293451209808501E-014  0.148335888404658E+003  0.734895174683639E+002
  0.299522075643605E-014  0.148288279357549E+003  0.734875161317470E+002
  0.316500178683186E-014  0.148171352411406E+003  0.734825977660627E+002
  0.348943822322056E-014  0.147969522560134E+003  0.625935851151383E+002
  0.379588730456817E-014  0.147794512106619E+003  0.734667162154234E+002
  0.426006431173368E-014  0.147557124397524E+003  0.734566878741740E+002
  0.464077367808334E-014  0.147379275144367E+003  0.626185201929064E+002
  0.477138506376055E-014  0.147317108485766E+003  0.626211531177474E+002
  0.542714795221222E-014  0.147052898656693E+003  0.626323574312437E+002
  0.554357208315101E-014  0.147003792443760E+003  0.734332402991921E+002
  0.574924947392593E-014  0.146924276370202E+003  0.626378203202224E+002
  0.583256924992731E-014  0.146888844234139E+003  0.734283565560448E+002
  0.752818687633596E-014  0.146371795397578E+003  0.626613486511595E+002
  0.812456453331335E-014  0.146212664007919E+003  0.626681446666002E+002
  0.101575972224318E-013  0.145759348848841E+003  0.733801310051059E+002
  0.149744566658331E-013  0.144976445388119E+003  0.627212358780876E+002
  0.149859665460109E-013  0.144968253129942E+003  0.627215894763184E+002
  0.152757943089342E-013  0.144923286940356E+003  0.733441519855895E+002
  0.161560575079426E-013  0.144804580254280E+003  0.627286589436506E+002
  0.227294095110714E-013  0.144115195470303E+003  0.733091434387099E+002
  0.372619352499302E-013  0.143119914602582E+003  0.628019792834023E+002
  0.744503858671929E-013  0.141728937744155E+003  0.628633012146382E+002
  0.878484687257935E-013  0.141391321280157E+003  0.628782952119391E+002
  0.880596437146622E-013  0.141379863759063E+003  0.628788048208547E+002
  0.117146579177994E-012  0.140802384959302E+003  0.629045555734863E+002
  0.121139031609632E-012  0.140728703492366E+003  0.731598322738780E+002
  0.136398612756960E-012  0.140484762577361E+003  0.629187741501801E+002
  0.157213729214773E-012  0.140194057722777E+003  0.629318224760022E+002
  0.159758498852852E-012  0.140155287981300E+003  0.731341175498938E+002
  0.206849759551500E-012  0.139631973525758E+003  0.629571468109528E+002
  0.210380627273378E-012  0.139591466604673E+003  0.629589767054178E+002
  0.233102408696388E-012  0.139379692067730E+003  0.730991283807696E+002
  0.232974777350652E-012  0.139374131854173E+003  0.629688060614097E+002
  0.284936030999445E-012  0.138964807261088E+003  0.629873704884036E+002
  0.288914266039852E-012  0.138930421112187E+003  0.730787495922332E+002
  0.320495718378708E-012  0.138716287671443E+003  0.730690075430077E+002
  0.360594419480302E-012  0.138473862255418E+003  0.730579555449649E+002
  0.393719034469433E-012  0.138291439256370E+003  0.630180597775513E+002
  0.403410740764456E-012  0.138236148263526E+003  0.630205880554475E+002
  0.446537783531649E-012  0.138026355148244E+003  0.730374898993104E+002
  0.473326562520948E-012  0.137903176490091E+003  0.630358408179157E+002
  0.504549798912633E-012  0.137768758935764E+003  0.730256713153013E+002
  0.539714348303237E-012  0.137627356414357E+003  0.730191718180970E+002
  0.649040357465002E-012  0.137251791066426E+003  0.630658148754584E+002
  0.649729356954840E-012  0.137243013479400E+003  0.630662200186229E+002
  0.916729550140061E-012  0.136547844704162E+003  0.729692705026292E+002
  0.963657481362761E-012  0.136441342280195E+003  0.631033627646231E+002
  0.108177594410416E-011  0.136203439818829E+003  0.729532435974293E+002
  0.109832709114249E-011  0.136166416013347E+003  0.729515175827586E+002
  0.111116075200571E-011  0.136136526442112E+003  0.631175590164981E+002
  0.122630327390654E-011  0.135932672893805E+003  0.631270760497277E+002
  0.127369047795756E-011  0.135850188515282E+003  0.631309321353561E+002
  0.175551100214326E-011  0.135201850116788E+003  0.631613477531454E+002
  0.179879858276950E-011  0.135146476528223E+003  0.631639543096047E+002
  0.230050693902778E-011  0.134647799910271E+003  0.631874912745778E+002
  0.249785752131637E-011  0.134476536597982E+003  0.631956011213090E+002
  0.304522724356136E-011  0.134073596710135E+003  0.728529473369657E+002
  0.333116941405578E-011  0.133887445348085E+003  0.728440819241250E+002
  0.376920847144675E-011  0.133633706553588E+003  0.632357114384403E+002
  0.382112171720562E-011  0.133599692977666E+003  0.728303455465222E+002
  0.427729030978182E-011  0.133367486035189E+003  0.728192319822923E+002
  0.440979511269691E-011  0.133299813405470E+003  0.632516944646000E+002
  0.634431606918204E-011  0.132565695672949E+003  0.632870249513987E+002
  0.193479937362535E-010  0.130328981240008E+003  0.726713535711052E+002
  0.222053671506448E-010  0.130046835075860E+003  0.634103006726853E+002
  0.225006785053918E-010  0.130013756612974E+003  0.634119414410298E+002
  0.259153536477558E-010  0.129724520765893E+003  0.726413696343806E+002
  0.437463493610237E-010  0.128670720049414E+003  0.634790583070631E+002
  0.531755110433448E-010  0.128273684858251E+003  0.725685927674499E+002
  0.607871624134109E-010  0.127999467977011E+003  0.635129768806270E+002
  0.648220995112845E-010  0.127864276467034E+003  0.635198389834797E+002
  0.761169705856209E-010  0.127536371573445E+003  0.725311563310711E+002
  0.943439776449859E-010  0.127100363601108E+003  0.635588116800870E+002
  0.955126920968920E-010  0.127069084620205E+003  0.725072680517760E+002
  0.123780528459893E-009  0.126543927189108E+003  0.724802682015733E+002
  0.123909267977270E-009  0.126535192564395E+003  0.724798177431989E+002
  0.206214237268612E-009  0.125509804929799E+003  0.636410668416347E+002
  0.231520825500404E-009  0.125271640922961E+003  0.724141663713481E+002
  0.296850956376856E-009  0.124767864634741E+003  0.636799674910267E+002
  0.456953059888235E-009  0.123898508075429E+003  0.637259956257760E+002
  0.481741552370648E-009  0.123786198295608E+003  0.637319777943771E+002
  0.707492485288433E-009  0.123010904243189E+003  0.637735028804943E+002
  0.871933977563127E-009  0.122586275264448E+003  0.637964186618028E+002
  0.965266838495872E-009  0.122376237939357E+003  0.722598831389846E+002
  0.114640683731029E-008  0.122025615837247E+003  0.722408159835562E+002
  0.118057253751159E-008  0.121960226336232E+003  0.722372504726076E+002
  0.129841522908670E-008  0.121763280867685E+003  0.638411894791339E+002
  0.139192109653109E-008  0.121617544466476E+003  0.638491674454185E+002
  0.141777129606124E-008  0.121574086382196E+003  0.722161333410667E+002
  0.143263298412696E-008  0.121546575061874E+003  0.722146247380007E+002
  0.174751086713141E-008  0.121142562651919E+003  0.721924073961617E+002
  0.191491519858080E-008  0.120952945221439E+003  0.638857437589244E+002
  0.252543157400232E-008  0.120392812382069E+003  0.721508596446713E+002
  0.341199245142630E-008  0.119784387904389E+003  0.721168327846887E+002
  0.459890446129441E-008  0.119180688929652E+003  0.639848951546518E+002
  0.509412703406357E-008  0.118969492950101E+003  0.720708095305083E+002
  0.527903471966293E-008  0.118891527472848E+003  0.640013040321565E+002
  0.547034931800159E-008  0.118813673468001E+003  0.720619493443530E+002
  0.583109249626107E-008  0.118679294088073E+003  0.640133901320577E+002
  0.590169413127580E-008  0.118648568356632E+003  0.720525398448255E+002
  0.625926990156850E-008  0.118524264579289E+003  0.720454410893727E+002
  0.880881717560834E-008  0.117834229754161E+003  0.720058038079407E+002
  0.918780847723829E-008  0.117743325637796E+003  0.720005525280666E+002
  0.164087521196741E-007  0.116576795220439E+003  0.641351451596959E+002
  0.177849524819407E-007  0.116409063889700E+003  0.641450226101602E+002
  0.207399960928732E-007  0.116094985747867E+003  0.719040967299345E+002
  0.209235902373604E-007  0.116070703712639E+003  0.641650248877600E+002
  0.214485006313169E-007  0.116014493131741E+003  0.641683578210442E+002
  0.218800023165121E-007  0.115968000869287E+003  0.718965660414840E+002
  0.236549329135731E-007  0.115805348109870E+003  0.641807841226436E+002
  0.282146655492760E-007  0.115446152080369E+003  0.642022197087981E+002
  0.290593390470480E-007  0.115380500468666E+003  0.642061505469836E+002
  0.320255937509813E-007  0.115179453939711E+003  0.642182132367522E+002
  0.347028146189070E-007  0.115012227542015E+003  0.718394068693910E+002
  0.359954865326335E-007  0.114932426442024E+003  0.642330871801695E+002
  0.384777814413344E-007  0.114792396036275E+003  0.642415445552617E+002
  0.400651208246619E-007  0.114704890092776E+003  0.642468392152480E+002
  0.425401398527106E-007  0.114578350619825E+003  0.718131739658706E+002
  0.464176337186723E-007  0.114397232386135E+003  0.642655134976020E+002
  0.605402009483837E-007  0.113859320408394E+003  0.642983881083211E+002
  0.638690457548561E-007  0.113745610419850E+003  0.643053746330774E+002
  0.693801695408856E-007  0.113573422323342E+003  0.643159791397233E+002
  0.715492558113770E-007  0.113505196703568E+003  0.717474934230278E+002
  0.128741897491130E-006  0.112323694122450E+003  0.643938715716189E+002
  0.128946720890213E-006  0.112313859147792E+003  0.716731915612869E+002
  0.129853913609040E-006  0.112293182018759E+003  0.716718885634068E+002
  0.133626554801691E-006  0.112229248583131E+003  0.643998259797749E+002
  0.138371363304539E-006  0.112152808794151E+003  0.716630303821650E+002
  0.154263169291232E-006  0.111928715361592E+003  0.716488440947642E+002
  0.186763427934369E-006  0.111539694402867E+003  0.644435988186856E+002
  0.204854029995351E-006  0.111348128918648E+003  0.644558544284260E+002
  0.213204121716637E-006  0.111261568642410E+003  0.716062767265765E+002
  0.217137195183489E-006  0.111218354332429E+003  0.716035019279798E+002
  0.235269762245493E-006  0.111051291971045E+003  0.715927544754500E+002
  0.237233000351950E-006  0.111028016387256E+003  0.644764281996952E+002
  0.243710326460484E-006  0.110967485704354E+003  0.715873508093405E+002
  0.254966186971084E-006  0.110870528918446E+003  0.644865937810336E+002
  0.330292202615571E-006  0.110346179760484E+003  0.645206517339877E+002
  0.456454264587520E-006  0.109692502614755E+003  0.645635779538514E+002
  0.457914146215576E-006  0.109679460624666E+003  0.715032429234673E+002
  0.509476944948954E-006  0.109459399267624E+003  0.645790145889316E+002
  0.674436922314193E-006  0.108891756582867E+003  0.714507858821879E+002
  0.676433629387743E-006  0.108879188641871E+003  0.646177403404712E+002
  0.710605729925022E-006  0.108773966235540E+003  0.714428722739984E+002
  0.759812897197808E-006  0.108633401719322E+003  0.646342782324634E+002
  0.104116827341877E-005  0.107996693166310E+003  0.713901843142130E+002
  0.108192488109413E-005  0.107913240927058E+003  0.646832045350475E+002
  0.117524264383025E-005  0.107741119587620E+003  0.646950042716694E+002
  0.281220634634379E-005  0.106002941200417E+003  0.713516912319344E+002
  0.381730973027095E-005  0.105364390384641E+003  0.713072633301182E+002
  0.459323593593751E-005  0.104994312670251E+003  0.712812365481931E+002
  0.571436884683365E-005  0.104543768750609E+003  0.712492664021546E+002
  0.583220668018388E-005  0.104489199832196E+003  0.712453726387380E+002
  0.714192961103934E-005  0.104070278952782E+003  0.712153218367785E+002
  0.714022814855604E-005  0.104043357792198E+003  0.712133809662084E+002
  0.940565844963855E-005  0.103478572379105E+003  0.711723862765661E+002
  0.100859526247343E-004  0.103338908067873E+003  0.711621659598435E+002
  0.150470661357570E-004  0.102511431570090E+003  0.711009145578838E+002
  0.164937287311426E-004  0.102314185238524E+003  0.710861325925315E+002
  0.164094614319238E-004  0.102310777601783E+003  0.710858765895029E+002
  0.176001328857453E-004  0.102157028937075E+003  0.710743036000289E+002
  0.193305670973236E-004  0.101969466580823E+003  0.710601254552630E+002
  0.199248062626302E-004  0.101895165080588E+003  0.710544904805231E+002
  0.211837399680491E-004  0.101758882515094E+003  0.710441274876904E+002
  0.421634663178512E-004  0.100368496327995E+003  0.709362882679673E+002
  0.471457632676853E-004  0.100131370510302E+003  0.709174941264060E+002
  0.516099543597916E-004  0.999366839132186E+002  0.709019715743214E+002
  0.665143436815435E-004  0.994155320525812E+002  0.708600000874064E+002
  0.818215977379534E-004  0.989738871220197E+002  0.708239375734072E+002
  0.846823496616551E-004  0.988779439106354E+002  0.708160415285632E+002
  0.854035295751246E-004  0.988609834377582E+002  0.708146433640015E+002
  0.891784140313066E-004  0.987338008987325E+002  0.708041363760069E+002
  0.895645592401828E-004  0.987251595339273E+002  0.708034210369113E+002
  0.898089218433588E-004  0.987061509095352E+002  0.708018468371777E+002
  0.918037496797172E-004  0.986622132690800E+002  0.707982047094839E+002
  0.101728514039807E-003  0.984296929753286E+002  0.707788499252044E+002
  0.104665615129062E-003  0.983592075756467E+002  0.707729557703056E+002
  0.106954878365962E-003  0.983159347809345E+002  0.707693309056088E+002
  0.111811735159736E-003  0.982271158352246E+002  0.707618756534973E+002
  0.140066497546224E-003  0.977491166036067E+002  0.707213984149946E+002
  0.183619895556516E-003  0.971939635862675E+002  0.706736088460964E+002
  0.249249400982996E-003  0.965421118784970E+002  0.706163665343603E+002
  0.264059728313119E-003  0.964266692472846E+002  0.706060961748546E+002
  0.290554164039355E-003  0.962218804956602E+002  0.705877755176115E+002
  0.303641454317519E-003  0.961337653581522E+002  0.705798520624277E+002
  0.350809747873613E-003  0.958313204901778E+002  0.705524661263195E+002
  0.372827219928626E-003  0.957095783955559E+002  0.705413581327817E+002
  0.439233245213042E-003  0.953543497322713E+002  0.705086613906276E+002
  0.440114708269906E-003  0.953366881795523E+002  0.705070244667685E+002
  0.613663569240641E-003  0.946311859078880E+002  0.704407262099076E+002
  0.641891960313401E-003  0.945277715269897E+002  0.704308539456247E+002
  0.765535176484576E-003  0.941619931367700E+002  0.703956044935617E+002
  0.867676439960482E-003  0.938980376448010E+002  0.703698371564701E+002
  0.976949712930452E-003  0.936608050454527E+002  0.703464335452185E+002
  0.992402296059024E-003  0.936294182741730E+002  0.703433193942196E+002
  0.102744197771339E-002  0.935059631095181E+002  0.703310293882190E+002
  0.105341948342184E-002  0.934426464787568E+002  0.703247006158546E+002
  0.104702189053225E-002  0.934414518706800E+002  0.703245810415289E+002
  0.108929947636070E-002  0.933489039586547E+002  0.703152984064047E+002
  0.117020284150513E-002  0.932056193682619E+002  0.703008518629202E+002
  0.117598674481773E-002  0.931957584174447E+002  0.702998542538355E+002
  0.130549452333593E-002  0.929732503713166E+002  0.702772257005366E+002
  0.130994998710959E-002  0.929664362820621E+002  0.702765291203268E+002
  0.139086166671958E-002  0.928465672810803E+002  0.702642397626251E+002
  0.144259501020394E-002  0.927735270350917E+002  0.702567181275473E+002
  0.153220310548747E-002  0.926117623492382E+002  0.702399684200852E+002
  0.153879431429644E-002  0.926031772310778E+002  0.702390759304550E+002
  0.171097969852058E-002  0.923772976073553E+002  0.702154628178949E+002
  0.177526813731169E-002  0.922897811583309E+002  0.702062449957667E+002
  0.188161203737525E-002  0.921596805971082E+002  0.701924691777936E+002
  0.194279922836416E-002  0.920819329221408E+002  0.701841946659458E+002
  0.201697099573623E-002  0.919932530742577E+002  0.701747176250678E+002
  0.228948032971440E-002  0.917260513504984E+002  0.701459052174273E+002
  0.227981141614330E-002  0.917207698603833E+002  0.701453317510528E+002
  0.232219936591818E-002  0.916839258367216E+002  0.701413268704670E+002
  0.239592313668087E-002  0.916075772295710E+002  0.701330035898759E+002
  0.261256236786077E-002  0.913932128752013E+002  0.701094558690318E+002
  0.262208881210052E-002  0.913722814114837E+002  0.701071422354201E+002
  0.262350971610995E-002  0.913711979095447E+002  0.701070224015789E+002
  0.269174138888601E-002  0.913198472435389E+002  0.701013351227563E+002
  0.282363378663891E-002  0.912241746602638E+002  0.700906970831003E+002
  0.345540067104211E-002  0.907925688625628E+002  0.700420054697777E+002
  0.392041660118981E-002  0.905400498525434E+002  0.700129621421270E+002
  0.421934035529251E-002  0.903930880966461E+002  0.699958615192489E+002
  0.421869877468074E-002  0.903793570886304E+002  0.699942561452127E+002
  0.420705067994936E-002  0.903708517076217E+002  0.699932610706920E+002
  0.422216179694291E-002  0.903636808677725E+002  0.699924217360553E+002
  0.445697541353550E-002  0.902554346546904E+002  0.699797077194964E+002
  0.474137988855934E-002  0.901174840561679E+002  0.699633833777195E+002
  0.476091602559140E-002  0.900808910201660E+002  0.699590299235469E+002
  0.473065663084344E-002  0.900795088389648E+002  0.699588652932178E+002
  0.503775261729158E-002  0.899395823886960E+002  0.699421252844554E+002
  0.513347459584519E-002  0.898878027228991E+002  0.699358933116907E+002
  0.544422043366626E-002  0.897420895710414E+002  0.699182453150663E+002
  0.605102949064024E-002  0.895167067332889E+002  0.698906178043582E+002
  0.662402798033526E-002  0.893217211482721E+002  0.698663803906505E+002
  0.679857455762959E-002  0.892697024979292E+002  0.698598599229584E+002
  0.710557246519239E-002  0.891672354352175E+002  0.698469472264032E+002
  0.721234385806735E-002  0.891232717960865E+002  0.698413787361486E+002
  0.781836299487135E-002  0.889619093677982E+002  0.698207916450033E+002
  0.894733427482040E-002  0.886637792086469E+002  0.697821177233293E+002
  0.907060015075291E-002  0.886364136302948E+002  0.697785248608093E+002
  0.914581765762747E-002  0.886198971153259E+002  0.697763528011342E+002
  0.102509607935593E-001  0.883210688845251E+002  0.697365758993869E+002
  0.117800370724289E-001  0.880152208839333E+002  0.696948785262239E+002
  0.120203828967536E-001  0.879609850816699E+002  0.696873746029717E+002
  0.126569528364244E-001  0.878301926135081E+002  0.696691368621550E+002
  0.126922659393851E-001  0.878108745923526E+002  0.696664258835053E+002
  0.133000946293903E-001  0.876899202568668E+002  0.696493484448427E+002
  0.140330280047367E-001  0.875689832383116E+002  0.696320910267995E+002
  0.154540116973763E-001  0.873624214441198E+002  0.696021760619115E+002
  0.163377322323894E-001  0.872239928057966E+002  0.695818048671612E+002
  0.163202823972657E-001  0.872125707126107E+002  0.695801120030896E+002
  0.164106948401875E-001  0.872015215255090E+002  0.695784726418346E+002
  0.170522947070821E-001  0.871111665255521E+002  0.695650008624374E+002
  0.177270048746829E-001  0.870199058065737E+002  0.695512726396738E+002
  0.177432453124088E-001  0.870180743631782E+002  0.695509958667223E+002
  0.177268128496222E-001  0.870061817128087E+002  0.695491973855432E+002
  0.177580281235012E-001  0.869889172368232E+002  0.695465827381787E+002
  0.184475354604170E-001  0.868853333883766E+002  0.695307994138835E+002
  0.189048395922781E-001  0.868363590480012E+002  0.695232788426109E+002
  0.188083803147045E-001  0.868191922001574E+002  0.695206336721651E+002
  0.191775033578738E-001  0.867666695499936E+002  0.695125112829285E+002
  0.192027662309822E-001  0.867503847173717E+002  0.695099838307263E+002
  0.193281890339697E-001  0.867237122695601E+002  0.695058348163970E+002
  0.192136639701229E-001  0.867219461614012E+002  0.695055596777635E+002
  0.193768300087197E-001  0.866778221936671E+002  0.694986689144492E+002
  0.198229762388019E-001  0.866322948772727E+002  0.694915248485045E+002
  0.203471172192065E-001  0.865664478254823E+002  0.694811298615276E+002
  0.206333997603832E-001  0.865385040883665E+002  0.694766958714440E+002
  0.208914966823761E-001  0.864998961128762E+002  0.694705472124753E+002
  0.209350140319953E-001  0.864957344111633E+002  0.694698828530798E+002
  0.216100254292998E-001  0.864046792118587E+002  0.694552694048940E+002
  0.223651588091712E-001  0.863085875423544E+002  0.694396829237615E+002
  0.222490156670234E-001  0.863053487516144E+002  0.694391545664808E+002
  0.240501570725675E-001  0.861224499281728E+002  0.694089881428322E+002
  0.247619619014539E-001  0.860641156205853E+002  0.693992265939987E+002
  0.254464152876996E-001  0.859959312933803E+002  0.693877275545432E+002
  0.252875488896678E-001  0.859812454774588E+002  0.693852380383162E+002
  0.264095784185608E-001  0.858944162226805E+002  0.693704241285766E+002
  0.268894791700162E-001  0.858177201783081E+002  0.693572011200934E+002
  0.269662328850772E-001  0.857851734411644E+002  0.693515497022220E+002
  0.269974733273545E-001  0.857828577776965E+002  0.693511466863632E+002
  0.274682207361367E-001  0.857482848863189E+002  0.693451149236237E+002
  0.288891289456716E-001  0.856203861750719E+002  0.693225556865908E+002
  0.293985357428764E-001  0.855854271647966E+002  0.693163204354841E+002
  0.296842253654948E-001  0.855660853572113E+002  0.693128575904369E+002
  0.299867208849623E-001  0.855458076086742E+002  0.693092170843654E+002
  0.299706659918634E-001  0.855331329370368E+002  0.693069362873048E+002
  0.308158008540148E-001  0.854637702381797E+002  0.692943814382256E+002
  0.319260613587541E-001  0.853655824023180E+002  0.692763922895042E+002
  0.322090787565187E-001  0.853479309722689E+002  0.692731306523798E+002
  0.328825497456182E-001  0.852927977088558E+002  0.692628873708456E+002
  0.108644673242095E+000  0.815396142981675E+002  0.686775668387021E+002
  0.108921407453051E+000  0.815345264764020E+002  0.686757519775769E+002
  0.108188438494469E+000  0.815340933018042E+002  0.686755972241246E+002
  0.107108757506119E+000  0.815263746056026E+002  0.686728334034606E+002
  0.106617351238895E+000  0.815079849122589E+002  0.686661999649919E+002
  0.106789940009357E+000  0.815047499935815E+002  0.686650258709934E+002
  0.106093079652142E+000  0.815040029252835E+002  0.686647544165566E+002
  0.105728540555263E+000  0.814970459347588E+002  0.686622208966000E+002
  0.105204658736117E+000  0.814931396235813E+002  0.686607938511876E+002
  0.105778906470081E+000  0.814822525357378E+002  0.686567993515749E+002
  0.106259828896289E+000  0.814731801697848E+002  0.686534510074349E+002
  0.106457660462923E+000  0.814694600878250E+002  0.686520727917636E+002
  0.106729768436588E+000  0.814643545687456E+002  0.686501762822158E+002
  0.105528438628260E+000  0.814586245672739E+002  0.686480408266201E+002
  0.104997754760033E+000  0.814405381082255E+002  0.686412511230976E+002
  0.105161894078008E+000  0.814374140194243E+002  0.686400706301386E+002
  0.107083917587633E+000  0.814011904344123E+002  0.686262111460134E+002
  0.106736058948626E+000  0.813934630095672E+002  0.686232123831521E+002
  0.106904901024386E+000  0.813903017784824E+002  0.686219812050385E+002
  0.106507576265050E+000  0.813834118845963E+002  0.686192888850645E+002
  0.105937667935581E+000  0.813798053825433E+002  0.686178746465827E+002
  0.105895376385454E+000  0.813520320507402E+002  0.686068668056438E+002
  0.105989764503270E+000  0.813360152418032E+002  0.686004213884175E+002
  0.106130004457674E+000  0.813333706985714E+002  0.685993501164263E+002
  0.105900602946591E+000  0.813233614268900E+002  0.685952769742835E+002
  0.105343762254387E+000  0.813195684826845E+002  0.685937257433587E+002
  0.105410121522858E+000  0.813183090179577E+002  0.685932096985459E+002
  0.105490105404429E+000  0.813167920184443E+002  0.685925875003644E+002
  0.105284977846648E+000  0.813061393246757E+002  0.685881986224573E+002
  0.104799424557543E+000  0.812863982449277E+002  0.685799721215569E+002
  0.104137958117288E+000  0.812846212301000E+002  0.685792255164721E+002
  0.103423345606190E+000  0.812839523827573E+002  0.685789442382768E+002
  0.103528452506257E+000  0.812819208583142E+002  0.685780890062172E+002
  0.102836607778440E+000  0.812807855035445E+002  0.685776104581383E+002
  0.102312092350658E+000  0.812764670361984E+002  0.685757863788054E+002
  0.102406398159230E+000  0.812746243923804E+002  0.685750061922607E+002
  0.101872334638168E+000  0.812704298812350E+002  0.685732260026441E+002
  0.101911202141046E+000  0.812696669637989E+002  0.685729015814926E+002
  0.102607353995291E+000  0.812412912698847E+002  0.685606932969695E+002
  0.102105898133713E+000  0.812363292849464E+002  0.685585292869470E+002
  0.102294085687282E+000  0.812326465526247E+002  0.685569173937406E+002
  0.102762839200774E+000  0.812235026657696E+002  0.685528935672443E+002
  0.101726384037702E+000  0.812139255689784E+002  0.685486453834789E+002
  0.961345509798945E-001  0.811969917415312E+002  0.685410468503864E+002
  0.962586436563991E-001  0.811944117605927E+002  0.685398791475533E+002
  0.970163867958299E-001  0.811787295067593E+002  0.685327225433024E+002
  0.971574914122938E-001  0.811758227379889E+002  0.685313847296208E+002
  0.972147652771925E-001  0.811746440951613E+002  0.685308412439354E+002
  0.970202693714217E-001  0.811642089728305E+002  0.685260033119251E+002
  0.971986051594057E-001  0.811460955931118E+002  0.685174906923857E+002
  0.972288854208152E-001  0.811310321346082E+002  0.685102956032841E+002
  0.975363601154911E-001  0.811102768580284E+002  0.685001999927465E+002
  0.968598438732053E-001  0.811097567773885E+002  0.684999442111146E+002
  0.964334974317623E-001  0.811041390816471E+002  0.684971723638598E+002
  0.972521438880778E-001  0.810872322768727E+002  0.684887284212403E+002
  0.965661686255126E-001  0.810868438957515E+002  0.684885326055059E+002
  0.969284220493286E-001  0.810793552347861E+002  0.684847403112765E+002
  0.958459701167546E-001  0.810726183641983E+002  0.684813012657944E+002
  0.960047255319126E-001  0.810693083850323E+002  0.684796018635360E+002
  0.954824469310685E-001  0.810655662762941E+002  0.684776727617225E+002
  0.949337249867560E-001  0.810624410209104E+002  0.684760552062624E+002
  0.950645388703024E-001  0.810596870188146E+002  0.684746248822627E+002
  0.938151854204766E-001  0.810567332902080E+002  0.684730856514116E+002
  0.934192945983884E-001  0.810505388704296E+002  0.684698400021331E+002
  0.934694821155846E-001  0.810494647017335E+002  0.684692747157058E+002
  0.928416202765799E-001  0.810481843969829E+002  0.684685999890822E+002
  0.930524371762991E-001  0.810436481144790E+002  0.684662008722955E+002
  0.919292811475438E-001  0.810383050960657E+002  0.684633579078917E+002
  0.915224133977202E-001  0.810324162831316E+002  0.684602025720826E+002
  0.909722911492520E-001  0.810297139288705E+002  0.684587467568738E+002
  0.913784291443969E-001  0.810208049721951E+002  0.684539115814151E+002
  0.912761877882542E-001  0.810081740249650E+002  0.684469593798082E+002
  0.906976376481778E-001  0.810060213274755E+002  0.684457628105316E+002
  0.900433268263124E-001  0.810056320651710E+002  0.684455460691754E+002
  0.890045881433833E-001  0.809992079797909E+002  0.684419525120164E+002
  0.898422525066821E-001  0.809804730558611E+002  0.684312869096487E+002
  0.892301607958675E-001  0.809792756480711E+002  0.684305954896431E+002
  0.892453308565407E-001  0.809789356560515E+002  0.684303989480719E+002
  0.894146459781573E-001  0.809751448759271E+002  0.684282009507658E+002
  0.883193660628079E-001  0.809697192996949E+002  0.684250335675406E+002
  0.883636270988818E-001  0.809687172556112E+002  0.684244457769807E+002
  0.885061884051763E-001  0.809654931591364E+002  0.684225485186380E+002
  0.887007249588588E-001  0.809611019843647E+002  0.684199494837204E+002
  0.880462685516779E-001  0.809605874531457E+002  0.684196437985878E+002
  0.883731343522414E-001  0.809531763369259E+002  0.684152136437161E+002
  0.877743233962697E-001  0.809513302442861E+002  0.684141020724549E+002
  0.873664185295200E-001  0.809452022164200E+002  0.684103887339793E+002
  0.876681110467381E-001  0.809383077409880E+002  0.684061666895664E+002
  0.878032326963838E-001  0.809352275417151E+002  0.684042648827722E+002
  0.876476690838105E-001  0.809230877893299E+002  0.683966723857027E+002
  0.877111166427864E-001  0.809216405265314E+002  0.683957566060728E+002
  0.858614817107358E-001  0.809172061897593E+002  0.683929361656914E+002
  0.859182844405580E-001  0.809158835023866E+002  0.683920905767511E+002
  0.855905913012519E-001  0.809078397499047E+002  0.683869046326121E+002
  0.837800838150966E-001  0.809039051148394E+002  0.683843399611955E+002
  0.838183085092748E-001  0.809029928222019E+002  0.683837426265770E+002
  0.838451271836936E-001  0.809023530005369E+002  0.683833230865085E+002
  0.832181342216403E-001  0.809016788248476E+002  0.683828804744005E+002
  0.812230923240889E-001  0.808881897283775E+002  0.683739035124810E+002
  0.806548168053786E-001  0.808869061176337E+002  0.683730368931882E+002
  0.802811313917012E-001  0.808808681935258E+002  0.683689303725025E+002
  0.791107771446775E-001  0.808797042579009E+002  0.683681329556586E+002
  0.772635902067569E-001  0.808668019219655E+002  0.683591626176773E+002
  0.767735014211282E-001  0.808646585215398E+002  0.683576483509677E+002
  0.757248294416484E-001  0.808625352348990E+002  0.683561412796230E+002
  0.758443706936115E-001  0.808593804705632E+002  0.683538889786225E+002
  0.752919343922309E-001  0.808591314549003E+002  0.683537105219721E+002
  0.741992491141306E-001  0.808440871745807E+002  0.683427378555764E+002
  0.743501228757972E-001  0.808400245841698E+002  0.683397072787134E+002
  0.740000285085849E-001  0.808347040638079E+002  0.683356923079104E+002
  0.740338235941698E-001  0.808337908919707E+002  0.683349978284154E+002
  0.740650572076576E-001  0.808329473038549E+002  0.683343548421401E+002
  0.736718463952265E-001  0.808286122303897E+002  0.683310286894030E+002
  0.737713001112052E-001  0.808259141400839E+002  0.683289396102534E+002
  0.737871340985203E-001  0.808254849138601E+002  0.683286059036381E+002
  0.738092330779280E-001  0.808248860107842E+002  0.683281396475719E+002
  0.738154990742831E-001  0.808247162290338E+002  0.683280073351906E+002
  0.733967931277148E-001  0.808206490964564E+002  0.683248198011133E+002
  0.728561292839407E-001  0.808199921633299E+002  0.683243016615343E+002
  0.723764676114164E-001  0.808177589735656E+002  0.683225333351250E+002
  0.723914202473344E-001  0.808173458256999E+002  0.683222049999480E+002
  0.724587755872611E-001  0.808154858255972E+002  0.683207221742631E+002
  0.724758531820752E-001  0.808150145070438E+002  0.683203452118630E+002
  0.725827892610390E-001  0.808120657382829E+002  0.683179754229386E+002
  0.720354339268584E-001  0.808112687897403E+002  0.683173315518740E+002
  0.721772429448007E-001  0.808073354583099E+002  0.683141320692526E+002
  0.722619241036611E-001  0.808049903556541E+002  0.683122069985112E+002
  0.711333137769610E-001  0.808042147469906E+002  0.683115673728939E+002
  0.711701636158944E-001  0.808031789370320E+002  0.683107108611888E+002
  0.701475248880094E-001  0.807998664880987E+002  0.683079538319336E+002
  0.692330373675433E-001  0.807941105163823E+002  0.683030958601568E+002
  0.693656821566477E-001  0.807902823474048E+002  0.682998158055029E+002
  0.693848704731772E-001  0.807897291729118E+002  0.682993384832487E+002
  0.693990585645266E-001  0.807893202468496E+002  0.682989850774336E+002
  0.694014171417879E-001  0.807892522765563E+002  0.682989262898609E+002
  0.695074578448594E-001  0.807861987431178E+002  0.682962717013108E+002
  0.695885381809751E-001  0.807838671060436E+002  0.682942264715199E+002
  0.697313820072813E-001  0.807797659300979E+002  0.682905895370150E+002
  0.697534544712191E-001  0.807791329590975E+002  0.682900236171764E+002
  0.698105118380641E-001  0.807774976553287E+002  0.682885557222063E+002
  0.698106979711414E-001  0.807774923228128E+002  0.682885509217514E+002
  0.698997267513741E-001  0.807749433707941E+002  0.682862458439165E+002
  0.700030366205655E-001  0.807719896081813E+002  0.682835480718232E+002
  0.694294407087403E-001  0.807708236010954E+002  0.682824750596298E+002
  0.683192939637617E-001  0.807679725419740E+002  0.682798316735392E+002
  0.684282915993216E-001  0.807647842543507E+002  0.682768415672452E+002
  0.657834349224988E-001  0.807570272453350E+002  0.682694082784111E+002
  0.658652822864553E-001  0.807545404037999E+002  0.682669750539931E+002
  0.658808040433302E-001  0.807540691410131E+002  0.682665110838321E+002
  0.659122785043016E-001  0.807531138720123E+002  0.682655677472306E+002
  0.653391531583425E-001  0.807531131097768E+002  0.682655669929831E+002
  0.642826941412317E-001  0.807509316102914E+002  0.682633982018214E+002
  0.643048779155404E-001  0.807502415350634E+002  0.682627078677914E+002
  0.643275123396051E-001  0.807495376867013E+002  0.682620016038113E+002
  0.638817587998459E-001  0.807458235444084E+002  0.682582379035394E+002
  0.633354652113016E-001  0.807453791084093E+002  0.682577833000278E+002
  0.619190023263933E-001  0.807382110182315E+002  0.682503193963438E+002
  0.614636493495661E-001  0.807356572612959E+002  0.682475972940813E+002
  0.609632392851492E-001  0.807346909052699E+002  0.682465581507039E+002
  0.605112611754409E-001  0.807322579097823E+002  0.682439191380059E+002
  0.605565506284157E-001  0.807307615763007E+002  0.682422795075324E+002
  0.606037642411956E-001  0.807292028608015E+002  0.682405576916790E+002
  0.601006349777427E-001  0.807282548024345E+002  0.682395033805451E+002
  0.601742608285357E-001  0.807258062163186E+002  0.682367550280205E+002
  0.596843583457018E-001  0.807243777576579E+002  0.682351343610601E+002
  0.596875661008027E-001  0.807242702699010E+002  0.682350118819415E+002
  0.596888418217664E-001  0.807242275237341E+002  0.682349631532199E+002
  0.597480811064138E-001  0.807222435714335E+002  0.682326883980842E+002
  0.592229380039165E-001  0.807216348878978E+002  0.682319852601348E+002
  0.587202262787308E-001  0.807204193113856E+002  0.682305735320363E+002
  0.581928813827785E-001  0.807201967514062E+002  0.682303139600206E+002
  0.582281268315844E-001  0.807189857861201E+002  0.682288955565676E+002
  0.582375828142685E-001  0.807186610215955E+002  0.682285134024757E+002
  0.577309577941502E-001  0.807175309148512E+002  0.682271777055397E+002
  0.572109063076150E-001  0.807170241494004E+002  0.682265757426735E+002
  0.572350858246134E-001  0.807161790514846E+002  0.682255676867052E+002
  0.567376217605210E-001  0.807148587409234E+002  0.682239820872641E+002
  0.567557111662760E-001  0.807142211913708E+002  0.682232116822546E+002
  0.562731441244925E-001  0.807123414655123E+002  0.682209217853518E+002
  0.563314549838629E-001  0.807102701162053E+002  0.682183655441599E+002
  0.563352693739379E-001  0.807101346941418E+002  0.682181971861110E+002
  0.558197708611574E-001  0.807091962125361E+002  0.682170262048662E+002
  0.547755185532869E-001  0.807085030301471E+002  0.682161564641974E+002
  0.542613619272519E-001  0.807082260190507E+002  0.682158077339207E+002
  0.538374915473657E-001  0.807047717441411E+002  0.682114016232226E+002
  0.533825657167118E-001  0.807026046129585E+002  0.682085806256158E+002
  0.534112149751903E-001  0.807015315445090E+002  0.682071667961699E+002
  0.534689960104244E-001  0.806993690846737E+002  0.682042820034879E+002
  0.534912581653897E-001  0.806985365453175E+002  0.682031582650458E+002
  0.101956159497254E+000  0.796082372815471E+002  0.682026263817111E+002
  0.100061812991203E+000  0.796076504658117E+002  0.682018272898515E+002
  0.982505512573633E-001  0.796060886027522E+002  0.681996816735613E+002
  0.983776160472392E-001  0.796035037277710E+002  0.681960683557109E+002
  0.984547882154423E-001  0.796019354459132E+002  0.681938363332954E+002
  0.965339298152841E-001  0.796017359694508E+002  0.681935501966861E+002
  0.947553915819746E-001  0.795993223253917E+002  0.681900464391163E+002
  0.947595385774753E-001  0.795992347967628E+002  0.681899179005997E+002
  0.948450288540155E-001  0.795974312477557E+002  0.681872453608028E+002
  0.929969800275841E-001  0.795955472025445E+002  0.681844028863573E+002
  0.930303699971809E-001  0.795948292442453E+002  0.681833054725180E+002
  0.911527165939261E-001  0.795935018152888E+002  0.681812549559627E+002
  0.893331173637189E-001  0.795917230568228E+002  0.681784616837251E+002
  0.893467556563209E-001  0.795914177444807E+002  0.681779767936542E+002
  0.894592370024166E-001  0.795889014672741E+002  0.681739165911371E+002
  0.895054237074774E-001  0.795878691583053E+002  0.681722164240629E+002
  0.875771520062587E-001  0.795864816095056E+002  0.681698977270668E+002
  0.856575115031202E-001  0.795858623401481E+002  0.681688500301392E+002
  0.838080765703359E-001  0.795845717063198E+002  0.681666399384030E+002
  0.839061935947461E-001  0.795822316064462E+002  0.681625359739454E+002
  0.839312873585235E-001  0.795816335573377E+002  0.681614659703117E+002
  0.839491438298666E-001  0.795812081004507E+002  0.681606992672617E+002
  0.839608998835338E-001  0.795809280444534E+002  0.681601920476706E+002
  0.839622898695710E-001  0.795808949344098E+002  0.681601319462086E+002
  0.818672442799505E-001  0.795807969280472E+002  0.681599538768614E+002
  0.818717766871390E-001  0.795806862053334E+002  0.681597524000027E+002
  0.818852480766317E-001  0.795803571473393E+002  0.681591517169136E+002
  0.818884201034802E-001  0.795802796739118E+002  0.681590098728187E+002
  0.818952655270285E-001  0.795801124918503E+002  0.681587032344693E+002
  0.818967980667531E-001  0.795800750653794E+002  0.681586344851828E+002
  0.818999649971582E-001  0.795799977273333E+002  0.681584923015509E+002
  0.819133741213117E-001  0.795796703028572E+002  0.681578885361402E+002
  0.819564056521763E-001  0.795786199192682E+002  0.681559314945152E+002
  0.819738255455949E-001  0.795781948629901E+002  0.681551305686725E+002
  0.820001671393929E-001  0.795775522831860E+002  0.681539096242126E+002
  0.820326657980382E-001  0.795767597916222E+002  0.681523865209095E+002
  0.820415654220744E-001  0.795765428258262E+002  0.681519661062794E+002
  0.820417854480745E-001  0.795765374620645E+002  0.681519556939638E+002
  0.820570827575741E-001  0.795761645817464E+002  0.681512295822847E+002
  0.789238306882037E-001  0.795755869902667E+002  0.681500958824950E+002
  0.789871058655746E-001  0.795739841834659E+002  0.681468903509478E+002
  0.789914350012813E-001  0.795738745702061E+002  0.681466678029550E+002
  0.789937184141512E-001  0.795738167568529E+002  0.681465502473979E+002
  0.789942025865514E-001  0.795738044983866E+002  0.681465253057226E+002
  0.790042866466408E-001  0.795735492032847E+002  0.681460046092963E+002
  0.790106042888154E-001  0.795733892780488E+002  0.681456771929562E+002
  0.790114712036876E-001  0.795733673339028E+002  0.681456321916950E+002
  0.790253676743878E-001  0.795730156065250E+002  0.681449084097162E+002
  0.790286792509579E-001  0.795729317978118E+002  0.681447352518591E+002
  0.790313920973307E-001  0.795728631442588E+002  0.681445932044797E+002
  0.790437605531338E-001  0.795725501676620E+002  0.681439433193960E+002
  0.790647546807191E-001  0.795720190355423E+002  0.681428315741242E+002
  0.790869254105425E-001  0.795714582895558E+002  0.681416454012360E+002
  0.790885370447293E-001  0.795714175339503E+002  0.681415586797685E+002
  0.790952496900569E-001  0.795712477910083E+002  0.681411967402307E+002
  0.791084214051645E-001  0.795709147591628E+002  0.681404830536698E+002
  0.791191966764748E-001  0.795706423599077E+002  0.681398957319672E+002
  0.791313523423143E-001  0.795703351087559E+002  0.681392293378829E+002
  0.791660190595378E-001  0.795694591190292E+002  0.681373058520685E+002
  0.792049809587683E-001  0.795684750525016E+002  0.681351014846455E+002
  0.792097334473003E-001  0.795683550513123E+002  0.681348293833633E+002
  0.792395730358196E-001  0.795676017608237E+002  0.681331042704519E+002
  0.792690273225839E-001  0.795668584752976E+002  0.681313721661495E+002
  0.792927094107896E-001  0.795662610527701E+002  0.681299573471674E+002
