  0.121286125666291E+000  0.955694683891682E+002  0.708160415285632E+002
  0.121286125666291E+000  0.880627223880775E+002  0.701070224015789E+002
  0.121286125666291E+000  0.820394554508017E+002  0.692731306523798E+002
  0.121286125666291E+000  0.856534338463310E+002  0.698207916450033E+002
  0.121286125666291E+000  0.853279381088276E+002  0.697785248608093E+002
  0.121286125666291E+000  0.820571068808508E+002  0.692763922895042E+002
  0.121286125666291E+000  0.821552947167125E+002  0.692943814382256E+002
  0.121286125666291E+000  0.822246574155697E+002  0.693069362873048E+002
  0.121286125666291E+000  0.839155172843294E+002  0.695818048671612E+002
  0.121286125666291E+000  0.839040951911435E+002  0.695801120030896E+002
  0.121286125666291E+000  0.824743822562293E+002  0.693511466863632E+002
  0.121286125666291E+000  0.838026910040849E+002  0.695650008624374E+002
  0.121286125666291E+000  0.826727699559916E+002  0.693852380383162E+002
  0.121286125666291E+000  0.837095988417110E+002  0.695509958667223E+002
  0.121286125666291E+000  0.836977061913415E+002  0.695491973855432E+002
  0.121286125666291E+000  0.836804417153560E+002  0.695465827381787E+002
  0.121286125666291E+000  0.828139744067056E+002  0.694089881428322E+002
  0.121286125666291E+000  0.830962036903915E+002  0.694552694048940E+002
  0.121286125666291E+000  0.834152367480929E+002  0.695058348163970E+002
  0.121286125666291E+000  0.833693466721999E+002  0.694986689144492E+002
  0.121286125666291E+000  0.831872588896961E+002  0.694698828530798E+002
  0.121286125666291E+000  0.826949204604364E+002  0.692355179695384E+002
  0.121286125666291E+000  0.826451440987589E+002  0.692259820690759E+002
  0.121286125666291E+000  0.824741479100523E+002  0.691926258214474E+002
  0.121286125666291E+000  0.823493670375107E+002  0.691676656457754E+002
  0.121286125666291E+000  0.822876374015196E+002  0.691551123318665E+002
  0.121286125666291E+000  0.822393673049277E+002  0.691451973581836E+002
  0.121286125666291E+000  0.821927934445062E+002  0.691355462219838E+002
  0.121286125666291E+000  0.821860638553082E+002  0.691341447023510E+002
  0.121286125666291E+000  0.821690022625685E+002  0.691305833896381E+002
  0.121286125666291E+000  0.821565578551737E+002  0.691279785238371E+002
  0.121286125666291E+000  0.821306261114837E+002  0.691225304609212E+002
  0.121286125666291E+000  0.821075815492343E+002  0.691176659912815E+002
  0.121286125666291E+000  0.820739097007184E+002  0.691105186938082E+002
  0.121286125666291E+000  0.819868766160248E+002  0.690918210955062E+002
  0.121286125666291E+000  0.818894951269463E+002  0.690705006247094E+002
  0.121286125666291E+000  0.818812569261298E+002  0.690686768209473E+002
  0.121286125666291E+000  0.817887540261549E+002  0.690479730277083E+002
  0.121286125666291E+000  0.817616330753805E+002  0.690418222625383E+002
  0.121286125666291E+000  0.817417115070752E+002  0.690372802285989E+002
  0.121286125666291E+000  0.817221992581436E+002  0.690328114987299E+002
  0.121286125666291E+000  0.816855238024623E+002  0.690243574617418E+002
  0.121286125666291E+000  0.815860257809821E+002  0.690010501411949E+002
  0.121286125666291E+000  0.815659331141726E+002  0.689962749548976E+002
  0.121286125666291E+000  0.815018821868266E+002  0.689808920305936E+002
  0.121286125666291E+000  0.814682616392528E+002  0.689727166173107E+002
  0.121286125666291E+000  0.814680809113397E+002  0.689726724778403E+002
  0.121286125666291E+000  0.814669745074238E+002  0.689724022137701E+002
  0.121286125666291E+000  0.814599952980372E+002  0.689706955876471E+002
  0.121286125666291E+000  0.814546077276360E+002  0.689693760357823E+002
  0.121286125666291E+000  0.814391426172511E+002  0.689655778588102E+002
  0.121286125666291E+000  0.814357444850153E+002  0.689647412127586E+002
  0.121286125666291E+000  0.814307863211111E+002  0.689635191242724E+002
  0.121286125666291E+000  0.814181405239849E+002  0.689603948893299E+002
  0.121286125666291E+000  0.813380229331996E+002  0.689403510924520E+002
  0.121286125666291E+000  0.813339626643792E+002  0.689393234829484E+002
  0.121286125666291E+000  0.813310011872706E+002  0.689385732294526E+002
  0.121286125666291E+000  0.812806472624667E+002  0.689257200984894E+002
  0.121286125666291E+000  0.811934833099492E+002  0.689030218408877E+002
  0.121286125666291E+000  0.811872079068405E+002  0.689013647534660E+002
  0.121286125666291E+000  0.811491658597789E+002  0.688912507928813E+002
  0.121286125666291E+000  0.811196242854899E+002  0.688833137312584E+002
  0.121286125666291E+000  0.810718888161818E+002  0.688703292854213E+002
  0.121286125666291E+000  0.810634166586082E+002  0.688680036691672E+002
  0.121286125666291E+000  0.810320046942155E+002  0.688593238733980E+002
  0.121286125666291E+000  0.810216147010881E+002  0.688564327398980E+002
  0.121286125666291E+000  0.810123828580089E+002  0.688538553225435E+002
  0.121286125666291E+000  0.809969613741739E+002  0.688495316684578E+002
  0.121286125666291E+000  0.809755567443613E+002  0.688434922832049E+002
  0.121286125666291E+000  0.809638154109536E+002  0.688401602160050E+002
  0.121286125666291E+000  0.809618850796875E+002  0.688396110893719E+002
  0.121286125666291E+000  0.809593530577805E+002  0.688388902302659E+002
  0.121286125666291E+000  0.809454481936560E+002  0.688349199945160E+002
  0.121286125666291E+000  0.809246471021661E+002  0.688289436783388E+002
  0.121286125666291E+000  0.809185455065288E+002  0.688271821025334E+002
  0.121286125666291E+000  0.809049195820609E+002  0.688232340058548E+002
  0.121286125666291E+000  0.808865457336985E+002  0.688178787248507E+002
