  0.492975530771029E-067  0.390992307025027E+003  0.799244058249768E+002
  0.702209614025094E-066  0.385672936427961E+003  0.798213807618550E+002
  0.112261484751421E-065  0.384727912900788E+003  0.798029832930176E+002
  0.254695403838878E-065  0.383082782318604E+003  0.797708875280681E+002
  0.389859392515764E-065  0.382224691127071E+003  0.797541116724848E+002
  0.561436736357514E-064  0.376883439447443E+003  0.796491443475009E+002
  0.533259501989319E-062  0.367769425340533E+003  0.794678091672139E+002
  0.294089855824043E-061  0.364347845221379E+003  0.793989854149503E+002
  0.510420567643936E-061  0.363238490289935E+003  0.793765815261069E+002
  0.119650737698519E-060  0.361527980620803E+003  0.793419500811003E+002
  0.233861663214862E-060  0.360181019484834E+003  0.793146043153574E+002
  0.712384243271450E-059  0.353341418367336E+003  0.791747122504467E+002
  0.719312393478421E-059  0.353315406160589E+003  0.791741768631556E+002
  0.488414856781569E-058  0.349477841565568E+003  0.790949075919266E+002
  0.195090075356740E-056  0.342096253181904E+003  0.789408127424716E+002
  0.524717812278931E-056  0.340110799120019E+003  0.788989922984352E+002
  0.470004694209383E-055  0.335719209224509E+003  0.788059137048205E+002
  0.470556898521373E-055  0.335710205241499E+003  0.788057220415760E+002
  0.770308663500183E-055  0.334717800836381E+003  0.787845762865640E+002
  0.124030877004764E-054  0.333758496577211E+003  0.787640962066677E+002
  0.203002843079565E-054  0.332766462113924E+003  0.787428761797742E+002
  0.610493981514842E-054  0.330557709631835E+003  0.786954783520771E+002
  0.410974631849774E-053  0.326737357756892E+003  0.786129957726563E+002
  0.893286619951292E-053  0.325177950171163E+003  0.785791422641245E+002
  0.215974159796608E-052  0.323405621849816E+003  0.785405339789917E+002
  0.157199777020460E-050  0.314823908514470E+003  0.783515473417465E+002
  0.173763639276540E-050  0.314616895895788E+003  0.783469457287115E+002
  0.101605298225373E-049  0.311078270727865E+003  0.782679668716667E+002
  0.147742913864073E-049  0.310322859121374E+003  0.782510277048767E+002
  0.272252475697513E-049  0.309093691220353E+003  0.782234049537916E+002
  0.271847127460779E-049  0.309090015596847E+003  0.782233222402217E+002
  0.341187673611556E-047  0.299418634021718E+003  0.780033082892600E+002
  0.209154453204347E-046  0.295785527653162E+003  0.779193937214690E+002
  0.809275028471563E-046  0.293072740411508E+003  0.778562684591956E+002
  0.282225216161213E-045  0.290567781503829E+003  0.777976168508475E+002
  0.526566285084290E-044  0.284708612077295E+003  0.776590335401563E+002
  0.133398280928138E-043  0.282842862260007E+003  0.776144833260193E+002
  0.112610028635382E-042  0.278569853435445E+003  0.775116638359220E+002
  0.132251726510887E-041  0.273636474970154E+003  0.773915491403034E+002
  0.434721964355215E-039  0.262039479940433E+003  0.771029299549028E+002
  0.229507229732442E-038  0.258705198440718E+003  0.770182323938130E+002
  0.561107347828812E-038  0.256910587446604E+003  0.769723133855581E+002
  0.755529064981861E-038  0.256308919838240E+003  0.769568655243709E+002
  0.391305377685486E-037  0.253012954031889E+003  0.768717622659360E+002
  0.110450774552626E-036  0.250930964925132E+003  0.768175794937500E+002
  0.233436510098591E-036  0.249427628960475E+003  0.767782471633459E+002
  0.738610835831326E-035  0.242512081117691E+003  0.765949858738705E+002
  0.612005278284693E-034  0.238276315883434E+003  0.764807753318772E+002
  0.203187897605585E-033  0.235869709621702E+003  0.764151918060258E+002
  0.583588550176746E-033  0.233752923957009E+003  0.763570791569881E+002
  0.964605650559395E-033  0.232741222040041E+003  0.763291608668532E+002
  0.341422363516702E-032  0.230206594377891E+003  0.762588007816080E+002
  0.609002505761567E-032  0.229042534660273E+003  0.762262845375473E+002
  0.672740559889141E-032  0.228836804329822E+003  0.762205243429180E+002
  0.747548589911708E-032  0.228619269651650E+003  0.762144292294832E+002
  0.202847189556155E-031  0.226616136628698E+003  0.761580884376870E+002
  0.487159296284262E-031  0.224857204584667E+003  0.761082919716442E+002
  0.679216960308653E-031  0.224185850126476E+003  0.760892043379826E+002
  0.233493457112357E-030  0.221709597460121E+003  0.760184061552636E+002
  0.247196776171283E-030  0.221588880623264E+003  0.760149387031279E+002
  0.298127237580212E-030  0.221207553677070E+003  0.760039756167205E+002
  0.306455427350353E-030  0.221145794190795E+003  0.760021986224748E+002
  0.415222830024583E-030  0.220531652619052E+003  0.600831763041923E+002
  0.535816226109306E-030  0.220015045189675E+003  0.600980892777300E+002
  0.699257520962913E-030  0.219475933915016E+003  0.601136818138744E+002
  0.262857163445665E-029  0.216820924764657E+003  0.758767587279238E+002
  0.292642578375587E-029  0.216599586753527E+003  0.758702849587981E+002
  0.362996578549554E-029  0.216162048346559E+003  0.602102108074851E+002
  0.547954689923321E-029  0.215331794382032E+003  0.602345821330267E+002
  0.568014348571590E-029  0.215253230643719E+003  0.602368922430998E+002
  0.889842440244035E-029  0.214348779596237E+003  0.602635364388101E+002
  0.187414844977874E-028  0.212852393493043E+003  0.603078201980927E+002
  0.279479580239456E-028  0.212046528613621E+003  0.757359084456634E+002
  0.453921065361491E-028  0.211069884860768E+003  0.603609049609019E+002
  0.123204856925679E-027  0.209066208783919E+003  0.756466645447645E+002
  0.153189248527822E-027  0.208623901999532E+003  0.756333306222693E+002
  0.228239300949335E-027  0.207819805282164E+003  0.756090299453444E+002
  0.527194257946938E-027  0.206138800807152E+003  0.755579746268884E+002
  0.526209295883929E-027  0.206135885340986E+003  0.755578857776607E+002
  0.952030004373243E-027  0.204943434726846E+003  0.605462254515333E+002
  0.223164197969777E-026  0.203232986435100E+003  0.605987900142654E+002
  0.291457177452576E-026  0.202692360301692E+003  0.754522010260870E+002
  0.426540948210594E-026  0.201924074158898E+003  0.606392671634600E+002
  0.509878910804244E-026  0.201560488787640E+003  0.754171325789098E+002
  0.681904888532535E-026  0.200972399365942E+003  0.753988460579960E+002
  0.773314539851078E-026  0.200714152415173E+003  0.753908015592779E+002
  0.230915607642464E-025  0.198519593778780E+003  0.753220818323993E+002
  0.302853085460586E-025  0.197970547173460E+003  0.753047875853787E+002
  0.318184223302753E-025  0.197865126168985E+003  0.607662204810920E+002
  0.112583129368846E-024  0.195331177717026E+003  0.608466126527371E+002
  0.210021176580808E-024  0.194077489156841E+003  0.751809611334336E+002
  0.285655808704351E-024  0.193455675069636E+003  0.751609838492656E+002
  0.345650094550824E-024  0.193067740777587E+003  0.751484921057813E+002
  0.470352597237388E-024  0.192444973908619E+003  0.609392901335498E+002
  0.484385164311614E-024  0.192379522800543E+003  0.609414058448329E+002
  0.568701938533549E-024  0.192051915062869E+003  0.609520052858463E+002
  0.790506865720298E-024  0.191386623724918E+003  0.609735791320711E+002
  0.163146070144632E-023  0.189930854771798E+003  0.750466649124937E+002
  0.166847418765400E-023  0.189879331592984E+003  0.750449800615793E+002
  0.180636102554237E-023  0.189713866433362E+003  0.750395664727022E+002
  0.192735534319025E-023  0.189577541980591E+003  0.750351031467617E+002
  0.193412239501335E-023  0.189563876587884E+003  0.750346555785346E+002
  0.291622748826588E-023  0.188735946719817E+003  0.750074856733152E+002
  0.335697158038489E-023  0.188447794285087E+003  0.749980046024625E+002
  0.360400917600831E-023  0.188299123437661E+003  0.749931078387038E+002
  0.548460107732326E-023  0.187452672906420E+003  0.611025203077818E+002
  0.591348172110500E-023  0.187295436485582E+003  0.611077238579908E+002
  0.161737149512417E-022  0.185276475687453E+003  0.611748897054373E+002
  0.308711441222060E-022  0.183976951087692E+003  0.612184718191742E+002
  0.520996910861858E-022  0.182923621269356E+003  0.612540028725292E+002
  0.103438075652142E-021  0.181545337466613E+003  0.747669042352816E+002
  0.113748489593615E-021  0.181348648589083E+003  0.747602025676216E+002
  0.126322636505656E-021  0.181132294085048E+003  0.613148596097274E+002
  0.171262881387605E-021  0.180516917599413E+003  0.747317893446610E+002
  0.278584658390294E-021  0.179537217421353E+003  0.746981658828982E+002
  0.117528440311311E-020  0.176651474942247E+003  0.614695566814481E+002
  0.120961714822399E-020  0.176587231882852E+003  0.745958815883835E+002
  0.137015579225484E-020  0.176331335208199E+003  0.745869336801687E+002
  0.247110401032087E-020  0.175145198491670E+003  0.745452975934173E+002
  0.288231402931534E-020  0.174830686040667E+003  0.615334699720318E+002
  0.443590118518388E-020  0.173961755781176E+003  0.615641936970027E+002
  0.598326350776814E-020  0.173356629475781E+003  0.744820064482459E+002
  0.665341319420253E-020  0.173137646237411E+003  0.744742146667225E+002
  0.135029113137642E-019  0.171715439997653E+003  0.616443037309719E+002
  0.139879506735536E-019  0.171638202461890E+003  0.744206066226767E+002
  0.265644353100451E-019  0.170348792861891E+003  0.743741452477198E+002
  0.508834596170450E-019  0.169042208062552E+003  0.617409676429502E+002
  0.597987772071317E-019  0.168712657881631E+003  0.743146955726460E+002
  0.629771442951027E-019  0.168602428983656E+003  0.617570126210780E+002
  0.741405557451350E-019  0.168269391759508E+003  0.742984921800852E+002
  0.828428538595746E-019  0.168040770594099E+003  0.617775641009081E+002
  0.480524240539156E-018  0.164518250634881E+003  0.619080276029144E+002
  0.713367606401423E-018  0.163721356677015E+003  0.619379294188053E+002
  0.810827084096065E-018  0.163458585189564E+003  0.619478215903783E+002
  0.102422094468999E-017  0.162984664148498E+003  0.741019793660143E+002
  0.159726020122688E-017  0.162089293533149E+003  0.740680510132254E+002
  0.162845690563531E-017  0.162043951761868E+003  0.620013549363243E+002
  0.172665022325177E-017  0.161920195458537E+003  0.620060608067826E+002
  0.232486217473865E-017  0.161318584851841E+003  0.620289897693918E+002
  0.399394449452797E-017  0.160229692111489E+003  0.739969682025143E+002
  0.110703343833313E-016  0.158184057301615E+003  0.621499002361615E+002
  0.199587342979938E-016  0.156998605912587E+003  0.738714025735089E+002
  0.214310555904043E-016  0.156849601914551E+003  0.738655468047310E+002
  0.259364204638001E-016  0.156461332113210E+003  0.622174223978403E+002
  0.694590474292179E-016  0.154484498219379E+003  0.622958832832831E+002
  0.717610347323701E-016  0.154412634031755E+003  0.622987558057677E+002
  0.119768145327399E-015  0.153381546222449E+003  0.737275531975489E+002
  0.156441376941855E-015  0.152840643442225E+003  0.623619546473180E+002
  0.186313024091542E-015  0.152484494196378E+003  0.736913117029242E+002
  0.294605176748105E-015  0.151561422833003E+003  0.736537750365042E+002
  0.694350215161219E-015  0.149840086472777E+003  0.735830987725733E+002
  0.128636153458576E-014  0.148600237831869E+003  0.735316290168645E+002
  0.203870396734301E-014  0.147672589094811E+003  0.734928022323014E+002
  0.211292965482062E-014  0.147594411213364E+003  0.734895174683639E+002
  0.215664156339238E-014  0.147546802166255E+003  0.734875161317470E+002
  0.227888858843733E-014  0.147429875220112E+003  0.734825977660627E+002
  0.251249177173902E-014  0.147228045368840E+003  0.625935851151383E+002
  0.273314356325645E-014  0.147053034915325E+003  0.734667162154234E+002
  0.306736381205553E-014  0.146815647206230E+003  0.734566878741740E+002
  0.334148505713506E-014  0.146637797953073E+003  0.626185201929064E+002
  0.343552885754560E-014  0.146575631294472E+003  0.626211531177474E+002
  0.390769622548552E-014  0.146311421465399E+003  0.626323574312437E+002
  0.399152481114978E-014  0.146262315252466E+003  0.734332402991921E+002
  0.413961820581599E-014  0.146182799178908E+003  0.626378203202224E+002
  0.419961074279043E-014  0.146147367042845E+003  0.734283565560448E+002
  0.542050220492248E-014  0.145630318206284E+003  0.626613486511595E+002
  0.584991056814656E-014  0.145471186816625E+003  0.626681446666002E+002
  0.731375018252808E-014  0.145017871657547E+003  0.733801310051059E+002
  0.107820218477588E-013  0.144234968196825E+003  0.627212358780876E+002
  0.107903092789699E-013  0.144226775938648E+003  0.627215894763184E+002
  0.109989932627470E-013  0.144181809749062E+003  0.733441519855895E+002
  0.116328070467986E-013  0.144063103062986E+003  0.627286589436506E+002
  0.163658018052965E-013  0.143373718279009E+003  0.733091434387099E+002
  0.268296211956195E-013  0.142378437411288E+003  0.628019792834023E+002
  0.536063314287529E-013  0.140987460552861E+003  0.628633012146382E+002
  0.632533206533509E-013  0.140649844088863E+003  0.628782952119391E+002
  0.634053724702896E-013  0.140638386567769E+003  0.628788048208547E+002
  0.843487683242126E-013  0.140060907768008E+003  0.629045555734863E+002
  0.872234442009208E-013  0.139987226301072E+003  0.731598322738780E+002
  0.982107635400954E-013  0.139743285386067E+003  0.629187741501801E+002
  0.113198221544088E-012  0.139452580531483E+003  0.629318224760022E+002
  0.115030525877234E-012  0.139413810790005E+003  0.731341175498938E+002
  0.148937532523409E-012  0.138890496334464E+003  0.629571468109528E+002
  0.151479854676957E-012  0.138849989413379E+003  0.629589767054178E+002
  0.167840164048439E-012  0.138638214876436E+003  0.730991283807696E+002
  0.167748265958986E-012  0.138632654662879E+003  0.629688060614097E+002
  0.205161801860858E-012  0.138223330069794E+003  0.629873704884036E+002
  0.208026240823712E-012  0.138188943920893E+003  0.730787495922332E+002
  0.230765757635593E-012  0.137974810480149E+003  0.730690075430077E+002
  0.259637928492427E-012  0.137732385064124E+003  0.730579555449649E+002
  0.283488564978378E-012  0.137549962065076E+003  0.630180597775513E+002
  0.290466860842252E-012  0.137494671072232E+003  0.630205880554475E+002
  0.321519521230663E-012  0.137284877956950E+003  0.730374898993104E+002
  0.340808181032019E-012  0.137161699298797E+003  0.630358408179157E+002
  0.363289772481082E-012  0.137027281744470E+003  0.730256713153013E+002
  0.388609218004683E-012  0.136885879223063E+003  0.730191718180970E+002
  0.467326960198293E-012  0.136510313875131E+003  0.630658148754584E+002
  0.467823058836020E-012  0.136501536288106E+003  0.630662200186229E+002
  0.660070562736922E-012  0.135806367512868E+003  0.729692705026292E+002
  0.693859967655235E-012  0.135699865088901E+003  0.631033627646231E+002
  0.778908518953070E-012  0.135461962627535E+003  0.729532435974293E+002
  0.790825801359711E-012  0.135424938822053E+003  0.729515175827586E+002
  0.800066391178876E-012  0.135395049250818E+003  0.631175590164981E+002
  0.882972182984554E-012  0.135191195702511E+003  0.631270760497277E+002
  0.917092277007604E-012  0.135108711323988E+003  0.631309321353561E+002
  0.126401634473170E-011  0.134460372925494E+003  0.631613477531454E+002
  0.129518459680683E-011  0.134404999336929E+003  0.631639543096047E+002
  0.165642845219973E-011  0.133906322718977E+003  0.631874912745778E+002
  0.179852631507307E-011  0.133735059406688E+003  0.631956011213090E+002
  0.219264761347799E-011  0.133332119518841E+003  0.728529473369657E+002
  0.239853386352814E-011  0.133145968156791E+003  0.728440819241250E+002
  0.271393406751266E-011  0.132892229362294E+003  0.632357114384403E+002
  0.275131303640956E-011  0.132858215786372E+003  0.728303455465222E+002
  0.307976700580396E-011  0.132626008843895E+003  0.728192319822923E+002
  0.317517411885289E-011  0.132558336214176E+003  0.632516944646000E+002
  0.456808256843711E-011  0.131824218481655E+003  0.632870249513987E+002
  0.139310891760479E-010  0.129587504048714E+003  0.726713535711052E+002
  0.159884768508519E-010  0.129305357884566E+003  0.634103006726853E+002
  0.162011091719989E-010  0.129272279421680E+003  0.634119414410298E+002
  0.186597694632916E-010  0.128983043574599E+003  0.726413696343806E+002
  0.314985782186312E-010  0.127929242858120E+003  0.634790583070631E+002
  0.382878347194566E-010  0.127532207666957E+003  0.725685927674499E+002
  0.437684336621096E-010  0.127257990785717E+003  0.635129768806270E+002
  0.466736996703834E-010  0.127122799275740E+003  0.635198389834797E+002
  0.548063183963090E-010  0.126794894382151E+003  0.725311563310711E+002
  0.679302662442277E-010  0.126358886409814E+003  0.635588116800870E+002
  0.687717728868700E-010  0.126327607428911E+003  0.725072680517760E+002
  0.891253947949147E-010  0.125802449997814E+003  0.724802682015733E+002
  0.892180907985148E-010  0.125793715373101E+003  0.724798177431989E+002
  0.148479938949787E-009  0.124768327738505E+003  0.636410668416347E+002
  0.166701380521684E-009  0.124530163731667E+003  0.724141663713481E+002
  0.213740876788286E-009  0.124026387443447E+003  0.636799674910267E+002
  0.329018807497491E-009  0.123157030884134E+003  0.637259956257760E+002
  0.346867205838929E-009  0.123044721104314E+003  0.637319777943771E+002
  0.509414104547123E-009  0.122269427051895E+003  0.637735028804943E+002
  0.627816514861566E-009  0.121844798073153E+003  0.637964186618028E+002
  0.695018749182824E-009  0.121634760748063E+003  0.722598831389846E+002
  0.825444544809597E-009  0.121284138645953E+003  0.722408159835562E+002
  0.850044791365114E-009  0.121218749144938E+003  0.722372504726076E+002
  0.934894779816490E-009  0.121021803676391E+003  0.638411894791339E+002
  0.100222158359826E-008  0.120876067275182E+003  0.638491674454185E+002
  0.102083444029969E-008  0.120832609190902E+003  0.722161333410667E+002
  0.103153526564482E-008  0.120805097870580E+003  0.722146247380007E+002
  0.125825602685119E-008  0.120401085460625E+003  0.721924073961617E+002
  0.137879176309700E-008  0.120211468030145E+003  0.638857437589244E+002
  0.181838039359661E-008  0.119651335190775E+003  0.721508596446713E+002
  0.245672867981950E-008  0.119042910713095E+003  0.721168327846887E+002
  0.331133806614628E-008  0.118439211738358E+003  0.639848951546518E+002
  0.366791197852630E-008  0.118228015758807E+003  0.720708095305083E+002
  0.380105061256434E-008  0.118150050281553E+003  0.640013040321565E+002
  0.393880240049999E-008  0.118072196276707E+003  0.720619493443530E+002
  0.419854743941666E-008  0.117937816896779E+003  0.640133901320577E+002
  0.424938256406952E-008  0.117907091165338E+003  0.720525398448255E+002
  0.450684698188193E-008  0.117782787387995E+003  0.720454410893727E+002
  0.634259134470151E-008  0.117092752562867E+003  0.720058038079407E+002
  0.661547553579271E-008  0.117001848446502E+003  0.720005525280666E+002
  0.118147541374547E-007  0.115835318029145E+003  0.641351451596959E+002
  0.128056563587490E-007  0.115667586698406E+003  0.641450226101602E+002
  0.149333692691514E-007  0.115353508556573E+003  0.719040967299345E+002
  0.150655621173566E-007  0.115329226521345E+003  0.641650248877600E+002
  0.154435120798866E-007  0.115273015940447E+003  0.641683578210442E+002
  0.157542051955661E-007  0.115226523677993E+003  0.718965660414840E+002
  0.170322041842995E-007  0.115063870918576E+003  0.641807841226436E+002
  0.203153374555230E-007  0.114704674889075E+003  0.642022197087981E+002
  0.209235256729942E-007  0.114639023277372E+003  0.642061505469836E+002
  0.230593108795986E-007  0.114437976748417E+003  0.642182132367522E+002
  0.249869837517048E-007  0.114270750350721E+003  0.718394068693910E+002
  0.259177431860414E-007  0.114190949250730E+003  0.642330871801695E+002
  0.277050639907592E-007  0.114050918844981E+003  0.642415445552617E+002
  0.288479921311772E-007  0.113963412901482E+003  0.642468392152480E+002
  0.306300741011309E-007  0.113836873428531E+003  0.718131739658706E+002
  0.334219766395876E-007  0.113655755194841E+003  0.642655134976020E+002
  0.435906145952213E-007  0.113117843217100E+003  0.642983881083211E+002
  0.459874746771684E-007  0.113004133228556E+003  0.643053746330774E+002
  0.499556358193529E-007  0.112831945132048E+003  0.643159791397233E+002
  0.515174377651599E-007  0.112763719512274E+003  0.717474934230278E+002
  0.926977173494702E-007  0.111582216931156E+003  0.643938715716189E+002
  0.928451958465640E-007  0.111572381956498E+003  0.716731915612869E+002
  0.934983996276955E-007  0.111551704827465E+003  0.716718885634068E+002
  0.962148053491606E-007  0.111487771391837E+003  0.643998259797749E+002
  0.996311983497750E-007  0.111411331602857E+003  0.716630303821650E+002
  0.111073737012284E-006  0.111187238170298E+003  0.716488440947642E+002
  0.134474819707168E-006  0.110798217211573E+003  0.644435988186856E+002
  0.147500552193719E-006  0.110606651727354E+003  0.644558544284260E+002
  0.153512848558042E-006  0.110520091451116E+003  0.716062767265765E+002
  0.156344769942221E-006  0.110476877141135E+003  0.716035019279798E+002
  0.169400718387054E-006  0.110309814779751E+003  0.715927544754500E+002
  0.170814303976738E-006  0.110286539195962E+003  0.644764281996952E+002
  0.175478157442394E-006  0.110226008513060E+003  0.715873508093405E+002
  0.183582687486379E-006  0.110129051727152E+003  0.644865937810336E+002
  0.237819496507744E-006  0.109604702569190E+003  0.645206517339877E+002
  0.328659661122437E-006  0.108951025423461E+003  0.645635779538514E+002
  0.329710816163324E-006  0.108937983433372E+003  0.715032429234673E+002
  0.366837453535311E-006  0.108717922076330E+003  0.645790145889316E+002
  0.485613187416592E-006  0.108150279391573E+003  0.714507858821879E+002
  0.487050871585775E-006  0.108137711450577E+003  0.646177403404712E+002
  0.511655726559741E-006  0.108032489044246E+003  0.714428722739984E+002
  0.547086244303466E-006  0.107891924528028E+003  0.646342782324634E+002
  0.749669875956729E-006  0.107255215975016E+003  0.713901843142130E+002
  0.779015757694052E-006  0.107171763735764E+003  0.646832045350475E+002
  0.846207120897275E-006  0.106999642396326E+003  0.646950042716694E+002
  0.202486613994270E-005  0.105261464009123E+003  0.713516912319344E+002
  0.274856830066855E-005  0.104622913193347E+003  0.713072633301182E+002
  0.330725657153143E-005  0.104252835478957E+003  0.712812365481931E+002
  0.411450319217876E-005  0.103802291559315E+003  0.712492664021546E+002
  0.419934968257421E-005  0.103747722640902E+003  0.712453726387380E+002
  0.514238631957052E-005  0.103328801761488E+003  0.712153218367785E+002
  0.514116121965021E-005  0.103301880600904E+003  0.712133809662084E+002
  0.677233352499187E-005  0.102737095187811E+003  0.711723862765661E+002
  0.726216409597489E-005  0.102597430876579E+003  0.711621659598435E+002
  0.108343026689295E-004  0.101769954378796E+003  0.711009145578838E+002
  0.118759396416667E-004  0.101572708047230E+003  0.710861325925315E+002
  0.118152648618396E-004  0.101569300410489E+003  0.710858765895029E+002
  0.126725811515116E-004  0.101415551745781E+003  0.710743036000289E+002
  0.139185415153301E-004  0.101227989389528E+003  0.710601254552630E+002
  0.143464101055643E-004  0.101153687889293E+003  0.710544904805231E+002
  0.152528770993000E-004  0.101017405323800E+003  0.710441274876904E+002
  0.303588587660466E-004  0.996270191367011E+002  0.709362882679673E+002
  0.339462499992593E-004  0.993898933190083E+002  0.709174941264060E+002
  0.371605907237200E-004  0.991952067219245E+002  0.709019715743214E+002
  0.478921621510356E-004  0.986740548612871E+002  0.708600000874064E+002
  0.589138072997366E-004  0.982324099307257E+002  0.708239375734072E+002
  0.609736275944349E-004  0.981364667193414E+002  0.708160415285632E+002
  0.614928970248208E-004  0.981195062464641E+002  0.708146433640015E+002
  0.642109179579061E-004  0.979923237074384E+002  0.708041363760069E+002
  0.644889531595445E-004  0.979836823426333E+002  0.708034210369113E+002
  0.646649009742142E-004  0.979646737182411E+002  0.708018468371777E+002
  0.661012320407836E-004  0.979207360777860E+002  0.707982047094839E+002
  0.732473361400735E-004  0.976882157840346E+002  0.707788499252044E+002
  0.753621299399496E-004  0.976177303843526E+002  0.707729557703056E+002
  0.770104626164768E-004  0.975744575896405E+002  0.707693309056088E+002
  0.805075334772436E-004  0.974856386439306E+002  0.707618756534973E+002
  0.100851741761572E-003  0.970076394123127E+002  0.707213984149946E+002
  0.132211389685397E-003  0.964524863949735E+002  0.706736088460964E+002
  0.179466443885826E-003  0.958006346872029E+002  0.706163665343603E+002
  0.190130288084607E-003  0.956851920559906E+002  0.706060961748546E+002
  0.209207012617530E-003  0.954804033043661E+002  0.705877755176115E+002
  0.218630222611458E-003  0.953922881668582E+002  0.705798520624277E+002
  0.252592695039839E-003  0.950898432988838E+002  0.705524661263195E+002
  0.268445882239026E-003  0.949681012042618E+002  0.705413581327817E+002
  0.316260052156327E-003  0.946128725409772E+002  0.705086613906276E+002
  0.316894729871130E-003  0.945952109882582E+002  0.705070244667685E+002
  0.441854696860091E-003  0.938897087165939E+002  0.704407262099076E+002
  0.462179917071120E-003  0.937862943356956E+002  0.704308539456247E+002
  0.551206443230600E-003  0.934205159454759E+002  0.703956044935617E+002
  0.624750970349754E-003  0.931565604535069E+002  0.703698371564701E+002
  0.703430741030622E-003  0.929193278541587E+002  0.703464335452185E+002
  0.714557027119968E-003  0.928879410828790E+002  0.703433193942196E+002
  0.739786564429183E-003  0.927644859182241E+002  0.703310293882190E+002
  0.758491085090545E-003  0.927011692874627E+002  0.703247006158546E+002
  0.753884641741859E-003  0.926999746793860E+002  0.703245810415289E+002
  0.784325669703346E-003  0.926074267673607E+002  0.703152984064047E+002
  0.842578324207649E-003  0.924641421769678E+002  0.703008518629202E+002
  0.846742894133186E-003  0.924542812261507E+002  0.702998542538355E+002
  0.939992066947848E-003  0.922317731800225E+002  0.702772257005366E+002
  0.943200123762302E-003  0.922249590907681E+002  0.702765291203268E+002
  0.100145876491115E-002  0.921050900897863E+002  0.702642397626251E+002
  0.103870819920807E-002  0.920320498437977E+002  0.702567181275473E+002
  0.110322849951970E-002  0.918702851579442E+002  0.702399684200852E+002
  0.110797435167096E-002  0.918617000397838E+002  0.702390759304550E+002
  0.123195257779287E-002  0.916358204160613E+002  0.702154628178949E+002
  0.127824202702448E-002  0.915483039670369E+002  0.702062449957667E+002
  0.135481256841029E-002  0.914182034058141E+002  0.701924691777936E+002
  0.139886903368096E-002  0.913404557308468E+002  0.701841946659458E+002
  0.145227475210794E-002  0.912517758829637E+002  0.701747176250678E+002
  0.164848898934133E-002  0.909845741592044E+002  0.701459052174273E+002
  0.164152710486738E-002  0.909792926690893E+002  0.701453317510528E+002
  0.167204759791453E-002  0.909424486454275E+002  0.701413268704670E+002
  0.172513074642543E-002  0.908661000382769E+002  0.701330035898759E+002
  0.188111696854947E-002  0.906517356839073E+002  0.701094558690318E+002
  0.188797627117504E-002  0.906308042201897E+002  0.701071422354201E+002
  0.188899936125538E-002  0.906297207182506E+002  0.701070224015789E+002
  0.193812804772446E-002  0.905783700522449E+002  0.701013351227563E+002
  0.203309421216432E-002  0.904826974689697E+002  0.700906970831003E+002
  0.248798379529477E-002  0.900510916712688E+002  0.700420054697777E+002
  0.282280809178149E-002  0.897985726612494E+002  0.700129621421270E+002
  0.303804144010746E-002  0.896516109053520E+002  0.699958615192489E+002
  0.303757948436993E-002  0.896378798973364E+002  0.699942561452127E+002
  0.302919253486775E-002  0.896293745163276E+002  0.699932610706920E+002
  0.304007295592104E-002  0.896222036764785E+002  0.699924217360553E+002
  0.320914523685589E-002  0.895139574633964E+002  0.699797077194964E+002
  0.341392430375213E-002  0.893760068648738E+002  0.699633833777195E+002
  0.342799086129084E-002  0.893394138288720E+002  0.699590299235469E+002
  0.340620326241142E-002  0.893380316476707E+002  0.699588652932178E+002
  0.362732084344511E-002  0.891981051974020E+002  0.699421252844554E+002
  0.369624330835367E-002  0.891463255316051E+002  0.699358933116907E+002
  0.391998888305166E-002  0.890006123797473E+002  0.699182453150663E+002
  0.435690814200812E-002  0.887752295419948E+002  0.698906178043582E+002
  0.476948285990897E-002  0.885802439569781E+002  0.698663803906505E+002
  0.489516121017145E-002  0.885282253066352E+002  0.698598599229584E+002
  0.511620817170234E-002  0.884257582439234E+002  0.698469472264032E+002
  0.519308651970412E-002  0.883817946047925E+002  0.698413787361486E+002
  0.562943701434940E-002  0.882204321765041E+002  0.698207916450033E+002
  0.644232747692470E-002  0.879223020173528E+002  0.697821177233293E+002
  0.653108230770396E-002  0.878949364390007E+002  0.697785248608093E+002
  0.658524098741793E-002  0.878784199240319E+002  0.697763528011342E+002
  0.738097452903662E-002  0.875795916932311E+002  0.697365758993869E+002
  0.848195162714248E-002  0.872737436926392E+002  0.696948785262239E+002
  0.865500725024225E-002  0.872195078903758E+002  0.696873746029717E+002
  0.911335516565060E-002  0.870887154222140E+002  0.696691368621550E+002
  0.913878157384228E-002  0.870693974010586E+002  0.696664258835053E+002
  0.957643499670631E-002  0.869484430655728E+002  0.696493484448427E+002
  0.101041672438446E-001  0.868275060470176E+002  0.696320910267995E+002
  0.111273146982900E-001  0.866209442528257E+002  0.696021760619115E+002
  0.117636178596304E-001  0.864825156145026E+002  0.695818048671612E+002
  0.117510534970133E-001  0.864710935213166E+002  0.695801120030896E+002
  0.118161529498113E-001  0.864600443342150E+002  0.695784726418346E+002
  0.122781225515639E-001  0.863696893342581E+002  0.695650008624374E+002
  0.127639324831238E-001  0.862784286152797E+002  0.695512726396738E+002
  0.127756260462550E-001  0.862765971718841E+002  0.695509958667223E+002
  0.127637942197836E-001  0.862647045215146E+002  0.695491973855432E+002
  0.127862700780037E-001  0.862474400455291E+002  0.695465827381787E+002
  0.132827343796287E-001  0.861438561970826E+002  0.695307994138835E+002
  0.136120059686305E-001  0.860948818567071E+002  0.695232788426109E+002
  0.135425526280902E-001  0.860777150088634E+002  0.695206336721651E+002
  0.138083314008883E-001  0.860251923586996E+002  0.695125112829285E+002
  0.138265213663656E-001  0.860089075260776E+002  0.695099838307263E+002
  0.139168292441200E-001  0.859822350782660E+002  0.695058348163970E+002
  0.138343680391449E-001  0.859804689701071E+002  0.695055596777635E+002
  0.139518520876297E-001  0.859363450023730E+002  0.694986689144492E+002
  0.142730896795764E-001  0.858908176859786E+002  0.694915248485045E+002
  0.146504856431256E-001  0.858249706341883E+002  0.694811298615276E+002
  0.148566169694555E-001  0.857970268970725E+002  0.694766958714440E+002
  0.150424538725144E-001  0.857584189215822E+002  0.694705472124753E+002
  0.150737875646023E-001  0.857542572198693E+002  0.694698828530798E+002
  0.155598143898580E-001  0.856632020205647E+002  0.694552694048940E+002
  0.161035312526088E-001  0.855671103510604E+002  0.694396829237615E+002
  0.160199049866246E-001  0.855638715603204E+002  0.694391545664808E+002
  0.173167764804525E-001  0.853809727368788E+002  0.694089881428322E+002
  0.178292955913398E-001  0.853226384292912E+002  0.693992265939987E+002
  0.183221209090765E-001  0.852544541020862E+002  0.693877275545432E+002
  0.182077327203978E-001  0.852397682861648E+002  0.693852380383162E+002
  0.190156249307347E-001  0.851529390313865E+002  0.693704241285766E+002
  0.193611667091389E-001  0.850762429870140E+002  0.693572011200934E+002
  0.194164315011211E-001  0.850436962498704E+002  0.693515497022220E+002
  0.194389254812824E-001  0.850413805864025E+002  0.693511466863632E+002
  0.197778766004804E-001  0.850068076950248E+002  0.693451149236237E+002
  0.208009697050082E-001  0.848789089837778E+002  0.693225556865908E+002
  0.211677566502328E-001  0.848439499735026E+002  0.693163204354841E+002
  0.213734610588460E-001  0.848246081659173E+002  0.693128575904369E+002
  0.215912661767566E-001  0.848043304173802E+002  0.693092170843654E+002
  0.215797062108748E-001  0.847916557457428E+002  0.693069362873048E+002
  0.221882266234257E-001  0.847222930468857E+002  0.692943814382256E+002
  0.229876448117408E-001  0.846241052110239E+002  0.692763922895042E+002
  0.231914251447499E-001  0.846064537809749E+002  0.692731306523798E+002
  0.236763428336081E-001  0.845513205175618E+002  0.692628873708456E+002
  0.520703277280456E-001  0.827782025635263E+002  0.692513057134334E+002
  0.532264184162837E-001  0.827342833660929E+002  0.692430056647923E+002
  0.540968517180185E-001  0.827018411050015E+002  0.692368378058494E+002
  0.542843685065857E-001  0.826949204604364E+002  0.692355179695384E+002
  0.556523604897142E-001  0.826451440987589E+002  0.692259820690759E+002
  0.587546350498409E-001  0.824741479100523E+002  0.691926258214474E+002
  0.588434686659217E-001  0.824711263091872E+002  0.691920277596129E+002
  0.584020013076121E-001  0.824546909684453E+002  0.691887693087641E+002
  0.595648523764632E-001  0.824152599350955E+002  0.691809140175601E+002
  0.600038203487262E-001  0.824005748195235E+002  0.691779747251642E+002
  0.605168709969190E-001  0.823510258718958E+002  0.691680010685973E+002
  0.605670855516927E-001  0.823493670375107E+002  0.691676656457754E+002
  0.613168706463121E-001  0.823247602040553E+002  0.691626783428056E+002
  0.614245321939213E-001  0.822876374015196E+002  0.691551123318665E+002
  0.624391547806140E-001  0.822548708883942E+002  0.691483915045154E+002
  0.629250509543086E-001  0.822393673049277E+002  0.691451973581836E+002
  0.644075769694307E-001  0.821927934445062E+002  0.691355462219838E+002
  0.646246602520668E-001  0.821860638553082E+002  0.691341447023510E+002
  0.651783182834318E-001  0.821690022625685E+002  0.691305833896381E+002
  0.655851353933874E-001  0.821565578551737E+002  0.691279785238371E+002
  0.659237079238269E-001  0.821462597407674E+002  0.691258182218437E+002
  0.664410406419576E-001  0.821306261114837E+002  0.691225304609212E+002
  0.672110204335478E-001  0.821075815492343E+002  0.691176659912815E+002
  0.683521591913502E-001  0.820739097007184E+002  0.691105186938082E+002
  0.699644312505220E-001  0.819868766160248E+002  0.690918210955062E+002
  0.734553495463207E-001  0.818894951269463E+002  0.690705006247094E+002
  0.737585435211506E-001  0.818812569261298E+002  0.690686768209473E+002
  0.772501056065878E-001  0.817887540261549E+002  0.690479730277083E+002
  0.779493706262709E-001  0.817707315490568E+002  0.690438898820102E+002
  0.783047886019450E-001  0.817616330753805E+002  0.690418222625383E+002
  0.785781856974983E-001  0.817546623413403E+002  0.690402352959256E+002
  0.790886632211270E-001  0.817417115070752E+002  0.690372802285989E+002
  0.798640382408099E-001  0.817221992581436E+002  0.690328114987299E+002
  0.813420737262655E-001  0.816855238024623E+002  0.690243574617418E+002
  0.853910179450438E-001  0.815883687539088E+002  0.690016054338876E+002
  0.854911109840297E-001  0.815860257809821E+002  0.690010501411949E+002
  0.863543119302265E-001  0.815659331141726E+002  0.689962749548976E+002
  0.873246280285923E-001  0.815435855297343E+002  0.689909358841770E+002
  0.891646091560808E-001  0.815018821868266E+002  0.689808920305936E+002
  0.904052657564354E-001  0.814742455614203E+002  0.689741769102984E+002
  0.906761598435481E-001  0.814682616392528E+002  0.689727166173107E+002
  0.906843540703391E-001  0.814680809113397E+002  0.689726724778403E+002
  0.907345347113041E-001  0.814669745074238E+002  0.689724022137701E+002
  0.910517154653296E-001  0.814599952980372E+002  0.689706955876471E+002
  0.912973198831943E-001  0.814546077276360E+002  0.689693760357823E+002
  0.920060179403095E-001  0.814391426172511E+002  0.689655778588102E+002
  0.921624751259483E-001  0.814357444850153E+002  0.689647412127586E+002
  0.923912368971207E-001  0.814307863211111E+002  0.689635191242724E+002
  0.929772680715612E-001  0.814181405239849E+002  0.689603948893299E+002
  0.967774322637159E-001  0.813380229331996E+002  0.689403510924520E+002
  0.969741030255763E-001  0.813339626643792E+002  0.689393234829484E+002
  0.971178026832504E-001  0.813310011872706E+002  0.689385732294526E+002
  0.995939743928378E-001  0.812806472624667E+002  0.689257200984894E+002
  0.103539554346629E+000  0.812029431772634E+002  0.689055138665669E+002
  0.104030449605374E+000  0.811934833099492E+002  0.689030218408877E+002
  0.104357378743609E+000  0.811872079068405E+002  0.689013647534660E+002
  0.106361361381152E+000  0.811491658597789E+002  0.688912507928813E+002
  0.107944062505692E+000  0.811196242854899E+002  0.688833137312584E+002
  0.110551435007524E+000  0.810718888161818E+002  0.688703292854213E+002
  0.111020732885833E+000  0.810634166586082E+002  0.688680036691672E+002
  0.112778187689939E+000  0.810320046942155E+002  0.688593238733980E+002
  0.113365594454435E+000  0.810216147010881E+002  0.688564327398980E+002
  0.113890090729277E+000  0.810123828580089E+002  0.688538553225435E+002
  0.114771662243209E+000  0.809969613741739E+002  0.688495316684578E+002
  0.116006581173262E+000  0.809755567443613E+002  0.688434922832049E+002
  0.116689620132090E+000  0.809638154109536E+002  0.688401602160050E+002
  0.116802299311463E+000  0.809618850796875E+002  0.688396110893719E+002
  0.116950265945715E+000  0.809593530577805E+002  0.688388902302659E+002
  0.117766187758300E+000  0.809454481936560E+002  0.688349199945160E+002
  0.118997411984651E+000  0.809246471021661E+002  0.688289436783388E+002
  0.119361003369456E+000  0.809185455065288E+002  0.688271821025334E+002
  0.120176981836627E+000  0.809049195820609E+002  0.688232340058548E+002
  0.121286125666291E+000  0.808865457336985E+002  0.688178787248507E+002
