  0.680341298370937E+002 -0.397730582477866E+002
  0.680344542335305E+002 -0.397730585665759E+002
  0.680346794483885E+002 -0.397730589228542E+002
  0.680346812783942E+002 -0.397730589262022E+002
  0.680344417242737E+002 -0.397730585500291E+002
  0.680338683609414E+002 -0.397730581578529E+002
  0.680336395917919E+002 -0.397730582014474E+002
  0.680342955687491E+002 -0.397730583819837E+002
  0.680344542184630E+002 -0.397730585665557E+002
  0.680335836590637E+002 -0.397730582294679E+002
  0.680339904219579E+002 -0.397730581812817E+002
  0.680336080927457E+002 -0.397730582163883E+002
  0.680340181382870E+002 -0.397730581911278E+002
  0.680335898372355E+002 -0.397730582260377E+002
  0.680335549032839E+002 -0.397730582465288E+002
  0.680341861583309E+002 -0.397730582866729E+002
  0.680344110122385E+002 -0.397730585108517E+002
  0.680347331666938E+002 -0.397730590241704E+002
  0.680344486991672E+002 -0.397730585592131E+002
  0.680346707742952E+002 -0.397730589070843E+002
  0.680345360893480E+002 -0.397730586832733E+002
  0.680339090446266E+002 -0.397730581620522E+002
  0.680341548215557E+002 -0.397730582641832E+002
  0.680345675405182E+002 -0.397730587319969E+002
  0.680340097971811E+002 -0.397730581879885E+002
  0.680336159339219E+002 -0.397730582124668E+002
  0.680344309283536E+002 -0.397730585360230E+002
  0.680342619155972E+002 -0.397730583498877E+002
  0.680345651454586E+002 -0.397730587282107E+002
  0.680346866655964E+002 -0.397730589361004E+002
  0.680347288360472E+002 -0.397730590157693E+002
  0.680335091934304E+002 -0.397730582773597E+002
  0.680347078919349E+002 -0.397730589757168E+002
  0.680336815162612E+002 -0.397730581849176E+002
  0.680339823224649E+002 -0.397730581787207E+002
  0.680344489550353E+002 -0.397730585595521E+002
  0.680336103495763E+002 -0.397730582152459E+002
  0.680346842072167E+002 -0.397730589315756E+002
  0.680346612623932E+002 -0.397730588899799E+002
  0.680342794076399E+002 -0.397730583662622E+002
  0.680335167927845E+002 -0.397730582719182E+002
  0.680337128239644E+002 -0.397730581750735E+002
  0.680337400961992E+002 -0.397730581682401E+002
  0.680338369760365E+002 -0.397730581570794E+002
  0.680345816312681E+002 -0.397730587545257E+002
  0.680343055188508E+002 -0.397730583919464E+002
  0.680336779812196E+002 -0.397730581861634E+002
  0.680335529496861E+002 -0.397730582477533E+002
  0.680335907763693E+002 -0.397730582255236E+002
  0.680341025663177E+002 -0.397730582314433E+002
  0.680346610050107E+002 -0.397730588895198E+002
  0.680344803122612E+002 -0.397730586021690E+002
  0.680343833381285E+002 -0.397730584773112E+002
  0.680341323572680E+002 -0.397730582493788E+002
  0.680335516450112E+002 -0.397730582485757E+002
  0.680344688097409E+002 -0.397730585862872E+002
  0.680337376416955E+002 -0.397730581687887E+002
  0.680339968753430E+002 -0.397730581834247E+002
  0.680339431841701E+002 -0.397730581683611E+002
  0.680338592557823E+002 -0.397730581574073E+002
  0.680342256735900E+002 -0.397730583180845E+002
  0.680337898694063E+002 -0.397730581599498E+002
  0.680345985946716E+002 -0.397730587822218E+002
  0.680344445809174E+002 -0.397730585537777E+002
  0.680338153249554E+002 -0.397730581577978E+002
  0.680338867857874E+002 -0.397730581593075E+002
  0.680341826836661E+002 -0.397730582840736E+002
  0.680339630440893E+002 -0.397730581732005E+002
  0.680335783773249E+002 -0.397730582324664E+002
  0.680343220780014E+002 -0.397730584090052E+002
  0.680337745478448E+002 -0.397730581619263E+002
  0.680339743003893E+002 -0.397730581763252E+002
  0.680339167756515E+002 -0.397730581632583E+002
  0.680342022734687E+002 -0.397730582990720E+002
  0.680341014371474E+002 -0.397730582308016E+002
  0.680344474786618E+002 -0.397730585575984E+002
  0.680341623716775E+002 -0.397730582694059E+002
  0.680345924239797E+002 -0.397730587720743E+002
  0.680340915443418E+002 -0.397730582252981E+002
  0.680340114380315E+002 -0.397730581885940E+002
  0.680345388770792E+002 -0.397730586875049E+002
  0.680340085765709E+002 -0.397730581875418E+002
  0.680345415925639E+002 -0.397730586916431E+002
  0.680344823857483E+002 -0.397730586050626E+002
  0.680344219909823E+002 -0.397730585246204E+002
  0.680341916736925E+002 -0.397730582908527E+002
  0.680344893625488E+002 -0.397730586148678E+002
  0.680337051198260E+002 -0.397730581772977E+002
  0.680339465397960E+002 -0.397730581691184E+002
  0.680341304556303E+002 -0.397730582481761E+002
  0.680345030381163E+002 -0.397730586343953E+002
  0.680342490233634E+002 -0.397730583382463E+002
  0.680335465863124E+002 -0.397730582517994E+002
  0.680337203974443E+002 -0.397730581730132E+002
  0.680342647817193E+002 -0.397730583525250E+002
  0.680341576427063E+002 -0.397730582661202E+002
  0.680346202656846E+002 -0.397730588185168E+002
  0.680342367904996E+002 -0.397730583275354E+002
  0.680343680236773E+002 -0.397730584594682E+002
  0.680338452927304E+002 -0.397730581570752E+002
  0.680343630430696E+002 -0.397730584537754E+002
  0.680336410138121E+002 -0.397730582008240E+002
  0.680342645330764E+002 -0.397730583522955E+002
  0.680337868558022E+002 -0.397730581602981E+002
  0.680340158565807E+002 -0.397730581902540E+002
  0.680336902766779E+002 -0.397730581819477E+002
  0.680345934915521E+002 -0.397730587738240E+002
  0.680337758866343E+002 -0.397730581617332E+002
  0.680340481450540E+002 -0.397730582036760E+002
  0.680342927070307E+002 -0.397730583791583E+002
  0.680342834981394E+002 -0.397730583701876E+002
  0.680339291272070E+002 -0.397730581654557E+002
  0.680345852407059E+002 -0.397730587603663E+002
  0.680344534281149E+002 -0.397730585655002E+002
  0.680336015335118E+002 -0.397730582197717E+002
  0.680347104039646E+002 -0.397730589804702E+002
  0.680341067971086E+002 -0.397730582338726E+002
  0.680336567730490E+002 -0.397730581942098E+002
  0.680342340264569E+002 -0.397730583251604E+002
  0.680343378113542E+002 -0.397730584257672E+002
  0.680342082016611E+002 -0.397730583037758E+002
  0.680335439065040E+002 -0.397730582535298E+002
  0.680335397578100E+002 -0.397730582562396E+002
  0.680341108725001E+002 -0.397730582362495E+002
  0.680334830304655E+002 -0.397730582970566E+002
  0.680339303445029E+002 -0.397730581656902E+002
  0.680337506222016E+002 -0.397730581660365E+002
  0.680345904671443E+002 -0.397730587688737E+002
  0.680337532037001E+002 -0.397730581655329E+002
  0.680340732025098E+002 -0.397730582156588E+002
  0.680343066165757E+002 -0.397730583930588E+002
  0.680345471823000E+002 -0.397730587002121E+002
  0.680347046606401E+002 -0.397730589696225E+002
  0.680336839753500E+002 -0.397730581840671E+002
  0.680341205356162E+002 -0.397730582420300E+002
  0.680346204169966E+002 -0.397730588187738E+002
  0.680341511105649E+002 -0.397730582616617E+002
  0.680335653647057E+002 -0.397730582401133E+002
  0.680334676397592E+002 -0.397730583093408E+002
  0.680337884711039E+002 -0.397730581601090E+002
  0.680342830239115E+002 -0.397730583697306E+002
  0.680336614315542E+002 -0.397730581923583E+002
  0.680346138210001E+002 -0.397730588076161E+002
  0.680340997579630E+002 -0.397730582298524E+002
  0.680340300004607E+002 -0.397730581958537E+002
  0.680347180089208E+002 -0.397730589949446E+002
  0.680344200106775E+002 -0.397730585221174E+002
  0.680342313757652E+002 -0.397730583228985E+002
  0.680342112450138E+002 -0.397730583062203E+002
  0.680336017977224E+002 -0.397730582196336E+002
  0.680335454487637E+002 -0.397730582525321E+002
  0.680340372879753E+002 -0.397730581989091E+002
  0.680341158687667E+002 -0.397730582392129E+002
  0.680347078130310E+002 -0.397730589755677E+002
  0.680343229216944E+002 -0.397730584098903E+002
  0.680341179267346E+002 -0.397730582404493E+002
  0.680344178548355E+002 -0.397730585194023E+002
  0.680338357535064E+002 -0.397730581570928E+002
  0.680336108423541E+002 -0.397730582149979E+002
  0.680339799670764E+002 -0.397730581780028E+002
  0.680339579289500E+002 -0.397730581718718E+002
  0.680345667558442E+002 -0.397730587307551E+002
  0.680335607816696E+002 -0.397730582428945E+002
  0.680343330767226E+002 -0.397730584206662E+002
  0.680341046783022E+002 -0.397730582326511E+002
  0.680340516105109E+002 -0.397730582052516E+002
  0.680346907228738E+002 -0.397730589435969E+002
  0.680345852232359E+002 -0.397730587603380E+002
  0.680334967851074E+002 -0.397730582865153E+002
  0.680337744081221E+002 -0.397730581619467E+002
  0.680345858204766E+002 -0.397730587613071E+002
  0.680346829297576E+002 -0.397730589292296E+002
  0.680347190836514E+002 -0.397730589970003E+002
  0.680336089855344E+002 -0.397730582159350E+002
  0.680345191185506E+002 -0.397730586578784E+002
  0.680342500722843E+002 -0.397730583391799E+002
  0.680337125496036E+002 -0.397730581751505E+002
  0.680346534779726E+002 -0.397730588761287E+002
  0.680339376256846E+002 -0.397730581671607E+002
  0.680335055135906E+002 -0.397730582800399E+002
  0.680335947811011E+002 -0.397730582233527E+002
  0.680340998369245E+002 -0.397730582298969E+002
  0.680334782856859E+002 -0.397730583007886E+002
  0.680336498761479E+002 -0.397730581970378E+002
  0.680337802388728E+002 -0.397730581611324E+002
  0.680344971376948E+002 -0.397730586259200E+002
  0.680347203030532E+002 -0.397730589993358E+002
  0.680336849959905E+002 -0.397730581837179E+002
  0.680346250460107E+002 -0.397730588266608E+002
  0.680335373208157E+002 -0.397730582578488E+002
  0.680335129662730E+002 -0.397730582746424E+002
  0.680343846509762E+002 -0.397730584788646E+002
