  0.724855503148457E-002  0.857420312205466E+002  0.658017438368966E+002
  0.724855503148457E-002  0.839151269211679E+002  0.659980492039923E+002
  0.724855503148457E-002  0.820985957660906E+002  0.662141168953175E+002
  0.724855503148457E-002  0.818811998464174E+002  0.662417196037141E+002
  0.724855503148457E-002  0.808487517248872E+002  0.663790831975758E+002
  0.724855503148457E-002  0.801749275136932E+002  0.664752484087000E+002
  0.724855503148457E-002  0.797951656019292E+002  0.665321573134000E+002
  0.724855503148457E-002  0.797665913390843E+002  0.665365267790374E+002
  0.724855503148457E-002  0.797055170286732E+002  0.665459090479622E+002
  0.724855503148457E-002  0.796509120064045E+002  0.665543478787990E+002
  0.724855503148457E-002  0.795656177560822E+002  0.665676267023995E+002
  0.724855503148457E-002  0.792953869668477E+002  0.666105146710077E+002
  0.724855503148457E-002  0.792179077452213E+002  0.666230517725868E+002
  0.724855503148457E-002  0.791275801220707E+002  0.666378100421933E+002
  0.724855503148457E-002  0.790930737514461E+002  0.666434892526712E+002
  0.724855503148457E-002  0.789594818304095E+002  0.666656986916919E+002
  0.724855503148457E-002  0.788599690411706E+002  0.666824797253579E+002
  0.724855503148457E-002  0.787295399279414E+002  0.667047950497664E+002
  0.724855503148457E-002  0.787195953847065E+002  0.667065118702444E+002
  0.724855503148457E-002  0.787009418274342E+002  0.667097382139178E+002
  0.724855503148457E-002  0.786771703090589E+002  0.667138611950497E+002
  0.724855503148457E-002  0.785149342517346E+002  0.667423511551201E+002
  0.724855503148457E-002  0.784006940812139E+002  0.667627957475868E+002
  0.724855503148457E-002  0.783902211847079E+002  0.667646864726200E+002
  0.724855503148457E-002  0.782714466307571E+002  0.667863299648771E+002
  0.724855503148457E-002  0.782640429068426E+002  0.667876915422479E+002
  0.724855503148457E-002  0.782285769323828E+002  0.667942346318070E+002
  0.724855503148457E-002  0.782054169484078E+002  0.667985261039788E+002
  0.724855503148457E-002  0.781670012154069E+002  0.668056774829957E+002
  0.724855503148457E-002  0.781666351489725E+002  0.668057458293317E+002
  0.724855503148457E-002  0.781245523127098E+002  0.668136284100187E+002
  0.724855503148457E-002  0.781183148797243E+002  0.668148010874438E+002
  0.724855503148457E-002  0.781139115415218E+002  0.668156296230282E+002
  0.724855503148457E-002  0.770920389430528E+002  0.679300309937877E+002
  0.724855503148457E-002  0.770903845920238E+002  0.679337518268641E+002
  0.724855503148457E-002  0.770883575646620E+002  0.679385086291676E+002
  0.724855503148457E-002  0.770877523457447E+002  0.679399756097971E+002
  0.724855503148457E-002  0.770868981963293E+002  0.679420858685208E+002
  0.724855503148457E-002  0.770863752391148E+002  0.679434021841153E+002
  0.724855503148457E-002  0.770855075948294E+002  0.679456294163170E+002
  0.724855503148457E-002  0.770853796688718E+002  0.679459625754439E+002
  0.724855503148457E-002  0.770853244009789E+002  0.679461069016423E+002
  0.724855503148457E-002  0.770835201795339E+002  0.679509563321205E+002
  0.724855503148457E-002  0.770831857131696E+002  0.679518868410889E+002
  0.724855503148457E-002  0.770830887848216E+002  0.679521584836262E+002
  0.724855503148457E-002  0.770817696946461E+002  0.679559493588555E+002
  0.724855503148457E-002  0.770811471360518E+002  0.679578041227599E+002
  0.724855503148457E-002  0.770811203139117E+002  0.679578850505721E+002
  0.724855503148457E-002  0.770809473236306E+002  0.679584090829158E+002
  0.724855503148457E-002  0.770807980186804E+002  0.679588643109128E+002
  0.724855503148457E-002  0.770804527917959E+002  0.679599276367041E+002
  0.724855503148457E-002  0.770803191160982E+002  0.679603434997878E+002
  0.724855503148457E-002  0.770802065807923E+002  0.679606954284474E+002
  0.724855503148457E-002  0.770797696851336E+002  0.679620780752133E+002
  0.724855503148457E-002  0.770792479522162E+002  0.679637649386915E+002
  0.724855503148457E-002  0.770790795874441E+002  0.679643180290632E+002
  0.724855503148457E-002  0.770786689613434E+002  0.679656857851749E+002
  0.724855503148457E-002  0.770782108122332E+002  0.679672449832917E+002
  0.724855503148457E-002  0.770780621447656E+002  0.679677588418750E+002
  0.724855503148457E-002  0.770779064070012E+002  0.679683014591108E+002
  0.724855503148457E-002  0.770775835808781E+002  0.679694408002646E+002
  0.724855503148457E-002  0.770772024374681E+002  0.679708124654217E+002
  0.724855503148457E-002  0.770763961124658E+002  0.679738174916753E+002
  0.724855503148457E-002  0.770763928841595E+002  0.679738298254181E+002
  0.724855503148457E-002  0.770756654749172E+002  0.679766767040393E+002
  0.724855503148457E-002  0.770755226284726E+002  0.679772525872921E+002
  0.724855503148457E-002  0.770749671568429E+002  0.679795499926247E+002
  0.724855503148457E-002  0.770739938658894E+002  0.679838293013337E+002
  0.724855503148457E-002  0.770739396121135E+002  0.679840786682422E+002
  0.724855503148457E-002  0.770739284672858E+002  0.679841300481432E+002
  0.724855503148457E-002  0.770738653288583E+002  0.679844221375561E+002
  0.724855503148457E-002  0.770732475255892E+002  0.679873769872343E+002
  0.724855503148457E-002  0.770731631122002E+002  0.679877954441972E+002
  0.724855503148457E-002  0.770730398854994E+002  0.679884132278607E+002
  0.724855503148457E-002  0.770729891765273E+002  0.679886699055299E+002
  0.724855503148457E-002  0.770729859700759E+002  0.679886861849283E+002
  0.724855503148457E-002  0.770727024892307E+002  0.679901494055477E+002
  0.724855503148457E-002  0.770724255585258E+002  0.679916277627184E+002
  0.724855503148457E-002  0.770723507212956E+002  0.679920362430648E+002
  0.724855503148457E-002  0.770721840199245E+002  0.679929608101504E+002
  0.724855503148457E-002  0.770719215866917E+002  0.679944602891679E+002
  0.724855503148457E-002  0.770718327437220E+002  0.679949810231229E+002
  0.724855503148457E-002  0.770717980469580E+002  0.679951862954742E+002
  0.724855503148457E-002  0.770717693629917E+002  0.679953568217426E+002
  0.724855503148457E-002  0.770716844932287E+002  0.679958658570963E+002
  0.724855503148457E-002  0.770715762497854E+002  0.679965251584274E+002
  0.724855503148457E-002  0.770714413634733E+002  0.679973634120327E+002
  0.724855503148457E-002  0.770712741449630E+002  0.679984301317487E+002
  0.724855503148457E-002  0.770712606502286E+002  0.679985176220008E+002
  0.724855503148457E-002  0.770712073117330E+002  0.679988655728076E+002
  0.724855503148457E-002  0.770710600862787E+002  0.679998444659120E+002
  0.724855503148457E-002  0.770710066139311E+002  0.680002070524040E+002
  0.724855503148457E-002  0.770708185659794E+002  0.680015144553224E+002
  0.724855503148457E-002  0.770706583576553E+002  0.680026715347861E+002
  0.724855503148457E-002  0.770706532255965E+002  0.680649734226085E+002
  0.724855503148457E-002  0.770704565763308E+002  0.680634896800311E+002
  0.724855503148457E-002  0.770703750661268E+002  0.680628524385506E+002
  0.724855503148457E-002  0.770703423662093E+002  0.680050899103386E+002
  0.724855503148457E-002  0.770703086066307E+002  0.680053604211354E+002
  0.724855503148457E-002  0.770701404451986E+002  0.680067480792477E+002
  0.724855503148457E-002  0.770701040070342E+002  0.680606244933657E+002
  0.724855503148457E-002  0.770700447334938E+002  0.680075705979429E+002
  0.724855503148457E-002  0.770700154240577E+002  0.680078276756374E+002
  0.724855503148457E-002  0.770699529472712E+002  0.680083843330021E+002
  0.724855503148457E-002  0.770696921226164E+002  0.680568293555393E+002
  0.724855503148457E-002  0.770696781789281E+002  0.680566898485196E+002
  0.724855503148457E-002  0.770696661589610E+002  0.680565689011340E+002
  0.724855503148457E-002  0.770695795228509E+002  0.680556773441616E+002
  0.724855503148457E-002  0.770694473208789E+002  0.680542419233946E+002
  0.724855503148457E-002  0.770694213475400E+002  0.680539478697083E+002
  0.724855503148457E-002  0.770693741430347E+002  0.680142805976149E+002
  0.724855503148457E-002  0.770692906689254E+002  0.680523978445286E+002
  0.724855503148457E-002  0.770691794337369E+002  0.680509682735621E+002
  0.724855503148457E-002  0.770690296142071E+002  0.680488288418597E+002
  0.724855503148457E-002  0.770690245740439E+002  0.680487515315778E+002
  0.724855503148457E-002  0.770689937381869E+002  0.680194132057391E+002
  0.724855503148457E-002  0.770689746605862E+002  0.680197196482644E+002
  0.724855503148457E-002  0.770689416066397E+002  0.680202669588474E+002
  0.724855503148457E-002  0.770689388876020E+002  0.680203129665440E+002
  0.724855503148457E-002  0.770689136817694E+002  0.680469355770441E+002
  0.724855503148457E-002  0.770688682247784E+002  0.680461137741097E+002
  0.724855503148457E-002  0.770687680696348E+002  0.680440727551081E+002
  0.724855503148457E-002  0.770687413876123E+002  0.680242265316564E+002
  0.724855503148457E-002  0.770686853531357E+002  0.680256714274108E+002
  0.724855503148457E-002  0.770686275491170E+002  0.680401848092979E+002
  0.724855503148457E-002  0.770686246884936E+002  0.680276021847565E+002
  0.724855503148457E-002  0.770686192372722E+002  0.680278058479067E+002
  0.724855503148457E-002  0.770686133319710E+002  0.680396482030177E+002
  0.724855503148457E-002  0.770686114509662E+002  0.680281092881757E+002
  0.724855503148457E-002  0.770686091534078E+002  0.680282019452015E+002
  0.724855503148457E-002  0.770685866506714E+002  0.680292063449196E+002
  0.724855503148457E-002  0.778554745806029E+002  0.680306926689127E+002
  0.724855503148457E-002  0.778554621839810E+002  0.680317848487439E+002
