  0.276036166512106E-068  0.395555444293442E+003  0.799244058249768E+002
  0.393194464723773E-067  0.390236073696377E+003  0.798213807618550E+002
  0.628595700262707E-067  0.389291050169203E+003  0.798029832930176E+002
  0.142613859138159E-066  0.387645919587020E+003  0.797708875280681E+002
  0.218297431559086E-066  0.386787828395486E+003  0.797541116724848E+002
  0.314370257283992E-065  0.381446576715858E+003  0.796491443475009E+002
  0.298592728233523E-063  0.372332562608949E+003  0.794678091672139E+002
  0.164672344456524E-062  0.368910982489794E+003  0.793989854149503E+002
  0.285804320918318E-062  0.367801627558350E+003  0.793765815261069E+002
  0.669971000446776E-062  0.366091117889219E+003  0.793419500811003E+002
  0.130948237749267E-061  0.364744156753249E+003  0.793146043153574E+002
  0.398891635227253E-060  0.357904555635751E+003  0.791747122504467E+002
  0.402770975893817E-060  0.357878543429005E+003  0.791741768631556E+002
  0.273482467826898E-059  0.354040978833984E+003  0.790949075919266E+002
  0.109238518272516E-057  0.346659390450320E+003  0.789408127424716E+002
  0.293809904064738E-057  0.344673936388435E+003  0.788989922984352E+002
  0.263173902017681E-056  0.340282346492925E+003  0.788059137048205E+002
  0.263483102681606E-056  0.340273342509914E+003  0.788057220415760E+002
  0.431325770208302E-056  0.339280938104796E+003  0.787845762865640E+002
  0.694497103415642E-056  0.338321633845627E+003  0.787640962066677E+002
  0.113669184568044E-055  0.337329599382339E+003  0.787428761797742E+002
  0.341839316187771E-055  0.335120846900250E+003  0.786954783520771E+002
  0.230120675020336E-054  0.331300495025308E+003  0.786129957726563E+002
  0.500185909394442E-054  0.329741087439578E+003  0.785791422641245E+002
  0.120932329121259E-053  0.327968759118232E+003  0.785405339789917E+002
  0.880222670634710E-052  0.319387045782885E+003  0.783515473417465E+002
  0.972970175417588E-052  0.319180033164204E+003  0.783469457287115E+002
  0.568927568789959E-051  0.315641407996280E+003  0.782679668716667E+002
  0.827270017004302E-051  0.314885996389789E+003  0.782510277048767E+002
  0.152444746288794E-050  0.313656828488768E+003  0.782234049537916E+002
  0.152217776051152E-050  0.313653152865263E+003  0.782233222402217E+002
  0.191044243793639E-048  0.303981771290134E+003  0.780033082892600E+002
  0.117113710250817E-047  0.300348664921578E+003  0.779193937214690E+002
  0.453144552963651E-047  0.297635877679923E+003  0.778562684591956E+002
  0.158028871413443E-046  0.295130918772244E+003  0.777976168508475E+002
  0.294844935856878E-045  0.289271749345710E+003  0.776590335401563E+002
  0.746948840018831E-045  0.287405999528422E+003  0.776144833260193E+002
  0.630547332982487E-044  0.283132990703861E+003  0.775116638359220E+002
  0.740528836057525E-043  0.278199612238570E+003  0.773915491403034E+002
  0.243417729783746E-040  0.266602617208849E+003  0.771029299549028E+002
  0.128510021142576E-039  0.263268335709133E+003  0.770182323938130E+002
  0.314185819840178E-039  0.261473724715019E+003  0.769723133855581E+002
  0.423050098368753E-039  0.260872057106656E+003  0.769568655243709E+002
  0.219107094875352E-038  0.257576091300305E+003  0.768717622659360E+002
  0.618456829857568E-038  0.255494102193547E+003  0.768175794937500E+002
  0.130710177989563E-037  0.253990766228890E+003  0.767782471633459E+002
  0.413576924088503E-036  0.247075218386107E+003  0.765949858738705E+002
  0.342685550008260E-035  0.242839453151850E+003  0.764807753318772E+002
  0.113772803792064E-034  0.240432846890117E+003  0.764151918060258E+002
  0.326773919101415E-034  0.238316061225425E+003  0.763570791569881E+002
  0.540120207507832E-034  0.237304359308457E+003  0.763291608668532E+002
  0.191175655796245E-033  0.234769731646306E+003  0.762588007816080E+002
  0.341004180925098E-033  0.233605671928689E+003  0.762262845375473E+002
  0.376693595559535E-033  0.233399941598237E+003  0.762205243429180E+002
  0.418581520096998E-033  0.233182406920066E+003  0.762144292294832E+002
  0.113582028108497E-032  0.231179273897113E+003  0.761580884376870E+002
  0.272779430688420E-032  0.229420341853082E+003  0.761082919716442E+002
  0.380319983956137E-032  0.228748987394892E+003  0.760892043379826E+002
  0.130742064836664E-031  0.226272734728537E+003  0.760184061552636E+002
  0.138415085961267E-031  0.226152017891680E+003  0.760149387031279E+002
  0.166933031474760E-031  0.225770690945485E+003  0.760039756167205E+002
  0.171596308726145E-031  0.225708931459211E+003  0.760021986224748E+002
  0.232499406347877E-031  0.225094789887467E+003  0.600831763041923E+002
  0.300024337473447E-031  0.224578182458091E+003  0.600980892777300E+002
  0.391541473041216E-031  0.224039071183431E+003  0.601136818138744E+002
  0.147183945670296E-030  0.221384062033072E+003  0.758767587279238E+002
  0.163861957543153E-030  0.221162724021943E+003  0.758702849587981E+002
  0.203255897596202E-030  0.220725185614975E+003  0.602102108074851E+002
  0.306821135305023E-030  0.219894931650448E+003  0.602345821330267E+002
  0.318053318099474E-030  0.219816367912135E+003  0.602368922430998E+002
  0.498257379267028E-030  0.218911916864652E+003  0.602635364388101E+002
  0.104940858371289E-029  0.217415530761459E+003  0.603078201980927E+002
  0.156491483110840E-029  0.216609665882036E+003  0.757359084456634E+002
  0.254168052896066E-029  0.215633022129184E+003  0.603609049609019E+002
  0.689871895837231E-029  0.213629346052335E+003  0.756466645447645E+002
  0.857766162315493E-029  0.213187039267947E+003  0.756333306222693E+002
  0.127800058519985E-028  0.212382942550579E+003  0.756090299453444E+002
  0.295196562278177E-028  0.210701938075567E+003  0.755579746268884E+002
  0.294645043723883E-028  0.210699022609402E+003  0.755578857776607E+002
  0.533078614268498E-028  0.209506571995262E+003  0.605462254515333E+002
  0.124958311042295E-027  0.207796123703515E+003  0.605987900142654E+002
  0.163198205478106E-027  0.207255497570107E+003  0.754522010260870E+002
  0.238836860767392E-027  0.206487211427313E+003  0.606392671634600E+002
  0.285501026194225E-027  0.206123626056055E+003  0.754171325789098E+002
  0.381825059475037E-027  0.205535536634357E+003  0.753988460579960E+002
  0.433008877245298E-027  0.205277289683588E+003  0.753908015592779E+002
  0.129298626691973E-026  0.203082731047196E+003  0.753220818323993E+002
  0.169579217443418E-026  0.202533684441876E+003  0.753047875853787E+002
  0.178163717594166E-026  0.202428263437400E+003  0.607662204810920E+002
  0.630396713530735E-026  0.199894314985441E+003  0.608466126527371E+002
  0.117599022367412E-025  0.198640626425257E+003  0.751809611334336E+002
  0.159949793559408E-025  0.198018812338052E+003  0.751609838492656E+002
  0.193542926775961E-025  0.197630878046002E+003  0.751484921057813E+002
  0.263368706449499E-025  0.197008111177034E+003  0.609392901335498E+002
  0.271226086338994E-025  0.196942660068959E+003  0.609414058448329E+002
  0.318438326452596E-025  0.196615052331284E+003  0.609520052858463E+002
  0.442635528935178E-025  0.195949760993333E+003  0.609735791320711E+002
  0.913518277749103E-025  0.194493992040213E+003  0.750466649124937E+002
  0.934243567756966E-025  0.194442468861400E+003  0.750449800615793E+002
  0.101145176931547E-024  0.194277003701777E+003  0.750395664727022E+002
  0.107920119201204E-024  0.194140679249007E+003  0.750351031467617E+002
  0.108299032743002E-024  0.194127013856300E+003  0.750346555785346E+002
  0.163290915327812E-024  0.193299083988233E+003  0.750074856733152E+002
  0.187969890653648E-024  0.193010931553503E+003  0.749980046024625E+002
  0.201802486112005E-024  0.192862260706076E+003  0.749931078387038E+002
  0.307104138386873E-024  0.192015810174836E+003  0.611025203077818E+002
  0.331118833115355E-024  0.191858573753997E+003  0.611077238579908E+002
  0.905629183342566E-024  0.189839612955869E+003  0.611748897054373E+002
  0.172859538606483E-023  0.188540088356107E+003  0.612184718191742E+002
  0.291726426693080E-023  0.187486758537772E+003  0.612540028725292E+002
  0.579190002184275E-023  0.186108474735028E+003  0.747669042352816E+002
  0.636922018519979E-023  0.185911785857499E+003  0.747602025676216E+002
  0.707329555894727E-023  0.185695431353463E+003  0.613148596097274E+002
  0.958967459705628E-023  0.185080054867828E+003  0.747317893446610E+002
  0.155990381573033E-022  0.184100354689768E+003  0.746981658828982E+002
  0.658087432228955E-022  0.181214612210662E+003  0.614695566814481E+002
  0.677311671069821E-022  0.181150369151268E+003  0.745958815883835E+002
  0.767203499587196E-022  0.180894472476614E+003  0.745869336801687E+002
  0.138366721162575E-021  0.179708335760086E+003  0.745452975934173E+002
  0.161391968906023E-021  0.179393823309082E+003  0.615334699720318E+002
  0.248383354092557E-021  0.178524893049591E+003  0.615641936970027E+002
  0.335026186661425E-021  0.177919766744197E+003  0.744820064482459E+002
  0.372550473139364E-021  0.177700783505826E+003  0.744742146667225E+002
  0.756080503625580E-021  0.176278577266068E+003  0.616443037309719E+002
  0.783239743207783E-021  0.176201339730306E+003  0.744206066226767E+002
  0.148744601523630E-020  0.174911930130306E+003  0.743741452477198E+002
  0.284916273827928E-020  0.173605345330968E+003  0.617409676429502E+002
  0.334836603280319E-020  0.173275795150047E+003  0.743146955726460E+002
  0.352633516351432E-020  0.173165566252072E+003  0.617570126210780E+002
  0.415141797382029E-020  0.172832529027923E+003  0.742984921800852E+002
  0.463869347968528E-020  0.172603907862514E+003  0.617775641009081E+002
  0.269064205006511E-019  0.169081387903297E+003  0.619080276029144E+002
  0.399442258476773E-019  0.168284493945431E+003  0.619379294188053E+002
  0.454013609251584E-019  0.168021722457979E+003  0.619478215903783E+002
  0.573501128527517E-019  0.167547801416914E+003  0.741019793660143E+002
  0.894368087964624E-019  0.166652430801564E+003  0.740680510132254E+002
  0.911836335687261E-019  0.166607089030284E+003  0.620013549363243E+002
  0.966818591965906E-019  0.166483332726952E+003  0.620060608067826E+002
  0.130178072201708E-018  0.165881722120256E+003  0.620289897693918E+002
  0.223636480660074E-018  0.164792829379904E+003  0.739969682025143E+002
  0.619871063458785E-018  0.162747194570031E+003  0.621499002361615E+002
  0.111756713268002E-017  0.161561743181003E+003  0.738714025735089E+002
  0.120000812621078E-017  0.161412739182966E+003  0.738655468047310E+002
  0.145228102228038E-017  0.161024469381625E+003  0.622174223978403E+002
  0.388928212156021E-017  0.159047635487795E+003  0.622958832832831E+002
  0.401817934076454E-017  0.158975771300171E+003  0.622987558057677E+002
  0.670628411408832E-017  0.157944683490864E+003  0.737275531975489E+002
  0.875976093729538E-017  0.157403780710641E+003  0.623619546473180E+002
  0.104323906018358E-016  0.157047631464793E+003  0.736913117029242E+002
  0.164960892677533E-016  0.156124560101418E+003  0.736537750365042E+002
  0.388793681727348E-016  0.154403223741193E+003  0.735830987725733E+002
  0.720283836806926E-016  0.153163375100285E+003  0.735316290168645E+002
  0.114154961589720E-015  0.152235726363226E+003  0.734928022323014E+002
  0.118311146420233E-015  0.152157548481779E+003  0.734895174683639E+002
  0.120758746132578E-015  0.152109939434670E+003  0.734875161317470E+002
  0.127603832359909E-015  0.151993012488527E+003  0.734825977660627E+002
  0.140684182839530E-015  0.151791182637255E+003  0.625935851151383E+002
  0.153039334538282E-015  0.151616172183740E+003  0.734667162154234E+002
  0.171753625713126E-015  0.151378784474646E+003  0.734566878741740E+002
  0.187102740005462E-015  0.151200935221488E+003  0.626185201929064E+002
  0.192368618031690E-015  0.151138768562888E+003  0.626211531177474E+002
  0.218807104744083E-015  0.150874558733814E+003  0.626323574312437E+002
  0.223500993180024E-015  0.150825452520882E+003  0.734332402991921E+002
  0.231793318132844E-015  0.150745936447324E+003  0.626378203202224E+002
  0.235152533528355E-015  0.150710504311260E+003  0.734283565560448E+002
  0.303514993305459E-015  0.150193455474700E+003  0.626613486511595E+002
  0.327559237097281E-015  0.150034324085041E+003  0.626681446666002E+002
  0.409525308498525E-015  0.149581008925962E+003  0.733801310051059E+002
  0.603727323636165E-015  0.148798105465241E+003  0.627212358780876E+002
  0.604191369131116E-015  0.148789913207064E+003  0.627215894763184E+002
  0.615876396743797E-015  0.148744947017477E+003  0.733441519855895E+002
  0.651366094773733E-015  0.148626240331402E+003  0.627286589436506E+002
  0.916384873132632E-015  0.147936855547425E+003  0.733091434387099E+002
  0.150229480400937E-014  0.146941574679703E+003  0.628019792834023E+002
  0.300162691751191E-014  0.145550597821276E+003  0.628633012146382E+002
  0.354179935158323E-014  0.145212981357278E+003  0.628782952119391E+002
  0.355031332398938E-014  0.145201523836184E+003  0.628788048208547E+002
  0.472301548553900E-014  0.144624045036423E+003  0.629045555734863E+002
  0.488397976458342E-014  0.144550363569488E+003  0.731598322738780E+002
  0.549920249295831E-014  0.144306422654482E+003  0.629187741501801E+002
  0.633840853767067E-014  0.144015717799898E+003  0.629318224760022E+002
  0.644100638126231E-014  0.143976948058421E+003  0.731341175498938E+002
  0.833959151344365E-014  0.143453633602879E+003  0.629571468109528E+002
  0.848194601534089E-014  0.143413126681794E+003  0.629589767054178E+002
  0.939802334574955E-014  0.143201352144851E+003  0.730991283807696E+002
  0.939287761442235E-014  0.143195791931294E+003  0.629688060614097E+002
  0.114878069529768E-013  0.142786467338209E+003  0.629873704884036E+002
  0.116481980274136E-013  0.142752081189309E+003  0.730787495922332E+002
  0.129214719846974E-013  0.142537947748565E+003  0.730690075430077E+002
  0.145381370856482E-013  0.142295522332540E+003  0.730579555449649E+002
  0.158736269535040E-013  0.142113099333491E+003  0.630180597775513E+002
  0.162643688704587E-013  0.142057808340648E+003  0.630205880554475E+002
  0.180031280580016E-013  0.141848015225365E+003  0.730374898993104E+002
  0.190831751143727E-013  0.141724836567212E+003  0.630358408179157E+002
  0.203420068277811E-013  0.141590419012885E+003  0.730256713153013E+002
  0.217597410243681E-013  0.141449016491479E+003  0.730191718180970E+002
  0.261674534634881E-013  0.141073451143547E+003  0.630658148754584E+002
  0.261952319550407E-013  0.141064673556521E+003  0.630662200186229E+002
  0.369599171545938E-013  0.140369504781284E+003  0.729692705026292E+002
  0.388519173087979E-013  0.140263002357317E+003  0.631033627646231E+002
  0.436141163637778E-013  0.140025099895950E+003  0.729532435974293E+002
  0.442814113399861E-013  0.139988076090468E+003  0.729515175827586E+002
  0.447988278912715E-013  0.139958186519233E+003  0.631175590164981E+002
  0.494410455112611E-013  0.139754332970926E+003  0.631270760497277E+002
  0.513515622341551E-013  0.139671848592403E+003  0.631309321353561E+002
  0.707771896229153E-013  0.139023510193910E+003  0.631613477531454E+002
  0.725224212384163E-013  0.138968136605345E+003  0.631639543096047E+002
  0.927498692139292E-013  0.138469459987393E+003  0.631874912745778E+002
  0.100706481031106E-012  0.138298196675104E+003  0.631956011213090E+002
  0.122774864867991E-012  0.137895256787256E+003  0.728529473369657E+002
  0.134303236491731E-012  0.137709105425207E+003  0.728440819241250E+002
  0.151963720185284E-012  0.137455366630709E+003  0.632357114384403E+002
  0.154056713982833E-012  0.137421353054787E+003  0.728303455465222E+002
  0.172448128754581E-012  0.137189146112311E+003  0.728192319822923E+002
  0.177790343955978E-012  0.137121473482592E+003  0.632516944646000E+002
  0.255784703660646E-012  0.136387355750071E+003  0.632870249513987E+002
  0.780055846885565E-012  0.134150641317129E+003  0.726713535711052E+002
  0.895256981898073E-012  0.133868495152981E+003  0.634103006726853E+002
  0.907163092271186E-012  0.133835416690096E+003  0.634119414410298E+002
  0.104483304122433E-011  0.133546180843015E+003  0.726413696343806E+002
  0.176372786058044E-011  0.132492380126536E+003  0.634790583070631E+002
  0.214388472861482E-011  0.132095344935373E+003  0.725685927674499E+002
  0.245076477192128E-011  0.131821128054133E+003  0.635129768806270E+002
  0.261344191136619E-011  0.131685936544156E+003  0.635198389834797E+002
  0.306881885336126E-011  0.131358031650567E+003  0.725311563310711E+002
  0.380367971912848E-011  0.130922023678229E+003  0.635588116800870E+002
  0.385079894781837E-011  0.130890744697326E+003  0.725072680517760E+002
  0.499047737310381E-011  0.130365587266229E+003  0.724802682015733E+002
  0.499566778274634E-011  0.130356852641516E+003  0.724798177431989E+002
  0.831396907013786E-011  0.129331465006921E+003  0.636410668416347E+002
  0.933425842850922E-011  0.129093301000083E+003  0.724141663713481E+002
  0.119681827135108E-010  0.128589524711862E+003  0.636799674910267E+002
  0.184230422532223E-010  0.127720168152550E+003  0.637259956257760E+002
  0.194224434707321E-010  0.127607858372730E+003  0.637319777943771E+002
  0.285240763099248E-010  0.126832564320311E+003  0.637735028804943E+002
  0.351538876106753E-010  0.126407935341569E+003  0.637964186618028E+002
  0.389168019918572E-010  0.126197898016478E+003  0.722598831389846E+002
  0.462198493830319E-010  0.125847275914368E+003  0.722408159835562E+002
  0.475973128331583E-010  0.125781886413353E+003  0.722372504726076E+002
  0.523483935823553E-010  0.125584940944806E+003  0.638411894791339E+002
  0.561182830919564E-010  0.125439204543597E+003  0.638491674454185E+002
  0.571604893052467E-010  0.125395746459317E+003  0.722161333410667E+002
  0.577596701210105E-010  0.125368235138996E+003  0.722146247380007E+002
  0.704546470287351E-010  0.124964222729040E+003  0.721924073961617E+002
  0.772039115427288E-010  0.124774605298561E+003  0.638857437589244E+002
  0.101818188080073E-009  0.124214472459191E+003  0.721508596446713E+002
  0.137561790516678E-009  0.123606047981510E+003  0.721168327846887E+002
  0.185414692768837E-009  0.123002349006774E+003  0.639848951546518E+002
  0.205380652478367E-009  0.122791153027223E+003  0.720708095305083E+002
  0.212835602239675E-009  0.122713187549969E+003  0.640013040321565E+002
  0.220548860423604E-009  0.122635333545122E+003  0.720619493443530E+002
  0.235092995038346E-009  0.122500954165194E+003  0.640133901320577E+002
  0.237939451314054E-009  0.122470228433754E+003  0.720525398448255E+002
  0.252355885086147E-009  0.122345924656410E+003  0.720454410893727E+002
  0.355146349313933E-009  0.121655889831282E+003  0.720058038079407E+002
  0.370426196143802E-009  0.121564985714917E+003  0.720005525280666E+002
  0.661554019787821E-009  0.120398455297560E+003  0.641351451596959E+002
  0.717038487774815E-009  0.120230723966822E+003  0.641450226101602E+002
  0.836177406152201E-009  0.119916645824989E+003  0.719040967299345E+002
  0.843579397687525E-009  0.119892363789760E+003  0.641650248877600E+002
  0.864742285554809E-009  0.119836153208863E+003  0.641683578210442E+002
  0.882139201073047E-009  0.119789660946409E+003  0.718965660414840E+002
  0.953699333297982E-009  0.119627008186991E+003  0.641807841226436E+002
  0.113753472993918E-008  0.119267812157490E+003  0.642022197087981E+002
  0.117158955286437E-008  0.119202160545788E+003  0.642061505469836E+002
  0.129118047049111E-008  0.119001114016833E+003  0.642182132367522E+002
  0.139911836937084E-008  0.118833887619136E+003  0.718394068693910E+002
  0.145123520888162E-008  0.118754086519146E+003  0.642330871801695E+002
  0.155131424982102E-008  0.118614056113397E+003  0.642415445552617E+002
  0.161531124009485E-008  0.118526550169897E+003  0.642468392152480E+002
  0.171509693830729E-008  0.118400010696946E+003  0.718131739658706E+002
  0.187142641632125E-008  0.118218892463256E+003  0.642655134976020E+002
  0.244080799100766E-008  0.117680980485516E+003  0.642983881083211E+002
  0.257501750596103E-008  0.117567270496971E+003  0.643053746330774E+002
  0.279721027647797E-008  0.117395082400463E+003  0.643159791397233E+002
  0.288466163969221E-008  0.117326856780690E+003  0.717474934230278E+002
  0.519050560208345E-008  0.116145354199571E+003  0.643938715716189E+002
  0.519876349653047E-008  0.116135519224914E+003  0.716731915612869E+002
  0.523533891588486E-008  0.116114842095881E+003  0.716718885634068E+002
  0.538744103358486E-008  0.116050908660252E+003  0.643998259797749E+002
  0.557873816058697E-008  0.115974468871272E+003  0.716630303821650E+002
  0.621945038876287E-008  0.115750375438713E+003  0.716488440947642E+002
  0.752976799199689E-008  0.115361354479989E+003  0.644435988186856E+002
  0.825912939782089E-008  0.115169788995769E+003  0.644558544284260E+002
  0.859578124700027E-008  0.115083228719531E+003  0.716062767265765E+002
  0.875435153577902E-008  0.115040014409550E+003  0.716035019279798E+002
  0.948540485058632E-008  0.114872952048166E+003  0.715927544754500E+002
  0.956455700375772E-008  0.114849676464378E+003  0.644764281996952E+002
  0.982570429231009E-008  0.114789145781476E+003  0.715873508093405E+002
  0.102795084397947E-007  0.114692188995568E+003  0.644865937810336E+002
  0.133164382490068E-007  0.114167839837605E+003  0.645206517339877E+002
  0.184029322513259E-007  0.113514162691877E+003  0.645635779538514E+002
  0.184617905089441E-007  0.113501120701788E+003  0.715032429234673E+002
  0.205406552833516E-007  0.113281059344745E+003  0.645790145889316E+002
  0.271913704220874E-007  0.112713416659989E+003  0.714507858821879E+002
  0.272718719484201E-007  0.112700848718992E+003  0.646177403404712E+002
  0.286495934418127E-007  0.112595626312662E+003  0.714428722739984E+002
  0.306334858837402E-007  0.112455061796444E+003  0.646342782324634E+002
  0.419769310628968E-007  0.111818353243431E+003  0.713901843142130E+002
  0.436201210778287E-007  0.111734901004179E+003  0.646832045350475E+002
  0.473824267428442E-007  0.111562779664742E+003  0.646950042716694E+002
  0.127153977123227E-006  0.109556199424541E+003  0.647410908282521E+002
  0.128867542249519E-006  0.109529426820134E+003  0.647429557231444E+002
  0.192298915033914E-006  0.108690308538345E+003  0.648019514162149E+002
  0.218161542010697E-006  0.108425159349670E+003  0.648208184145830E+002
  0.246508010420675E-006  0.108168062387829E+003  0.648392188471094E+002
  0.255477599636032E-006  0.108083802304526E+003  0.648452724450935E+002
  0.270173110079667E-006  0.107971945966824E+003  0.648533264741829E+002
  0.295438855939903E-006  0.107780286193866E+003  0.648671742357811E+002
  0.340733439111273E-006  0.107495009053935E+003  0.648878989047692E+002
  0.384180289179453E-006  0.107229179289525E+003  0.649073344174422E+002
  0.429810359069285E-006  0.107004715008505E+003  0.649238401692146E+002
  0.596343041722953E-006  0.106336826001774E+003  0.649734791797319E+002
  0.813311221198234E-006  0.105677644061202E+003  0.650232734797788E+002
  0.825323111769534E-006  0.105635542228823E+003  0.650264818436334E+002
  0.108689326254678E-005  0.105072155177662E+003  0.650697488125500E+002
  0.116728250400094E-005  0.104929445192979E+003  0.650808092729047E+002
  0.118008984917244E-005  0.104894759056688E+003  0.650835038183368E+002
  0.121181900369663E-005  0.104828833354696E+003  0.650886319624620E+002
  0.131476840498469E-005  0.104652895588784E+003  0.651023614999354E+002
  0.197247549897879E-005  0.103815996571685E+003  0.651685706488440E+002
  0.200673889728685E-005  0.103781553345739E+003  0.651713283472654E+002
  0.260775836332937E-005  0.103231951924193E+003  0.652156972647380E+002
  0.291159488129509E-005  0.103011531899098E+003  0.652336891207273E+002
  0.317922618538571E-005  0.102835658241038E+003  0.652481282130143E+002
  0.327178837784662E-005  0.102765315390627E+003  0.652539243037611E+002
  0.332305456243734E-005  0.102721275023779E+003  0.652575592892954E+002
  0.334906038768452E-005  0.102705684191106E+003  0.652588472601569E+002
  0.344840982988022E-005  0.102634188067652E+003  0.652647612833512E+002
  0.347224820394562E-005  0.102594435525314E+003  0.652680550082668E+002
  0.359880187682327E-005  0.102509893103263E+003  0.652750729047875E+002
  0.457379693563607E-005  0.102004600851224E+003  0.653173953807542E+002
  0.488100230125410E-005  0.101861725292326E+003  0.653294825257861E+002
  0.492027960786484E-005  0.101845695749567E+003  0.653308419830349E+002
  0.560854437330971E-005  0.101558037227671E+003  0.653553554448870E+002
  0.626212741041553E-005  0.101324717940150E+003  0.653754042856422E+002
  0.646808539530128E-005  0.101259997590018E+003  0.653809924701129E+002
  0.708658681033545E-005  0.101064405218436E+003  0.653979526107861E+002
  0.784477589168835E-005  0.100861117212232E+003  0.654156964857928E+002
  0.799755023466682E-005  0.100809512939457E+003  0.654202199054873E+002
  0.927618447339613E-005  0.100499853512918E+003  0.654475295530983E+002
  0.105975171088362E-004  0.100220485286278E+003  0.654724175726855E+002
  0.110163908943804E-004  0.100116981882483E+003  0.654816999752148E+002
  0.113768078360507E-004  0.100039651577842E+003  0.654886572140419E+002
  0.116635196165091E-004  0.999769283359791E+002  0.654943142868072E+002
  0.141358436875823E-004  0.995538465542596E+002  0.655328066828804E+002
  0.148246820164936E-004  0.994459073214388E+002  0.655427223271737E+002
  0.152167547253109E-004  0.993809205055828E+002  0.655487113050427E+002
  0.154597663432275E-004  0.993492328574446E+002  0.655516367784146E+002
  0.155836480293215E-004  0.993204086130921E+002  0.655543008938983E+002
  0.175308073023946E-004  0.990720716539652E+002  0.655773734137573E+002
  0.193178208757897E-004  0.988779350923172E+002  0.655955623226198E+002
  0.205160842576358E-004  0.987575728020633E+002  0.656069076797270E+002
  0.208279168600099E-004  0.987143733058019E+002  0.656109926226119E+002
  0.246079959279624E-004  0.983677895751679E+002  0.656440182810839E+002
  0.249899513952191E-004  0.983239554690681E+002  0.656482277627724E+002
  0.303507686741733E-004  0.979222300184259E+002  0.656871579880536E+002
  0.320700480518274E-004  0.977989993206430E+002  0.656992300787803E+002
  0.349984696946412E-004  0.976112063076459E+002  0.657177479143554E+002
  0.354392828459089E-004  0.975601988120244E+002  0.657228032700302E+002
  0.355256127148463E-004  0.975423877201046E+002  0.657245711352366E+002
  0.356556025021256E-004  0.975350829877319E+002  0.657252965682873E+002
  0.362295069958345E-004  0.975031477682439E+002  0.657284707357638E+002
  0.464629293663769E-004  0.969794418460555E+002  0.657811619194089E+002
  0.465350127838134E-004  0.969633120527474E+002  0.657828043511256E+002
  0.468605984798499E-004  0.969363382660978E+002  0.657855536638526E+002
  0.497418443402702E-004  0.967781634690794E+002  0.658017438368966E+002
  0.519671532863171E-004  0.966522929686293E+002  0.658147118599722E+002
  0.541574886510720E-004  0.965697241545642E+002  0.658232599723952E+002
  0.544667698041195E-004  0.965583350967895E+002  0.658244416443928E+002
  0.569617618852825E-004  0.964431148974202E+002  0.658364320521654E+002
  0.569328772160347E-004  0.964313497359702E+002  0.658376600790270E+002
  0.572038019350223E-004  0.964218549712781E+002  0.658386516267825E+002
  0.643662112778740E-004  0.961602766699150E+002  0.658661468713841E+002
  0.755472830717523E-004  0.958399368693979E+002  0.659003013247033E+002
  0.763047224664808E-004  0.958071228813523E+002  0.659038308570047E+002
  0.803160618950719E-004  0.956917915111424E+002  0.659162827838825E+002
  0.827411605094207E-004  0.956066550095596E+002  0.659255218568639E+002
  0.875532611874446E-004  0.954808151722551E+002  0.659392527191121E+002
  0.878498070706073E-004  0.954740525501722E+002  0.659399931639476E+002
  0.107772605090292E-003  0.950143046185822E+002  0.659909605395870E+002
  0.110524482140421E-003  0.949512591697007E+002  0.659980492039923E+002
  0.117586977835811E-003  0.948273766849103E+002  0.660120506234783E+002
  0.122211162803154E-003  0.947502324957992E+002  0.660208188010324E+002
  0.125873555717028E-003  0.946656994725910E+002  0.660304708552617E+002
  0.149649019909791E-003  0.942818138367514E+002  0.660749015327622E+002
  0.155799674771272E-003  0.941638728489318E+002  0.660887557400570E+002
  0.168420478770657E-003  0.940080875362165E+002  0.661072081143839E+002
  0.169296562354287E-003  0.939852498735909E+002  0.661099280513210E+002
  0.168952078521102E-003  0.939768625105149E+002  0.661109279416756E+002
  0.176979082293849E-003  0.938715685494267E+002  0.661235249717955E+002
  0.176860245034060E-003  0.938604508536127E+002  0.661248599089497E+002
  0.187693614391706E-003  0.937415486973951E+002  0.661391956898654E+002
  0.187778485804272E-003  0.937281053145587E+002  0.661408233612135E+002
  0.201148257721352E-003  0.935780076172513E+002  0.661590925631207E+002
  0.211485672841442E-003  0.934777775798108E+002  0.661713918891551E+002
  0.215698985848187E-003  0.934131668229627E+002  0.661793635777930E+002
  0.215465054771417E-003  0.934027978252262E+002  0.661806461000503E+002
  0.224480617196735E-003  0.933082773427191E+002  0.661923783475086E+002
  0.243299797342382E-003  0.931347280146234E+002  0.662141168953175E+002
  0.250473652344707E-003  0.930640701528023E+002  0.662230421533108E+002
  0.266193263876467E-003  0.929173320949502E+002  0.662417196037141E+002
  0.304130308017515E-003  0.926260197480241E+002  0.662793881892719E+002
  0.305502223146540E-003  0.926170181454205E+002  0.662805650452099E+002
  0.306152914654200E-003  0.926003017607893E+002  0.662827526183106E+002
  0.315991621238264E-003  0.924998869897613E+002  0.662959512474249E+002
  0.321904086249549E-003  0.924628111213296E+002  0.663008499503513E+002
  0.336840780210779E-003  0.923720976732458E+002  0.663128943913990E+002
  0.346986952259544E-003  0.923127440307297E+002  0.663208208785985E+002
  0.346714164964387E-003  0.923017777432632E+002  0.663222894086222E+002
  0.353628386354659E-003  0.922622859486799E+002  0.663275883504737E+002
  0.356853413017871E-003  0.922315106423526E+002  0.663317291654147E+002
  0.372562640588529E-003  0.921327321106230E+002  0.663450884009619E+002
  0.386956475894329E-003  0.920569180406628E+002  0.663554139461249E+002
  0.396689693437438E-003  0.919945353350665E+002  0.663639580794537E+002
  0.408633521160385E-003  0.919225081364203E+002  0.663738778547186E+002
  0.413758128285432E-003  0.918848839734200E+002  0.663790831975758E+002
  0.416531031119969E-003  0.918715251905797E+002  0.663809353428169E+002
  0.422938600674170E-003  0.918409930843419E+002  0.663851763174617E+002
  0.467663854182353E-003  0.916270857814597E+002  0.664152000941118E+002
  0.474682363085003E-003  0.915972935944535E+002  0.664194259884378E+002
  0.509071532868779E-003  0.914316014413615E+002  0.664431335439098E+002
  0.568419318032618E-003  0.912110597622260E+002  0.664752484087000E+002
  0.674146290297049E-003  0.908312978504620E+002  0.665321573134000E+002
  0.683847039875637E-003  0.908027235876171E+002  0.665365267790374E+002
  0.700532339889340E-003  0.907416492772060E+002  0.665459090479622E+002
  0.715307236917469E-003  0.906870442549373E+002  0.665543478787990E+002
  0.746472873103103E-003  0.906017500046151E+002  0.665676267023995E+002
  0.763000097783956E-003  0.905321454311442E+002  0.665785526962575E+002
  0.827493581905590E-003  0.903315192153805E+002  0.666105146710077E+002
  0.828178445332142E-003  0.903298646281088E+002  0.666107812496320E+002
  0.860179391299494E-003  0.902540399937541E+002  0.666230517725868E+002
  0.894150301274929E-003  0.901637123706035E+002  0.666378100421933E+002
  0.893267275547483E-003  0.901528266828509E+002  0.666395991588340E+002
  0.893492592723574E-003  0.901394604870615E+002  0.666417991043540E+002
  0.898085511293039E-003  0.901292059999789E+002  0.666434892526712E+002
  0.953928512294184E-003  0.899956140789423E+002  0.666656986916919E+002
  0.963599824160590E-003  0.899496325606294E+002  0.666734269177849E+002
  0.988376835371445E-003  0.898988566624514E+002  0.666820122774385E+002
  0.983354031292597E-003  0.898961012897034E+002  0.666824797253579E+002
  0.104284856356133E-002  0.897656721764742E+002  0.667047950497664E+002
  0.104804680269380E-002  0.897557276332393E+002  0.667065118702444E+002
  0.105786742943844E-002  0.897370740759670E+002  0.667097382139178E+002
  0.106351917037726E-002  0.897133025575917E+002  0.667138611950497E+002
  0.107570113085674E-002  0.896514348004614E+002  0.667246525364074E+002
  0.109867443455531E-002  0.896091713406401E+002  0.667320758075444E+002
  0.113106177316724E-002  0.895510665002674E+002  0.667423511551201E+002
  0.116684253492109E-002  0.894368263297467E+002  0.667627957475868E+002
  0.116544964113089E-002  0.894263534332407E+002  0.667646864726200E+002
  0.122883105688838E-002  0.893075788792900E+002  0.667863299648771E+002
  0.122548211382725E-002  0.893001751553754E+002  0.667876915422479E+002
  0.123941119707907E-002  0.892647091809156E+002  0.667942346318070E+002
  0.124580950997299E-002  0.892415491969406E+002  0.667985261039788E+002
  0.126182931277681E-002  0.892031334639397E+002  0.668056774829957E+002
  0.125397016052530E-002  0.892027673975053E+002  0.668057458293317E+002
  0.128063502043491E-002  0.891606845612426E+002  0.668136284100187E+002
  0.128463519245331E-002  0.891544471282571E+002  0.668148010874438E+002
  0.127910647683410E-002  0.891500437900546E+002  0.668156296230282E+002
  0.159978949054327E-001  0.796017680818203E+002  0.678740864392448E+002
  0.160023420310406E-001  0.796012121952317E+002  0.678748863104997E+002
  0.160039547896435E-001  0.796010106400673E+002  0.678751773265124E+002
  0.160149219583804E-001  0.795996405521342E+002  0.678771698574301E+002
  0.160154099882926E-001  0.795995796061642E+002  0.678772590807160E+002
  0.160163487697498E-001  0.795994623748296E+002  0.678774308473940E+002
  0.160229237050623E-001  0.795986415153160E+002  0.678786388916307E+002
  0.160259528023612E-001  0.795982634555975E+002  0.678791984493945E+002
  0.160283364030318E-001  0.795979660101405E+002  0.678796401189874E+002
  0.160309147867875E-001  0.795976443078343E+002  0.678801192354261E+002
  0.160340393636298E-001  0.795972545269118E+002  0.678807017507937E+002
  0.160369375620312E-001  0.795968930538683E+002  0.678812439481910E+002
  0.160454871965424E-001  0.795958270951974E+002  0.678828541866418E+002
  0.160492757329783E-001  0.795953549263938E+002  0.678835729596187E+002
  0.160591425995953E-001  0.795941257326259E+002  0.678854604658692E+002
  0.160597963605271E-001  0.795940443151255E+002  0.678855863362573E+002
  0.160630280533929E-001  0.795936418980982E+002  0.678862100437689E+002
  0.160639308975475E-001  0.795935294885600E+002  0.678863847390802E+002
  0.160663401998359E-001  0.795932295468278E+002  0.678868518937015E+002
  0.160693206372219E-001  0.795928585648947E+002  0.678874317542548E+002
  0.160744738785475E-001  0.795922172913366E+002  0.678884395455204E+002
  0.160757644393976E-001  0.795920567250804E+002  0.678886929782199E+002
  0.160766292200223E-001  0.795919491398556E+002  0.678888630352010E+002
  0.160781577134776E-001  0.795917589979076E+002  0.678891640761248E+002
  0.160865857490572E-001  0.795907108893433E+002  0.678908348605934E+002
  0.160996215504789E-001  0.795890908411018E+002  0.678934564873698E+002
  0.161056849520109E-001  0.795883377476197E+002  0.678946919892545E+002
  0.161116296169861E-001  0.795875996767876E+002  0.678959135832100E+002
  0.161127923986067E-001  0.795874553413367E+002  0.678961537423294E+002
  0.161173540231482E-001  0.795868892099251E+002  0.678970997975886E+002
  0.161224524071258E-001  0.795862566522786E+002  0.678981646598384E+002
  0.161231683783383E-001  0.795861678375875E+002  0.678983148424014E+002
  0.161243092532024E-001  0.795860263226600E+002  0.678985544836939E+002
  0.161255685244558E-001  0.795858701333854E+002  0.678988194682815E+002
  0.161382065989945E-001  0.795843032894390E+002  0.679015070708962E+002
  0.161410790646586E-001  0.795839473378604E+002  0.679021252775566E+002
  0.161437142879298E-001  0.795836208407076E+002  0.679026948909844E+002
  0.161516630431661E-001  0.795826363338148E+002  0.679044276583907E+002
  0.161517738944112E-001  0.795826226075670E+002  0.679044519810990E+002
  0.161563845301638E-001  0.795820517751818E+002  0.679054675684380E+002
  0.161597224348733E-001  0.795816386183959E+002  0.679062076707703E+002
  0.161625206410160E-001  0.795812923297868E+002  0.679068313118933E+002
  0.161652174999850E-001  0.795809586400046E+002  0.679074351743294E+002
  0.161663846277769E-001  0.795808142453299E+002  0.679076973745469E+002
  0.152313007922606E-001  0.795787279822824E+002  0.679115484543456E+002
  0.152346330855626E-001  0.795782904715429E+002  0.679123715512688E+002
  0.152388544751297E-001  0.795777363650153E+002  0.679134220765761E+002
  0.152446001944487E-001  0.795769824190535E+002  0.679148663718911E+002
  0.152511249700633E-001  0.795761265908115E+002  0.679165273836679E+002
  0.152546650680921E-001  0.795756624037781E+002  0.679174382024744E+002
  0.152601143540024E-001  0.795749480894594E+002  0.679188539087698E+002
  0.152624158719355E-001  0.795746464738436E+002  0.679194569447293E+002
  0.152629282552859E-001  0.795745793318192E+002  0.679195916184489E+002
  0.152638352797023E-001  0.795744604820871E+002  0.679198303977027E+002
  0.152639236596029E-001  0.795744489018200E+002  0.679198536901902E+002
  0.152676992204147E-001  0.795739542591545E+002  0.679208530946783E+002
  0.152732016341166E-001  0.795732335975358E+002  0.679223251902399E+002
  0.152740531410779E-001  0.795731220972432E+002  0.679225546913671E+002
  0.152745251604261E-001  0.795730602915063E+002  0.679226821102763E+002
  0.152806074707863E-001  0.795722640507550E+002  0.679243369007884E+002
