  0.680327539132067E+002 -0.397730594463821E+002
  0.680332129440353E+002 -0.397730585876290E+002
  0.680331112986908E+002 -0.397730587381804E+002
  0.680333866257227E+002 -0.397730583825181E+002
  0.680333523123423E+002 -0.397730584178268E+002
  0.680330864215666E+002 -0.397730587784586E+002
  0.680333212086854E+002 -0.397730584520511E+002
  0.680331165852041E+002 -0.397730587297949E+002
  0.680332633029318E+002 -0.397730585213861E+002
  0.680331786488622E+002 -0.397730586359067E+002
  0.680327635133843E+002 -0.397730594237180E+002
  0.680326963270493E+002 -0.397730595865501E+002
  0.680328776601488E+002 -0.397730591696404E+002
  0.680331094016159E+002 -0.397730587412044E+002
  0.680330668753764E+002 -0.397730588110524E+002
  0.680329595308246E+002 -0.397730590049028E+002
  0.680333676322424E+002 -0.397730584017453E+002
  0.680334238335511E+002 -0.397730583471324E+002
  0.680328867092095E+002 -0.397730591507137E+002
  0.680334002097708E+002 -0.397730583692494E+002
  0.680330064105811E+002 -0.397730589171535E+002
  0.680333157615673E+002 -0.397730584582618E+002
  0.680327897613391E+002 -0.397730593627776E+002
  0.680326727877721E+002 -0.397730596459280E+002
  0.680330931073243E+002 -0.397730587675012E+002
  0.680332369404982E+002 -0.397730585553739E+002
  0.680334344859411E+002 -0.397730583375575E+002
  0.680333654620606E+002 -0.397730584039923E+002
  0.680329470456303E+002 -0.397730590290806E+002
  0.680331542182257E+002 -0.397730586718623E+002
  0.680331668272622E+002 -0.397730586531426E+002
  0.680332275023327E+002 -0.397730585679105E+002
  0.680329830270029E+002 -0.397730589603237E+002
  0.680332699922579E+002 -0.397730585130029E+002
  0.680327299420892E+002 -0.397730595038506E+002
  0.680332678767805E+002 -0.397730585156435E+002
  0.680333113419292E+002 -0.397730584633486E+002
  0.680331125345104E+002 -0.397730587362146E+002
  0.680333648246113E+002 -0.397730584046542E+002
  0.680334314396644E+002 -0.397730583402704E+002
  0.680327606163727E+002 -0.397730594305361E+002
  0.680329401932691E+002 -0.397730590424948E+002
  0.680331175255069E+002 -0.397730587283097E+002
  0.680330185190683E+002 -0.397730588952676E+002
  0.680326942213021E+002 -0.397730595918126E+002
  0.680331432445375E+002 -0.397730586884363E+002
  0.680329952839966E+002 -0.397730589375464E+002
  0.680329068653983E+002 -0.397730591091976E+002
  0.680329962984263E+002 -0.397730589356760E+002
  0.680328845069931E+002 -0.397730591553034E+002
  0.680331280288228E+002 -0.397730587118517E+002
  0.680326983088417E+002 -0.397730595816061E+002
  0.680332385216655E+002 -0.397730585532927E+002
  0.680328724409612E+002 -0.397730591806379E+002
  0.680334382378773E+002 -0.397730583342440E+002
  0.680332227722032E+002 -0.397730585742666E+002
  0.680329222615565E+002 -0.397730590780825E+002
  0.680331659467126E+002 -0.397730586544386E+002
  0.680329948234628E+002 -0.397730589383963E+002
  0.680326737819838E+002 -0.397730596433957E+002
  0.680333462625113E+002 -0.397730584243184E+002
  0.680327487794675E+002 -0.397730594585843E+002
  0.680333382983327E+002 -0.397730584329858E+002
  0.680326749983652E+002 -0.397730596403004E+002
  0.680331176815831E+002 -0.397730587280634E+002
  0.680332644673225E+002 -0.397730585199199E+002
  0.680330454911149E+002 -0.397730588476654E+002
  0.680329000951599E+002 -0.397730591230436E+002
  0.680326888842442E+002 -0.397730596051940E+002
  0.680327853495424E+002 -0.397730593729155E+002
  0.680331495354029E+002 -0.397730586789028E+002
  0.680334128102573E+002 -0.397730583573012E+002
  0.680328898131774E+002 -0.397730591442627E+002
  0.680328341855423E+002 -0.397730592630601E+002
  0.680329466055053E+002 -0.397730590299391E+002
  0.680331966902276E+002 -0.397730586101900E+002
  0.680329057814987E+002 -0.397730591114075E+002
  0.680334065823710E+002 -0.397730583631634E+002
  0.680327729839845E+002 -0.397730594015567E+002
  0.680333975556887E+002 -0.397730583718103E+002
  0.680327971019746E+002 -0.397730593460035E+002
  0.680328751822025E+002 -0.397730591748544E+002
  0.680328159432445E+002 -0.397730593034872E+002
  0.680326644859846E+002 -0.397730596671575E+002
  0.680332182759432E+002 -0.397730585803536E+002
  0.680327136925530E+002 -0.397730595435199E+002
  0.680327912792060E+002 -0.397730593592995E+002
  0.680327020082903E+002 -0.397730595724001E+002
