  0.290291734971088E-001  0.801680431009863E+002  0.692628873708456E+002
  0.290291734971088E-001  0.862464433016751E+002  0.701070224015789E+002
  0.290291734971088E-001  0.851306800468209E+002  0.699797077194964E+002
  0.290291734971088E-001  0.802231763643994E+002  0.692731306523798E+002
  0.290291734971088E-001  0.804083783291673E+002  0.693069362873048E+002
  0.290291734971088E-001  0.804606725569271E+002  0.693163204354841E+002
  0.290291734971088E-001  0.804956315672023E+002  0.693225556865908E+002
  0.290291734971088E-001  0.806235302784493E+002  0.693451149236237E+002
  0.290291734971088E-001  0.806929655704385E+002  0.693572011200934E+002
  0.290291734971088E-001  0.808564908695893E+002  0.693852380383162E+002
  0.290291734971088E-001  0.808711766855107E+002  0.693877275545432E+002
  0.290291734971088E-001  0.809976953203033E+002  0.694089881428322E+002
  0.290291734971088E-001  0.811805941437449E+002  0.694391545664808E+002
  0.290291734971088E-001  0.818933197553086E+002  0.695509958667223E+002
  0.290291734971088E-001  0.818641626289536E+002  0.695465827381787E+002
  0.290291734971088E-001  0.807080367164384E+002  0.687638079342256E+002
  0.290291734971088E-001  0.806999385599090E+002  0.687612596875457E+002
  0.290291734971088E-001  0.806682851418077E+002  0.687512124742741E+002
  0.290291734971088E-001  0.806551635721356E+002  0.687470060155155E+002
  0.290291734971088E-001  0.806485885524761E+002  0.687448888640352E+002
  0.290291734971088E-001  0.806396558757220E+002  0.687420024078789E+002
  0.290291734971088E-001  0.806177211278529E+002  0.687348641115739E+002
  0.290291734971088E-001  0.805963007690122E+002  0.687278223562004E+002
  0.290291734971088E-001  0.805930356615740E+002  0.687267426951673E+002
  0.290291734971088E-001  0.805602383078574E+002  0.687158029052198E+002
  0.290291734971088E-001  0.805527799904873E+002  0.687132905487755E+002
  0.290291734971088E-001  0.805371731204404E+002  0.687080030345425E+002
