  0.680350150562378E+002 -0.397730596589783E+002
  0.680348710034436E+002 -0.397730593129267E+002
  0.680348691421513E+002 -0.397730593087515E+002
  0.680349532257888E+002 -0.397730595049030E+002
  0.680349856148937E+002 -0.397730595845737E+002
  0.680348606362879E+002 -0.397730592897676E+002
  0.680349526191911E+002 -0.397730595034327E+002
  0.680350008892769E+002 -0.397730596229395E+002
  0.680349620273319E+002 -0.397730595263267E+002
  0.680348638297818E+002 -0.397730592968766E+002
  0.680348714373795E+002 -0.397730593139012E+002
  0.680348895044139E+002 -0.397730593548382E+002
  0.680349385793310E+002 -0.397730594696267E+002
  0.680348372399517E+002 -0.397730592383639E+002
  0.680348517851877E+002 -0.397730592701806E+002
  0.680349622216015E+002 -0.397730595268014E+002
  0.680349749695630E+002 -0.397730595581360E+002
  0.680348811647995E+002 -0.397730593358535E+002
  0.680349262002326E+002 -0.397730594401761E+002
  0.680348484940906E+002 -0.397730592629412E+002
