  0.510057690811109E-001  0.803656531481845E+002  0.692731306523798E+002
  0.510057690811109E-001  0.803833045782336E+002  0.692763922895042E+002
  0.510057690811109E-001  0.852731568306060E+002  0.699797077194964E+002
  0.510057690811109E-001  0.804814924140953E+002  0.692943814382256E+002
  0.510057690811109E-001  0.836541358062104E+002  0.697785248608093E+002
  0.510057690811109E-001  0.806381083509875E+002  0.693225556865908E+002
  0.510057690811109E-001  0.827076424327824E+002  0.696493484448427E+002
  0.510057690811109E-001  0.823801436200354E+002  0.696021760619115E+002
  0.510057690811109E-001  0.822417149817122E+002  0.695818048671612E+002
  0.510057690811109E-001  0.822302928885263E+002  0.695801120030896E+002
  0.510057690811109E-001  0.822192437014246E+002  0.695784726418346E+002
  0.510057690811109E-001  0.807660070622345E+002  0.693451149236237E+002
  0.510057690811109E-001  0.808354423542237E+002  0.693572011200934E+002
  0.510057690811109E-001  0.820357965390938E+002  0.695509958667223E+002
  0.510057690811109E-001  0.810136534692959E+002  0.693877275545432E+002
  0.510057690811109E-001  0.815176182887919E+002  0.694705472124753E+002
  0.510057690811109E-001  0.816955443695827E+002  0.694986689144492E+002
  0.510057690811109E-001  0.817414344454757E+002  0.695058348163970E+002
  0.510057690811109E-001  0.786016898964734E+002  0.686775668387021E+002
  0.510057690811109E-001  0.785966020747079E+002  0.686757519775769E+002
  0.510057690811109E-001  0.785961689001101E+002  0.686755972241246E+002
  0.510057690811109E-001  0.785884502039085E+002  0.686728334034606E+002
  0.510057690811109E-001  0.785700605105647E+002  0.686661999649919E+002
  0.510057690811109E-001  0.785668255918873E+002  0.686650258709934E+002
  0.510057690811109E-001  0.785660785235894E+002  0.686647544165566E+002
  0.510057690811109E-001  0.785591215330647E+002  0.686622208966000E+002
  0.510057690811109E-001  0.785552152218871E+002  0.686607938511876E+002
  0.510057690811109E-001  0.785443281340437E+002  0.686567993515749E+002
  0.510057690811109E-001  0.785352557680906E+002  0.686534510074349E+002
  0.510057690811109E-001  0.785315356861309E+002  0.686520727917636E+002
  0.510057690811109E-001  0.785264301670515E+002  0.686501762822158E+002
  0.510057690811109E-001  0.785207001655798E+002  0.686480408266201E+002
  0.510057690811109E-001  0.785026137065314E+002  0.686412511230976E+002
  0.510057690811109E-001  0.784994896177302E+002  0.686400706301386E+002
  0.510057690811109E-001  0.784632660327182E+002  0.686262111460134E+002
  0.510057690811109E-001  0.784555386078731E+002  0.686232123831521E+002
  0.510057690811109E-001  0.784523773767883E+002  0.686219812050385E+002
  0.510057690811109E-001  0.784454874829022E+002  0.686192888850645E+002
  0.510057690811109E-001  0.784418809808492E+002  0.686178746465827E+002
  0.510057690811109E-001  0.784141076490460E+002  0.686068668056438E+002
  0.510057690811109E-001  0.783980908401091E+002  0.686004213884175E+002
  0.510057690811109E-001  0.783954462968773E+002  0.685993501164263E+002
  0.510057690811109E-001  0.783854370251959E+002  0.685952769742835E+002
  0.510057690811109E-001  0.783816440809904E+002  0.685937257433587E+002
  0.510057690811109E-001  0.783803846162636E+002  0.685932096985459E+002
  0.510057690811109E-001  0.783788676167502E+002  0.685925875003644E+002
  0.510057690811109E-001  0.783682149229816E+002  0.685881986224573E+002
  0.510057690811109E-001  0.783484738432335E+002  0.685799721215569E+002
  0.510057690811109E-001  0.783460279810632E+002  0.685789442382768E+002
  0.510057690811109E-001  0.783439964566201E+002  0.685780890062172E+002
  0.510057690811109E-001  0.783428611018504E+002  0.685776104581383E+002
  0.510057690811109E-001  0.783385426345043E+002  0.685757863788054E+002
  0.510057690811109E-001  0.783366999906863E+002  0.685750061922607E+002
  0.510057690811109E-001  0.783325054795409E+002  0.685732260026441E+002
  0.510057690811109E-001  0.783317425621048E+002  0.685729015814926E+002
  0.510057690811109E-001  0.783033668681906E+002  0.685606932969695E+002
  0.510057690811109E-001  0.782984048832522E+002  0.685585292869470E+002
  0.510057690811109E-001  0.782947221509306E+002  0.685569173937406E+002
  0.510057690811109E-001  0.782855782640755E+002  0.685528935672443E+002
  0.510057690811109E-001  0.782760011672842E+002  0.685486453834789E+002
  0.510057690811109E-001  0.782590673398371E+002  0.685410468503864E+002
  0.510057690811109E-001  0.782564873588986E+002  0.685398791475533E+002
  0.510057690811109E-001  0.782408051050652E+002  0.685327225433024E+002
  0.510057690811109E-001  0.782378983362948E+002  0.685313847296208E+002
  0.510057690811109E-001  0.782367196934672E+002  0.685308412439354E+002
  0.510057690811109E-001  0.782262845711363E+002  0.685260033119251E+002
  0.510057690811109E-001  0.782081711914177E+002  0.685174906923857E+002
  0.510057690811109E-001  0.781931077329141E+002  0.685102956032841E+002
  0.510057690811109E-001  0.781723524563343E+002  0.685001999927465E+002
  0.510057690811109E-001  0.781718323756944E+002  0.684999442111146E+002
  0.510057690811109E-001  0.781662146799530E+002  0.684971723638598E+002
  0.510057690811109E-001  0.781493078751786E+002  0.684887284212403E+002
  0.510057690811109E-001  0.781489194940574E+002  0.684885326055059E+002
  0.510057690811109E-001  0.781414308330920E+002  0.684847403112765E+002
  0.510057690811109E-001  0.781346939625042E+002  0.684813012657944E+002
  0.510057690811109E-001  0.781313839833382E+002  0.684796018635360E+002
  0.510057690811109E-001  0.781276418746000E+002  0.684776727617225E+002
  0.510057690811109E-001  0.781245166192163E+002  0.684760552062624E+002
  0.510057690811109E-001  0.781217626171205E+002  0.684746248822627E+002
  0.510057690811109E-001  0.781188088885138E+002  0.684730856514116E+002
  0.510057690811109E-001  0.781126144687355E+002  0.684698400021331E+002
  0.510057690811109E-001  0.781115403000393E+002  0.684692747157058E+002
  0.510057690811109E-001  0.781102599952887E+002  0.684685999890822E+002
  0.510057690811109E-001  0.781057237127849E+002  0.684662008722955E+002
  0.510057690811109E-001  0.781003806943716E+002  0.684633579078917E+002
  0.510057690811109E-001  0.780944918814374E+002  0.684602025720826E+002
  0.510057690811109E-001  0.780917895271764E+002  0.684587467568738E+002
  0.510057690811109E-001  0.780702496232709E+002  0.684469593798082E+002
  0.510057690811109E-001  0.780680969257814E+002  0.684457628105316E+002
  0.510057690811109E-001  0.780612835780968E+002  0.684419525120164E+002
  0.510057690811109E-001  0.780425486541670E+002  0.684312869096487E+002
  0.510057690811109E-001  0.780413512463769E+002  0.684305954896431E+002
  0.510057690811109E-001  0.780410112543574E+002  0.684303989480719E+002
  0.510057690811109E-001  0.780372204742330E+002  0.684282009507658E+002
  0.510057690811109E-001  0.780317948980008E+002  0.684250335675406E+002
  0.510057690811109E-001  0.780307928539171E+002  0.684244457769807E+002
  0.510057690811109E-001  0.780275687574422E+002  0.684225485186380E+002
  0.510057690811109E-001  0.780231775826706E+002  0.684199494837204E+002
  0.510057690811109E-001  0.780152519352318E+002  0.684152136437161E+002
  0.510057690811109E-001  0.780134058425920E+002  0.684141020724549E+002
  0.510057690811109E-001  0.780072778147259E+002  0.684103887339793E+002
  0.510057690811109E-001  0.780003833392938E+002  0.684061666895664E+002
  0.510057690811109E-001  0.779973031400209E+002  0.684042648827722E+002
  0.510057690811109E-001  0.779851633876358E+002  0.683966723857027E+002
  0.510057690811109E-001  0.779837161248372E+002  0.683957566060728E+002
  0.510057690811109E-001  0.779792817880651E+002  0.683929361656914E+002
  0.510057690811109E-001  0.779779591006925E+002  0.683920905767511E+002
  0.510057690811109E-001  0.779699153482106E+002  0.683869046326121E+002
  0.510057690811109E-001  0.779659807131452E+002  0.683843399611955E+002
  0.510057690811109E-001  0.779650684205078E+002  0.683837426265770E+002
  0.510057690811109E-001  0.779644285988428E+002  0.683833230865085E+002
  0.510057690811109E-001  0.779637544231534E+002  0.683828804744005E+002
  0.510057690811109E-001  0.779502653266834E+002  0.683739035124810E+002
  0.510057690811109E-001  0.779489817159396E+002  0.683730368931882E+002
  0.510057690811109E-001  0.779429437918317E+002  0.683689303725025E+002
  0.510057690811109E-001  0.779417798562068E+002  0.683681329556586E+002
  0.510057690811109E-001  0.779267341198457E+002  0.683576483509677E+002
  0.510057690811109E-001  0.779246108332049E+002  0.683561412796230E+002
  0.510057690811109E-001  0.779061627728865E+002  0.683427378555764E+002
  0.510057690811109E-001  0.779021001824757E+002  0.683397072787134E+002
  0.510057690811109E-001  0.778958664902766E+002  0.683349978284154E+002
  0.510057690811109E-001  0.778950229021608E+002  0.683343548421401E+002
  0.510057690811109E-001  0.778906878286956E+002  0.683310286894030E+002
  0.510057690811109E-001  0.778879897383898E+002  0.683289396102534E+002
  0.510057690811109E-001  0.778875605121660E+002  0.683286059036381E+002
  0.510057690811109E-001  0.778867918273396E+002  0.683280073351906E+002
  0.510057690811109E-001  0.778827246947623E+002  0.683248198011133E+002
  0.510057690811109E-001  0.778820677616358E+002  0.683243016615343E+002
  0.510057690811109E-001  0.778798345718714E+002  0.683225333351250E+002
  0.510057690811109E-001  0.778770901053497E+002  0.683203452118630E+002
  0.510057690811109E-001  0.778741413365887E+002  0.683179754229386E+002
  0.510057690811109E-001  0.778733443880462E+002  0.683173315518740E+002
  0.510057690811109E-001  0.778694110566158E+002  0.683141320692526E+002
  0.510057690811109E-001  0.778670659539600E+002  0.683122069985112E+002
  0.510057690811109E-001  0.778652545353379E+002  0.683107108611888E+002
  0.510057690811109E-001  0.778619420864046E+002  0.683079538319336E+002
  0.510057690811109E-001  0.778561861146882E+002  0.683030958601568E+002
  0.510057690811109E-001  0.778523579457107E+002  0.682998158055029E+002
  0.510057690811109E-001  0.778412085574033E+002  0.682900236171764E+002
  0.510057690811109E-001  0.778395732536345E+002  0.682885557222063E+002
  0.510057690811109E-001  0.778395679211187E+002  0.682885509217514E+002
  0.510057690811109E-001  0.778268598526565E+002  0.682768415672452E+002
  0.510057690811109E-001  0.778166160021057E+002  0.682669750539931E+002
  0.510057690811109E-001  0.778161447393190E+002  0.682665110838321E+002
  0.510057690811109E-001  0.778151894703182E+002  0.682655677472306E+002
  0.510057690811109E-001  0.778151887080827E+002  0.682655669929831E+002
  0.510057690811109E-001  0.778130072085973E+002  0.682633982018214E+002
  0.510057690811109E-001  0.778116132850071E+002  0.682620016038113E+002
  0.510057690811109E-001  0.778078991427143E+002  0.682582379035394E+002
  0.510057690811109E-001  0.778074547067152E+002  0.682577833000278E+002
  0.510057690811109E-001  0.778002866165374E+002  0.682503193963438E+002
  0.510057690811109E-001  0.777912784591073E+002  0.682405576916790E+002
  0.510057690811109E-001  0.777903304007404E+002  0.682395033805451E+002
  0.510057690811109E-001  0.777864533559638E+002  0.682351343610601E+002
  0.510057690811109E-001  0.777863458682068E+002  0.682350118819415E+002
  0.510057690811109E-001  0.777863031220399E+002  0.682349631532199E+002
  0.510057690811109E-001  0.777843191697393E+002  0.682326883980842E+002
  0.510057690811109E-001  0.777822723497121E+002  0.682303139600206E+002
  0.510057690811109E-001  0.777810613844260E+002  0.682288955565676E+002
  0.510057690811109E-001  0.777790997477063E+002  0.682265757426735E+002
  0.510057690811109E-001  0.777762967896767E+002  0.682232116822546E+002
  0.510057690811109E-001  0.777744170638182E+002  0.682209217853518E+002
  0.510057690811109E-001  0.777722102924476E+002  0.682181971861110E+002
  0.510057690811109E-001  0.777712718108420E+002  0.682170262048662E+002
  0.510057690811109E-001  0.777668473424470E+002  0.682114016232226E+002
  0.510057690811109E-001  0.777614446829795E+002  0.682042820034879E+002
  0.510057690811109E-001  0.777606121436234E+002  0.682031582650458E+002
  0.510057690811109E-001  0.795515838319342E+002  0.680839150900922E+002
  0.510057690811109E-001  0.795513801334621E+002  0.680829734602864E+002
  0.510057690811109E-001  0.795513512547248E+002  0.680828384989433E+002
  0.510057690811109E-001  0.795513285856683E+002  0.680827322968014E+002
  0.510057690811109E-001  0.795509699070500E+002  0.680810201196641E+002
  0.510057690811109E-001  0.795500104137079E+002  0.680761002785469E+002
  0.510057690811109E-001  0.795499314568055E+002  0.680756696629731E+002
  0.510057690811109E-001  0.795487920906376E+002  0.680688713316203E+002
