  0.140600045094359E-001  0.904464392013485E+002  0.740433314201223E+002
  0.140600045094359E-001  0.837930758237111E+002  0.731599543145990E+002
  0.140600045094359E-001  0.875638412146936E+002  0.737084774113614E+002
  0.140600045094359E-001  0.871405459868838E+002  0.736545219009137E+002
  0.140600045094359E-001  0.838203009922225E+002  0.731646428000860E+002
  0.140600045094359E-001  0.809399047018412E+002  0.725360047176527E+002
  0.140600045094359E-001  0.839241046171513E+002  0.731823844410568E+002
  0.140600045094359E-001  0.841443992687642E+002  0.732193574547987E+002
  0.140600045094359E-001  0.856625723148169E+002  0.734532809081660E+002
  0.140600045094359E-001  0.846772384985347E+002  0.733053054097783E+002
  0.140600045094359E-001  0.847983381129716E+002  0.733242112977658E+002
  0.140600045094359E-001  0.848034744110170E+002  0.733250083558882E+002
  0.140600045094359E-001  0.852023792059825E+002  0.733857714770095E+002
  0.140600045094359E-001  0.851844308116801E+002  0.733830841582063E+002
  0.140600045094359E-001  0.850863960517153E+002  0.733683302958616E+002
  0.140600045094359E-001  0.833784834409099E+002  0.730866225904512E+002
  0.140600045094359E-001  0.832678622014051E+002  0.730663993373936E+002
  0.140600045094359E-001  0.809450068543363E+002  0.725375273411778E+002
  0.140600045094359E-001  0.831458987794706E+002  0.730437541749335E+002
  0.140600045094359E-001  0.831416896407461E+002  0.730429659242076E+002
  0.140600045094359E-001  0.830372066937619E+002  0.730232506648327E+002
  0.140600045094359E-001  0.830338363604763E+002  0.730226098729205E+002
  0.140600045094359E-001  0.829644672979569E+002  0.730093521571607E+002
  0.140600045094359E-001  0.827293826437149E+002  0.729634024188190E+002
  0.140600045094359E-001  0.827179640683730E+002  0.729611284635309E+002
  0.140600045094359E-001  0.827025088432853E+002  0.729580441677771E+002
  0.140600045094359E-001  0.826761989213059E+002  0.729527764371118E+002
  0.140600045094359E-001  0.824850298925379E+002  0.729138238672177E+002
  0.140600045094359E-001  0.823491629818330E+002  0.728853725694787E+002
  0.140600045094359E-001  0.823077851832310E+002  0.728765730790600E+002
  0.140600045094359E-001  0.822326624579908E+002  0.728604292135797E+002
  0.140600045094359E-001  0.821658702908186E+002  0.728458873373654E+002
  0.140600045094359E-001  0.821336906366852E+002  0.728388159165897E+002
  0.140600045094359E-001  0.820488620257765E+002  0.728199641689145E+002
  0.140600045094359E-001  0.820404870298807E+002  0.728180859797959E+002
  0.140600045094359E-001  0.820399238024312E+002  0.728179595579965E+002
  0.140600045094359E-001  0.820159249442098E+002  0.728125596350882E+002
  0.140600045094359E-001  0.819958215582815E+002  0.728080162682117E+002
  0.140600045094359E-001  0.819876617523623E+002  0.728061669063348E+002
  0.140600045094359E-001  0.819816797498240E+002  0.728048091907888E+002
  0.140600045094359E-001  0.819426809847000E+002  0.727959171607614E+002
  0.140600045094359E-001  0.819259319110250E+002  0.727920763488059E+002
  0.140600045094359E-001  0.819014655227437E+002  0.727864418080280E+002
  0.140600045094359E-001  0.818833190654609E+002  0.727822440705085E+002
  0.140600045094359E-001  0.818483960660105E+002  0.727741200345044E+002
  0.140600045094359E-001  0.809636648852371E+002  0.725430724544375E+002
  0.140600045094359E-001  0.817611227273633E+002  0.727535483140328E+002
  0.140600045094359E-001  0.816197902917222E+002  0.727193680387042E+002
  0.140600045094359E-001  0.816100021203144E+002  0.727169589895672E+002
  0.140600045094359E-001  0.815144234299283E+002  0.726931333196334E+002
  0.140600045094359E-001  0.814732353288629E+002  0.726826909210742E+002
  0.140600045094359E-001  0.814720169771091E+002  0.726823803710012E+002
  0.140600045094359E-001  0.814477765894281E+002  0.726761814603512E+002
  0.140600045094359E-001  0.814152172734199E+002  0.726677937592193E+002
  0.140600045094359E-001  0.814136689722018E+002  0.726673931161892E+002
  0.140600045094359E-001  0.813230268080991E+002  0.726436470158154E+002
  0.140600045094359E-001  0.813177347492947E+002  0.726422424546059E+002
  0.140600045094359E-001  0.813061287287211E+002  0.726391548833527E+002
  0.140600045094359E-001  0.812826199561728E+002  0.726328700388819E+002
  0.140600045094359E-001  0.812777928405827E+002  0.726315744014957E+002
  0.140600045094359E-001  0.812675942864138E+002  0.726288311881964E+002
  0.140600045094359E-001  0.812519100306357E+002  0.726245968267164E+002
  0.140600045094359E-001  0.812505752747493E+002  0.726242355958093E+002
  0.140600045094359E-001  0.812426578265781E+002  0.726220900041746E+002
  0.140600045094359E-001  0.811951539239602E+002  0.726091122572493E+002
  0.140600045094359E-001  0.811550765686156E+002  0.725980202111770E+002
  0.140600045094359E-001  0.811306502811310E+002  0.725911933848249E+002
  0.140600045094359E-001  0.811103008604227E+002  0.725854665451351E+002
  0.140600045094359E-001  0.810938871987443E+002  0.725808207044717E+002
  0.140600045094359E-001  0.810705258066209E+002  0.725741665486873E+002
  0.140600045094359E-001  0.810485274035107E+002  0.725678548618708E+002
  0.140600045094359E-001  0.809681700348279E+002  0.725444060201911E+002
  0.140600045094359E-001  0.809667118481711E+002  0.725439746096743E+002
  0.140600045094359E-001  0.809312906560616E+002  0.725334278593609E+002
  0.140600045094359E-001  0.809193698547566E+002  0.725298488599959E+002
  0.140600045094359E-001  0.809146565927941E+002  0.725284296096839E+002
  0.140600045094359E-001  0.808982622508586E+002  0.725234742981502E+002
  0.140600045094359E-001  0.808929060865631E+002  0.708447100095569E+002
  0.140600045094359E-001  0.808794545770749E+002  0.708488057234027E+002
  0.140600045094359E-001  0.808760367131026E+002  0.708498496009704E+002
  0.140600045094359E-001  0.808179250359175E+002  0.708678024349265E+002
  0.140600045094359E-001  0.807921015133781E+002  0.724906506470360E+002
  0.140600045094359E-001  0.807916743591529E+002  0.724905158800545E+002
  0.140600045094359E-001  0.807662054800103E+002  0.724824393853156E+002
  0.140600045094359E-001  0.807573900005239E+002  0.708869342151584E+002
  0.140600045094359E-001  0.807561340950384E+002  0.708873360067827E+002
  0.140600045094359E-001  0.807479668020911E+002  0.724766051542632E+002
  0.140600045094359E-001  0.807339914673982E+002  0.724721054924128E+002
  0.140600045094359E-001  0.807083425550767E+002  0.724637797786503E+002
  0.140600045094359E-001  0.806897633973330E+002  0.724576930285721E+002
  0.140600045094359E-001  0.806894775439070E+002  0.724575990058961E+002
  0.140600045094359E-001  0.806838656346144E+002  0.724557508235304E+002
  0.140600045094359E-001  0.806794280629967E+002  0.724542862516943E+002
  0.140600045094359E-001  0.806761272453585E+002  0.709133639750390E+002
  0.140600045094359E-001  0.806676357095416E+002  0.709161782945852E+002
  0.140600045094359E-001  0.806497294069466E+002  0.724444119969640E+002
  0.140600045094359E-001  0.806434893128696E+002  0.709242380703949E+002
  0.140600045094359E-001  0.806399796150008E+002  0.724411423212539E+002
  0.140600045094359E-001  0.806258720725042E+002  0.709301729147260E+002
  0.140600045094359E-001  0.806053343970907E+002  0.709371511780934E+002
  0.140600045094359E-001  0.806011442303935E+002  0.709385829387484E+002
  0.140600045094359E-001  0.805940392217798E+002  0.709410169991583E+002
  0.140600045094359E-001  0.805829108014440E+002  0.709448455395959E+002
  0.140600045094359E-001  0.805747658725549E+002  0.709476602900869E+002
  0.140600045094359E-001  0.805640372268626E+002  0.724151745711320E+002
  0.140600045094359E-001  0.805569950941735E+002  0.724127197486555E+002
  0.140600045094359E-001  0.805534713769625E+002  0.709550707142003E+002
  0.140600045094359E-001  0.805473119411339E+002  0.709572282828891E+002
  0.140600045094359E-001  0.805445141419471E+002  0.709582104352912E+002
  0.140600045094359E-001  0.805425170594310E+002  0.724076467062655E+002
  0.140600045094359E-001  0.805421375950765E+002  0.709590457555331E+002
  0.140600045094359E-001  0.805382764858494E+002  0.709604049350028E+002
  0.140600045094359E-001  0.805366913629914E+002  0.709609636670951E+002
  0.140600045094359E-001  0.805330837915658E+002  0.709622368960275E+002
  0.140600045094359E-001  0.805063074370281E+002  0.709717583494337E+002
  0.140600045094359E-001  0.805019633520173E+002  0.709733151092915E+002
  0.140600045094359E-001  0.805019598157737E+002  0.723932426432584E+002
  0.140600045094359E-001  0.804937667040645E+002  0.709762618212344E+002
  0.140600045094359E-001  0.804896628406737E+002  0.723888172291018E+002
  0.140600045094359E-001  0.804879404180911E+002  0.709783638728218E+002
  0.140600045094359E-001  0.804854346455053E+002  0.709792698545724E+002
  0.140600045094359E-001  0.804831048205248E+002  0.709801132683117E+002
  0.140600045094359E-001  0.804745795669705E+002  0.709832081342949E+002
  0.140600045094359E-001  0.804732112445399E+002  0.723828528788232E+002
  0.140600045094359E-001  0.804722248741816E+002  0.723824936641857E+002
  0.140600045094359E-001  0.804670039497281E+002  0.723805892351018E+002
  0.140600045094359E-001  0.804537896845274E+002  0.723757456826710E+002
  0.140600045094359E-001  0.804502670806234E+002  0.709921102427288E+002
  0.140600045094359E-001  0.804495791931046E+002  0.723741952373303E+002
  0.140600045094359E-001  0.804469388275359E+002  0.709933378332844E+002
  0.140600045094359E-001  0.804335801728859E+002  0.709982871657272E+002
  0.140600045094359E-001  0.804310521407767E+002  0.723673311992540E+002
  0.140600045094359E-001  0.804225973366460E+002  0.723641758080480E+002
  0.140600045094359E-001  0.804198791240225E+002  0.710034007797813E+002
  0.140600045094359E-001  0.804053102781556E+002  0.710088808140057E+002
  0.140600045094359E-001  0.803814991350530E+002  0.710179344759330E+002
  0.140600045094359E-001  0.803694934909083E+002  0.723440126215986E+002
  0.140600045094359E-001  0.803649666294202E+002  0.723422652650043E+002
  0.140600045094359E-001  0.803600212701378E+002  0.710262079628053E+002
  0.140600045094359E-001  0.803557955224770E+002  0.710278480578513E+002
  0.140600045094359E-001  0.803466725895447E+002  0.710314029162794E+002
  0.140600045094359E-001  0.803462111232351E+002  0.723349757738947E+002
  0.140600045094359E-001  0.803416963097673E+002  0.710333501779118E+002
  0.140600045094359E-001  0.803365149479232E+002  0.710353839092038E+002
  0.140600045094359E-001  0.803345148323804E+002  0.723303883387329E+002
  0.140600045094359E-001  0.803339917052751E+002  0.710363766196536E+002
  0.140600045094359E-001  0.803311612350028E+002  0.710374920176031E+002
  0.140600045094359E-001  0.803307978237005E+002  0.723289236552229E+002
  0.140600045094359E-001  0.803268694574032E+002  0.723273720662647E+002
  0.140600045094359E-001  0.803248275993205E+002  0.723265641143472E+002
  0.140600045094359E-001  0.803233724311965E+002  0.710405713286595E+002
  0.140600045094359E-001  0.803127870668300E+002  0.723217789529098E+002
  0.140600045094359E-001  0.803109416311724E+002  0.710455166564444E+002
  0.140600045094359E-001  0.803051748391195E+002  0.710478239196039E+002
  0.140600045094359E-001  0.803006346488222E+002  0.723169126843400E+002
  0.140600045094359E-001  0.802980379154244E+002  0.723158680040886E+002
  0.140600045094359E-001  0.802966253756477E+002  0.723152990063674E+002
  0.140600045094359E-001  0.802928684713700E+002  0.723137831552617E+002
  0.140600045094359E-001  0.802913151356933E+002  0.723131553430539E+002
  0.140600045094359E-001  0.802899107934895E+002  0.710539718106988E+002
  0.140600045094359E-001  0.802893585247203E+002  0.723123636472819E+002
  0.140600045094359E-001  0.802837454050091E+002  0.710564721375315E+002
  0.140600045094359E-001  0.802805787339672E+002  0.723087987791818E+002
  0.140600045094359E-001  0.802699121678531E+002  0.723044402959400E+002
  0.140600045094359E-001  0.802627202028229E+002  0.723014842313148E+002
  0.140600045094359E-001  0.802487622351687E+002  0.710708525547007E+002
  0.140600045094359E-001  0.802483067783340E+002  0.722955170159490E+002
  0.140600045094359E-001  0.802435661402376E+002  0.722935416214830E+002
  0.140600045094359E-001  0.802324647652229E+002  0.710776684846734E+002
  0.140600045094359E-001  0.802314053375991E+002  0.722884448052223E+002
  0.140600045094359E-001  0.802307870197240E+002  0.710783745116598E+002
  0.140600045094359E-001  0.802197667689683E+002  0.722835263380246E+002
  0.140600045094359E-001  0.802191709444870E+002  0.722832734572988E+002
  0.140600045094359E-001  0.802132507087224E+002  0.722807549666719E+002
  0.140600045094359E-001  0.802005797348281E+002  0.710912303360165E+002
  0.140600045094359E-001  0.801990272195638E+002  0.710918986169050E+002
  0.140600045094359E-001  0.801977046518980E+002  0.722740905081925E+002
  0.140600045094359E-001  0.801919295547688E+002  0.722715955431806E+002
  0.140600045094359E-001  0.801919181014844E+002  0.710949684365949E+002
  0.140600045094359E-001  0.801913734676177E+002  0.710952042782125E+002
  0.140600045094359E-001  0.801890896904262E+002  0.722703647723578E+002
  0.140600045094359E-001  0.801873995010738E+002  0.722696310336591E+002
  0.140600045094359E-001  0.801867629558122E+002  0.722693544608789E+002
  0.140600045094359E-001  0.801808352599768E+002  0.710997863815419E+002
  0.140600045094359E-001  0.801708599657731E+002  0.711041571254540E+002
  0.140600045094359E-001  0.801706051187055E+002  0.722622898005272E+002
  0.140600045094359E-001  0.801593457234907E+002  0.722573154762254E+002
  0.140600045094359E-001  0.801559972495950E+002  0.711107312153115E+002
  0.140600045094359E-001  0.801483656529050E+002  0.722524226859279E+002
  0.140600045094359E-001  0.801287435169871E+002  0.711229864792430E+002
  0.140600045094359E-001  0.801177842083238E+002  0.711279908276004E+002
  0.140600045094359E-001  0.801172524350683E+002  0.722383242222368E+002
  0.140600045094359E-001  0.801126991849859E+002  0.722362308374751E+002
  0.140600045094359E-001  0.801096048591514E+002  0.711317553537808E+002
  0.140600045094359E-001  0.801078178809260E+002  0.711325812315494E+002
  0.140600045094359E-001  0.801032126347101E+002  0.722318436775664E+002
  0.140600045094359E-001  0.800969367748370E+002  0.722289219503408E+002
  0.140600045094359E-001  0.800902348586879E+002  0.711407745222935E+002
  0.140600045094359E-001  0.800866566245454E+002  0.711424570986796E+002
  0.140600045094359E-001  0.800819948489116E+002  0.711446570682267E+002
  0.140600045094359E-001  0.807222070994977E+002  0.714868189929892E+002
  0.140600045094359E-001  0.807221384699833E+002  0.714869079888455E+002
  0.140600045094359E-001  0.807196131356173E+002  0.714902112609455E+002
  0.140600045094359E-001  0.807176879722364E+002  0.714927679482344E+002
  0.140600045094359E-001  0.807162946734225E+002  0.714946399128714E+002
  0.140600045094359E-001  0.807157759982891E+002  0.714953415405984E+002
  0.140600045094359E-001  0.807115026895208E+002  0.715012250602547E+002
  0.140600045094359E-001  0.807094184633821E+002  0.715041647389609E+002
  0.140600045094359E-001  0.807080755129385E+002  0.715060847259186E+002
  0.140600045094359E-001  0.807069148613488E+002  0.715077610029948E+002
  0.140600045094359E-001  0.807065926769175E+002  0.715082291658850E+002
  0.140600045094359E-001  0.807005776593144E+002  0.715172116777997E+002
  0.140600045094359E-001  0.806954769705843E+002  0.715252282738422E+002
  0.140600045094359E-001  0.806951287001493E+002  0.718407684997212E+002
  0.140600045094359E-001  0.806939134150550E+002  0.718387906219193E+002
  0.140600045094359E-001  0.806926195783501E+002  0.718366568719483E+002
  0.140600045094359E-001  0.806917746201294E+002  0.715313117952917E+002
  0.140600045094359E-001  0.806902587525024E+002  0.715338740508664E+002
  0.140600045094359E-001  0.806902438883660E+002  0.718326596280458E+002
  0.140600045094359E-001  0.806899292685854E+002  0.715344368095542E+002
  0.140600045094359E-001  0.806873698134847E+002  0.718276759882156E+002
  0.140600045094359E-001  0.806872409651843E+002  0.718274485308250E+002
  0.140600045094359E-001  0.806866273571342E+002  0.715401986609295E+002
  0.140600045094359E-001  0.806839745577624E+002  0.715450016298052E+002
  0.140600045094359E-001  0.806832232989670E+002  0.715463924218159E+002
  0.140600045094359E-001  0.806831317416035E+002  0.715465628875349E+002
  0.140600045094359E-001  0.806830278066400E+002  0.715467566563949E+002
  0.140600045094359E-001  0.806819523741311E+002  0.718177810191251E+002
  0.140600045094359E-001  0.806787908520891E+002  0.718116545516775E+002
  0.140600045094359E-001  0.806784589543208E+002  0.715555646728050E+002
  0.140600045094359E-001  0.806783210866673E+002  0.718107190998457E+002
  0.140600045094359E-001  0.806776652401108E+002  0.718094014968822E+002
  0.140600045094359E-001  0.806773433664189E+002  0.715578092336823E+002
  0.140600045094359E-001  0.806761362584596E+002  0.715602840637852E+002
  0.140600045094359E-001  0.806755120440988E+002  0.718049754437584E+002
  0.140600045094359E-001  0.806754027482093E+002  0.718047464770833E+002
  0.140600045094359E-001  0.806734283896778E+002  0.718005333801039E+002
  0.140600045094359E-001  0.806720800592867E+002  0.715689920676136E+002
  0.140600045094359E-001  0.806712103698054E+002  0.715709470004167E+002
  0.140600045094359E-001  0.806700671319892E+002  0.715735698102388E+002
  0.140600045094359E-001  0.806695251925993E+002  0.717917237363196E+002
  0.140600045094359E-001  0.806692623311004E+002  0.715754544377213E+002
  0.140600045094359E-001  0.806688436290408E+002  0.717901109486788E+002
  0.140600045094359E-001  0.806662715918301E+002  0.715827671241606E+002
  0.140600045094359E-001  0.806655625764282E+002  0.715845801605052E+002
  0.140600045094359E-001  0.806648805039163E+002  0.717802027199679E+002
  0.140600045094359E-001  0.806647347000279E+002  0.717798188023251E+002
  0.140600045094359E-001  0.806636207318810E+002  0.715897254056132E+002
  0.140600045094359E-001  0.806632672766339E+002  0.717758663219118E+002
  0.140600045094359E-001  0.806632412471538E+002  0.715907643334477E+002
  0.140600045094359E-001  0.806632121551989E+002  0.717757145598448E+002
  0.140600045094359E-001  0.806627549334758E+002  0.715921130369110E+002
  0.140600045094359E-001  0.806627155738262E+002  0.717743359535595E+002
  0.140600045094359E-001  0.806627093231970E+002  0.715922405536422E+002
  0.140600045094359E-001  0.806624213426003E+002  0.717735091734819E+002
  0.140600045094359E-001  0.806615677520433E+002  0.717710665609228E+002
  0.140600045094359E-001  0.806607460806954E+002  0.717686492959193E+002
  0.140600045094359E-001  0.806606506467940E+002  0.715981949323702E+002
  0.140600045094359E-001  0.806602245827515E+002  0.715994800773064E+002
  0.140600045094359E-001  0.806598874922630E+002  0.716005109874262E+002
  0.140600045094359E-001  0.806595736410962E+002  0.717650765162470E+002
  0.140600045094359E-001  0.806590346054748E+002  0.716031785675691E+002
  0.140600045094359E-001  0.806590273786387E+002  0.717633574705279E+002
  0.140600045094359E-001  0.806588325994258E+002  0.716038235002749E+002
  0.140600045094359E-001  0.806587549732986E+002  0.716040727292837E+002
  0.140600045094359E-001  0.806585633978076E+002  0.717618678310970E+002
  0.140600045094359E-001  0.806583860281431E+002  0.717612908597247E+002
  0.140600045094359E-001  0.806577417824911E+002  0.717591582737847E+002
  0.140600045094359E-001  0.806564754576841E+002  0.717547813337500E+002
  0.140600045094359E-001  0.806561959911769E+002  0.717537787888867E+002
  0.140600045094359E-001  0.806557010798247E+002  0.717519674748754E+002
  0.140600045094359E-001  0.806548384735346E+002  0.717486906556008E+002
  0.140600045094359E-001  0.806547435407333E+002  0.717483199469589E+002
  0.140600045094359E-001  0.806540630203569E+002  0.716209610074314E+002
  0.140600045094359E-001  0.806538190092845E+002  0.717445925976572E+002
  0.140600045094359E-001  0.806529117086725E+002  0.716258590573331E+002
  0.140600045094359E-001  0.806523588326537E+002  0.716283662245415E+002
  0.140600045094359E-001  0.806523467581382E+002  0.717381367629090E+002
  0.140600045094359E-001  0.806516579326512E+002  0.717348394263920E+002
  0.140600045094359E-001  0.806512857214834E+002  0.716335923133604E+002
  0.140600045094359E-001  0.806508890935221E+002  0.716356688803527E+002
  0.140600045094359E-001  0.806508129342183E+002  0.717304809507666E+002
  0.140600045094359E-001  0.806506991677704E+002  0.716366960112141E+002
  0.140600045094359E-001  0.806502325345614E+002  0.716393213973012E+002
  0.140600045094359E-001  0.806497172858572E+002  0.716424157869283E+002
  0.140600045094359E-001  0.806495785091767E+002  0.716432901375004E+002
  0.140600045094359E-001  0.806495215277706E+002  0.717229042904309E+002
  0.140600045094359E-001  0.806495176815306E+002  0.716436794617203E+002
  0.140600045094359E-001  0.806491503819578E+002  0.717204421064467E+002
  0.140600045094359E-001  0.806489720419679E+002  0.716473600073700E+002
  0.140600045094359E-001  0.806489438888973E+002  0.717189988234838E+002
  0.140600045094359E-001  0.806484938708955E+002  0.717156311186293E+002
  0.140600045094359E-001  0.806483897058627E+002  0.716517586597073E+002
  0.140600045094359E-001  0.806483249955936E+002  0.716522859610754E+002
  0.140600045094359E-001  0.812066368893358E+002  0.716553769720802E+002
  0.140600045094359E-001  0.812065471976771E+002  0.716562080864177E+002
  0.140600045094359E-001  0.812063388517952E+002  0.716582449555207E+002
  0.140600045094359E-001  0.812058363436328E+002  0.716640247119911E+002
  0.140600045094359E-001  0.812056399553217E+002  0.716668263804273E+002
  0.140600045094359E-001  0.812055899145653E+002  0.716676201897088E+002
  0.140600045094359E-001  0.812054920416747E+002  0.716693024902732E+002
  0.140600045094359E-001  0.812054499712089E+002  0.716700914074271E+002
  0.140600045094359E-001  0.812052729605499E+002  0.716741277119061E+002
  0.140600045094359E-001  0.812052239472695E+002  0.716756121993292E+002
  0.140600045094359E-001  0.820007632677530E+002  0.716797951572014E+002
  0.140600045094359E-001  0.820007570849141E+002  0.716802809891286E+002
  0.140600045094359E-001  0.820007542148435E+002  0.716805355911286E+002
  0.140600045094359E-001  0.820007462182380E+002  0.716814205971431E+002
