  0.223713899494012E-058  0.354579386095996E+003  0.600151553943244E+002
  0.497824604383368E-058  0.352972970888091E+003  0.600502747554734E+002
  0.283758931198360E-057  0.349485390664047E+003  0.601268874108939E+002
  0.978573778953064E-057  0.347002792803545E+003  0.601817342601363E+002
  0.180922396209148E-056  0.345767023027266E+003  0.602091332618852E+002
  0.748147995245666E-055  0.338316132013273E+003  0.603757382818910E+002
  0.295778087280928E-054  0.335560288937075E+003  0.604379853781138E+002
  0.641529830536315E-054  0.334005140924534E+003  0.604732645558541E+002
  0.106708956214788E-053  0.332980816340625E+003  0.604965625593740E+002
  0.555693240904784E-053  0.329673938112570E+003  0.605721100888527E+002
  0.111009234944284E-052  0.328283318389307E+003  0.606040334574952E+002
  0.436373808282218E-052  0.325538891131272E+003  0.606673065666642E+002
  0.761685452072714E-052  0.324418166664214E+003  0.606932497612788E+002
  0.845411998458581E-052  0.324202930278501E+003  0.606982391941537E+002
  0.141795465650911E-050  0.318556811214659E+003  0.608299421193826E+002
  0.251180238918791E-050  0.317406585377949E+003  0.608569690456589E+002
  0.419760477134441E-050  0.316372902815191E+003  0.608813152394494E+002
  0.456624501262818E-049  0.311592722775361E+003  0.609946233669977E+002
  0.930937821766880E-049  0.310161405003866E+003  0.610287853681626E+002
  0.176280319726233E-048  0.308877813307356E+003  0.610595149447377E+002
  0.254270877800755E-048  0.308138508340994E+003  0.610772545395874E+002
  0.774402167635540E-048  0.305904470384262E+003  0.611310414126515E+002
  0.219222769092279E-047  0.303816650441687E+003  0.611815569522686E+002
  0.252134916140063E-046  0.298925072870556E+003  0.613008728561016E+002
  0.912933389618784E-046  0.296345020101415E+003  0.613643615239369E+002
  0.236740110726389E-045  0.294432594255228E+003  0.614116747972215E+002
  0.331206884861018E-045  0.293754378175683E+003  0.614285062468708E+002
  0.355535360395495E-045  0.293605959593433E+003  0.614321932717088E+002
  0.593085190699305E-045  0.292575877336714E+003  0.614578192796956E+002
  0.710860649573926E-045  0.292206945018097E+003  0.614670130761908E+002
  0.135988949423104E-044  0.290902924832405E+003  0.614995757863829E+002
  0.470627698417234E-044  0.288413281844153E+003  0.615620356401805E+002
  0.739816255873017E-044  0.287501957223437E+003  0.615849954270985E+002
  0.127152833775955E-043  0.286412155605260E+003  0.616125204643723E+002
  0.130985035510665E-043  0.286346113414195E+003  0.616141909050391E+002
  0.272658142988415E-043  0.284873186427851E+003  0.616515187202532E+002
  0.337529247049417E-043  0.284439664092726E+003  0.616625317935598E+002
  0.959334973371834E-043  0.282343832224829E+003  0.617159452989829E+002
  0.341298773333992E-042  0.279798970551718E+003  0.617811899135469E+002
  0.556336387370610E-042  0.278815085246026E+003  0.618065300786679E+002
  0.290493522672153E-041  0.275502843171226E+003  0.618923195614098E+002
  0.443582054717091E-041  0.274649584546969E+003  0.619145416209628E+002
  0.100553363879484E-040  0.273006147241709E+003  0.619574859777407E+002
  0.295013417695793E-040  0.270846827124389E+003  0.620142007075763E+002
  0.641528872500697E-040  0.269286504840567E+003  0.620553906327935E+002
  0.749215908002080E-040  0.268969503234733E+003  0.620637805065452E+002
  0.287755113627205E-038  0.261666342052856E+003  0.622591364540907E+002
  0.917523454181721E-038  0.259340549824226E+003  0.623222061117122E+002
  0.948320770422687E-038  0.259267864908632E+003  0.623241839933077E+002
  0.509078586780798E-037  0.255900219965164E+003  0.624162862753217E+002
  0.993725955927717E-037  0.254555846242401E+003  0.624533104482557E+002
  0.107130096758808E-036  0.254398855510064E+003  0.624576436757819E+002
  0.148371867244028E-036  0.253740844358939E+003  0.624758281579468E+002
  0.591377380360144E-036  0.250968723538480E+003  0.625528348398578E+002
  0.754819704234768E-036  0.250474018839651E+003  0.625666456277618E+002
  0.935635504878940E-036  0.250037869130712E+003  0.625788390993338E+002
  0.154686547306061E-035  0.249025693742250E+003  0.626071996871914E+002
  0.378962405201405E-034  0.242621795553019E+003  0.627887290450068E+002
  0.107927366128837E-033  0.240521926867679E+003  0.628490654496104E+002
  0.207274603026303E-033  0.239210099219952E+003  0.628869687739585E+002
  0.228505371236280E-033  0.239008413204236E+003  0.628928106888911E+002
  0.575645313696257E-033  0.237153893664784E+003  0.629467106753065E+002
  0.149163225405093E-031  0.230637798747273E+003  0.631387909871813E+002
  0.154571268152955E-031  0.230559914979783E+003  0.631411129521373E+002
  0.588373256824818E-031  0.227879846870598E+003  0.632214025690359E+002
  0.213101130641896E-030  0.225299210488915E+003  0.632994400230273E+002
  0.463318862991225E-030  0.223739257586256E+003  0.633469666527827E+002
  0.567086869071361E-030  0.223328408017637E+003  0.633595290334471E+002
  0.142778410062149E-029  0.221475019555058E+003  0.634164366371751E+002
  0.150600406354128E-029  0.221361691644547E+003  0.799466299781481E+002
  0.223632117562488E-029  0.220564291352678E+003  0.634445442398946E+002
  0.123713043967887E-028  0.217136540880891E+003  0.635512050308242E+002
  0.181394071528938E-028  0.216364471034421E+003  0.635754230252266E+002
  0.264030188774954E-028  0.215607032268954E+003  0.797673064415253E+002
  0.266912968333693E-028  0.215578658296894E+003  0.636001466098282E+002
  0.630064885720107E-028  0.213854202390063E+003  0.797118899666522E+002
  0.124247726235108E-027  0.212489467508686E+003  0.636980820185485E+002
  0.152716982624806E-027  0.212070193814966E+003  0.796550922036343E+002
  0.208743417820269E-027  0.211438499414429E+003  0.637316754314889E+002
  0.222593744493530E-027  0.211303358825029E+003  0.637360054034975E+002
  0.367967127919815E-027  0.210291412701977E+003  0.795980550779575E+002
  0.628369302522468E-027  0.209214488227602E+003  0.795633225522210E+002
  0.870286946271500E-027  0.208556442796216E+003  0.795420239860208E+002
  0.125321970368068E-026  0.207820490613872E+003  0.795181352718654E+002
  0.153306968102811E-026  0.207410722933247E+003  0.795048027551302E+002
  0.189015716900491E-026  0.206985291491199E+003  0.794909365012870E+002
  0.890771458324247E-026  0.203878120461882E+003  0.639776523524078E+002
  0.895819146420055E-026  0.203860163576264E+003  0.639782459272948E+002
  0.921664579373860E-026  0.203796622369071E+003  0.793862123365119E+002
  0.113006439807592E-025  0.203382269711009E+003  0.639940598127882E+002
  0.138434979586066E-025  0.202969702236049E+003  0.640077382014496E+002
  0.143393918344452E-025  0.202892657130037E+003  0.640102952805220E+002
  0.201936066690002E-025  0.202201290291987E+003  0.640332795631478E+002
  0.255540832576361E-025  0.201723772580813E+003  0.793173641219512E+002
  0.438932361721645E-025  0.200635190767800E+003  0.792809578117559E+002
  0.547371932931375E-025  0.200186968799220E+003  0.792659167636134E+002
  0.173974873859415E-024  0.197867578305435E+003  0.791876030401095E+002
  0.440182280619234E-024  0.196004366666092E+003  0.642424639156059E+002
  0.443723995465180E-024  0.195981683441818E+003  0.642432404177746E+002
  0.493319683726080E-024  0.195763118517071E+003  0.642507265857065E+002
  0.635047637854047E-024  0.195251377723412E+003  0.790982750012630E+002
  0.688539419520880E-024  0.195082977034398E+003  0.642740708168068E+002
  0.203141641978571E-023  0.192912489450759E+003  0.790174945147266E+002
  0.213761626324962E-023  0.192803917832508E+003  0.790137230494130E+002
  0.241536624786060E-023  0.192552943015279E+003  0.643615615499192E+002
  0.263451267554969E-023  0.192372592853116E+003  0.643678381650524E+002
  0.267784226939579E-023  0.192333311023224E+003  0.643692059806372E+002
  0.390115423109027E-023  0.191574133204715E+003  0.789708676127558E+002
  0.472992345209972E-023  0.191182204518839E+003  0.644094023643845E+002
  0.724981747631877E-023  0.190321414390683E+003  0.644396067294982E+002
  0.796010998686824E-023  0.190127825761824E+003  0.789201420741151E+002
  0.106425928994294E-022  0.189540327520491E+003  0.788994352363609E+002
  0.110300990726841E-022  0.189462144605194E+003  0.644698838846945E+002
  0.157654766669138E-022  0.188741099599061E+003  0.644953889743893E+002
  0.160856155098438E-022  0.188694238223424E+003  0.788695093149446E+002
  0.199017127175007E-022  0.188261821906844E+003  0.788541666572070E+002
  0.253292364234643E-022  0.187772859278297E+003  0.645297809962959E+002
  0.285428341646114E-022  0.187527310510709E+003  0.645385292359383E+002
  0.322787938982265E-022  0.187274645796842E+003  0.788190168278246E+002
  0.508706986931849E-022  0.186358236987334E+003  0.787862310858663E+002
  0.672634342665269E-022  0.185792922065231E+003  0.646006285142488E+002
  0.951600763907076E-022  0.185092379037808E+003  0.646258661804328E+002
  0.135096962120889E-021  0.184384858916890E+003  0.787151118821995E+002
  0.255469535585962E-021  0.183103982517752E+003  0.786685624551999E+002
  0.259112155592882E-021  0.183069011271352E+003  0.646992718371078E+002
  0.418834071283032E-021  0.182101928032994E+003  0.647346304876577E+002
  0.467675642234928E-021  0.181874672146302E+003  0.647429655928398E+002
  0.605312393014122E-021  0.181352077179373E+003  0.786043880359417E+002
  0.105099727587411E-020  0.180241921395028E+003  0.785634118480286E+002
  0.105040728860620E-020  0.180236388849014E+003  0.648033519922806E+002
  0.105425995585905E-020  0.180222411120272E+003  0.648038694857163E+002
  0.233130956794801E-020  0.178628573342344E+003  0.785034238326737E+002
  0.371172893637182E-020  0.177691782496893E+003  0.784683483991135E+002
  0.397590962797334E-020  0.177547615375703E+003  0.649036246567858E+002
  0.470387052140302E-020  0.177204695543813E+003  0.784500389884252E+002
  0.674706024678464E-020  0.176476597551592E+003  0.649439817068292E+002
  0.900435759515681E-020  0.175892738478654E+003  0.649660842324624E+002
  0.105580114432807E-019  0.175567730272768E+003  0.783881397346557E+002
  0.121180985313898E-019  0.175285444430115E+003  0.783774076806664E+002
  0.165627720174515E-019  0.174653873958284E+003  0.650132251700670E+002
  0.181427626076935E-019  0.174464989979132E+003  0.650204418346993E+002
  0.242558306831966E-019  0.173877563794474E+003  0.783236233493534E+002
  0.360483645928699E-019  0.173078499276875E+003  0.650736564927415E+002
  0.623927146680185E-019  0.171974669659268E+003  0.651163306910088E+002
  0.635247374977474E-019  0.171932052318109E+003  0.782485751767946E+002
  0.132736407069584E-018  0.170451525011939E+003  0.781908838877058E+002
  0.134755469318481E-018  0.170414676356400E+003  0.651771175291421E+002
  0.453830997273761E-018  0.167979494619340E+003  0.652731591788162E+002
  0.630212457541302E-018  0.167316174797774E+003  0.780669886395894E+002
  0.698807561413772E-018  0.167102882413503E+003  0.780584727936635E+002
  0.898750199848450E-018  0.166592967368063E+003  0.780380678306295E+002
  0.945713145768312E-018  0.166484443461685E+003  0.653328423881519E+002
  0.983168662045425E-018  0.166400105101857E+003  0.653362259413547E+002
  0.100247512602878E-017  0.166354556196440E+003  0.780285049623869E+002
  0.121106386120471E-017  0.165969846357246E+003  0.653535155526142E+002
  0.187562276992503E-017  0.165088307675498E+003  0.653890878304838E+002
  0.192559386922195E-017  0.165029064744474E+003  0.779750733790422E+002
  0.265583659381775E-017  0.164379358598978E+003  0.654178422094946E+002
  0.276502602048911E-017  0.164292122340221E+003  0.779451694590007E+002
  0.324105681675052E-017  0.163967767941968E+003  0.779319623318205E+002
  0.525355274517017E-017  0.162995102148837E+003  0.654743703259855E+002
  0.583731290088886E-017  0.162777714548372E+003  0.778832645331438E+002
  0.780028018721542E-017  0.162191280801694E+003  0.778591260304778E+002
  0.814408035916050E-017  0.162098361876398E+003  0.655112663387824E+002
  0.102014988768308E-016  0.161641219633893E+003  0.655301604091107E+002
  0.103395234036760E-016  0.161607685819054E+003  0.778350103470006E+002
  0.116433491479303E-016  0.161363507533123E+003  0.655416668631780E+002
  0.116637938462877E-016  0.161353343208239E+003  0.655420884109392E+002
  0.133453497370971E-016  0.161077330649830E+003  0.655535466357602E+002
  0.134842448702117E-016  0.161049967134844E+003  0.778118752652093E+002
  0.150377370867424E-016  0.160825229774101E+003  0.655640309526717E+002
  0.210634207044157E-016  0.160144624048749E+003  0.777741330560078E+002
  0.223278717907295E-016  0.160021372800551E+003  0.777689768198348E+002
  0.309104975239819E-016  0.159364197024821E+003  0.777414096793347E+002
  0.322711871176393E-016  0.159271383563600E+003  0.777375062342681E+002
  0.422325076699192E-016  0.158726697071408E+003  0.656520115208353E+002
  0.430873994673322E-016  0.158679960790837E+003  0.656539855445460E+002
  0.451601170495790E-016  0.158579337745561E+003  0.777083212154127E+002
  0.120069829739035E-015  0.156616963851650E+003  0.776247842511518E+002
  0.206787301394612E-015  0.155523073776518E+003  0.775777041835762E+002
  0.235115776522072E-015  0.155259643549583E+003  0.658002489344379E+002
  0.272149998887468E-015  0.154960437325564E+003  0.658132172694001E+002
  0.276205182690058E-015  0.154924200496834E+003  0.658147898083792E+002
  0.303212420065795E-015  0.154730965694364E+003  0.658231825804632E+002
  0.403692653307875E-015  0.154151869687996E+003  0.658484067706387E+002
  0.537794700516725E-015  0.153571567986842E+003  0.774927656808145E+002
  0.542661484582647E-015  0.153546894769114E+003  0.658748751834726E+002
  0.562755005694847E-015  0.153467521856422E+003  0.658783568039142E+002
  0.600654417044492E-015  0.153330515514022E+003  0.658843713803074E+002
  0.626620597481834E-015  0.153239216946072E+003  0.774781761690890E+002
  0.631479781604184E-015  0.153217112015849E+003  0.774772045061662E+002
  0.655381519577449E-015  0.153136153207893E+003  0.658929146007073E+002
  0.738797828053664E-015  0.152889884088128E+003  0.774628014916707E+002
  0.749238042187968E-015  0.152855163632204E+003  0.659052878654319E+002
  0.775314379387603E-015  0.152780084348895E+003  0.659085984402727E+002
  0.154587695572895E-014  0.151393272690176E+003  0.659700940148359E+002
  0.184475678184574E-014  0.151033104939914E+003  0.659861735632541E+002
  0.189462075036726E-014  0.150973106872673E+003  0.659888565653157E+002
  0.308969805375528E-014  0.149988341928226E+003  0.660330754843843E+002
  0.656947308402475E-014  0.148472965827889E+003  0.772647543002640E+002
  0.697467452427143E-014  0.148346606178799E+003  0.772589850454530E+002
  0.749528856169672E-014  0.148195972662731E+003  0.772520996992100E+002
  0.822509354529284E-014  0.148003487005543E+003  0.772432889133977E+002
  0.868350169093412E-014  0.147888361029237E+003  0.772380124893969E+002
  0.114842305788991E-013  0.147322605504259E+003  0.772120097513185E+002
  0.123495330684687E-013  0.147170663096460E+003  0.661615535669844E+002
  0.129405910576494E-013  0.147070506094913E+003  0.772003835170911E+002
  0.162479711420046E-013  0.146608652348003E+003  0.661875389213415E+002
  0.169944538848499E-013  0.146512158766660E+003  0.771745462152892E+002
  0.231122859010655E-013  0.145890548617333E+003  0.662209213350140E+002
  0.313963030215738E-013  0.145271241408177E+003  0.662498757163932E+002
  0.335489407140258E-013  0.145131955544490E+003  0.662564090074926E+002
  0.358386135464489E-013  0.144993258737781E+003  0.771036365278478E+002
  0.439778774406394E-013  0.144577281519175E+003  0.662825047447917E+002
  0.691108078199831E-013  0.143666577129195E+003  0.663256262959837E+002
  0.938910185555051E-013  0.143047074337676E+003  0.663551589893113E+002
  0.980680512795455E-013  0.142953364945702E+003  0.770069184892802E+002
  0.109709301926101E-012  0.142722364326696E+003  0.663707040135606E+002
  0.138024214828046E-012  0.142256518783261E+003  0.663930854721327E+002
  0.146954718566042E-012  0.142124472477421E+003  0.663994468561793E+002
  0.164988712674438E-012  0.141886311774902E+003  0.769556192713235E+002
  0.293320962375007E-012  0.140728875433384E+003  0.768994044342726E+002
  0.299076057919963E-012  0.140683358910870E+003  0.768971813833444E+002
  0.320981026909295E-012  0.140535335131036E+003  0.768899452614241E+002
  0.326754089651366E-012  0.140493027844066E+003  0.664786837942816E+002
  0.336473495930125E-012  0.140427749236968E+003  0.664818793985568E+002
  0.470595967051014E-012  0.139750132607935E+003  0.768513913314727E+002
  0.533562058692039E-012  0.139492326065312E+003  0.768386699979921E+002
  0.547196793864629E-012  0.139435204246222E+003  0.665307119209596E+002
  0.643624174037906E-012  0.139103935730151E+003  0.665471134372326E+002
  0.797432384378244E-012  0.138668716006930E+003  0.767978173708525E+002
  0.103863246754688E-011  0.138133534136320E+003  0.665954635157924E+002
  0.110868894267521E-011  0.137996332012743E+003  0.666023367105381E+002
  0.138915702001880E-011  0.137538638596076E+003  0.666253325902583E+002
  0.156259082801932E-011  0.137296686759654E+003  0.767290277056286E+002
  0.188318736041008E-011  0.136916790149732E+003  0.666567446728666E+002
  0.231590749529494E-011  0.136496462826365E+003  0.666780887676474E+002
  0.234104281762074E-011  0.136468217523533E+003  0.666795263202356E+002
  0.267843431214562E-011  0.136192290076818E+003  0.766729675109659E+002
  0.286303339349290E-011  0.136052335940750E+003  0.766658182795705E+002
  0.301513652628222E-011  0.135942153517279E+003  0.766601826416842E+002
  0.330314223940260E-011  0.135753039741735E+003  0.766504948980997E+002
  0.440883879899578E-011  0.135168909892112E+003  0.766204516046967E+002
  0.471103932619516E-011  0.135029659904886E+003  0.667532964245152E+002
  0.490191288797403E-011  0.134943570391069E+003  0.667577461849659E+002
  0.500696232032991E-011  0.134894507023516E+003  0.766062750691940E+002
  0.828006982185747E-011  0.133881807457266E+003  0.668129604237055E+002
  0.848399072201593E-011  0.133826492792755E+003  0.668158540848243E+002
  0.926540796133788E-011  0.133643623316217E+003  0.765411262662086E+002
  0.955398787458164E-011  0.133575626226974E+003  0.765375597702950E+002
  0.116802872011850E-010  0.133167082805950E+003  0.668504830580069E+002
  0.125976537316764E-010  0.133009211188553E+003  0.668588105774276E+002
  0.130063051779582E-010  0.132938708270921E+003  0.765040248613522E+002
  0.143576745123729E-010  0.132734351980933E+003  0.764932155816515E+002
  0.175918989444700E-010  0.132321388600023E+003  0.764712976974075E+002
  0.181232895823615E-010  0.132255214380668E+003  0.668987828306559E+002
  0.318036870016906E-010  0.131123790004290E+003  0.764071605262917E+002
  0.326001269539907E-010  0.131067666511815E+003  0.764041334687622E+002
  0.343476570040153E-010  0.130956575683244E+003  0.669684230401044E+002
  0.392966100362214E-010  0.130680711203694E+003  0.669833493021534E+002
  0.431836268978300E-010  0.130485409303749E+003  0.669939452706674E+002
  0.462539181866461E-010  0.130341384200554E+003  0.670017746164580E+002
  0.517494528214214E-010  0.130110193259026E+003  0.670143698350465E+002
  0.529588778069696E-010  0.130057333952104E+003  0.763493046503303E+002
  0.554138652889377E-010  0.129960050139010E+003  0.670225678211872E+002
  0.587335199583014E-010  0.129837033031000E+003  0.670292954589799E+002
  0.591993182971153E-010  0.129814578602321E+003  0.670305245109138E+002
  0.646011655400444E-010  0.129633278169197E+003  0.670404599797689E+002
  0.736837639684901E-010  0.129363522543113E+003  0.763112766499241E+002
  0.108136004675209E-009  0.128589652440077E+003  0.670980704750939E+002
  0.113706416136835E-009  0.128482536675589E+003  0.762625345015138E+002
  0.128873942011200E-009  0.128225451288769E+003  0.671183463326886E+002
  0.136526100081837E-009  0.128103433562878E+003  0.671251594910141E+002
  0.136924165287150E-009  0.128090955125129E+003  0.671258568292022E+002
  0.149472849959662E-009  0.127908924472548E+003  0.762305175323055E+002
  0.183337631058738E-009  0.127493839570953E+003  0.762072076771418E+002
  0.214847144375655E-009  0.127169989215840E+003  0.671776215016100E+002
  0.241676528107362E-009  0.126927986930795E+003  0.761752363440618E+002
  0.257922537233541E-009  0.126791213100124E+003  0.671990847657211E+002
  0.263963892890160E-009  0.126738251464182E+003  0.761644650042943E+002
  0.271305319089485E-009  0.126676730882060E+003  0.761609668994348E+002
  0.315097812937106E-009  0.126370798736914E+003  0.672230283887911E+002
  0.315745035914839E-009  0.126360039293422E+003  0.672236428524185E+002
  0.385224749606268E-009  0.125955599933966E+003  0.761197572212756E+002
  0.396900557109993E-009  0.125889226685246E+003  0.672506140130278E+002
  0.438726946680764E-009  0.125682188171500E+003  0.761040324258762E+002
  0.451367310263267E-009  0.125618724165351E+003  0.672661846208098E+002
  0.546300753398317E-009  0.125230292162586E+003  0.672886399468457E+002
  0.548955417738405E-009  0.125213941427574E+003  0.760769713181888E+002
  0.593842503755464E-009  0.125050092033177E+003  0.672990964045252E+002
  0.855526736762468E-009  0.124313230039748E+003  0.673421162894778E+002
  0.914473148661983E-009  0.124173312939570E+003  0.673503332586715E+002
  0.982697066535009E-009  0.124022751770133E+003  0.760073662532233E+002
  0.105058537030734E-008  0.123882492423782E+003  0.673674624472306E+002
  0.111702122904551E-008  0.123753200801674E+003  0.673750995308763E+002
  0.134540966402546E-008  0.123374479172933E+003  0.759690105929026E+002
  0.152079734737104E-008  0.123122751156025E+003  0.674125350036200E+002
  0.163500902874722E-008  0.122971268458748E+003  0.759449801272406E+002
  0.171120396314987E-008  0.122873515141991E+003  0.759391338107592E+002
  0.170888868450158E-008  0.122869567417107E+003  0.674276614800968E+002
  0.231776327842432E-008  0.122253393138192E+003  0.759018575546550E+002
  0.358477000044949E-002  0.928935421310773E+002  0.695178651956155E+002
  0.411759786807379E-002  0.926163908597085E+002  0.695507139007333E+002
  0.419115699037498E-002  0.925809771085598E+002  0.695549477619759E+002
  0.423508980291800E-002  0.925601216972652E+002  0.695574450582445E+002
  0.453019518648881E-002  0.924254007107186E+002  0.695736482228255E+002
  0.494863585588060E-002  0.922203375850592E+002  0.695985532999400E+002
  0.500434917652406E-002  0.921695774836316E+002  0.696047642300190E+002
  0.503337661172546E-002  0.921296408460068E+002  0.696096638931663E+002
  0.517281197856132E-002  0.920466207956293E+002  0.696198865158096E+002
  0.598399390209743E-002  0.916989354857589E+002  0.696632604581570E+002
  0.622902642893575E-002  0.916186718307355E+002  0.696734063742639E+002
  0.653662973340802E-002  0.915222685263189E+002  0.696856605755771E+002
  0.817855968153033E-002  0.910740798149160E+002  0.697436479749817E+002
  0.826199868672796E-002  0.910537788689906E+002  0.697463156416338E+002
  0.835634825182726E-002  0.910310688896650E+002  0.697493042303787E+002
  0.922473451064084E-002  0.908333351086769E+002  0.697755234427597E+002
  0.985886802645023E-002  0.907003692142245E+002  0.697933590562230E+002
  0.995042503827804E-002  0.906508730206152E+002  0.698000414569214E+002
  0.134065255654134E-001  0.899930770968019E+002  0.698912139258253E+002
  0.135090727574831E-001  0.899473022627148E+002  0.698977316973505E+002
  0.148734429346189E-001  0.897548707557893E+002  0.699253958841599E+002
  0.151051864471627E-001  0.897239489780273E+002  0.699298819392815E+002
  0.156751916674605E-001  0.896498666662993E+002  0.699406765951971E+002
  0.198115509027792E-001  0.891814950013074E+002  0.700105354634937E+002
  0.204354480077400E-001  0.891194832137147E+002  0.700200046246096E+002
  0.211394852733671E-001  0.890517400310127E+002  0.700304109655919E+002
  0.230987168183084E-001  0.888744711603784E+002  0.700579573129948E+002
  0.236069286225794E-001  0.888309447850737E+002  0.700647926981148E+002
  0.238859555779156E-001  0.888074439873852E+002  0.700684952934944E+002
  0.237162984204607E-001  0.887863011224641E+002  0.700718336619113E+002
  0.251982146218486E-001  0.886650798528310E+002  0.700911090930253E+002
  0.286440717997941E-001  0.884087331326323E+002  0.701326597737618E+002
  0.307962151758147E-001  0.882638425431143E+002  0.701566449299994E+002
  0.319270160215824E-001  0.881917210429594E+002  0.701687254925952E+002
  0.334001142081850E-001  0.881015075014003E+002  0.701839735466368E+002
  0.361669497681610E-001  0.879034985445075E+002  0.702179976173649E+002
  0.384663500298603E-001  0.877802223006280E+002  0.702395852487622E+002
  0.385013408431713E-001  0.877784038328879E+002  0.702399061078913E+002
  0.415792419734032E-001  0.876245878650416E+002  0.702673092796534E+002
  0.439276913202410E-001  0.875147001624448E+002  0.702872157513109E+002
  0.462154475895196E-001  0.874131617572327E+002  0.703058654319856E+002
  0.464949479293890E-001  0.873580902379892E+002  0.703160868864869E+002
  0.490153387936704E-001  0.872525109865504E+002  0.703358995508281E+002
  0.499966305320778E-001  0.872128663304134E+002  0.703434147969228E+002
  0.529291891925185E-001  0.870988676234788E+002  0.703652637301450E+002
  0.537294742544957E-001  0.870688541185308E+002  0.703710766002365E+002
  0.558435827316175E-001  0.869916683238864E+002  0.703861452012078E+002
  0.572863849703928E-001  0.869406515862206E+002  0.703962017809175E+002
  0.595150827387765E-001  0.868643180143391E+002  0.704113973816372E+002
  0.595301375038150E-001  0.868638121640382E+002  0.704114986860142E+002
  0.617257464598643E-001  0.867913753010651E+002  0.704260895694176E+002
  0.625126435451218E-001  0.867660398920011E+002  0.704312329906489E+002
  0.629835318480558E-001  0.867510309720441E+002  0.704342899893440E+002
  0.651581496087291E-001  0.866831427866622E+002  0.704482118851669E+002
  0.653698723243653E-001  0.866766545890113E+002  0.704495506507622E+002
  0.684305493694586E-001  0.865851388517547E+002  0.704685910522657E+002
  0.731635458031076E-001  0.864513829804797E+002  0.704969693741739E+002
  0.732406380670423E-001  0.864492766944701E+002  0.704974216857148E+002
  0.741888265020282E-001  0.864235504527951E+002  0.705029602201139E+002
  0.753766864873515E-001  0.863917814991674E+002  0.705098357461491E+002
  0.782785267393251E-001  0.863162309141036E+002  0.705263507332725E+002
  0.774601382780339E-001  0.862645153511913E+002  0.705377927693939E+002
  0.810779052099939E-001  0.861732212993452E+002  0.705582755311339E+002
  0.814330292004782E-001  0.861644803599852E+002  0.705602562475429E+002
  0.817906008569419E-001  0.861557176035547E+002  0.705622454205162E+002
  0.833845019235594E-001  0.861171173419859E+002  0.705710501506918E+002
  0.850915990899571E-001  0.859914664156129E+002  0.706002067698295E+002
  0.905059243648691E-001  0.858680924185148E+002  0.706296197645011E+002
  0.916634967220482E-001  0.858426745864589E+002  0.706357821055774E+002
  0.950193771105840E-001  0.857707613600586E+002  0.706534165873841E+002
  0.990227765031062E-001  0.856882232621089E+002  0.706740361934942E+002
  0.100522296794409E+000  0.856581639177460E+002  0.706816510352679E+002
  0.100969927164752E+000  0.856492775975106E+002  0.706839132914552E+002
  0.101964902884928E+000  0.856296657114149E+002  0.706889242479933E+002
  0.102955569835553E+000  0.856103279721381E+002  0.706938900073392E+002
  0.102998004602360E+000  0.856095038103332E+002  0.706941021986154E+002
  0.105996020195454E+000  0.855521199446693E+002  0.707089900493817E+002
  0.107262734045007E+000  0.855283604746031E+002  0.707152213046603E+002
  0.109776955602909E+000  0.854820217789591E+002  0.707274911513044E+002
  0.111638139063229E+000  0.854483975619457E+002  0.707364939263270E+002
  0.112643676030699E+000  0.854304639866460E+002  0.707413307668559E+002
  0.112960375600894E+000  0.854248488431956E+002  0.707428503336600E+002
  0.114029315864466E+000  0.854060118967495E+002  0.707479660093589E+002
  0.115387707006769E+000  0.853823273941750E+002  0.707544381514380E+002
  0.116536177477714E+000  0.853625195186544E+002  0.707598857808104E+002
  0.123289488733601E+000  0.852498527268087E+002  0.707915045305804E+002
  0.126423911319269E+000  0.851996417695285E+002  0.708059627196932E+002
  0.126808531832772E+000  0.851935663898580E+002  0.708077283101594E+002
  0.132383394352672E+000  0.851075186101517E+002  0.708331286550851E+002
