  0.102707683356510E-058  0.354053768480583E+003  0.600151553943244E+002
  0.228552682465112E-058  0.352447353272678E+003  0.600502747554734E+002
  0.130274527067921E-057  0.348959773048634E+003  0.601268874108939E+002
  0.449265986856533E-057  0.346477175188131E+003  0.601817342601363E+002
  0.830619832919571E-057  0.345241405411853E+003  0.602091332618852E+002
  0.343476858493352E-055  0.337790514397860E+003  0.603757382818910E+002
  0.135792555585297E-054  0.335034671321662E+003  0.604379853781138E+002
  0.294528157827958E-054  0.333479523309121E+003  0.604732645558541E+002
  0.489903833020695E-054  0.332455198725212E+003  0.604965625593740E+002
  0.255120336998685E-053  0.329148320497157E+003  0.605721100888527E+002
  0.509646534171260E-053  0.327757700773894E+003  0.606040334574952E+002
  0.200340448347175E-052  0.325013273515859E+003  0.606673065666642E+002
  0.349691943172443E-052  0.323892549048801E+003  0.606932497612788E+002
  0.388131037185750E-052  0.323677312663088E+003  0.606982391941537E+002
  0.650986989203711E-051  0.318031193599246E+003  0.608299421193826E+002
  0.115317557391979E-050  0.316880967762536E+003  0.608569690456589E+002
  0.192713221076620E-050  0.315847285199778E+003  0.608813152394494E+002
  0.209637598712465E-049  0.311067105159948E+003  0.609946233669977E+002
  0.427396184317964E-049  0.309635787388452E+003  0.610287853681626E+002
  0.809307928625626E-049  0.308352195691943E+003  0.610595149447377E+002
  0.116736478435222E-048  0.307612890725581E+003  0.610772545395874E+002
  0.355530223218143E-048  0.305378852768849E+003  0.611310414126515E+002
  0.100645792699484E-047  0.303291032826274E+003  0.611815569522686E+002
  0.115755852401685E-046  0.298399455255143E+003  0.613008728561016E+002
  0.419130298647638E-046  0.295819402486001E+003  0.613643615239369E+002
  0.108688053738575E-045  0.293906976639815E+003  0.614116747972215E+002
  0.152058016657622E-045  0.293228760560269E+003  0.614285062468708E+002
  0.163227288515085E-045  0.293080341978020E+003  0.614321932717088E+002
  0.272287086799499E-045  0.292050259721300E+003  0.614578192796956E+002
  0.326358132740863E-045  0.291681327402683E+003  0.614670130761908E+002
  0.624329109139985E-045  0.290377307216992E+003  0.614995757863829E+002
  0.216066506091790E-044  0.287887664228739E+003  0.615620356401805E+002
  0.339651733406219E-044  0.286976339608024E+003  0.615849954270985E+002
  0.583762252541376E-044  0.285886537989847E+003  0.616125204643723E+002
  0.601355998983463E-044  0.285820495798782E+003  0.616141909050391E+002
  0.125178123835702E-043  0.284347568812438E+003  0.616515187202532E+002
  0.154960631002014E-043  0.283914046477313E+003  0.616625317935598E+002
  0.440433396855340E-043  0.281818214609415E+003  0.617159452989829E+002
  0.156691231169978E-042  0.279273352936304E+003  0.617811899135469E+002
  0.255415607358342E-042  0.278289467630613E+003  0.618065300786679E+002
  0.133366397041985E-041  0.274977225555813E+003  0.618923195614098E+002
  0.203649774652170E-041  0.274123966931556E+003  0.619145416209628E+002
  0.461643334684377E-041  0.272480529626296E+003  0.619574859777407E+002
  0.135441493618204E-040  0.270321209508976E+003  0.620142007075763E+002
  0.294527717991099E-040  0.268760887225154E+003  0.620553906327935E+002
  0.343967140257186E-040  0.268443885619319E+003  0.620637805065452E+002
  0.132109185712133E-038  0.261140724437443E+003  0.622591364540907E+002
  0.421237610257599E-038  0.258814932208812E+003  0.623222061117122E+002
  0.435376745160993E-038  0.258742247293218E+003  0.623241839933077E+002
  0.233719417581660E-037  0.255374602349751E+003  0.624162862753217E+002
  0.456222394117727E-037  0.254030228626988E+003  0.624533104482557E+002
  0.491837301157540E-037  0.253873237894651E+003  0.624576436757819E+002
  0.681179434732524E-037  0.253215226743526E+003  0.624758281579468E+002
  0.271503026247409E-036  0.250443105923067E+003  0.625528348398578E+002
  0.346539858941019E-036  0.249948401224238E+003  0.625666456277618E+002
  0.429552903907914E-036  0.249512251515298E+003  0.625788390993338E+002
  0.710170309317247E-036  0.248500076126837E+003  0.626071996871914E+002
  0.173982710978084E-034  0.242096177937606E+003  0.627887290450068E+002
  0.495497587362005E-034  0.239996309252266E+003  0.628490654496104E+002
  0.951603558993077E-034  0.238684481604539E+003  0.628869687739585E+002
  0.104907461571584E-033  0.238482795588823E+003  0.628928106888911E+002
  0.264280389991402E-033  0.236628276049371E+003  0.629467106753065E+002
  0.684812582409610E-032  0.230112181131860E+003  0.631387909871813E+002
  0.709641059468145E-032  0.230034297364370E+003  0.631411129521373E+002
  0.270123824644254E-031  0.227354229255185E+003  0.632214025690359E+002
  0.978353311903523E-031  0.224773592873502E+003  0.632994400230273E+002
  0.212710999096746E-030  0.223213639970842E+003  0.633469666527827E+002
  0.260351183882404E-030  0.222802790402224E+003  0.633595290334471E+002
  0.655499714768571E-030  0.220949401939645E+003  0.634164366371751E+002
  0.691410720753888E-030  0.220836074029134E+003  0.799466299781481E+002
  0.102670137040676E-029  0.220038673737265E+003  0.634445442398946E+002
  0.567970080342015E-029  0.216610923265477E+003  0.635512050308242E+002
  0.832785307639804E-029  0.215838853419007E+003  0.635754230252266E+002
  0.121217005678197E-028  0.215081414653540E+003  0.797673064415253E+002
  0.122540497918845E-028  0.215053040681480E+003  0.636001466098282E+002
  0.289264569268882E-028  0.213328584774650E+003  0.797118899666522E+002
  0.570424821738156E-028  0.211963849893273E+003  0.636980820185485E+002
  0.701127982215957E-028  0.211544576199552E+003  0.796550922036343E+002
  0.958346929213222E-028  0.210912881799015E+003  0.637316754314889E+002
  0.102193417030816E-027  0.210777741209616E+003  0.637360054034975E+002
  0.168934748111190E-027  0.209765795086564E+003  0.795980550779575E+002
  0.288486122232002E-027  0.208688870612188E+003  0.795633225522210E+002
  0.399551196010288E-027  0.208030825180803E+003  0.795420239860208E+002
  0.575356706905110E-027  0.207294872998459E+003  0.795181352718654E+002
  0.703836622215385E-027  0.206885105317833E+003  0.795048027551302E+002
  0.867776496888542E-027  0.206459673875786E+003  0.794909365012870E+002
  0.408955693372241E-026  0.203352502846469E+003  0.639776523524078E+002
  0.411273101239172E-026  0.203334545960851E+003  0.639782459272948E+002
  0.423138812533967E-026  0.203271004753658E+003  0.793862123365119E+002
  0.518815758129286E-026  0.202856652095596E+003  0.639940598127882E+002
  0.635558902730192E-026  0.202444084620636E+003  0.640077382014496E+002
  0.658325530683673E-026  0.202367039514624E+003  0.640102952805220E+002
  0.927094187833915E-026  0.201675672676573E+003  0.640332795631478E+002
  0.117319518260932E-025  0.201198154965399E+003  0.793173641219512E+002
  0.201515087460346E-025  0.200109573152386E+003  0.792809578117559E+002
  0.251300000996414E-025  0.199661351183807E+003  0.792659167636134E+002
  0.798723561511205E-025  0.197341960690022E+003  0.791876030401095E+002
  0.202088928757854E-024  0.195478749050679E+003  0.642424639156059E+002
  0.203714940050661E-024  0.195456065826404E+003  0.642432404177746E+002
  0.226484460662790E-024  0.195237500901658E+003  0.642507265857065E+002
  0.291552164852223E-024  0.194725760107999E+003  0.790982750012630E+002
  0.316110392955352E-024  0.194557359418984E+003  0.642740708168068E+002
  0.932629018047007E-024  0.192386871835345E+003  0.790174945147266E+002
  0.981385666246662E-024  0.192278300217095E+003  0.790137230494130E+002
  0.110890146895814E-023  0.192027325399866E+003  0.643615615499192E+002
  0.120951221310375E-023  0.191846975237703E+003  0.643678381650524E+002
  0.122940495206533E-023  0.191807693407811E+003  0.643692059806372E+002
  0.179103093012089E-023  0.191048515589302E+003  0.789708676127558E+002
  0.217152122115593E-023  0.190656586903425E+003  0.644094023643845E+002
  0.332841168758116E-023  0.189795796775270E+003  0.644396067294982E+002
  0.365450898609061E-023  0.189602208146410E+003  0.789201420741151E+002
  0.488604447054529E-023  0.189014709905077E+003  0.788994352363609E+002
  0.506394964957690E-023  0.188936526989781E+003  0.644698838846945E+002
  0.723797488279527E-023  0.188215481983648E+003  0.644953889743893E+002
  0.738495153012963E-023  0.188168620608011E+003  0.788695093149446E+002
  0.913693254046567E-023  0.187736204291431E+003  0.788541666572070E+002
  0.116287240092247E-022  0.187247241662884E+003  0.645297809962959E+002
  0.131040958121369E-022  0.187001692895296E+003  0.645385292359383E+002
  0.148192854817135E-022  0.186749028181429E+003  0.788190168278246E+002
  0.233548815041059E-022  0.185832619371921E+003  0.787862310858663E+002
  0.308808327231489E-022  0.185267304449817E+003  0.646006285142488E+002
  0.436882599437224E-022  0.184566761422394E+003  0.646258661804328E+002
  0.620233970232599E-022  0.183859241301476E+003  0.787151118821995E+002
  0.117286785611192E-021  0.182578364902339E+003  0.786685624551999E+002
  0.118959122748513E-021  0.182543393655939E+003  0.646992718371078E+002
  0.192287905532692E-021  0.181576310417581E+003  0.647346304876577E+002
  0.214711208757515E-021  0.181349054530889E+003  0.647429655928398E+002
  0.277900629929927E-021  0.180826459563960E+003  0.786043880359417E+002
  0.482515818923995E-021  0.179716303779614E+003  0.785634118480286E+002
  0.482244954102286E-021  0.179710771233600E+003  0.648033519922806E+002
  0.484013724523699E-021  0.179696793504859E+003  0.648038694857163E+002
  0.107031080970993E-020  0.178102955726930E+003  0.785034238326737E+002
  0.170406524209855E-020  0.177166164881480E+003  0.784683483991135E+002
  0.182535134404967E-020  0.177021997760290E+003  0.649036246567858E+002
  0.215956024706102E-020  0.176679077928400E+003  0.784500389884252E+002
  0.309759442297239E-020  0.175950979936178E+003  0.649439817068292E+002
  0.413392601355503E-020  0.175367120863240E+003  0.649660842324624E+002
  0.484721288504423E-020  0.175042112657355E+003  0.783881397346557E+002
  0.556345327518774E-020  0.174759826814701E+003  0.783774076806664E+002
  0.760401543096776E-020  0.174128256342871E+003  0.650132251700670E+002
  0.832939357517748E-020  0.173939372363719E+003  0.650204418346993E+002
  0.111359204009833E-019  0.173351946179060E+003  0.783236233493534E+002
  0.165499060384652E-019  0.172552881661462E+003  0.650736564927415E+002
  0.286446715933602E-019  0.171449052043854E+003  0.651163306910088E+002
  0.291643864729949E-019  0.171406434702696E+003  0.782485751767946E+002
  0.609396595295069E-019  0.169925907396526E+003  0.781908838877058E+002
  0.618666167127921E-019  0.169889058740987E+003  0.651771175291421E+002
  0.208355093138103E-018  0.167453877003927E+003  0.652731591788162E+002
  0.289332319908943E-018  0.166790557182361E+003  0.780669886395894E+002
  0.320824525910793E-018  0.166577264798090E+003  0.780584727936635E+002
  0.412618756149777E-018  0.166067349752650E+003  0.780380678306295E+002
  0.434179577314379E-018  0.165958825846272E+003  0.653328423881519E+002
  0.451375510666944E-018  0.165874487486443E+003  0.653362259413547E+002
  0.460239162831701E-018  0.165828938581026E+003  0.780285049623869E+002
  0.556002840513950E-018  0.165444228741832E+003  0.653535155526142E+002
  0.861103713204366E-018  0.164562690060085E+003  0.653890878304838E+002
  0.884045586083845E-018  0.164503447129060E+003  0.779750733790422E+002
  0.121930208423085E-017  0.163853740983565E+003  0.654178422094946E+002
  0.126943125852808E-017  0.163766504724808E+003  0.779451694590007E+002
  0.148797834210647E-017  0.163442150326555E+003  0.779319623318205E+002
  0.241192090910781E-017  0.162469484533424E+003  0.654743703259855E+002
  0.267992684600009E-017  0.162252096932959E+003  0.778832645331438E+002
  0.358113067347435E-017  0.161665663186280E+003  0.778591260304778E+002
  0.373897030381443E-017  0.161572744260985E+003  0.655112663387824E+002
  0.468353695846849E-017  0.161115602018480E+003  0.655301604091107E+002
  0.474690440872859E-017  0.161082068203640E+003  0.778350103470006E+002
  0.534549449184719E-017  0.160837889917709E+003  0.655416668631780E+002
  0.535488071062925E-017  0.160827725592826E+003  0.655420884109392E+002
  0.612688777129969E-017  0.160551713034417E+003  0.655535466357602E+002
  0.619065491935780E-017  0.160524349519431E+003  0.778118752652093E+002
  0.690386758532583E-017  0.160299612158687E+003  0.655640309526717E+002
  0.967027595963901E-017  0.159619006433336E+003  0.777741330560078E+002
  0.102507890260453E-016  0.159495755185138E+003  0.777689768198348E+002
  0.141910967502058E-016  0.158838579409408E+003  0.777414096793347E+002
  0.148157931872527E-016  0.158745765948187E+003  0.777375062342681E+002
  0.193890635983017E-016  0.158201079455994E+003  0.656520115208353E+002
  0.197815468379724E-016  0.158154343175424E+003  0.656539855445460E+002
  0.207331373364002E-016  0.158053720130148E+003  0.777083212154127E+002
  0.551243980879102E-016  0.156091346236236E+003  0.776247842511518E+002
  0.949366343433348E-016  0.154997456161105E+003  0.775777041835762E+002
  0.107942317315851E-015  0.154734025934170E+003  0.658002489344379E+002
  0.124944833443203E-015  0.154434819710151E+003  0.658132172694001E+002
  0.126806579784807E-015  0.154398582881421E+003  0.658147898083792E+002
  0.139205678772376E-015  0.154205348078951E+003  0.658231825804632E+002
  0.185336437758552E-015  0.153626252072583E+003  0.658484067706387E+002
  0.246903066534577E-015  0.153045950371429E+003  0.774927656808145E+002
  0.249137420850243E-015  0.153021277153701E+003  0.658748751834726E+002
  0.258362413166666E-015  0.152941904241009E+003  0.658783568039142E+002
  0.275762140001259E-015  0.152804897898609E+003  0.658843713803074E+002
  0.287683286806919E-015  0.152713599330659E+003  0.774781761690890E+002
  0.289914151967010E-015  0.152691494400435E+003  0.774772045061662E+002
  0.300887507404390E-015  0.152610535592479E+003  0.658929146007073E+002
  0.339184170316796E-015  0.152364266472715E+003  0.774628014916707E+002
  0.343977302124465E-015  0.152329546016790E+003  0.659052878654319E+002
  0.355949022210937E-015  0.152254466733482E+003  0.659085984402727E+002
  0.709716478217218E-015  0.150867655074763E+003  0.659700940148359E+002
  0.846933050865953E-015  0.150507487324501E+003  0.659861735632541E+002
  0.869825739703775E-015  0.150447489257259E+003  0.659888565653157E+002
  0.141848910635443E-014  0.149462724312813E+003  0.660330754843843E+002
  0.301606365478062E-014  0.147947348212475E+003  0.772647543002640E+002
  0.320209278088573E-014  0.147820988563386E+003  0.772589850454530E+002
  0.344110815645144E-014  0.147670355047317E+003  0.772520996992100E+002
  0.377616368646880E-014  0.147477869390129E+003  0.772432889133977E+002
  0.398662016135506E-014  0.147362743413824E+003  0.772380124893969E+002
  0.527244270721900E-014  0.146796987888845E+003  0.772120097513185E+002
  0.566970552507398E-014  0.146645045481046E+003  0.661615535669844E+002
  0.594106191792845E-014  0.146544888479500E+003  0.772003835170911E+002
  0.745948945958721E-014  0.146083034732589E+003  0.661875389213415E+002
  0.780220179599820E-014  0.145986541151246E+003  0.771745462152892E+002
  0.106109157604454E-013  0.145364931001920E+003  0.662209213350140E+002
  0.144141314267828E-013  0.144745623792764E+003  0.662498757163932E+002
  0.154024134736190E-013  0.144606337929077E+003  0.662564090074926E+002
  0.164536087404057E-013  0.144467641122368E+003  0.771036365278478E+002
  0.201903677915441E-013  0.144051663903761E+003  0.662825047447917E+002
  0.317289671412549E-013  0.143140959513781E+003  0.663256262959837E+002
  0.431056319058853E-013  0.142521456722262E+003  0.663551589893113E+002
  0.450233194316071E-013  0.142427747330289E+003  0.770069184892802E+002
  0.503678504955451E-013  0.142196746711283E+003  0.663707040135606E+002
  0.633673070120054E-013  0.141730901167848E+003  0.663930854721327E+002
  0.674673265110656E-013  0.141598854862008E+003  0.663994468561793E+002
  0.757467841608924E-013  0.141360694159489E+003  0.769556192713235E+002
  0.134664482598431E-012  0.140203257817971E+003  0.768994044342726E+002
  0.137306663224022E-012  0.140157741295457E+003  0.768971813833444E+002
  0.147363296379043E-012  0.140009717515623E+003  0.768899452614241E+002
  0.150013725795592E-012  0.139967410228653E+003  0.664786837942816E+002
  0.154475932680144E-012  0.139902131621554E+003  0.664818793985568E+002
  0.216051938131901E-012  0.139224514992522E+003  0.768513913314727E+002
  0.244959848713626E-012  0.138966708449899E+003  0.768386699979921E+002
  0.251219594156012E-012  0.138909586630808E+003  0.665307119209596E+002
  0.295489676847059E-012  0.138578318114737E+003  0.665471134372326E+002
  0.366103460796097E-012  0.138143098391517E+003  0.767978173708525E+002
  0.476839100484466E-012  0.137607916520906E+003  0.665954635157924E+002
  0.509002226158927E-012  0.137470714397330E+003  0.666023367105381E+002
  0.637765912923888E-012  0.137013020980663E+003  0.666253325902583E+002
  0.717389864210434E-012  0.136771069144241E+003  0.767290277056286E+002
  0.864576638069638E-012  0.136391172534319E+003  0.666567446728666E+002
  0.106323967463671E-011  0.135970845210951E+003  0.666780887676474E+002
  0.107477937213577E-011  0.135942599908120E+003  0.666795263202356E+002
  0.122967676056458E-011  0.135666672461405E+003  0.766729675109659E+002
  0.131442672039185E-011  0.135526718325337E+003  0.766658182795705E+002
  0.138425769841951E-011  0.135416535901865E+003  0.766601826416842E+002
  0.151648193506706E-011  0.135227422126322E+003  0.766504948980997E+002
  0.202411034969808E-011  0.134643292276698E+003  0.766204516046967E+002
  0.216285146559640E-011  0.134504042289472E+003  0.667532964245152E+002
  0.225048205711821E-011  0.134417952775656E+003  0.667577461849659E+002
  0.229871054832778E-011  0.134368889408102E+003  0.766062750691940E+002
  0.380140345037380E-011  0.133356189841853E+003  0.668129604237055E+002
  0.389502411181077E-011  0.133300875177342E+003  0.668158540848243E+002
  0.425377497426095E-011  0.133118005700804E+003  0.765411262662086E+002
  0.438626282780750E-011  0.133050008611561E+003  0.765375597702950E+002
  0.536245285646406E-011  0.132641465190537E+003  0.668504830580069E+002
  0.578361842261224E-011  0.132483593573140E+003  0.668588105774276E+002
  0.597123145623607E-011  0.132413090655508E+003  0.765040248613522E+002
  0.659164893593084E-011  0.132208734365520E+003  0.764932155816515E+002
  0.807649051093791E-011  0.131795770984609E+003  0.764712976974075E+002
  0.832045345422697E-011  0.131729596765255E+003  0.668987828306559E+002
  0.146011625631095E-010  0.130598172388876E+003  0.764071605262917E+002
  0.149668103955344E-010  0.130542048896402E+003  0.764041334687622E+002
  0.157691063791089E-010  0.130430958067831E+003  0.669684230401044E+002
  0.180411846993555E-010  0.130155093588281E+003  0.669833493021534E+002
  0.198257251232019E-010  0.129959791688336E+003  0.669939452706674E+002
  0.212353045289399E-010  0.129815766585140E+003  0.670017746164580E+002
  0.237583200072802E-010  0.129584575643612E+003  0.670143698350465E+002
  0.243135704353496E-010  0.129531716336690E+003  0.763493046503303E+002
  0.254406621248348E-010  0.129434432523597E+003  0.670225678211872E+002
  0.269647249631524E-010  0.129311415415586E+003  0.670292954589799E+002
  0.271785742966050E-010  0.129288960986908E+003  0.670305245109138E+002
  0.296585776286378E-010  0.129107660553784E+003  0.670404599797689E+002
  0.338284242298226E-010  0.128837904927700E+003  0.763112766499241E+002
  0.496455452823416E-010  0.128064034824664E+003  0.670980704750939E+002
  0.522029369234532E-010  0.127956919060176E+003  0.762625345015138E+002
  0.591663909078926E-010  0.127699833673355E+003  0.671183463326886E+002
  0.626795182991298E-010  0.127577815947465E+003  0.671251594910141E+002
  0.628622711596135E-010  0.127565337509716E+003  0.671258568292022E+002
  0.686234077488004E-010  0.127383306857134E+003  0.762305175323055E+002
  0.841708244355988E-010  0.126968221955539E+003  0.762072076771418E+002
  0.986369310288446E-010  0.126644371600427E+003  0.671776215016100E+002
  0.110954376905920E-009  0.126402369315382E+003  0.761752363440618E+002
  0.118412965598495E-009  0.126265595484710E+003  0.671990847657211E+002
  0.121186569050173E-009  0.126212633848768E+003  0.761644650042943E+002
  0.124557038561325E-009  0.126151113266647E+003  0.761609668994348E+002
  0.144662296221512E-009  0.125845181121500E+003  0.672230283887911E+002
  0.144959438119308E-009  0.125834421678009E+003  0.672236428524185E+002
  0.176857770988475E-009  0.125429982318553E+003  0.761197572212756E+002
  0.182218167203183E-009  0.125363609069833E+003  0.672506140130278E+002
  0.201420780834682E-009  0.125156570556087E+003  0.761040324258762E+002
  0.207224007470484E-009  0.125093106549937E+003  0.672661846208098E+002
  0.250808219446192E-009  0.124704674547173E+003  0.672886399468457E+002
  0.252026983345424E-009  0.124688323812161E+003  0.760769713181888E+002
  0.272634771363352E-009  0.124524474417764E+003  0.672990964045252E+002
  0.392774742120037E-009  0.123787612424334E+003  0.673421162894778E+002
  0.419837206374923E-009  0.123647695324157E+003  0.673503332586715E+002
  0.451158999835642E-009  0.123497134154720E+003  0.760073662532233E+002
  0.482326711914460E-009  0.123356874808369E+003  0.673674624472306E+002
  0.512827602374244E-009  0.123227583186261E+003  0.673750995308763E+002
  0.617681378180149E-009  0.122848861557520E+003  0.759690105929026E+002
  0.698202359158230E-009  0.122597133540611E+003  0.674125350036200E+002
  0.750637264780683E-009  0.122445650843335E+003  0.759449801272406E+002
  0.785618574452066E-009  0.122347897526577E+003  0.759391338107592E+002
  0.784555623482889E-009  0.122343949801694E+003  0.674276614800968E+002
  0.106409166991488E-008  0.121727775522779E+003  0.759018575546550E+002
  0.140284565188274E-007  0.116376799724786E+003  0.676026449440218E+002
  0.143632190659551E-007  0.116300856585307E+003  0.676073878997898E+002
  0.177679714959179E-007  0.115875403035472E+003  0.676340619342422E+002
  0.187014193291749E-007  0.115772999158308E+003  0.676405084774703E+002
  0.301253462435232E-007  0.114789834057998E+003  0.677029321064403E+002
  0.332816939744750E-007  0.114560922626374E+003  0.677176072923014E+002
  0.334490621975466E-007  0.114550890156573E+003  0.677182517020471E+002
  0.450109862883232E-007  0.113927048702883E+003  0.677585303855396E+002
  0.493439346704458E-007  0.113713156439624E+003  0.677724359616476E+002
  0.618695349490520E-007  0.113260730361717E+003  0.678020132481046E+002
  0.914630137802370E-007  0.112448381864158E+003  0.678556939823542E+002
  0.106949534728061E-006  0.112135537033019E+003  0.678765689468786E+002
  0.114924100213648E-006  0.111991707378667E+003  0.678862046707761E+002
  0.232520448511077E-006  0.110582294859829E+003  0.679819538933028E+002
  0.253277923358022E-006  0.110411276409116E+003  0.679937411711693E+002
  0.281967399089583E-006  0.110196668286940E+003  0.680085863174764E+002
  0.335596481851403E-006  0.109848432220564E+003  0.680328034012272E+002
  0.443281762305360E-006  0.109291840003011E+003  0.680718472052503E+002
  0.652307107433106E-006  0.108519220253919E+003  0.681267552784151E+002
  0.678507911391059E-006  0.108440458924667E+003  0.681324003289297E+002
  0.780662783759245E-006  0.108159964640036E+003  0.681525774656857E+002
  0.997490937743283E-006  0.107669765075813E+003  0.681881192353329E+002
  0.150838674795720E-005  0.106842659243621E+003  0.682489220712643E+002
  0.200868118203531E-005  0.106269783888588E+003  0.682916746203414E+002
  0.199710523597487E-005  0.106243246755258E+003  0.682936681016652E+002
  0.199965569056381E-005  0.106240694233371E+003  0.682938599100623E+002
  0.215410604620362E-005  0.106091892635928E+003  0.683050603785434E+002
  0.229296246483869E-005  0.105966954986841E+003  0.683144933395722E+002
  0.239050178247525E-005  0.105883637665948E+003  0.683207986175370E+002
  0.243642040683779E-005  0.105845584423892E+003  0.683236823427475E+002
  0.266570882563676E-005  0.105665704259212E+003  0.683373475425061E+002
  0.275961627336809E-005  0.105596460978064E+003  0.683426227407906E+002
  0.319534370995043E-005  0.105303254936429E+003  0.683650531545342E+002
  0.326324450916963E-005  0.105261200358096E+003  0.683682827969661E+002
  0.337069740159179E-005  0.105196404921320E+003  0.683732650246083E+002
  0.368750803908555E-005  0.105016742451905E+003  0.683871189565531E+002
  0.410021691407708E-005  0.104804564499048E+003  0.684035555509946E+002
  0.420897840860031E-005  0.104752204335498E+003  0.684076243753701E+002
  0.467187045660805E-005  0.104543525220350E+003  0.684238909553589E+002
  0.751968929364605E-005  0.103591594615866E+003  0.684991481239250E+002
  0.903893678036999E-005  0.103223561146022E+003  0.685287251057128E+002
  0.161390370878952E-004  0.102064162253253E+003  0.686237686966076E+002
  0.167521722661957E-004  0.101989588380621E+003  0.686299832764387E+002
  0.164230933206762E-004  0.101971292234357E+003  0.686315099108027E+002
  0.193100690484555E-004  0.101647415837225E+003  0.686586617724095E+002
  0.244759237013309E-004  0.101173289325047E+003  0.686988551735906E+002
  0.355977531087180E-004  0.100424104139783E+003  0.687634939541515E+002
  0.356507025682890E-004  0.100421131473565E+003  0.687637532826498E+002
  0.518964393219894E-004  0.996701688190564E+002  0.688300204948521E+002
  0.659811084561405E-004  0.991899322505872E+002  0.688732171161786E+002
  0.684638841839248E-004  0.991160564455909E+002  0.688799212148433E+002
  0.869828197360646E-004  0.986372479319559E+002  0.689237670814666E+002
  0.937731562233384E-004  0.984869119135342E+002  0.689376782147265E+002
  0.970595201740860E-004  0.984180203809399E+002  0.689440766013598E+002
  0.104242891235479E-003  0.982752218441353E+002  0.689573870217453E+002
  0.108929515635013E-003  0.981872671266408E+002  0.689656178274674E+002
  0.123724566676871E-003  0.978436499394795E+002  0.689980153374678E+002
  0.125017685241697E-003  0.978228552380694E+002  0.689999884916778E+002
  0.143695321921284E-003  0.975443751803750E+002  0.690265539465477E+002
  0.152146815823099E-003  0.974300737600374E+002  0.690375348773010E+002
  0.190196002528234E-003  0.969836553911485E+002  0.690808660969251E+002
  0.203519971165061E-003  0.968482373795847E+002  0.690941536818521E+002
  0.218873132892015E-003  0.967027811363391E+002  0.691085026303697E+002
  0.226149278222363E-003  0.966373750478645E+002  0.691149809301818E+002
  0.239435550885468E-003  0.965231970924496E+002  0.691263292893131E+002
  0.269386683342364E-003  0.962874699926178E+002  0.691499194565599E+002
  0.303339598266822E-003  0.960500597280132E+002  0.691739022023679E+002
  0.307405381517150E-003  0.960234309814995E+002  0.691766065007049E+002
  0.336889643246140E-003  0.958402548393047E+002  0.691952887175926E+002
  0.353419662720893E-003  0.957444532624259E+002  0.692051156547768E+002
  0.461272477818554E-003  0.952117878033953E+002  0.692604811183349E+002
  0.534575591944116E-003  0.949168193645413E+002  0.692916915931831E+002
  0.558407857415386E-003  0.948295864112224E+002  0.693010000134895E+002
  0.579836455038445E-003  0.947542734771126E+002  0.693090658321097E+002
  0.597944229832090E-003  0.946927706796236E+002  0.693156730031755E+002
  0.666449676003160E-003  0.944758363927326E+002  0.693391266758768E+002
  0.675276881722218E-003  0.944495200527069E+002  0.693419878247198E+002
  0.682066060065692E-003  0.944295126256879E+002  0.693441654015907E+002
