  0.154117684401242E-057  0.353944396031194E+003  0.600151553943244E+002
  0.342953993645722E-057  0.352337980823288E+003  0.600502747554734E+002
  0.195483023197819E-056  0.348850400599245E+003  0.601268874108939E+002
  0.674144633700132E-056  0.346367802738742E+003  0.601817342601363E+002
  0.124638392264152E-055  0.345132032962464E+003  0.602091332618852E+002
  0.515403096890632E-054  0.337681141948470E+003  0.603757382818910E+002
  0.203763083167683E-053  0.334925298872272E+003  0.604379853781138E+002
  0.441953281312431E-053  0.333370150859732E+003  0.604732645558541E+002
  0.735123623247952E-053  0.332345826275823E+003  0.604965625593740E+002
  0.382820002330517E-052  0.329038948047768E+003  0.605721100888527E+002
  0.764748470053125E-052  0.327648328324504E+003  0.606040334574952E+002
  0.300620216347384E-051  0.324903901066469E+003  0.606673065666642E+002
  0.524729122245271E-051  0.323783176599412E+003  0.606932497612788E+002
  0.582408781314681E-051  0.323567940213698E+003  0.606982391941537E+002
  0.976836435918418E-050  0.317921821149857E+003  0.608299421193826E+002
  0.173039390386876E-049  0.316771595313147E+003  0.608569690456589E+002
  0.289175204962408E-049  0.315737912750388E+003  0.608813152394494E+002
  0.314571025468988E-048  0.310957732710559E+003  0.609946233669977E+002
  0.641327971738688E-048  0.309526414939063E+003  0.610287853681626E+002
  0.121440441309927E-047  0.308242823242554E+003  0.610595149447377E+002
  0.175168547801261E-047  0.307503518276192E+003  0.610772545395874E+002
  0.533489734617434E-047  0.305269480319460E+003  0.611310414126515E+002
  0.151023720997875E-046  0.303181660376884E+003  0.611815569522686E+002
  0.173697072556048E-045  0.298290082805754E+003  0.613008728561016E+002
  0.628924623543070E-045  0.295710030036612E+003  0.613643615239369E+002
  0.163091509971293E-044  0.293797604190426E+003  0.614116747972215E+002
  0.228170168541070E-044  0.293119388110880E+003  0.614285062468708E+002
  0.244930183555186E-044  0.292970969528631E+003  0.614321932717088E+002
  0.408579513610832E-044  0.291940887271911E+003  0.614578192796956E+002
  0.489715647941797E-044  0.291571954953294E+003  0.614670130761908E+002
  0.936835039604118E-044  0.290267934767603E+003  0.614995757863829E+002
  0.324217901789743E-043  0.287778291779350E+003  0.615620356401805E+002
  0.509663317726031E-043  0.286866967158634E+003  0.615849954270985E+002
  0.875962573220925E-043  0.285777165540458E+003  0.616125204643723E+002
  0.902362812939944E-043  0.285711123349393E+003  0.616141909050391E+002
  0.187835631695481E-042  0.284238196363049E+003  0.616515187202532E+002
  0.232525677173417E-042  0.283804674027924E+003  0.616625317935598E+002
  0.660890919140907E-042  0.281708842160026E+003  0.617159452989829E+002
  0.235122523697403E-041  0.279163980486915E+003  0.617811899135469E+002
  0.383263069320401E-041  0.278180095181223E+003  0.618065300786679E+002
  0.200122518757446E-040  0.274867853106424E+003  0.618923195614098E+002
  0.305586015306004E-040  0.274014594482167E+003  0.619145416209628E+002
  0.692717423231735E-040  0.272371157176907E+003  0.619574859777407E+002
  0.203236298260444E-039  0.270211837059587E+003  0.620142007075763E+002
  0.441952621316644E-039  0.268651514775765E+003  0.620553906327935E+002
  0.516138787616748E-039  0.268334513169930E+003  0.620637805065452E+002
  0.198236014334139E-037  0.261031351988054E+003  0.622591364540907E+002
  0.632086743211504E-037  0.258705559759423E+003  0.623222061117122E+002
  0.653303176681064E-037  0.258632874843829E+003  0.623241839933077E+002
  0.350706921431197E-036  0.255265229900362E+003  0.624162862753217E+002
  0.684583048274520E-036  0.253920856177599E+003  0.624533104482557E+002
  0.738024882651085E-036  0.253763865445262E+003  0.624576436757819E+002
  0.102214161308963E-035  0.253105854294137E+003  0.624758281579468E+002
  0.407402994067507E-035  0.250333733473678E+003  0.625528348398578E+002
  0.519999272375145E-035  0.249839028774849E+003  0.625666456277618E+002
  0.644564230392796E-035  0.249402879065909E+003  0.625788390993338E+002
  0.106564377683969E-034  0.248390703677448E+003  0.626071996871914E+002
  0.261069198189571E-033  0.241986805488217E+003  0.627887290450068E+002
  0.743517313359719E-033  0.239886936802877E+003  0.628490654496104E+002
  0.142792566424580E-032  0.238575109155149E+003  0.628869687739585E+002
  0.157418554536989E-032  0.238373423139434E+003  0.628928106888911E+002
  0.396565090430012E-032  0.236518903599982E+003  0.629467106753065E+002
  0.102759332116814E-030  0.230002808682471E+003  0.631387909871813E+002
  0.106484961267838E-030  0.229924924914981E+003  0.631411129521373E+002
  0.405333437531383E-030  0.227244856805796E+003  0.632214025690359E+002
  0.146806492006518E-029  0.224664220424113E+003  0.632994400230273E+002
  0.319182806544986E-029  0.223104267521453E+003  0.633469666527827E+002
  0.390669132822323E-029  0.222693417952835E+003  0.633595290334471E+002
  0.983607991771551E-029  0.220840029490256E+003  0.634164366371751E+002
  0.103749413646985E-028  0.220726701579745E+003  0.799466299781481E+002
  0.154061344397600E-028  0.219929301287876E+003  0.634445442398946E+002
  0.852265679945832E-028  0.216501550816088E+003  0.635512050308242E+002
  0.124963331877824E-027  0.215729480969618E+003  0.635754230252266E+002
  0.181891788565899E-027  0.214972042204151E+003  0.797673064415253E+002
  0.183877750597032E-027  0.214943668232091E+003  0.636001466098282E+002
  0.434055020404823E-027  0.213219212325261E+003  0.797118899666522E+002
  0.855949134264084E-027  0.211854477443884E+003  0.636980820185485E+002
  0.105207534194848E-026  0.211435203750163E+003  0.796550922036343E+002
  0.143804440677240E-026  0.210803509349626E+003  0.637316754314889E+002
  0.153346003717854E-026  0.210668368760227E+003  0.637360054034975E+002
  0.253494493721859E-026  0.209656422637175E+003  0.795980550779575E+002
  0.432886924203722E-026  0.208579498162799E+003  0.795633225522210E+002
  0.599545263961489E-026  0.207921452731414E+003  0.795420239860208E+002
  0.863349658711959E-026  0.207185500549070E+003  0.795181352718654E+002
  0.105613978300047E-025  0.206775732868444E+003  0.795048027551302E+002
  0.130213923542659E-025  0.206350301426397E+003  0.794909365012870E+002
  0.613657152274175E-025  0.203243130397080E+003  0.639776523524078E+002
  0.617134531206235E-025  0.203225173511462E+003  0.639782459272948E+002
  0.634939586181331E-025  0.203161632304269E+003  0.793862123365119E+002
  0.778507319615164E-025  0.202747279646207E+003  0.639940598127882E+002
  0.953685870309935E-025  0.202334712171247E+003  0.640077382014496E+002
  0.987848260767481E-025  0.202257667065235E+003  0.640102952805220E+002
  0.139114820606803E-024  0.201566300227184E+003  0.640332795631478E+002
  0.176043426339222E-024  0.201088782516010E+003  0.793173641219512E+002
  0.302382817296146E-024  0.200000200702997E+003  0.792809578117559E+002
  0.377087409411829E-024  0.199551978734418E+003  0.792659167636134E+002
  0.119852207501881E-023  0.197232588240632E+003  0.791876030401095E+002
  0.303243893012154E-023  0.195369376601290E+003  0.642424639156059E+002
  0.305683799035425E-023  0.195346693377015E+003  0.642432404177746E+002
  0.339850530062614E-023  0.195128128452269E+003  0.642507265857065E+002
  0.437487664610491E-023  0.194616387658609E+003  0.790982750012630E+002
  0.474338434918629E-023  0.194447986969595E+003  0.642740708168068E+002
  0.139945347776844E-022  0.192277499385956E+003  0.790174945147266E+002
  0.147261510963598E-022  0.192168927767706E+003  0.790137230494130E+002
  0.166395853786074E-022  0.191917952950477E+003  0.643615615499192E+002
  0.181492966686366E-022  0.191737602788313E+003  0.643678381650524E+002
  0.184477965242429E-022  0.191698320958422E+003  0.643692059806372E+002
  0.268752571005912E-022  0.190939143139913E+003  0.789708676127558E+002
  0.325846919427663E-022  0.190547214454036E+003  0.644094023643845E+002
  0.499443746816357E-022  0.189686424325881E+003  0.644396067294982E+002
  0.548376172213714E-022  0.189492835697021E+003  0.789201420741151E+002
  0.733173833809578E-022  0.188905337455688E+003  0.788994352363609E+002
  0.759869338312554E-022  0.188827154540392E+003  0.644698838846945E+002
  0.108609199646605E-021  0.188106109534259E+003  0.644953889743893E+002
  0.110814653007830E-021  0.188059248158622E+003  0.788695093149446E+002
  0.137103947791230E-021  0.187626831842042E+003  0.788541666572070E+002
  0.174494444648500E-021  0.187137869213495E+003  0.645297809962959E+002
  0.196633088853574E-021  0.186892320445907E+003  0.645385292359383E+002
  0.222370312354810E-021  0.186639655732040E+003  0.788190168278246E+002
  0.350450924336813E-021  0.185723246922532E+003  0.787862310858663E+002
  0.463381343648240E-021  0.185157932000428E+003  0.646006285142488E+002
  0.655562781479016E-021  0.184457388973005E+003  0.646258661804328E+002
  0.930690092068728E-021  0.183749868852087E+003  0.787151118821995E+002
  0.175994309466779E-020  0.182468992452950E+003  0.786685624551999E+002
  0.178503729587254E-020  0.182434021206550E+003  0.646992718371078E+002
  0.288536999088925E-020  0.181466937968192E+003  0.647346304876577E+002
  0.322184214727516E-020  0.181239682081500E+003  0.647429655928398E+002
  0.417002897726558E-020  0.180717087114571E+003  0.786043880359417E+002
  0.724037562422743E-020  0.179606931330225E+003  0.785634118480286E+002
  0.723631117084445E-020  0.179601398784211E+003  0.648033519922806E+002
  0.726285239859656E-020  0.179587421055470E+003  0.648038694857163E+002
  0.160605144806487E-019  0.177993583277541E+003  0.785034238326737E+002
  0.255702962619906E-019  0.177056792432091E+003  0.784683483991135E+002
  0.273902509695539E-019  0.176912625310901E+003  0.649036246567858E+002
  0.324052119301277E-019  0.176569705479011E+003  0.784500389884252E+002
  0.464808536305520E-019  0.175841607486789E+003  0.649439817068292E+002
  0.620314940298739E-019  0.175257748413851E+003  0.649660842324624E+002
  0.727346972718496E-019  0.174932740207966E+003  0.783881397346557E+002
  0.834822194431364E-019  0.174650454365312E+003  0.783774076806664E+002
  0.114101809336329E-018  0.174018883893482E+003  0.650132251700670E+002
  0.124986447782785E-018  0.173829999914329E+003  0.650204418346993E+002
  0.167099695932077E-018  0.173242573729671E+003  0.783236233493534E+002
  0.248339083537969E-018  0.172443509212073E+003  0.650736564927415E+002
  0.429826699632482E-018  0.171339679594465E+003  0.651163306910088E+002
  0.437625264567507E-018  0.171297062253307E+003  0.782485751767946E+002
  0.914428103911888E-018  0.169816534947136E+003  0.781908838877058E+002
  0.928337530155213E-018  0.169779686291598E+003  0.651771175291421E+002
  0.312646565848317E-017  0.167344504554538E+003  0.652731591788162E+002
  0.434156683410180E-017  0.166681184732972E+003  0.780669886395894E+002
  0.481412211984851E-017  0.166467892348700E+003  0.780584727936635E+002
  0.619153749360593E-017  0.165957977303260E+003  0.780380678306295E+002
  0.651506770313695E-017  0.165849453396883E+003  0.653328423881519E+002
  0.677310072878862E-017  0.165765115037054E+003  0.653362259413547E+002
  0.690610397667891E-017  0.165719566131637E+003  0.780285049623869E+002
  0.834308276656217E-017  0.165334856292443E+003  0.653535155526142E+002
  0.129212641129983E-016  0.164453317610696E+003  0.653890878304838E+002
  0.132655176496826E-016  0.164394074679671E+003  0.779750733790422E+002
  0.182961982654197E-016  0.163744368534175E+003  0.654178422094946E+002
  0.190484099803718E-016  0.163657132275419E+003  0.779451694590007E+002
  0.223278112240773E-016  0.163332777877165E+003  0.779319623318205E+002
  0.361920017395729E-016  0.162360112084034E+003  0.654743703259855E+002
  0.402135562182432E-016  0.162142724483570E+003  0.778832645331438E+002
  0.537365413080500E-016  0.161556290736891E+003  0.778591260304778E+002
  0.561049988118886E-016  0.161463371811596E+003  0.655112663387824E+002
  0.702786634122872E-016  0.161006229569091E+003  0.655301604091107E+002
  0.712295216520352E-016  0.160972695754251E+003  0.778350103470006E+002
  0.802116459197555E-016  0.160728517468320E+003  0.655416668631780E+002
  0.803524905242389E-016  0.160718353143437E+003  0.655420884109392E+002
  0.919368176790967E-016  0.160442340585028E+003  0.655535466357602E+002
  0.928936735713161E-016  0.160414977070042E+003  0.778118752652093E+002
  0.103595763324727E-015  0.160190239709298E+003  0.655640309526717E+002
  0.145107015338603E-015  0.159509633983947E+003  0.777741330560078E+002
  0.153817885512614E-015  0.159386382735749E+003  0.777689768198348E+002
  0.212944046519288E-015  0.158729206960019E+003  0.777414096793347E+002
  0.222317908842438E-015  0.158636393498798E+003  0.777375062342681E+002
  0.290941971118779E-015  0.158091707006605E+003  0.656520115208353E+002
  0.296831365766537E-015  0.158044970726035E+003  0.656539855445460E+002
  0.311110426429103E-015  0.157944347680759E+003  0.777083212154127E+002
  0.827167385114855E-015  0.155981973786847E+003  0.776247842511518E+002
  0.142456861762277E-014  0.154888083711716E+003  0.775777041835762E+002
  0.161972497577208E-014  0.154624653484781E+003  0.658002489344379E+002
  0.187485568546266E-014  0.154325447260762E+003  0.658132172694001E+002
  0.190279206039914E-014  0.154289210432032E+003  0.658147898083792E+002
  0.208884634204357E-014  0.154095975629562E+003  0.658231825804632E+002
  0.278105996446003E-014  0.153516879623194E+003  0.658484067706387E+002
  0.370489603526459E-014  0.152936577922040E+003  0.774927656808145E+002
  0.373842356718905E-014  0.152911904704312E+003  0.658748751834726E+002
  0.387684889312025E-014  0.152832531791620E+003  0.658783568039142E+002
  0.413793993532139E-014  0.152695525449220E+003  0.658843713803074E+002
  0.431682232085026E-014  0.152604226881270E+003  0.774781761690890E+002
  0.435029749636280E-014  0.152582121951046E+003  0.774772045061662E+002
  0.451495782895453E-014  0.152501163143090E+003  0.658929146007073E+002
  0.508961717433842E-014  0.152254894023326E+003  0.774628014916707E+002
  0.516154035974060E-014  0.152220173567401E+003  0.659052878654319E+002
  0.534118162101046E-014  0.152145094284093E+003  0.659085984402727E+002
  0.106496278204009E-013  0.150758282625373E+003  0.659700940148359E+002
  0.127086266943889E-013  0.150398114875112E+003  0.659861735632541E+002
  0.130521422015157E-013  0.150338116807870E+003  0.659888565653157E+002
  0.212850927287392E-013  0.149353351863423E+003  0.660330754843843E+002
  0.452574463069193E-013  0.147837975763086E+003  0.772647543002640E+002
  0.480489003841170E-013  0.147711616113997E+003  0.772589850454530E+002
  0.516354379258719E-013  0.147560982597928E+003  0.772520996992100E+002
  0.566631029207939E-013  0.147368496940740E+003  0.772432889133977E+002
  0.598211007956104E-013  0.147253370964435E+003  0.772380124893969E+002
  0.791154697116724E-013  0.146687615439456E+003  0.772120097513185E+002
  0.850765841663721E-013  0.146535673031657E+003  0.661615535669844E+002
  0.891484138043788E-013  0.146435516030111E+003  0.772003835170911E+002
  0.111933129514422E-012  0.145973662283200E+003  0.661875389213415E+002
  0.117075688471775E-012  0.145877168701857E+003  0.771745462152892E+002
  0.159221755659707E-012  0.145255558552530E+003  0.662209213350140E+002
  0.216290786195609E-012  0.144636251343375E+003  0.662498757163932E+002
  0.231120420709418E-012  0.144496965479688E+003  0.662564090074926E+002
  0.246894097524654E-012  0.144358268672979E+003  0.771036365278478E+002
  0.302965915455529E-012  0.143942291454372E+003  0.662825047447917E+002
  0.476107997420166E-012  0.143031587064392E+003  0.663256262959837E+002
  0.646820175169125E-012  0.142412084272873E+003  0.663551589893113E+002
  0.675595973747260E-012  0.142318374880900E+003  0.770069184892802E+002
  0.755793162980467E-012  0.142087374261894E+003  0.663707040135606E+002
  0.950856090243395E-012  0.141621528718459E+003  0.663930854721327E+002
  0.101237880115897E-011  0.141489482412619E+003  0.663994468561793E+002
  0.113661593701766E-011  0.141251321710099E+003  0.769556192713235E+002
  0.202070356870198E-011  0.140093885368581E+003  0.768994044342726E+002
  0.206035072522215E-011  0.140048368846068E+003  0.768971813833444E+002
  0.221125521104769E-011  0.139900345066234E+003  0.768899452614241E+002
  0.225102614453565E-011  0.139858037779264E+003  0.664786837942816E+002
  0.231798364663209E-011  0.139792759172165E+003  0.664818793985568E+002
  0.324196041884320E-011  0.139115142543133E+003  0.768513913314727E+002
  0.367573714266132E-011  0.138857336000510E+003  0.768386699979921E+002
  0.376966755185701E-011  0.138800214181419E+003  0.665307119209596E+002
  0.443396085588500E-011  0.138468945665348E+003  0.665471134372326E+002
  0.549355372307680E-011  0.138033725942128E+003  0.767978173708525E+002
  0.715519380799843E-011  0.137498544071517E+003  0.665954635157924E+002
  0.763781655734505E-011  0.137361341947940E+003  0.666023367105381E+002
  0.956997592367979E-011  0.136903648531274E+003  0.666253325902583E+002
  0.107647705674811E-010  0.136661696694851E+003  0.767290277056286E+002
  0.129733769755266E-010  0.136281800084930E+003  0.666567446728666E+002
  0.159544087904064E-010  0.135861472761562E+003  0.666780887676474E+002
  0.161275673506158E-010  0.135833227458731E+003  0.666795263202356E+002
  0.184518751379489E-010  0.135557300012016E+003  0.766729675109659E+002
  0.197235879382794E-010  0.135417345875948E+003  0.766658182795705E+002
  0.207714344363589E-010  0.135307163452476E+003  0.766601826416842E+002
  0.227555209728167E-010  0.135118049676933E+003  0.766504948980997E+002
  0.303727228454015E-010  0.134533919827309E+003  0.766204516046967E+002
  0.324545982041584E-010  0.134394669840083E+003  0.667532964245152E+002
  0.337695362308662E-010  0.134308580326267E+003  0.667577461849659E+002
  0.344932273067892E-010  0.134259516958713E+003  0.766062750691940E+002
  0.570418373874618E-010  0.133246817392464E+003  0.668129604237055E+002
  0.584466592159024E-010  0.133191502727953E+003  0.668158540848243E+002
  0.638298837606380E-010  0.133008633251415E+003  0.765411262662086E+002
  0.658179259920073E-010  0.132940636162171E+003  0.765375597702950E+002
  0.804661141153736E-010  0.132532092741148E+003  0.668504830580069E+002
  0.867859004919184E-010  0.132374221123751E+003  0.668588105774276E+002
  0.896011218425189E-010  0.132303718206119E+003  0.765040248613522E+002
  0.989107764085472E-010  0.132099361916131E+003  0.764932155816515E+002
  0.121191518974656E-009  0.131686398535220E+003  0.764712976974075E+002
  0.124852297084986E-009  0.131620224315866E+003  0.668987828306559E+002
  0.219097275905006E-009  0.130488799939487E+003  0.764071605262917E+002
  0.224583992711192E-009  0.130432676447013E+003  0.764041334687622E+002
  0.236622819325917E-009  0.130321585618442E+003  0.669684230401044E+002
  0.270716417589563E-009  0.130045721138892E+003  0.669833493021534E+002
  0.297494281606704E-009  0.129850419238947E+003  0.669939452706674E+002
  0.318645680108990E-009  0.129706394135751E+003  0.670017746164580E+002
  0.356504707839231E-009  0.129475203194223E+003  0.670143698350465E+002
  0.364836500305022E-009  0.129422343887301E+003  0.763493046503303E+002
  0.381749038453544E-009  0.129325060074208E+003  0.670225678211872E+002
  0.404618314426617E-009  0.129202042966197E+003  0.670292954589799E+002
  0.407827223731685E-009  0.129179588537518E+003  0.670305245109138E+002
  0.445040834081900E-009  0.128998288104395E+003  0.670404599797689E+002
  0.507611333335816E-009  0.128728532478310E+003  0.763112766499241E+002
  0.744954635301532E-009  0.127954662375275E+003  0.670980704750939E+002
  0.783329493438203E-009  0.127847546610787E+003  0.762625345015138E+002
  0.887819378561132E-009  0.127590461223966E+003  0.671183463326886E+002
  0.940535498801589E-009  0.127468443498076E+003  0.671251594910141E+002
  0.943277790980226E-009  0.127455965060327E+003  0.671258568292022E+002
  0.102972634104271E-008  0.127273934407745E+003  0.762305175323055E+002
  0.126302260281052E-008  0.126858849506150E+003  0.762072076771418E+002
  0.148009330069724E-008  0.126534999151037E+003  0.671776215016100E+002
  0.166492233921456E-008  0.126292996865993E+003  0.761752363440618E+002
  0.177684195229851E-008  0.126156223035321E+003  0.671990847657211E+002
  0.181846116981470E-008  0.126103261399379E+003  0.761644650042943E+002
  0.186903664181718E-008  0.126041740817258E+003  0.761609668994348E+002
  0.217072543993007E-008  0.125735808672111E+003  0.672230283887911E+002
  0.217518419313434E-008  0.125725049228620E+003  0.672236428524185E+002
  0.265383360254527E-008  0.125320609869164E+003  0.761197572212756E+002
  0.273426885578883E-008  0.125254236620444E+003  0.672506140130278E+002
  0.302241305791884E-008  0.125047198106698E+003  0.761040324258762E+002
  0.310949318882404E-008  0.124983734100548E+003  0.672661846208098E+002
  0.376349468186066E-008  0.124595302097784E+003  0.672886399468457E+002
  0.378178280440835E-008  0.124578951362772E+003  0.760769713181888E+002
  0.409101230566488E-008  0.124415101968375E+003  0.672990964045252E+002
  0.589376877839955E-008  0.123678239974945E+003  0.673421162894778E+002
  0.629985371662925E-008  0.123538322874768E+003  0.673503332586715E+002
  0.676985188246305E-008  0.123387761705331E+003  0.760073662532233E+002
  0.723753798506927E-008  0.123247502358980E+003  0.673674624472306E+002
  0.769521811728695E-008  0.123118210736871E+003  0.673750995308763E+002
  0.926859808262413E-008  0.122739489108131E+003  0.759690105929026E+002
  0.104768530766524E-007  0.122487761091222E+003  0.674125350036200E+002
  0.112636633689535E-007  0.122336278393946E+003  0.759449801272406E+002
  0.117885742877562E-007  0.122238525077188E+003  0.759391338107592E+002
  0.117726242111263E-007  0.122234577352304E+003  0.674276614800968E+002
  0.159671933781901E-007  0.121618403073390E+003  0.759018575546550E+002
  0.314120431169226E-007  0.120303532093359E+003  0.758791177429573E+002
  0.334446059114926E-007  0.120167234569460E+003  0.758708357696735E+002
  0.397018933798026E-007  0.119813318633079E+003  0.758492535639508E+002
  0.450254969324155E-007  0.119550759325404E+003  0.758331698707295E+002
  0.511720619727311E-007  0.119283930534451E+003  0.758167605230225E+002
  0.732243412368173E-007  0.118567262178996E+003  0.757723611539088E+002
  0.768532711770832E-007  0.118459562970328E+003  0.757656471872107E+002
  0.118996685390191E-006  0.117541687788972E+003  0.757079724039312E+002
  0.167742385003607E-006  0.116855020306871E+003  0.756642792564108E+002
  0.174720424903992E-006  0.116762664682818E+003  0.756583659602643E+002
  0.181359850258505E-006  0.116677232435734E+003  0.756528881074376E+002
  0.204061758725709E-006  0.116409007704564E+003  0.756356403984660E+002
  0.220575498082806E-006  0.116242649129607E+003  0.756249050888096E+002
  0.225854653018044E-006  0.116184621977482E+003  0.756211536456152E+002
  0.253777010858669E-006  0.115951493362908E+003  0.756060457694625E+002
  0.306945619762149E-006  0.115560282413344E+003  0.755805617859605E+002
  0.322158841432333E-006  0.115463534167913E+003  0.755742337384885E+002
  0.347110604080388E-006  0.115292714830466E+003  0.755630356970482E+002
  0.347194399625110E-006  0.115281450373921E+003  0.755622961207721E+002
  0.367438363419664E-006  0.115157327209738E+003  0.755541373650081E+002
  0.558595495102201E-006  0.114308805506756E+003  0.754978957146783E+002
  0.565961266345687E-006  0.114271823703514E+003  0.754954256198079E+002
  0.571030031108515E-006  0.114243209685614E+003  0.754935133286599E+002
  0.677179741846607E-006  0.113870047543963E+003  0.754684862377971E+002
  0.709411206802910E-006  0.113766383642888E+003  0.754615043248460E+002
  0.146379393217701E-005  0.112307013774717E+003  0.753618074851512E+002
  0.149674981287679E-005  0.112251818449003E+003  0.753579837325767E+002
  0.177990096497737E-005  0.111873464019793E+003  0.753316646801671E+002
  0.208217094320047E-005  0.111549203211585E+003  0.753089564536507E+002
  0.230111167747537E-005  0.111328187841428E+003  0.752933967244093E+002
  0.256139283689707E-005  0.111103371443154E+003  0.752775002919907E+002
  0.389901536610611E-005  0.110252527004218E+003  0.752166909019447E+002
  0.432887641726589E-005  0.110022416465720E+003  0.752000643932781E+002
  0.454037214970771E-005  0.109916570658592E+003  0.751923901115925E+002
  0.492725434705651E-005  0.109742580919943E+003  0.751797384972062E+002
  0.492485685056785E-005  0.109733110426003E+003  0.751790485389587E+002
  0.636094917497096E-005  0.109200512105812E+003  0.751400252712754E+002
  0.654953314358239E-005  0.109131690144550E+003  0.751349505256634E+002
  0.684854345985995E-005  0.109032016061297E+003  0.751275875718390E+002
  0.819538684786637E-005  0.108652219646492E+003  0.750993864597777E+002
  0.831478217640382E-005  0.108612956707368E+003  0.750964577703578E+002
  0.870659961063993E-005  0.108520863910998E+003  0.750895785323490E+002
  0.973146529575371E-005  0.108267289204937E+003  0.750705645652449E+002
  0.112307462376858E-004  0.107950016592792E+003  0.750466229117799E+002
  0.113712212944868E-004  0.107904850852181E+003  0.750432007960793E+002
  0.117618923889121E-004  0.107827165985883E+003  0.750373066053265E+002
  0.126939097433770E-004  0.107654448826450E+003  0.750241647599336E+002
  0.140978462646309E-004  0.107424548739046E+003  0.750065913083757E+002
  0.156301308181599E-004  0.107188266042584E+003  0.749884326097972E+002
  0.180778345095810E-004  0.106877491778602E+003  0.749643961059865E+002
  0.209414365549700E-004  0.106544188373049E+003  0.749384198594842E+002
  0.226925658582472E-004  0.106373840855468E+003  0.749250633254940E+002
  0.234118074064929E-004  0.106301702257158E+003  0.749193904980880E+002
  0.405865701657557E-004  0.105191576392515E+003  0.748308035098175E+002
  0.511686851220009E-004  0.104718463016358E+003  0.747922824997273E+002
  0.651433093731917E-004  0.104225806884360E+003  0.747516563797224E+002
  0.682801510821242E-004  0.104122015488975E+003  0.747430285924219E+002
  0.768696875209116E-004  0.103875298094250E+003  0.747224215982332E+002
  0.765355500650906E-004  0.103874278272341E+003  0.747223361279376E+002
  0.782401159160310E-004  0.103820491557745E+003  0.747178249033425E+002
  0.805010155413665E-004  0.103753784593451E+003  0.747122206918172E+002
  0.836248434575521E-004  0.103658225271751E+003  0.747041744104961E+002
  0.859005431524286E-004  0.103594841011680E+003  0.746988254888590E+002
  0.115760658093203E-003  0.102978847959381E+003  0.746463397120679E+002
  0.118933108439514E-003  0.102915136478857E+003  0.746408580166724E+002
  0.129374991526394E-003  0.102737190151164E+003  0.746254935300904E+002
  0.140233646275083E-003  0.102566361908328E+003  0.746106677770877E+002
  0.153195700058457E-003  0.102370318479121E+003  0.745935605917614E+002
  0.156393617529098E-003  0.102319406476130E+003  0.745891014235344E+002
  0.172683913672064E-003  0.102111640499416E+003  0.745708326856589E+002
  0.186880626235216E-003  0.101944033723086E+003  0.745560104596953E+002
  0.186268398741597E-003  0.101941004204690E+003  0.745557418419421E+002
  0.224085242327677E-003  0.101552189526656E+003  0.745210558472832E+002
  0.230506760057995E-003  0.101486135640679E+003  0.745151209890409E+002
  0.241165436305976E-003  0.101386183151413E+003  0.745061166580909E+002
  0.277402338721441E-003  0.101096665027866E+003  0.744798714923973E+002
  0.278375058729244E-003  0.101080117674679E+003  0.744783640099564E+002
  0.310671896218749E-003  0.100851035071876E+003  0.744574101578044E+002
  0.317465448938260E-003  0.100798225252428E+003  0.744525572328942E+002
  0.366812732795591E-003  0.100480756281427E+003  0.744232024783605E+002
  0.388425817203677E-003  0.100347386713153E+003  0.744107762281193E+002
  0.426628823985437E-003  0.100140982901130E+003  0.743914328649679E+002
  0.554885627662876E-003  0.996059199111080E+002  0.743406333113871E+002
  0.585655764097577E-003  0.994792878513451E+002  0.743284679420954E+002
  0.695356106142823E-003  0.991359040241633E+002  0.742951943961003E+002
  0.873189113025990E-003  0.986432375296752E+002  0.742467012696802E+002
  0.873554059205223E-003  0.986331639199468E+002  0.742457001508404E+002
  0.131101947440862E-002  0.977663853264245E+002  0.741580432542324E+002
  0.172719887026901E-002  0.971969754128532E+002  0.740987284587071E+002
  0.185783473880522E-002  0.970421651445685E+002  0.740823485032705E+002
  0.218015660326936E-002  0.966776498335651E+002  0.740433314201223E+002
  0.217995546268317E-002  0.966690043250519E+002  0.740423981859595E+002
  0.217981398743567E-002  0.966603040893024E+002  0.740414586714628E+002
  0.230561986649940E-002  0.965392540197667E+002  0.740283477571060E+002
  0.232943014426835E-002  0.964836171973960E+002  0.740222970903327E+002
  0.239268717362087E-002  0.964213157658902E+002  0.740155029970200E+002
  0.266528091757006E-002  0.962055309913715E+002  0.739918166881111E+002
  0.296676748961749E-002  0.959824512207234E+002  0.739670713749993E+002
  0.326698323288425E-002  0.957809104163596E+002  0.739444824607137E+002
  0.362956746168282E-002  0.955616646986062E+002  0.739196500654879E+002
  0.427022333336080E-002  0.952365594103027E+002  0.738823115757833E+002
  0.440550806615842E-002  0.951741804853336E+002  0.738750745968761E+002
  0.520540511469244E-002  0.948228753467305E+002  0.738338626993625E+002
  0.563538038812463E-002  0.946465971368062E+002  0.738128828824115E+002
  0.597231944383561E-002  0.945043115361794E+002  0.737957967526192E+002
  0.612173816996937E-002  0.944375740059058E+002  0.737877348952382E+002
  0.638547263004343E-002  0.943532151303505E+002  0.737774999812668E+002
  0.653316141976069E-002  0.942988074166693E+002  0.737708723001757E+002
  0.680028793326068E-002  0.942099826324882E+002  0.737600066470649E+002
  0.720630082756714E-002  0.940853242215712E+002  0.737446609909191E+002
  0.758236745304921E-002  0.939749079753420E+002  0.737309725266844E+002
  0.758875439840958E-002  0.939645471976042E+002  0.737296833869263E+002
  0.759325543302071E-002  0.939546845080077E+002  0.737284554668567E+002
  0.818856230080479E-002  0.937950518469102E+002  0.737084774113614E+002
  0.824970668331946E-002  0.937714964297743E+002  0.737055127363408E+002
  0.876453169801575E-002  0.936331094200211E+002  0.736880068659458E+002
  0.900115754859169E-002  0.935625877394033E+002  0.736790268545574E+002
  0.900242152715909E-002  0.935537047473172E+002  0.736778928550030E+002
  0.913479236280040E-002  0.935159088635188E+002  0.736730606211884E+002
  0.976176119582301E-002  0.933745419500840E+002  0.736548817603599E+002
  0.973341117620916E-002  0.933717566191005E+002  0.736545219009137E+002
  0.109154100615209E-001  0.931253668521388E+002  0.736224245909607E+002
  0.109959761071392E-001  0.930850724701931E+002  0.736171247376345E+002
  0.114444166457601E-001  0.929966347195363E+002  0.736054414351889E+002
  0.118034463801364E-001  0.929263629916481E+002  0.735961071253894E+002
  0.123760674946003E-001  0.928146677137012E+002  0.735811759818619E+002
  0.129093499174796E-001  0.927134154129947E+002  0.735675385913841E+002
  0.129282709742899E-001  0.927104861866125E+002  0.735671425927165E+002
  0.132705654120032E-001  0.926413444615143E+002  0.735577711121244E+002
  0.132489440311388E-001  0.926361846009072E+002  0.735570698643770E+002
  0.139633112552852E-001  0.925311537776036E+002  0.735427382351092E+002
  0.139274852755785E-001  0.925278351442887E+002  0.735422836014481E+002
  0.144421238086453E-001  0.924468085618341E+002  0.735311487214439E+002
  0.146566207424121E-001  0.924088659688683E+002  0.735259114217383E+002
  0.148900822428485E-001  0.923688028789338E+002  0.735203652193745E+002
  0.151218339885223E-001  0.923379143011518E+002  0.735160776480713E+002
  0.151229137066866E-001  0.923292789219451E+002  0.735148771960806E+002
  0.166149302930371E-001  0.921326050427434E+002  0.734873202068656E+002
  0.172302952568067E-001  0.920429208283144E+002  0.734746133648491E+002
  0.174806618706831E-001  0.920056120613585E+002  0.734693006731230E+002
  0.175041925253395E-001  0.920029216790647E+002  0.734689169572038E+002
  0.175066686218279E-001  0.919856895304139E+002  0.734664572629047E+002
  0.182525870843449E-001  0.918937829470336E+002  0.734532809081660E+002
  0.191577529385569E-001  0.917801038920299E+002  0.734368461409873E+002
  0.203065537641055E-001  0.916384739424508E+002  0.734161524135260E+002
  0.210435494980594E-001  0.915588224065231E+002  0.734044051213539E+002
  0.220349425142683E-001  0.914584008368361E+002  0.733894793280042E+002
  0.220294437883789E-001  0.914505492477653E+002  0.733883068284503E+002
  0.221244702244719E-001  0.914335898381991E+002  0.733857714770095E+002
  0.222308968588821E-001  0.914156414438967E+002  0.733830841582063E+002
  0.222901858587553E-001  0.914019638733076E+002  0.733810334315586E+002
  0.231535868684683E-001  0.913176066839319E+002  0.733683302958616E+002
  0.241646528949932E-001  0.912154574560444E+002  0.733528185232971E+002
  0.244960200273880E-001  0.911716204199041E+002  0.733461173192761E+002
  0.244845618111305E-001  0.911642745700033E+002  0.733449917429821E+002
  0.253902496769665E-001  0.910751006691749E+002  0.733312666600268E+002
  0.258019307688213E-001  0.910346850432337E+002  0.733250083558882E+002
  0.257618253082967E-001  0.910295487451883E+002  0.733242112977658E+002
  0.271455482718776E-001  0.909084491307514E+002  0.733053054097783E+002
  0.284978961722347E-001  0.907866745436023E+002  0.732860692873890E+002
  0.309803625820424E-001  0.906033677461675E+002  0.732566698370314E+002
  0.324479457525289E-001  0.905026869498294E+002  0.732402860989274E+002
  0.325726298321043E-001  0.904869029006585E+002  0.732377019098073E+002
  0.324538889598997E-001  0.904860934580251E+002  0.732375692707810E+002
  0.327212313720398E-001  0.904534913095681E+002  0.732322174897735E+002
  0.338833735866419E-001  0.903756099009808E+002  0.732193574547987E+002
  0.346408489577456E-001  0.903152624772891E+002  0.732093181700640E+002
  0.363487417490831E-001  0.902029461397193E+002  0.731904553958785E+002
  0.369281816907340E-001  0.901553152493679E+002  0.731823844410568E+002
  0.368624346560609E-001  0.901508951858455E+002  0.731816332661585E+002
  0.372061267286327E-001  0.901243502568576E+002  0.731771140990270E+002
  0.385861251945167E-001  0.900515116244391E+002  0.731646428000860E+002
  0.389585135102343E-001  0.900242864559278E+002  0.731599543145990E+002
  0.400572537218506E-001  0.899606455131857E+002  0.731489361113542E+002
  0.412830610793108E-001  0.898843604304277E+002  0.731356186720261E+002
  0.416156565981282E-001  0.898603280188563E+002  0.731313978542002E+002
  0.455612894220839E-001  0.896474173549211E+002  0.730934526706554E+002
  0.459876307050447E-001  0.896208997527218E+002  0.730886549275652E+002
  0.460639442741107E-001  0.896096940731265E+002  0.730866225904512E+002
  0.481811659810393E-001  0.895040706136772E+002  0.730673193815639E+002
  0.481122974800746E-001  0.894990728336217E+002  0.730663993373936E+002
  0.490734094119493E-001  0.894516552394131E+002  0.730576395629103E+002
  0.501668955531329E-001  0.893918928249601E+002  0.730465190718284E+002
  0.503416700893932E-001  0.893771094116873E+002  0.730437541749335E+002
  0.502506677489775E-001  0.893729002729627E+002  0.730429659242076E+002
  0.501187068399567E-001  0.893703314882615E+002  0.730424846400302E+002
  0.523283803821443E-001  0.892684173259785E+002  0.730232506648327E+002
  0.520103062481428E-001  0.892650469926930E+002  0.730226098729205E+002
  0.521292773325961E-001  0.892527103129038E+002  0.730202617154336E+002
  0.534293076190021E-001  0.891956779301735E+002  0.730093521571607E+002
  0.570149016452341E-001  0.890348828076985E+002  0.729780993212408E+002
  0.587208323543390E-001  0.889605932759316E+002  0.729634024188190E+002
  0.588316367635943E-001  0.889491747005897E+002  0.729611284635309E+002
  0.590617358107048E-001  0.889337194755019E+002  0.729580441677771E+002
  0.590664920553098E-001  0.889107010302371E+002  0.729534366469406E+002
  0.589396748526984E-001  0.889074095535226E+002  0.729527764371118E+002
  0.634049305706802E-001  0.887162405247546E+002  0.729138238672177E+002
  0.673592411671879E-001  0.885803736140496E+002  0.728853725694787E+002
  0.685126516916486E-001  0.885389958154476E+002  0.728765730790600E+002
  0.700927504533504E-001  0.884638730902074E+002  0.728604292135797E+002
  0.699231540608828E-001  0.884613786955957E+002  0.728598893689014E+002
  0.703917961831295E-001  0.884333668454360E+002  0.728538098596533E+002
  0.714189596120807E-001  0.883970809230353E+002  0.728458873373654E+002
  0.720495372258371E-001  0.883649012689019E+002  0.728388159165897E+002
  0.735806328218233E-001  0.883228453676360E+002  0.728295084462707E+002
  0.746245023071139E-001  0.882800726579931E+002  0.728199641689145E+002
  0.746651469109449E-001  0.882716976620974E+002  0.728180859797959E+002
  0.744145905053266E-001  0.882711344346479E+002  0.728179595579965E+002
  0.750390368444453E-001  0.882471355764264E+002  0.728125596350882E+002
  0.748577209722034E-001  0.882446880163493E+002  0.728120074640403E+002
  0.749742267949450E-001  0.882270321904981E+002  0.728080162682117E+002
  0.747371959666262E-001  0.882188723845789E+002  0.728061669063348E+002
  0.746904520709841E-001  0.882128903820407E+002  0.728048091907888E+002
  0.756132401091173E-001  0.881738916169166E+002  0.727959171607614E+002
  0.757025361688575E-001  0.881571425432417E+002  0.727920763488059E+002
  0.763596327036097E-001  0.881326761549603E+002  0.727864418080280E+002
  0.770556137329820E-001  0.881145296976776E+002  0.727822440705085E+002
  0.781308753451336E-001  0.880796066982271E+002  0.727741200345044E+002
  0.788893399568735E-001  0.880458965453602E+002  0.727662203340077E+002
  0.799405901879353E-001  0.880122399577062E+002  0.727582752742948E+002
  0.804508442174677E-001  0.879923333595799E+002  0.727535483140328E+002
  0.854198944071730E-001  0.878510009239389E+002  0.727193680387042E+002
  0.855334945876022E-001  0.878412127525311E+002  0.727169589895672E+002
  0.861183368637034E-001  0.878133491936517E+002  0.727100703098406E+002
  0.887681153912785E-001  0.877456340621450E+002  0.726931333196334E+002
  0.896579618352186E-001  0.877044459610796E+002  0.726826909210742E+002
  0.890830338651576E-001  0.877032276093257E+002  0.726823803710012E+002
  0.895387525317771E-001  0.876789872216447E+002  0.726761814603512E+002
  0.900603389876742E-001  0.876464279056365E+002  0.726677937592193E+002
  0.898171345595502E-001  0.876448796044184E+002  0.726673931161892E+002
  0.930091746045999E-001  0.875542374403158E+002  0.726436470158154E+002
  0.929340344497388E-001  0.875489453815114E+002  0.726422424546059E+002
  0.931525721729627E-001  0.875373393609378E+002  0.726391548833527E+002
  0.936061903128557E-001  0.875138305883895E+002  0.726328700388819E+002
  0.935099390571671E-001  0.875090034727994E+002  0.726315744014957E+002
  0.933442366117770E-001  0.874988049186304E+002  0.726288311881964E+002
  0.935078553265287E-001  0.874884412115677E+002  0.726260353749183E+002
  0.931169639167911E-001  0.874831206628523E+002  0.726245968267164E+002
  0.928611113614355E-001  0.874817859069659E+002  0.726242355958093E+002
  0.925952375213762E-001  0.874738684587948E+002  0.726220900041746E+002
  0.938598597085500E-001  0.874263645561769E+002  0.726091122572493E+002
  0.951148121543497E-001  0.873862872008323E+002  0.725980202111770E+002
  0.959593985417249E-001  0.873618609133476E+002  0.725911933848249E+002
  0.966143417988755E-001  0.873415114926394E+002  0.725854665451351E+002
  0.970825203778111E-001  0.873250978309610E+002  0.725808207044717E+002
  0.975639447152850E-001  0.873017364388376E+002  0.725741665486873E+002
  0.983119769100943E-001  0.872797380357274E+002  0.725678548618708E+002
  0.100854367234410E+000  0.872085739488167E+002  0.725471209293869E+002
  0.100981295572655E+000  0.871993806670446E+002  0.725444060201911E+002
  0.100718097383724E+000  0.871979224803877E+002  0.725439746096743E+002
  0.100535417626057E+000  0.871948755174538E+002  0.725430724544375E+002
  0.101139443543262E+000  0.871762174865529E+002  0.725375273411778E+002
  0.101059794738113E+000  0.871711153340579E+002  0.725360047176527E+002
  0.100821608258133E+000  0.871625012882782E+002  0.725334278593609E+002
  0.101087381974540E+000  0.871505804869732E+002  0.725298488599959E+002
  0.100989257697340E+000  0.871458672250107E+002  0.725284296096839E+002
  0.101482212074635E+000  0.871294728830753E+002  0.725234742981502E+002
  0.101416299689402E+000  0.871241167187798E+002  0.708447100095569E+002
  0.101761494839145E+000  0.871106652092915E+002  0.708488057234027E+002
  0.101596890689618E+000  0.871072473453193E+002  0.708498496009704E+002
  0.102028205616418E+000  0.870921190261703E+002  0.708544858526566E+002
  0.103766459424709E+000  0.870516764642326E+002  0.708670092350106E+002
  0.103553190600732E+000  0.870491356681341E+002  0.708678024349265E+002
  0.104550412434294E+000  0.870233121455947E+002  0.724906506470360E+002
  0.104225326638753E+000  0.870228849913695E+002  0.724905158800545E+002
  0.105210363437773E+000  0.869974161122270E+002  0.724824393853156E+002
  0.105324046708055E+000  0.869886006327406E+002  0.708869342151584E+002
  0.105040072427584E+000  0.869873447272551E+002  0.708873360067827E+002
  0.105119497649838E+000  0.869791774343078E+002  0.724766051542632E+002
  0.105504926990025E+000  0.869652020996149E+002  0.724721054924128E+002
  0.106511644715184E+000  0.869395531872934E+002  0.724637797786503E+002
  0.107148541278462E+000  0.869209740295497E+002  0.724576930285721E+002
  0.106807830659544E+000  0.869206881761236E+002  0.724575990058961E+002
  0.106752109087565E+000  0.869150762668311E+002  0.724557508235304E+002
  0.106633786163718E+000  0.869106386952134E+002  0.724542862516943E+002
  0.106455070576673E+000  0.869073378775751E+002  0.709133639750390E+002
  0.106552838837519E+000  0.868988463417583E+002  0.709161782945852E+002
  0.107153926124833E+000  0.868809400391633E+002  0.724444119969640E+002
  0.107131667953021E+000  0.868746999450863E+002  0.709242380703949E+002
  0.106963288603267E+000  0.868711902472174E+002  0.724411423212539E+002
  0.107362575206188E+000  0.868570827047208E+002  0.709301729147260E+002
  0.108110376211552E+000  0.868365450293073E+002  0.709371511780934E+002
  0.107977189928370E+000  0.868323548626102E+002  0.709385829387484E+002
  0.108001456664190E+000  0.868252498539965E+002  0.709410169991583E+002
  0.108243263580165E+000  0.868141214336607E+002  0.709448455395959E+002
  0.108323899582373E+000  0.868059765047715E+002  0.709476602900869E+002
  0.108544729539254E+000  0.867952478590792E+002  0.724151745711320E+002
  0.108565710685250E+000  0.867882057263902E+002  0.724127197486555E+002
  0.108395837260245E+000  0.867846820091792E+002  0.709550707142003E+002
  0.108368950603827E+000  0.867785225733505E+002  0.709572282828891E+002
  0.108160120234797E+000  0.867757247741637E+002  0.709582104352912E+002
  0.107908481579077E+000  0.867737276916477E+002  0.724076467062655E+002
  0.107570389268387E+000  0.867733482272932E+002  0.709590457555331E+002
  0.107420193058173E+000  0.867694871180660E+002  0.709604049350028E+002
  0.107148203229560E+000  0.867679019952080E+002  0.709609636670951E+002
  0.106985033265992E+000  0.867642944237825E+002  0.709622368960275E+002
  0.108066776376247E+000  0.867375180692448E+002  0.709717583494337E+002
  0.107941950607625E+000  0.867331739842339E+002  0.709733151092915E+002
  0.107583529696652E+000  0.867331704479904E+002  0.723932426432584E+002
  0.107666268029955E+000  0.867249773362812E+002  0.709762618212344E+002
  0.107528988710891E+000  0.867208734728904E+002  0.723888172291018E+002
  0.107264086821802E+000  0.867191510503078E+002  0.709783638728218E+002
  0.107041754898920E+000  0.867166452777219E+002  0.709792698545724E+002
  0.106810486877091E+000  0.867143154527415E+002  0.709801132683117E+002
  0.106910383924950E+000  0.867057901991871E+002  0.709832081342949E+002
  0.106628125803963E+000  0.867044218767565E+002  0.723828528788232E+002
  0.106326305167862E+000  0.867034355063982E+002  0.723824936641857E+002
  0.106250061695336E+000  0.866982145819447E+002  0.723805892351018E+002
  0.106599063975334E+000  0.866850003167441E+002  0.723757456826710E+002
  0.106432208528470E+000  0.866814777128401E+002  0.709921102427288E+002
  0.106115104503424E+000  0.866807898253213E+002  0.723741952373303E+002
  0.105902280748845E+000  0.866781494597526E+002  0.709933378332844E+002
  0.106086652208790E+000  0.866680149902901E+002  0.723694696724834E+002
  0.105904795654957E+000  0.866647908051025E+002  0.709982871657272E+002
  0.105686457465017E+000  0.866622627729933E+002  0.723673311992540E+002
  0.105781577046442E+000  0.866538079688627E+002  0.723641758080480E+002
  0.105573531426602E+000  0.866510897562392E+002  0.710034007797813E+002
  0.105992074592960E+000  0.866365209103722E+002  0.710088808140057E+002
  0.106905161978574E+000  0.866127097672696E+002  0.710179344759330E+002
  0.107191519542717E+000  0.866007041231250E+002  0.723440126215986E+002
  0.107077489941801E+000  0.865961772616369E+002  0.723422652650043E+002
  0.106985965998153E+000  0.865912319023544E+002  0.710262079628053E+002
  0.106856065933055E+000  0.865870061546936E+002  0.710278480578513E+002
  0.106987973085595E+000  0.865778832217614E+002  0.710314029162794E+002
  0.106657137813560E+000  0.865774217554518E+002  0.723349757738947E+002
  0.106543034865995E+000  0.865729069419839E+002  0.710333501779118E+002
  0.106464529954829E+000  0.865677255801398E+002  0.710353839092038E+002
  0.106216997234107E+000  0.865657254645971E+002  0.723303883387329E+002
  0.105891810660813E+000  0.865652023374918E+002  0.710363766196536E+002
  0.105689480299124E+000  0.865623718672194E+002  0.710374920176031E+002
  0.105357494770601E+000  0.865620084559172E+002  0.723289236552229E+002
  0.105213926466743E+000  0.865580800896198E+002  0.723273720662647E+002
  0.104971492296205E+000  0.865560382315371E+002  0.723265641143472E+002
  0.104698899341392E+000  0.865545830634132E+002  0.710405713286595E+002
  0.104904823623846E+000  0.865439976990466E+002  0.723217789529098E+002
  0.104652823103405E+000  0.865421522633890E+002  0.710455166564444E+002
  0.104606326342009E+000  0.865363854713362E+002  0.710478239196039E+002
  0.104495743251422E+000  0.865318452810389E+002  0.723169126843400E+002
  0.104283892185985E+000  0.865292485476410E+002  0.723158680040886E+002
  0.104010867881357E+000  0.865278360078644E+002  0.723152990063674E+002
  0.103860230171768E+000  0.865240791035867E+002  0.723137831552617E+002
  0.103595607712882E+000  0.865225257679099E+002  0.723131553430539E+002
  0.103323961893180E+000  0.865211214257061E+002  0.710539718106988E+002
  0.103009133353564E+000  0.865205691569369E+002  0.723123636472819E+002
  0.102955455868945E+000  0.865149560372257E+002  0.710564721375315E+002
  0.102776011315209E+000  0.865117893661839E+002  0.723087987791818E+002
  0.102982334703709E+000  0.865011228000698E+002  0.723044402959400E+002
  0.103009957489468E+000  0.864939308350395E+002  0.723014842313148E+002
  0.103386754261245E+000  0.864799728673854E+002  0.710708525547007E+002
  0.103066745226781E+000  0.864795174105506E+002  0.722955170159490E+002
  0.102968109030762E+000  0.864747767724543E+002  0.722935416214830E+002
  0.103197251159487E+000  0.864636753974396E+002  0.710776684846734E+002
  0.102908900979807E+000  0.864626159698158E+002  0.722884448052223E+002
  0.102598725353604E+000  0.864619976519407E+002  0.710783745116598E+002
  0.102822874667675E+000  0.864509774011850E+002  0.722835263380246E+002
  0.102511805405947E+000  0.864503815767036E+002  0.722832734572988E+002
  0.102474121591931E+000  0.864444613409391E+002  0.722807549666719E+002
  0.102782796652916E+000  0.864317903670448E+002  0.710912303360165E+002
  0.102520877300836E+000  0.864302378517805E+002  0.710918986169050E+002
  0.102247868890838E+000  0.864289152841146E+002  0.722740905081925E+002
  0.102202865039805E+000  0.864231401869854E+002  0.722715955431806E+002
  0.101863903974141E+000  0.864231287337010E+002  0.710949684365949E+002
  0.101553136562161E+000  0.864225840998343E+002  0.710952042782125E+002
  0.101331393851087E+000  0.864203003226429E+002  0.722703647723578E+002
  0.101080130897779E+000  0.864186101332905E+002  0.722696310336591E+002
  0.100776385771181E+000  0.864179735880289E+002  0.722693544608789E+002
  0.100739715667462E+000  0.864120458921935E+002  0.710997863815419E+002
  0.100907068042699E+000  0.864020705979897E+002  0.711041571254540E+002
  0.100584644648302E+000  0.864018157509222E+002  0.722622898005272E+002
  0.100816447890142E+000  0.863905563557073E+002  0.722573154762254E+002
  0.100649880287827E+000  0.863872078818116E+002  0.711107312153115E+002
  0.100699010246942E+000  0.863795762851216E+002  0.722524226859279E+002
  0.101353990827553E+000  0.863599541492038E+002  0.711229864792430E+002
  0.101572325685132E+000  0.863489948405404E+002  0.711279908276004E+002
  0.101261796676708E+000  0.863484630672849E+002  0.722383242222368E+002
  0.101155409739901E+000  0.863439098172025E+002  0.722362308374751E+002
  0.100975449936584E+000  0.863408154913680E+002  0.711317553537808E+002
  0.100729436222980E+000  0.863390385998506E+002  0.722339824548437E+002
  0.100395293260926E+000  0.863390285131427E+002  0.711325812315494E+002
  0.100292424058917E+000  0.863344232669268E+002  0.722318436775664E+002
  0.100273384331132E+000  0.863281474070536E+002  0.722289219503408E+002
  0.100275707489990E+000  0.863214454909046E+002  0.711407745222935E+002
  0.100049311889180E+000  0.863193104783028E+002  0.722247811909624E+002
  0.997889049223470E-001  0.863178672567620E+002  0.711424570986796E+002
  0.996894747052717E-001  0.863132054811282E+002  0.711446570682267E+002
  0.267540180021401E+000  0.842543623246853E+002  0.722200772743030E+002
  0.268552304551950E+000  0.842468104506171E+002  0.722164819618723E+002
  0.269268285433581E+000  0.842414853937641E+002  0.722139321535554E+002
  0.269273231588835E+000  0.842414486563532E+002  0.722139145199468E+002
  0.270092259338596E+000  0.842353746424011E+002  0.722109909486402E+002
  0.271797286618840E+000  0.842227888088514E+002  0.722048809269396E+002
  0.272134592455850E+000  0.842203083079415E+002  0.722036682600145E+002
  0.274894794759050E+000  0.842001249262577E+002  0.721936939249714E+002
  0.273085582181569E+000  0.841941924763356E+002  0.721907249135169E+002
  0.274496193604570E+000  0.841838881557337E+002  0.721855261965830E+002
  0.272443133817308E+000  0.841795793041437E+002  0.721833362774829E+002
  0.272464108753709E+000  0.841794253334509E+002  0.721832578463332E+002
  0.272831665864356E+000  0.841767291294206E+002  0.721818824270544E+002
  0.273997935424640E+000  0.841681979794909E+002  0.721775052002034E+002
  0.274263591691830E+000  0.841662598074701E+002  0.721765053330475E+002
  0.274833455466635E+000  0.841621085268734E+002  0.721743569142526E+002
  0.275874249832110E+000  0.841545488316330E+002  0.721704201957586E+002
  0.277784257195070E+000  0.841407496040165E+002  0.721631509623241E+002
  0.281104491219795E+000  0.841169862121420E+002  0.721503676695436E+002
  0.282221473118886E+000  0.841090548655777E+002  0.721460224811851E+002
  0.279982384300451E+000  0.841038215277011E+002  0.721431329140222E+002
  0.280091611678114E+000  0.841030414352145E+002  0.721427006325402E+002
  0.281144927844652E+000  0.840955343159943E+002  0.721385196457909E+002
  0.281979324289161E+000  0.840896074034027E+002  0.721351914090853E+002
  0.282038442968370E+000  0.840891881351962E+002  0.721349550417212E+002
  0.282263434139372E+000  0.840875933066688E+002  0.721340548060648E+002
  0.282372201639450E+000  0.840868227743500E+002  0.721336192175691E+002
  0.281235306011299E+000  0.840722923794269E+002  0.721253247031311E+002
  0.278469990126189E+000  0.840694560862811E+002  0.721236874145004E+002
  0.279080906273886E+000  0.840650732297840E+002  0.721211453115603E+002
  0.277261945571172E+000  0.840552938685495E+002  0.721154192736304E+002
  0.277721349256701E+000  0.840519827505772E+002  0.721134632676205E+002
  0.277943824309889E+000  0.840503812461054E+002  0.721125139985113E+002
  0.278081338648204E+000  0.840493919790701E+002  0.721119265741260E+002
  0.278815374154626E+000  0.840441196482078E+002  0.721087821986570E+002
  0.279855386452897E+000  0.840366733054027E+002  0.721043012569977E+002
  0.276909879701931E+000  0.840335923514981E+002  0.721024332394033E+002
  0.276998442637273E+000  0.840329528020815E+002  0.721020444288773E+002
  0.277303070593151E+000  0.840307545184451E+002  0.721007052327431E+002
  0.277358180042037E+000  0.840303570906528E+002  0.721004626605587E+002
  0.274632383502218E+000  0.840249521733052E+002  0.720971496260556E+002
  0.275305847822245E+000  0.840200536983978E+002  0.720941239460693E+002
  0.275559361153699E+000  0.840182128607829E+002  0.720929811248833E+002
  0.275897722027144E+000  0.840157585561690E+002  0.720914524768029E+002
  0.276540137410863E+000  0.840111070598074E+002  0.720885395023030E+002
  0.273619738972777E+000  0.840058498949858E+002  0.720852218187138E+002
  0.274245235733693E+000  0.840012830979715E+002  0.720823174237277E+002
  0.274844043644441E+000  0.839969209064618E+002  0.720795232750379E+002
  0.276522012284919E+000  0.839847476955599E+002  0.720716195546635E+002
  0.278326764232419E+000  0.839717368833265E+002  0.720629901609254E+002
  0.279879746912863E+000  0.839606084808004E+002  0.720554505474690E+002
  0.276316456906616E+000  0.839578656982549E+002  0.720535687020574E+002
  0.278249966920569E+000  0.839439195394871E+002  0.720438482286679E+002
  0.278328537008004E+000  0.839433548745753E+002  0.720434491312304E+002
  0.279206841141779E+000  0.839370535355410E+002  0.720389650502320E+002
  0.279733215780143E+000  0.839332865856690E+002  0.720362572559306E+002
  0.280163131937475E+000  0.839302151868747E+002  0.720340339739762E+002
  0.280283001792360E+000  0.839293596551867E+002  0.720334121695897E+002
  0.280515879723453E+000  0.839276986109004E+002  0.720322017507074E+002
  0.280877250102072E+000  0.839251237989952E+002  0.720303171164235E+002
  0.281744933444490E+000  0.839189549414159E+002  0.720257596333036E+002
  0.277685471008088E+000  0.839154600924394E+002  0.720231505602876E+002
  0.277943834410608E+000  0.839136001227177E+002  0.720217538035053E+002
  0.278067854924743E+000  0.839127079075462E+002  0.720210817388500E+002
  0.274148665432311E+000  0.839074829360180E+002  0.720171188478696E+002
  0.270042944005934E+000  0.839040477705720E+002  0.720144876058291E+002
  0.271058093244983E+000  0.838965434387732E+002  0.720086654901442E+002
  0.271869808516415E+000  0.838905631539244E+002  0.720039501059670E+002
  0.272201547451975E+000  0.838881242166561E+002  0.720020070063928E+002
  0.273719977361001E+000  0.838769985602702E+002  0.719929885969920E+002
  0.274147227418004E+000  0.838738791901755E+002  0.719904125210517E+002
  0.274577612152230E+000  0.838707418448873E+002  0.719877996204730E+002
  0.274941187410076E+000  0.838680953453595E+002  0.719855779546625E+002
  0.275255310088161E+000  0.838658116324413E+002  0.719836476308290E+002
  0.270949535452548E+000  0.838585084203132E+002  0.719773895120587E+002
  0.271163616368889E+000  0.838569288170385E+002  0.719760183539592E+002
  0.272400950795054E+000  0.838478234658947E+002  0.719679858359349E+002
  0.267336009524566E+000  0.838449555209950E+002  0.719654084485114E+002
  0.267350707423610E+000  0.838448455657738E+002  0.719653091642494E+002
  0.268286282383788E+000  0.838378589242281E+002  0.719589272467295E+002
  0.268600247601905E+000  0.838355197688471E+002  0.719567572792877E+002
  0.268835221905599E+000  0.838337709127927E+002  0.719551235995545E+002
  0.269503200809656E+000  0.838288076464258E+002  0.719504328019901E+002
  0.269531303578541E+000  0.838285991049044E+002  0.719502339044222E+002
  0.269651657041532E+000  0.838277062468300E+002  0.719493806555318E+002
  0.270239132540419E+000  0.838233536944836E+002  0.719451813898287E+002
  0.270824670229819E+000  0.838190249043114E+002  0.719409371788241E+002
  0.271513356764102E+000  0.838139455119755E+002  0.719358661113886E+002
  0.272076461258501E+000  0.838098019119510E+002  0.719316526329222E+002
  0.272172483647715E+000  0.838090961879171E+002  0.719309278629519E+002
  0.272206919763535E+000  0.838088431576544E+002  0.719306674868282E+002
  0.272371988767201E+000  0.838076307051988E+002  0.719294160129730E+002
  0.272390684594064E+000  0.838074934283421E+002  0.719292739167788E+002
  0.273484959855088E+000  0.837994749227506E+002  0.719208264679916E+002
  0.273525170001204E+000  0.837991808869074E+002  0.719205109856510E+002
  0.273547760431533E+000  0.837990157138266E+002  0.719203335809424E+002
  0.274109333746818E+000  0.837949140705313E+002  0.719158848036472E+002
  0.266328526732498E+000  0.837869273157803E+002  0.719069683694654E+002
  0.266699551663559E+000  0.837841430347563E+002  0.719037752487664E+002
  0.266726789199623E+000  0.837839387888539E+002  0.719035391892810E+002
  0.266765565462932E+000  0.837836480535657E+002  0.719032027316810E+002
  0.266985759627761E+000  0.837819978905255E+002  0.719012832190888E+002
  0.257476046765364E+000  0.837790544920476E+002  0.718978167478800E+002
  0.258078481714333E+000  0.837743804163494E+002  0.718921938821049E+002
  0.258454095710695E+000  0.837714716816133E+002  0.718886169934754E+002
  0.258556513348567E+000  0.837706792983437E+002  0.718876317444907E+002
  0.259064224420773E+000  0.837667558756678E+002  0.718826816484853E+002
  0.259555424939785E+000  0.837629673522943E+002  0.718777822315948E+002
  0.259932848683408E+000  0.837600612323359E+002  0.718739386507307E+002
  0.260231594980515E+000  0.837577639101441E+002  0.718708445217555E+002
  0.260455584503528E+000  0.837560431876400E+002  0.718684931267260E+002
  0.260608283709884E+000  0.837548709765539E+002  0.718668740363686E+002
  0.260687551342978E+000  0.837542627412420E+002  0.718660282724502E+002
  0.260911006603571E+000  0.837525491224379E+002  0.718636241219089E+002
  0.261330516488825E+000  0.837493359732957E+002  0.718590275545332E+002
  0.261506660894566E+000  0.837479883689552E+002  0.718570635562226E+002
  0.261638240471418E+000  0.837469823029167E+002  0.718555827213167E+002
  0.261688651336486E+000  0.837465969921978E+002  0.718550121984033E+002
  0.261814994030584E+000  0.837456316297009E+002  0.718535744097611E+002
  0.262022424524668E+000  0.837440476992861E+002  0.718511886701290E+002
  0.262130987230889E+000  0.837432192188806E+002  0.718499271967719E+002
  0.262296547720070E+000  0.837419564286291E+002  0.718479858427449E+002
  0.262372273386437E+000  0.837413791069828E+002  0.718470906322700E+002
  0.262517886649534E+000  0.837402694404056E+002  0.718453560682811E+002
  0.262595666201627E+000  0.837396769624378E+002  0.718444222967633E+002
  0.262598912068437E+000  0.837396522411863E+002  0.718443832173518E+002
  0.262697422416920E+000  0.837389021095507E+002  0.718431928661152E+002
  0.262720672318596E+000  0.837387251084012E+002  0.718429106963700E+002
