  0.102857265206630E-058  0.354053768480583E+003  0.600151553943244E+002
  0.228885542987087E-058  0.352447353272678E+003  0.600502747554734E+002
  0.130464256834434E-057  0.348959773048634E+003  0.601268874108939E+002
  0.449920290753901E-057  0.346477175188131E+003  0.601817342601363E+002
  0.831829534543575E-057  0.345241405411853E+003  0.602091332618852E+002
  0.343977092772694E-055  0.337790514397860E+003  0.603757382818910E+002
  0.135990321721511E-054  0.335034671321662E+003  0.604379853781138E+002
  0.294957103991677E-054  0.333479523309121E+003  0.604732645558541E+002
  0.490617321236271E-054  0.332455198725212E+003  0.604965625593740E+002
  0.255491890233694E-053  0.329148320497157E+003  0.605721100888527E+002
  0.510388775345406E-053  0.327757700773894E+003  0.606040334574952E+002
  0.200632221016348E-052  0.325013273515859E+003  0.606673065666642E+002
  0.350201229003086E-052  0.323892549048801E+003  0.606932497612788E+002
  0.388696305106647E-052  0.323677312663088E+003  0.606982391941537E+002
  0.651935076387324E-051  0.318031193599246E+003  0.608299421193826E+002
  0.115485504063759E-050  0.316880967762536E+003  0.608569690456589E+002
  0.192993885572295E-050  0.315847285199778E+003  0.608813152394494E+002
  0.209942911604795E-049  0.311067105159948E+003  0.609946233669977E+002
  0.428018637379849E-049  0.309635787388452E+003  0.610287853681626E+002
  0.810486591928351E-049  0.308352195691943E+003  0.610595149447377E+002
  0.116906491601230E-048  0.307612890725581E+003  0.610772545395874E+002
  0.356048011827762E-048  0.305378852768849E+003  0.611310414126515E+002
  0.100792371644571E-047  0.303291032826274E+003  0.611815569522686E+002
  0.115924437399404E-046  0.298399455255143E+003  0.613008728561016E+002
  0.419740713404003E-046  0.295819402486001E+003  0.613643615239369E+002
  0.108846345305796E-045  0.293906976639815E+003  0.614116747972215E+002
  0.152279471554800E-045  0.293228760560269E+003  0.614285062468708E+002
  0.163465010163633E-045  0.293080341978020E+003  0.614321932717088E+002
  0.272683641418162E-045  0.292050259721300E+003  0.614578192796956E+002
  0.326833435578018E-045  0.291681327402683E+003  0.614670130761908E+002
  0.625238372207525E-045  0.290377307216992E+003  0.614995757863829E+002
  0.216381181943429E-044  0.287887664228739E+003  0.615620356401805E+002
  0.340146396833714E-044  0.286976339608024E+003  0.615849954270985E+002
  0.584612434678792E-044  0.285886537989847E+003  0.616125204643723E+002
  0.602231804375706E-044  0.285820495798782E+003  0.616141909050391E+002
  0.125360431280929E-043  0.284347568812438E+003  0.616515187202532E+002
  0.155186313220943E-043  0.283914046477313E+003  0.616625317935598E+002
  0.441074837107939E-043  0.281818214609415E+003  0.617159452989829E+002
  0.156919433807697E-042  0.279273352936304E+003  0.617811899135469E+002
  0.255787590620446E-042  0.278289467630613E+003  0.618065300786679E+002
  0.133560629759162E-041  0.274977225555813E+003  0.618923195614098E+002
  0.203946366971979E-041  0.274123966931556E+003  0.619145416209628E+002
  0.462315664755904E-041  0.272480529626296E+003  0.619574859777407E+002
  0.135638748473306E-040  0.270321209508976E+003  0.620142007075763E+002
  0.294956663514246E-040  0.268760887225154E+003  0.620553906327935E+002
  0.344468088575156E-040  0.268443885619319E+003  0.620637805065452E+002
  0.132301587446559E-038  0.261140724437443E+003  0.622591364540907E+002
  0.421851094069356E-038  0.258814932208812E+003  0.623222061117122E+002
  0.436010820985819E-038  0.258742247293218E+003  0.623241839933077E+002
  0.234059802855169E-037  0.255374602349751E+003  0.624162862753217E+002
  0.456886829216913E-037  0.254030228626988E+003  0.624533104482557E+002
  0.492553605245615E-037  0.253873237894651E+003  0.624576436757819E+002
  0.682171493717605E-037  0.253215226743526E+003  0.624758281579468E+002
  0.271898438972650E-036  0.250443105923067E+003  0.625528348398578E+002
  0.347044554125902E-036  0.249948401224238E+003  0.625666456277618E+002
  0.430178497982193E-036  0.249512251515298E+003  0.625788390993338E+002
  0.711204590154824E-036  0.248500076126837E+003  0.626071996871914E+002
  0.174236096654271E-034  0.242096177937606E+003  0.627887290450068E+002
  0.496219222233177E-034  0.239996309252266E+003  0.628490654496104E+002
  0.952989459407562E-034  0.238684481604539E+003  0.628869687739585E+002
  0.105060247144001E-033  0.238482795588823E+003  0.628928106888911E+002
  0.264665283783116E-033  0.236628276049371E+003  0.629467106753065E+002
  0.685809932653666E-032  0.230112181131860E+003  0.631387909871813E+002
  0.710674569514590E-032  0.230034297364370E+003  0.631411129521373E+002
  0.270517228722033E-031  0.227354229255185E+003  0.632214025690359E+002
  0.979778170236246E-031  0.224773592873502E+003  0.632994400230273E+002
  0.213020788040921E-030  0.223213639970842E+003  0.633469666527827E+002
  0.260730355240313E-030  0.222802790402224E+003  0.633595290334471E+002
  0.656454374214521E-030  0.220949401939645E+003  0.634164366371751E+002
  0.692417680422562E-030  0.220836074029134E+003  0.799466299781481E+002
  0.102819664208933E-029  0.220038673737265E+003  0.634445442398946E+002
  0.568797263008916E-029  0.216610923265477E+003  0.635512050308242E+002
  0.833998163027036E-029  0.215838853419007E+003  0.635754230252266E+002
  0.121393544213414E-028  0.215081414653540E+003  0.797673064415253E+002
  0.122718963967287E-028  0.215053040681480E+003  0.636001466098282E+002
  0.289685849625242E-028  0.213328584774650E+003  0.797118899666522E+002
  0.571255579451710E-028  0.211963849893273E+003  0.636980820185485E+002
  0.702149093950961E-028  0.211544576199552E+003  0.796550922036343E+002
  0.959742650565738E-028  0.210912881799015E+003  0.637316754314889E+002
  0.102342249911570E-027  0.210777741209616E+003  0.637360054034975E+002
  0.169180782013876E-027  0.209765795086564E+003  0.795980550779575E+002
  0.288906268870375E-027  0.208688870612188E+003  0.795633225522210E+002
  0.400133096070377E-027  0.208030825180803E+003  0.795420239860208E+002
  0.576194647338436E-027  0.207294872998459E+003  0.795181352718654E+002
  0.704861678770964E-027  0.206885105317833E+003  0.795048027551302E+002
  0.869040312891911E-027  0.206459673875786E+003  0.794909365012870E+002
  0.409551289993958E-026  0.203352502846469E+003  0.639776523524078E+002
  0.411872072897157E-026  0.203334545960851E+003  0.639782459272948E+002
  0.423755065226733E-026  0.203271004753658E+003  0.793862123365119E+002
  0.519571353216586E-026  0.202856652095596E+003  0.639940598127882E+002
  0.636484520691999E-026  0.202444084620636E+003  0.640077382014496E+002
  0.659284305603352E-026  0.202367039514624E+003  0.640102952805220E+002
  0.928444393186809E-026  0.201675672676573E+003  0.640332795631478E+002
  0.117490380556946E-025  0.201198154965399E+003  0.793173641219512E+002
  0.201808570855397E-025  0.200109573152386E+003  0.792809578117559E+002
  0.251665990354324E-025  0.199661351183807E+003  0.792659167636134E+002
  0.799886809908603E-025  0.197341960690022E+003  0.791876030401095E+002
  0.202383247886320E-024  0.195478749050679E+003  0.642424639156059E+002
  0.204011627276329E-024  0.195456065826404E+003  0.642432404177746E+002
  0.226814309059152E-024  0.195237500901658E+003  0.642507265857065E+002
  0.291976776826709E-024  0.194725760107999E+003  0.790982750012630E+002
  0.316570771145912E-024  0.194557359418984E+003  0.642740708168068E+002
  0.933987284239327E-024  0.192386871835345E+003  0.790174945147266E+002
  0.982814940852423E-024  0.192278300217095E+003  0.790137230494130E+002
  0.111051645556777E-023  0.192027325399866E+003  0.643615615499192E+002
  0.121127372761430E-023  0.191846975237703E+003  0.643678381650524E+002
  0.123119543804716E-023  0.191807693407811E+003  0.643692059806372E+002
  0.179363935931911E-023  0.191048515589302E+003  0.789708676127558E+002
  0.217468379041287E-023  0.190656586903425E+003  0.644094023643845E+002
  0.333325913386674E-023  0.189795796775270E+003  0.644396067294982E+002
  0.365983135533850E-023  0.189602208146410E+003  0.789201420741151E+002
  0.489316042864877E-023  0.189014709905077E+003  0.788994352363609E+002
  0.507132470597718E-023  0.188936526989781E+003  0.644698838846945E+002
  0.724851615525615E-023  0.188215481983648E+003  0.644953889743893E+002
  0.739570685706156E-023  0.188168620608011E+003  0.788695093149446E+002
  0.915023942490855E-023  0.187736204291431E+003  0.788541666572070E+002
  0.116456598994618E-022  0.187247241662884E+003  0.645297809962959E+002
  0.131231804105980E-022  0.187001692895296E+003  0.645385292359383E+002
  0.148408680553571E-022  0.186749028181429E+003  0.788190168278246E+002
  0.233888951851718E-022  0.185832619371921E+003  0.787862310858663E+002
  0.309258070808698E-022  0.185267304449817E+003  0.646006285142488E+002
  0.437518868364467E-022  0.184566761422394E+003  0.646258661804328E+002
  0.621137269204423E-022  0.183859241301476E+003  0.787151118821995E+002
  0.117457600235891E-021  0.182578364902339E+003  0.786685624551999E+002
  0.119132372938643E-021  0.182543393655939E+003  0.646992718371078E+002
  0.192567950605516E-021  0.181576310417581E+003  0.647346304876577E+002
  0.215023910775492E-021  0.181349054530889E+003  0.647429655928398E+002
  0.278305360024267E-021  0.180826459563960E+003  0.786043880359417E+002
  0.483218547352365E-021  0.179716303779614E+003  0.785634118480286E+002
  0.482947288047401E-021  0.179710771233600E+003  0.648033519922806E+002
  0.484718634478159E-021  0.179696793504859E+003  0.648038694857163E+002
  0.107186959349209E-020  0.178102955726930E+003  0.785034238326737E+002
  0.170654701584038E-020  0.177166164881480E+003  0.784683483991135E+002
  0.182800975695744E-020  0.177021997760290E+003  0.649036246567858E+002
  0.216270539654394E-020  0.176679077928400E+003  0.784500389884252E+002
  0.310210571063429E-020  0.175950979936178E+003  0.649439817068292E+002
  0.413994659820028E-020  0.175367120863240E+003  0.649660842324624E+002
  0.485427228943905E-020  0.175042112657355E+003  0.783881397346557E+002
  0.557155580079012E-020  0.174759826814701E+003  0.783774076806664E+002
  0.761508979910976E-020  0.174128256342871E+003  0.650132251700670E+002
  0.834152437260793E-020  0.173939372363719E+003  0.650204418346993E+002
  0.111521385798179E-019  0.173351946179060E+003  0.783236233493534E+002
  0.165740090605920E-019  0.172552881661462E+003  0.650736564927415E+002
  0.286863892412808E-019  0.171449052043854E+003  0.651163306910088E+002
  0.292068610254691E-019  0.171406434702696E+003  0.782485751767946E+002
  0.610284110884963E-019  0.169925907396526E+003  0.781908838877058E+002
  0.619567182776032E-019  0.169889058740987E+003  0.651771175291421E+002
  0.208658538209541E-018  0.167453877003927E+003  0.652731591788162E+002
  0.289753698936266E-018  0.166790557182361E+003  0.780669886395894E+002
  0.321291769690237E-018  0.166577264798090E+003  0.780584727936635E+002
  0.413219687598349E-018  0.166067349752650E+003  0.780380678306295E+002
  0.434811909602834E-018  0.165958825846272E+003  0.653328423881519E+002
  0.452032886841517E-018  0.165874487486443E+003  0.653362259413547E+002
  0.460909447889488E-018  0.165828938581026E+003  0.780285049623869E+002
  0.556812594281515E-018  0.165444228741832E+003  0.653535155526142E+002
  0.862357811070821E-018  0.164562690060085E+003  0.653890878304838E+002
  0.885333096132119E-018  0.164503447129060E+003  0.779750733790422E+002
  0.122107785655531E-017  0.163853740983565E+003  0.654178422094946E+002
  0.127128003819134E-017  0.163766504724808E+003  0.779451694590007E+002
  0.149014541029530E-017  0.163442150326555E+003  0.779319623318205E+002
  0.241543359267866E-017  0.162469484533424E+003  0.654743703259855E+002
  0.268382984919040E-017  0.162252096932959E+003  0.778832645331438E+002
  0.358634617570507E-017  0.161665663186280E+003  0.778591260304778E+002
  0.374441568119331E-017  0.161572744260985E+003  0.655112663387824E+002
  0.469035798782537E-017  0.161115602018480E+003  0.655301604091107E+002
  0.475381772544058E-017  0.161082068203640E+003  0.778350103470006E+002
  0.535327958571518E-017  0.160837889917709E+003  0.655416668631780E+002
  0.536267947443823E-017  0.160827725592826E+003  0.655420884109392E+002
  0.613581087401562E-017  0.160551713034417E+003  0.655535466357602E+002
  0.619967089154243E-017  0.160524349519431E+003  0.778118752652093E+002
  0.691392226918827E-017  0.160299612158687E+003  0.655640309526717E+002
  0.968435959702560E-017  0.159619006433336E+003  0.777741330560078E+002
  0.102657181135058E-016  0.159495755185138E+003  0.777689768198348E+002
  0.142117644396887E-016  0.158838579409408E+003  0.777414096793347E+002
  0.148373706747737E-016  0.158745765948187E+003  0.777375062342681E+002
  0.194173015247191E-016  0.158201079455994E+003  0.656520115208353E+002
  0.198103563707897E-016  0.158154343175424E+003  0.656539855445460E+002
  0.207633327506108E-016  0.158053720130148E+003  0.777083212154127E+002
  0.552046803918552E-016  0.156091346236236E+003  0.776247842511518E+002
  0.950748985602377E-016  0.154997456161105E+003  0.775777041835762E+002
  0.108099522804308E-015  0.154734025934170E+003  0.658002489344379E+002
  0.125126801127981E-015  0.154434819710151E+003  0.658132172694001E+002
  0.126991258887593E-015  0.154398582881421E+003  0.658147898083792E+002
  0.139408415727367E-015  0.154205348078951E+003  0.658231825804632E+002
  0.185606358823350E-015  0.153626252072583E+003  0.658484067706387E+002
  0.247262652266487E-015  0.153045950371429E+003  0.774927656808145E+002
  0.249500260660536E-015  0.153021277153701E+003  0.658748751834726E+002
  0.258738688110271E-015  0.152941904241009E+003  0.658783568039142E+002
  0.276163755632595E-015  0.152804897898609E+003  0.658843713803074E+002
  0.288102264208441E-015  0.152713599330659E+003  0.774781761690890E+002
  0.290336378365365E-015  0.152691494400435E+003  0.774772045061662E+002
  0.301325715224532E-015  0.152610535592479E+003  0.658929146007073E+002
  0.339678152792782E-015  0.152364266472715E+003  0.774628014916707E+002
  0.344478265242018E-015  0.152329546016790E+003  0.659052878654319E+002
  0.356467420752804E-015  0.152254466733482E+003  0.659085984402727E+002
  0.710750098102340E-015  0.150867655074763E+003  0.659700940148359E+002
  0.848166510803280E-015  0.150507487324501E+003  0.659861735632541E+002
  0.871092540192059E-015  0.150447489257259E+003  0.659888565653157E+002
  0.142055497151630E-014  0.149462724312813E+003  0.660330754843843E+002
  0.302045620231764E-014  0.147947348212475E+003  0.772647543002640E+002
  0.320675625830793E-014  0.147820988563386E+003  0.772589850454530E+002
  0.344611973209683E-014  0.147670355047317E+003  0.772520996992100E+002
  0.378166323170355E-014  0.147477869390129E+003  0.772432889133977E+002
  0.399242621208049E-014  0.147362743413824E+003  0.772380124893969E+002
  0.528012140962005E-014  0.146796987888845E+003  0.772120097513185E+002
  0.567796279477726E-014  0.146645045481046E+003  0.661615535669844E+002
  0.594971438680241E-014  0.146544888479500E+003  0.772003835170911E+002
  0.747035334238398E-014  0.146083034732589E+003  0.661875389213415E+002
  0.781356479963640E-014  0.145986541151246E+003  0.771745462152892E+002
  0.106263693308020E-013  0.145364931001920E+003  0.662209213350140E+002
  0.144351239404510E-013  0.144745623792764E+003  0.662498757163932E+002
  0.154248453056728E-013  0.144606337929077E+003  0.662564090074926E+002
  0.164775715166665E-013  0.144467641122368E+003  0.771036365278478E+002
  0.202197727247502E-013  0.144051663903761E+003  0.662825047447917E+002
  0.317751767085654E-013  0.143140959513781E+003  0.663256262959837E+002
  0.431684102683246E-013  0.142521456722262E+003  0.663551589893113E+002
  0.450888906839128E-013  0.142427747330289E+003  0.770069184892802E+002
  0.504412054385976E-013  0.142196746711283E+003  0.663707040135606E+002
  0.634595941584991E-013  0.141730901167848E+003  0.663930854721327E+002
  0.675655848612916E-013  0.141598854862008E+003  0.663994468561793E+002
  0.758571005826547E-013  0.141360694159489E+003  0.769556192713235E+002
  0.134860605826939E-012  0.140203257817971E+003  0.768994044342726E+002
  0.137506634482720E-012  0.140157741295457E+003  0.768971813833444E+002
  0.147577913959654E-012  0.140009717515623E+003  0.768899452614241E+002
  0.150232203419802E-012  0.139967410228653E+003  0.664786837942816E+002
  0.154700908992082E-012  0.139902131621554E+003  0.664818793985568E+002
  0.216366592766993E-012  0.139224514992522E+003  0.768513913314727E+002
  0.245316604373749E-012  0.138966708449899E+003  0.768386699979921E+002
  0.251585466410668E-012  0.138909586630808E+003  0.665307119209596E+002
  0.295920023351912E-012  0.138578318114737E+003  0.665471134372326E+002
  0.366636648102162E-012  0.138143098391517E+003  0.767978173708525E+002
  0.477533561429634E-012  0.137607916520906E+003  0.665954635157924E+002
  0.509743528973046E-012  0.137470714397330E+003  0.666023367105381E+002
  0.638694745140531E-012  0.137013020980663E+003  0.666253325902583E+002
  0.718434659493890E-012  0.136771069144241E+003  0.767290277056286E+002
  0.865835793849091E-012  0.136391172534319E+003  0.666567446728666E+002
  0.106478816012927E-011  0.135970845210951E+003  0.666780887676474E+002
  0.107634466386177E-011  0.135942599908120E+003  0.666795263202356E+002
  0.123146764240402E-011  0.135666672461405E+003  0.766729675109659E+002
  0.131634103073609E-011  0.135526718325337E+003  0.766658182795705E+002
  0.138627370949877E-011  0.135416535901865E+003  0.766601826416842E+002
  0.151869051543912E-011  0.135227422126322E+003  0.766504948980997E+002
  0.202705823208681E-011  0.134643292276698E+003  0.766204516046967E+002
  0.216600140835808E-011  0.134504042289472E+003  0.667532964245152E+002
  0.225375962369126E-011  0.134417952775656E+003  0.667577461849659E+002
  0.230205835411476E-011  0.134368889408102E+003  0.766062750691940E+002
  0.380693975440262E-011  0.133356189841853E+003  0.668129604237055E+002
  0.390069676349431E-011  0.133300875177342E+003  0.668158540848243E+002
  0.425997010504229E-011  0.133118005700804E+003  0.765411262662086E+002
  0.439265091180913E-011  0.133050008611561E+003  0.765375597702950E+002
  0.537026264822681E-011  0.132641465190537E+003  0.668504830580069E+002
  0.579204159326284E-011  0.132483593573140E+003  0.668588105774276E+002
  0.597992786354978E-011  0.132413090655508E+003  0.765040248613522E+002
  0.660124890947666E-011  0.132208734365520E+003  0.764932155816515E+002
  0.808825298433443E-011  0.131795770984609E+003  0.764712976974075E+002
  0.833257123140628E-011  0.131729596765255E+003  0.668987828306559E+002
  0.146224274659747E-010  0.130598172388876E+003  0.764071605262917E+002
  0.149886078221357E-010  0.130542048896402E+003  0.764041334687622E+002
  0.157920722569267E-010  0.130430958067831E+003  0.669684230401044E+002
  0.180674595962033E-010  0.130155093588281E+003  0.669833493021534E+002
  0.198545989965771E-010  0.129959791688336E+003  0.669939452706674E+002
  0.212662312915295E-010  0.129815766585140E+003  0.670017746164580E+002
  0.237929212498190E-010  0.129584575643612E+003  0.670143698350465E+002
  0.243489803358544E-010  0.129531716336690E+003  0.763493046503303E+002
  0.254777135038995E-010  0.129434432523597E+003  0.670225678211872E+002
  0.270039959632971E-010  0.129311415415586E+003  0.670292954589799E+002
  0.272181567435461E-010  0.129288960986908E+003  0.670305245109138E+002
  0.297017719133166E-010  0.129107660553784E+003  0.670404599797689E+002
  0.338776914133240E-010  0.128837904927700E+003  0.763112766499241E+002
  0.497178482714739E-010  0.128064034824664E+003  0.670980704750939E+002
  0.522789644574361E-010  0.127956919060176E+003  0.762625345015138E+002
  0.592525599064297E-010  0.127699833673355E+003  0.671183463326886E+002
  0.627708037609900E-010  0.127577815947465E+003  0.671251594910141E+002
  0.629538227798573E-010  0.127565337509716E+003  0.671258568292022E+002
  0.687233497975072E-010  0.127383306857134E+003  0.762305175323055E+002
  0.842934094967520E-010  0.126968221955539E+003  0.762072076771418E+002
  0.987805842994787E-010  0.126644371600427E+003  0.671776215016100E+002
  0.111115969110457E-009  0.126402369315382E+003  0.761752363440618E+002
  0.118585420373966E-009  0.126265595484710E+003  0.671990847657211E+002
  0.121363063257965E-009  0.126212633848768E+003  0.761644650042943E+002
  0.124738441467753E-009  0.126151113266647E+003  0.761609668994348E+002
  0.144872980108094E-009  0.125845181121500E+003  0.672230283887911E+002
  0.145170554758663E-009  0.125834421678009E+003  0.672236428524185E+002
  0.177115343856715E-009  0.125429982318553E+003  0.761197572212756E+002
  0.182483546867925E-009  0.125363609069833E+003  0.672506140130278E+002
  0.201714126883051E-009  0.125156570556087E+003  0.761040324258762E+002
  0.207525805246596E-009  0.125093106549937E+003  0.672661846208098E+002
  0.251173492581209E-009  0.124704674547173E+003  0.672886399468457E+002
  0.252394031468961E-009  0.124688323812161E+003  0.760769713181888E+002
  0.273031832344329E-009  0.124524474417764E+003  0.672990964045252E+002
  0.393346773059559E-009  0.123787612424334E+003  0.673421162894778E+002
  0.420448650660553E-009  0.123647695324157E+003  0.673503332586715E+002
  0.451816060687256E-009  0.123497134154720E+003  0.760073662532233E+002
  0.483029164930363E-009  0.123356874808369E+003  0.673674624472306E+002
  0.513574476405949E-009  0.123227583186261E+003  0.673750995308763E+002
  0.618580959597168E-009  0.122848861557520E+003  0.759690105929026E+002
  0.699219210061956E-009  0.122597133540611E+003  0.674125350036200E+002
  0.751730481053947E-009  0.122445650843335E+003  0.759449801272406E+002
  0.786762736953005E-009  0.122347897526577E+003  0.759391338107592E+002
  0.785698237918801E-009  0.122343949801694E+003  0.674276614800968E+002
  0.106564139623994E-008  0.121727775522779E+003  0.759018575546550E+002
  0.140488873416425E-007  0.116376799724786E+003  0.676026449440218E+002
  0.143841374316639E-007  0.116300856585307E+003  0.676073878997898E+002
  0.177938484893655E-007  0.115875403035472E+003  0.676340619342422E+002
  0.187286557813243E-007  0.115772999158308E+003  0.676405084774703E+002
  0.301692203226508E-007  0.114789834057998E+003  0.677029321064403E+002
  0.333301649086556E-007  0.114560922626374E+003  0.677176072923014E+002
  0.334977768841675E-007  0.114550890156573E+003  0.677182517020471E+002
  0.450765395788336E-007  0.113927048702883E+003  0.677585303855396E+002
  0.494157983986399E-007  0.113713156439624E+003  0.677724359616476E+002
  0.619596407639363E-007  0.113260730361717E+003  0.678020132481046E+002
  0.915962190709383E-007  0.112448381864158E+003  0.678556939823542E+002
  0.107105294343615E-006  0.112135537033019E+003  0.678765689468786E+002
  0.115091473860599E-006  0.111991707378667E+003  0.678862046707761E+002
  0.232859087624941E-006  0.110582294859829E+003  0.679819538933028E+002
  0.253646793330864E-006  0.110411276409116E+003  0.679937411711693E+002
  0.282378051962385E-006  0.110196668286940E+003  0.680085863174764E+002
  0.336085239274494E-006  0.109848432220564E+003  0.680328034012272E+002
  0.443927350872476E-006  0.109291840003011E+003  0.680718472052503E+002
  0.653257117216087E-006  0.108519220253919E+003  0.681267552784151E+002
  0.679496079611681E-006  0.108440458924667E+003  0.681324003289297E+002
  0.781799728724783E-006  0.108159964640036E+003  0.681525774656857E+002
  0.998943667812437E-006  0.107669765075813E+003  0.681881192353329E+002
  0.151058353862643E-005  0.106842659243621E+003  0.682489220712643E+002
  0.201160659362761E-005  0.106269783888588E+003  0.682916746203414E+002
  0.200001378854191E-005  0.106243246755258E+003  0.682936681016652E+002
  0.200256795757268E-005  0.106240694233371E+003  0.682938599100623E+002
  0.215724325227443E-005  0.106091892635928E+003  0.683050603785434E+002
  0.229630189920754E-005  0.105966954986841E+003  0.683144933395722E+002
  0.239398327156790E-005  0.105883637665948E+003  0.683207986175370E+002
  0.243996877109072E-005  0.105845584423892E+003  0.683236823427475E+002
  0.266959112192646E-005  0.105665704259212E+003  0.683373475425061E+002
  0.276363533498354E-005  0.105596460978064E+003  0.683426227407906E+002
  0.319999735813216E-005  0.105303254936429E+003  0.683650531545342E+002
  0.326799704700440E-005  0.105261200358096E+003  0.683682827969661E+002
  0.337560643212433E-005  0.105196404921320E+003  0.683732650246083E+002
  0.369287846763375E-005  0.105016742451905E+003  0.683871189565531E+002
  0.410618840532151E-005  0.104804564499048E+003  0.684035555509946E+002
  0.421510829836997E-005  0.104752204335498E+003  0.684076243753701E+002
  0.467867449505562E-005  0.104543525220350E+003  0.684238909553589E+002
  0.753064085053165E-005  0.103591594615866E+003  0.684991481239250E+002
  0.905210094533346E-005  0.103223561146022E+003  0.685287251057128E+002
  0.161625417269628E-004  0.102064162253253E+003  0.686237686966076E+002
  0.167765698656664E-004  0.101989588380621E+003  0.686299832764387E+002
  0.164470116547610E-004  0.101971292234357E+003  0.686315099108027E+002
  0.193381919284564E-004  0.101647415837225E+003  0.686586617724095E+002
  0.245115700505716E-004  0.101173289325047E+003  0.686988551735906E+002
  0.356495971148924E-004  0.100424104139783E+003  0.687634939541515E+002
  0.357026236892212E-004  0.100421131473565E+003  0.687637532826498E+002
  0.519720204776996E-004  0.996701688190564E+002  0.688300204948521E+002
  0.660772023018321E-004  0.991899322505872E+002  0.688732171161786E+002
  0.685635939050277E-004  0.991160564455909E+002  0.688799212148433E+002
  0.871095001428223E-004  0.986372479319559E+002  0.689237670814666E+002
  0.939097259690579E-004  0.984869119135342E+002  0.689376782147265E+002
  0.972008761284303E-004  0.984180203809399E+002  0.689440766013598E+002
  0.104394708938140E-003  0.982752218441353E+002  0.689573870217453E+002
  0.109088158863532E-003  0.981872671266408E+002  0.689656178274674E+002
  0.123904757184377E-003  0.978436499394795E+002  0.689980153374678E+002
  0.125199759026686E-003  0.978228552380694E+002  0.689999884916778E+002
  0.143904597521746E-003  0.975443751803750E+002  0.690265539465477E+002
  0.152368400045981E-003  0.974300737600374E+002  0.690375348773010E+002
  0.190473000986517E-003  0.969836553911485E+002  0.690808660969251E+002
  0.203816374441119E-003  0.968482373795847E+002  0.690941536818521E+002
  0.219191896270659E-003  0.967027811363391E+002  0.691085026303697E+002
  0.226478638464306E-003  0.966373750478645E+002  0.691149809301818E+002
  0.239784261045364E-003  0.965231970924496E+002  0.691263292893131E+002
  0.269779013859177E-003  0.962874699926178E+002  0.691499194565599E+002
  0.303781377273420E-003  0.960500597280132E+002  0.691739022023679E+002
  0.307853081866348E-003  0.960234309814995E+002  0.691766065007049E+002
  0.337380284009090E-003  0.958402548393047E+002  0.691952887175926E+002
  0.353934377543492E-003  0.957444532624259E+002  0.692051156547768E+002
  0.461944267779991E-003  0.952117878033953E+002  0.692604811183349E+002
  0.535354139404817E-003  0.949168193645413E+002  0.692916915931831E+002
  0.559221113811634E-003  0.948295864112224E+002  0.693010000134895E+002
  0.580680919706296E-003  0.947542734771126E+002  0.693090658321097E+002
  0.598815066377552E-003  0.946927706796236E+002  0.693156730031755E+002
  0.667420282799947E-003  0.944758363927326E+002  0.693391266758768E+002
  0.676260344322191E-003  0.944495200527069E+002  0.693419878247198E+002
  0.683059410317924E-003  0.944295126256879E+002  0.693441654015907E+002
