  0.690978529095849E-001  0.920383149980224E+002  0.740433314201223E+002
  0.690978529095849E-001  0.853849516203851E+002  0.731599543145990E+002
  0.690978529095849E-001  0.891557170113675E+002  0.737084774113614E+002
  0.690978529095849E-001  0.887324217835577E+002  0.736545219009137E+002
  0.690978529095849E-001  0.854121767888964E+002  0.731646428000860E+002
  0.690978529095849E-001  0.825317804985152E+002  0.725360047176527E+002
  0.690978529095849E-001  0.855159804138252E+002  0.731823844410568E+002
  0.690978529095849E-001  0.857362750654381E+002  0.732193574547987E+002
  0.690978529095849E-001  0.872544481114909E+002  0.734532809081660E+002
  0.690978529095849E-001  0.862691142952087E+002  0.733053054097783E+002
  0.690978529095849E-001  0.863902139096456E+002  0.733242112977658E+002
  0.690978529095849E-001  0.863953502076910E+002  0.733250083558882E+002
  0.690978529095849E-001  0.867942550026564E+002  0.733857714770095E+002
  0.690978529095849E-001  0.867763066083540E+002  0.733830841582063E+002
  0.690978529095849E-001  0.866782718483892E+002  0.733683302958616E+002
  0.690978529095849E-001  0.849703592375838E+002  0.730866225904512E+002
  0.690978529095849E-001  0.848597379980790E+002  0.730663993373936E+002
  0.690978529095849E-001  0.825368826510102E+002  0.725375273411778E+002
  0.690978529095849E-001  0.847377745761445E+002  0.730437541749335E+002
  0.690978529095849E-001  0.847335654374200E+002  0.730429659242076E+002
  0.690978529095849E-001  0.846290824904358E+002  0.730232506648327E+002
  0.690978529095849E-001  0.846257121571502E+002  0.730226098729205E+002
  0.690978529095849E-001  0.845563430946308E+002  0.730093521571607E+002
  0.690978529095849E-001  0.843212584403888E+002  0.729634024188190E+002
  0.690978529095849E-001  0.843098398650470E+002  0.729611284635309E+002
  0.690978529095849E-001  0.842943846399592E+002  0.729580441677771E+002
  0.690978529095849E-001  0.842680747179798E+002  0.729527764371118E+002
  0.690978529095849E-001  0.840769056892119E+002  0.729138238672177E+002
  0.690978529095849E-001  0.839410387785069E+002  0.728853725694787E+002
  0.690978529095849E-001  0.838996609799049E+002  0.728765730790600E+002
  0.690978529095849E-001  0.838245382546647E+002  0.728604292135797E+002
  0.690978529095849E-001  0.837577460874926E+002  0.728458873373654E+002
  0.690978529095849E-001  0.837255664333591E+002  0.728388159165897E+002
  0.690978529095849E-001  0.836407378224504E+002  0.728199641689145E+002
  0.690978529095849E-001  0.836323628265546E+002  0.728180859797959E+002
  0.690978529095849E-001  0.836317995991051E+002  0.728179595579965E+002
  0.690978529095849E-001  0.836078007408837E+002  0.728125596350882E+002
  0.690978529095849E-001  0.835876973549554E+002  0.728080162682117E+002
  0.690978529095849E-001  0.835795375490362E+002  0.728061669063348E+002
  0.690978529095849E-001  0.835735555464979E+002  0.728048091907888E+002
  0.690978529095849E-001  0.835345567813739E+002  0.727959171607614E+002
  0.690978529095849E-001  0.835178077076989E+002  0.727920763488059E+002
  0.690978529095849E-001  0.834933413194176E+002  0.727864418080280E+002
  0.690978529095849E-001  0.834751948621348E+002  0.727822440705085E+002
  0.690978529095849E-001  0.834402718626844E+002  0.727741200345044E+002
  0.690978529095849E-001  0.825555406819111E+002  0.725430724544375E+002
  0.690978529095849E-001  0.833529985240372E+002  0.727535483140328E+002
  0.690978529095849E-001  0.832116660883961E+002  0.727193680387042E+002
  0.690978529095849E-001  0.832018779169883E+002  0.727169589895672E+002
  0.690978529095849E-001  0.831062992266023E+002  0.726931333196334E+002
  0.690978529095849E-001  0.830651111255368E+002  0.726826909210742E+002
  0.690978529095849E-001  0.830638927737830E+002  0.726823803710012E+002
  0.690978529095849E-001  0.830396523861020E+002  0.726761814603512E+002
  0.690978529095849E-001  0.830070930700938E+002  0.726677937592193E+002
  0.690978529095849E-001  0.830055447688757E+002  0.726673931161892E+002
  0.690978529095849E-001  0.829149026047730E+002  0.726436470158154E+002
  0.690978529095849E-001  0.829096105459686E+002  0.726422424546059E+002
  0.690978529095849E-001  0.828980045253951E+002  0.726391548833527E+002
  0.690978529095849E-001  0.828744957528467E+002  0.726328700388819E+002
  0.690978529095849E-001  0.828696686372567E+002  0.726315744014957E+002
  0.690978529095849E-001  0.828594700830877E+002  0.726288311881964E+002
  0.690978529095849E-001  0.828437858273096E+002  0.726245968267164E+002
  0.690978529095849E-001  0.828424510714232E+002  0.726242355958093E+002
  0.690978529095849E-001  0.828345336232520E+002  0.726220900041746E+002
  0.690978529095849E-001  0.827870297206342E+002  0.726091122572493E+002
  0.690978529095849E-001  0.827469523652895E+002  0.725980202111770E+002
  0.690978529095849E-001  0.827225260778049E+002  0.725911933848249E+002
  0.690978529095849E-001  0.827021766570967E+002  0.725854665451351E+002
  0.690978529095849E-001  0.826857629954183E+002  0.725808207044717E+002
  0.690978529095849E-001  0.826624016032949E+002  0.725741665486873E+002
  0.690978529095849E-001  0.826404032001846E+002  0.725678548618708E+002
  0.690978529095849E-001  0.825600458315018E+002  0.725444060201911E+002
  0.690978529095849E-001  0.825585876448450E+002  0.725439746096743E+002
  0.690978529095849E-001  0.825231664527355E+002  0.725334278593609E+002
  0.690978529095849E-001  0.825112456514305E+002  0.725298488599959E+002
  0.690978529095849E-001  0.825065323894680E+002  0.725284296096839E+002
  0.690978529095849E-001  0.824901380475325E+002  0.725234742981502E+002
  0.690978529095849E-001  0.824847818832370E+002  0.708447100095569E+002
  0.690978529095849E-001  0.824713303737488E+002  0.708488057234027E+002
  0.690978529095849E-001  0.824679125097766E+002  0.708498496009704E+002
  0.690978529095849E-001  0.824098008325914E+002  0.708678024349265E+002
  0.690978529095849E-001  0.823839773100520E+002  0.724906506470360E+002
  0.690978529095849E-001  0.823835501558268E+002  0.724905158800545E+002
  0.690978529095849E-001  0.823580812766843E+002  0.724824393853156E+002
  0.690978529095849E-001  0.823492657971978E+002  0.708869342151584E+002
  0.690978529095849E-001  0.823480098917124E+002  0.708873360067827E+002
  0.690978529095849E-001  0.823398425987650E+002  0.724766051542632E+002
  0.690978529095849E-001  0.823258672640721E+002  0.724721054924128E+002
  0.690978529095849E-001  0.823002183517507E+002  0.724637797786503E+002
  0.690978529095849E-001  0.822816391940069E+002  0.724576930285721E+002
  0.690978529095849E-001  0.822813533405809E+002  0.724575990058961E+002
  0.690978529095849E-001  0.822757414312883E+002  0.724557508235304E+002
  0.690978529095849E-001  0.822713038596707E+002  0.724542862516943E+002
  0.690978529095849E-001  0.822680030420324E+002  0.709133639750390E+002
  0.690978529095849E-001  0.822595115062155E+002  0.709161782945852E+002
  0.690978529095849E-001  0.822416052036205E+002  0.724444119969640E+002
  0.690978529095849E-001  0.822353651095436E+002  0.709242380703949E+002
  0.690978529095849E-001  0.822318554116747E+002  0.724411423212539E+002
  0.690978529095849E-001  0.822177478691781E+002  0.709301729147260E+002
  0.690978529095849E-001  0.821972101937646E+002  0.709371511780934E+002
  0.690978529095849E-001  0.821930200270674E+002  0.709385829387484E+002
  0.690978529095849E-001  0.821859150184538E+002  0.709410169991583E+002
  0.690978529095849E-001  0.821747865981179E+002  0.709448455395959E+002
  0.690978529095849E-001  0.821666416692288E+002  0.709476602900869E+002
  0.690978529095849E-001  0.821559130235365E+002  0.724151745711320E+002
  0.690978529095849E-001  0.821488708908475E+002  0.724127197486555E+002
  0.690978529095849E-001  0.821453471736365E+002  0.709550707142003E+002
  0.690978529095849E-001  0.821391877378078E+002  0.709572282828891E+002
  0.690978529095849E-001  0.821363899386210E+002  0.709582104352912E+002
  0.690978529095849E-001  0.821343928561049E+002  0.724076467062655E+002
  0.690978529095849E-001  0.821340133917504E+002  0.709590457555331E+002
  0.690978529095849E-001  0.821301522825233E+002  0.709604049350028E+002
  0.690978529095849E-001  0.821285671596653E+002  0.709609636670951E+002
  0.690978529095849E-001  0.821249595882397E+002  0.709622368960275E+002
  0.690978529095849E-001  0.820981832337021E+002  0.709717583494337E+002
  0.690978529095849E-001  0.820938391486912E+002  0.709733151092915E+002
  0.690978529095849E-001  0.820938356124476E+002  0.723932426432584E+002
  0.690978529095849E-001  0.820856425007384E+002  0.709762618212344E+002
  0.690978529095849E-001  0.820815386373476E+002  0.723888172291018E+002
  0.690978529095849E-001  0.820798162147651E+002  0.709783638728218E+002
  0.690978529095849E-001  0.820773104421792E+002  0.709792698545724E+002
  0.690978529095849E-001  0.820749806171987E+002  0.709801132683117E+002
  0.690978529095849E-001  0.820664553636444E+002  0.709832081342949E+002
  0.690978529095849E-001  0.820650870412138E+002  0.723828528788232E+002
  0.690978529095849E-001  0.820641006708555E+002  0.723824936641857E+002
  0.690978529095849E-001  0.820588797464020E+002  0.723805892351018E+002
  0.690978529095849E-001  0.820456654812014E+002  0.723757456826710E+002
  0.690978529095849E-001  0.820421428772974E+002  0.709921102427288E+002
  0.690978529095849E-001  0.820414549897785E+002  0.723741952373303E+002
  0.690978529095849E-001  0.820388146242098E+002  0.709933378332844E+002
  0.690978529095849E-001  0.820254559695598E+002  0.709982871657272E+002
  0.690978529095849E-001  0.820229279374506E+002  0.723673311992540E+002
  0.690978529095849E-001  0.820144731333199E+002  0.723641758080480E+002
  0.690978529095849E-001  0.820117549206964E+002  0.710034007797813E+002
  0.690978529095849E-001  0.819971860748295E+002  0.710088808140057E+002
  0.690978529095849E-001  0.819733749317269E+002  0.710179344759330E+002
  0.690978529095849E-001  0.819613692875822E+002  0.723440126215986E+002
  0.690978529095849E-001  0.819568424260941E+002  0.723422652650043E+002
  0.690978529095849E-001  0.819518970668117E+002  0.710262079628053E+002
  0.690978529095849E-001  0.819476713191509E+002  0.710278480578513E+002
  0.690978529095849E-001  0.819385483862187E+002  0.710314029162794E+002
  0.690978529095849E-001  0.819380869199090E+002  0.723349757738947E+002
  0.690978529095849E-001  0.819335721064412E+002  0.710333501779118E+002
  0.690978529095849E-001  0.819283907445971E+002  0.710353839092038E+002
  0.690978529095849E-001  0.819263906290543E+002  0.723303883387329E+002
  0.690978529095849E-001  0.819258675019490E+002  0.710363766196536E+002
  0.690978529095849E-001  0.819230370316767E+002  0.710374920176031E+002
  0.690978529095849E-001  0.819226736203744E+002  0.723289236552229E+002
  0.690978529095849E-001  0.819187452540771E+002  0.723273720662647E+002
  0.690978529095849E-001  0.819167033959944E+002  0.723265641143472E+002
  0.690978529095849E-001  0.819152482278704E+002  0.710405713286595E+002
  0.690978529095849E-001  0.819046628635039E+002  0.723217789529098E+002
  0.690978529095849E-001  0.819028174278463E+002  0.710455166564444E+002
  0.690978529095849E-001  0.818970506357934E+002  0.710478239196039E+002
  0.690978529095849E-001  0.818925104454961E+002  0.723169126843400E+002
  0.690978529095849E-001  0.818899137120983E+002  0.723158680040886E+002
  0.690978529095849E-001  0.818885011723216E+002  0.723152990063674E+002
  0.690978529095849E-001  0.818847442680440E+002  0.723137831552617E+002
  0.690978529095849E-001  0.818831909323672E+002  0.723131553430539E+002
  0.690978529095849E-001  0.818817865901634E+002  0.710539718106988E+002
  0.690978529095849E-001  0.818812343213942E+002  0.723123636472819E+002
  0.690978529095849E-001  0.818756212016830E+002  0.710564721375315E+002
  0.690978529095849E-001  0.818724545306412E+002  0.723087987791818E+002
  0.690978529095849E-001  0.818617879645271E+002  0.723044402959400E+002
  0.690978529095849E-001  0.818545959994968E+002  0.723014842313148E+002
  0.690978529095849E-001  0.818406380318426E+002  0.710708525547007E+002
  0.690978529095849E-001  0.818401825750079E+002  0.722955170159490E+002
  0.690978529095849E-001  0.818354419369115E+002  0.722935416214830E+002
  0.690978529095849E-001  0.818243405618969E+002  0.710776684846734E+002
  0.690978529095849E-001  0.818232811342730E+002  0.722884448052223E+002
  0.690978529095849E-001  0.818226628163980E+002  0.710783745116598E+002
  0.690978529095849E-001  0.818116425656422E+002  0.722835263380246E+002
  0.690978529095849E-001  0.818110467411609E+002  0.722832734572988E+002
  0.690978529095849E-001  0.818051265053963E+002  0.722807549666719E+002
  0.690978529095849E-001  0.817924555315020E+002  0.710912303360165E+002
  0.690978529095849E-001  0.817909030162378E+002  0.710918986169050E+002
  0.690978529095849E-001  0.817895804485719E+002  0.722740905081925E+002
  0.690978529095849E-001  0.817838053514427E+002  0.722715955431806E+002
  0.690978529095849E-001  0.817837938981583E+002  0.710949684365949E+002
  0.690978529095849E-001  0.817832492642916E+002  0.710952042782125E+002
  0.690978529095849E-001  0.817809654871001E+002  0.722703647723578E+002
  0.690978529095849E-001  0.817792752977477E+002  0.722696310336591E+002
  0.690978529095849E-001  0.817786387524861E+002  0.722693544608789E+002
  0.690978529095849E-001  0.817727110566507E+002  0.710997863815419E+002
  0.690978529095849E-001  0.817627357624470E+002  0.711041571254540E+002
  0.690978529095849E-001  0.817624809153794E+002  0.722622898005272E+002
  0.690978529095849E-001  0.817512215201646E+002  0.722573154762254E+002
  0.690978529095849E-001  0.817478730462689E+002  0.711107312153115E+002
  0.690978529095849E-001  0.817402414495789E+002  0.722524226859279E+002
  0.690978529095849E-001  0.817206193136610E+002  0.711229864792430E+002
  0.690978529095849E-001  0.817096600049977E+002  0.711279908276004E+002
  0.690978529095849E-001  0.817091282317422E+002  0.722383242222368E+002
  0.690978529095849E-001  0.817045749816598E+002  0.722362308374751E+002
  0.690978529095849E-001  0.817014806558253E+002  0.711317553537808E+002
  0.690978529095849E-001  0.816996936776000E+002  0.711325812315494E+002
  0.690978529095849E-001  0.816950884313841E+002  0.722318436775664E+002
  0.690978529095849E-001  0.816888125715109E+002  0.722289219503408E+002
  0.690978529095849E-001  0.816821106553618E+002  0.711407745222935E+002
  0.690978529095849E-001  0.816785324212193E+002  0.711424570986796E+002
  0.690978529095849E-001  0.816738706455855E+002  0.711446570682267E+002
  0.690978529095849E-001  0.823140828961716E+002  0.714868189929892E+002
  0.690978529095849E-001  0.823140142666572E+002  0.714869079888455E+002
  0.690978529095849E-001  0.823114889322912E+002  0.714902112609455E+002
  0.690978529095849E-001  0.823095637689103E+002  0.714927679482344E+002
  0.690978529095849E-001  0.823081704700964E+002  0.714946399128714E+002
  0.690978529095849E-001  0.823076517949630E+002  0.714953415405984E+002
  0.690978529095849E-001  0.823033784861947E+002  0.715012250602547E+002
  0.690978529095849E-001  0.823012942600560E+002  0.715041647389609E+002
  0.690978529095849E-001  0.822999513096125E+002  0.715060847259186E+002
  0.690978529095849E-001  0.822987906580227E+002  0.715077610029948E+002
  0.690978529095849E-001  0.822984684735914E+002  0.715082291658850E+002
  0.690978529095849E-001  0.822924534559884E+002  0.715172116777997E+002
  0.690978529095849E-001  0.822873527672582E+002  0.715252282738422E+002
  0.690978529095849E-001  0.822870044968232E+002  0.718407684997212E+002
  0.690978529095849E-001  0.822857892117289E+002  0.718387906219193E+002
  0.690978529095849E-001  0.822844953750240E+002  0.718366568719483E+002
  0.690978529095849E-001  0.822836504168033E+002  0.715313117952917E+002
  0.690978529095849E-001  0.822821345491763E+002  0.715338740508664E+002
  0.690978529095849E-001  0.822821196850399E+002  0.718326596280458E+002
  0.690978529095849E-001  0.822818050652593E+002  0.715344368095542E+002
  0.690978529095849E-001  0.822792456101587E+002  0.718276759882156E+002
  0.690978529095849E-001  0.822791167618582E+002  0.718274485308250E+002
  0.690978529095849E-001  0.822785031538081E+002  0.715401986609295E+002
  0.690978529095849E-001  0.822758503544363E+002  0.715450016298052E+002
  0.690978529095849E-001  0.822750990956409E+002  0.715463924218159E+002
  0.690978529095849E-001  0.822750075382775E+002  0.715465628875349E+002
  0.690978529095849E-001  0.822749036033140E+002  0.715467566563949E+002
  0.690978529095849E-001  0.822738281708050E+002  0.718177810191251E+002
  0.690978529095849E-001  0.822706666487630E+002  0.718116545516775E+002
  0.690978529095849E-001  0.822703347509947E+002  0.715555646728050E+002
  0.690978529095849E-001  0.822701968833412E+002  0.718107190998457E+002
  0.690978529095849E-001  0.822695410367847E+002  0.718094014968822E+002
  0.690978529095849E-001  0.822692191630928E+002  0.715578092336823E+002
  0.690978529095849E-001  0.822680120551336E+002  0.715602840637852E+002
  0.690978529095849E-001  0.822673878407728E+002  0.718049754437584E+002
  0.690978529095849E-001  0.822672785448832E+002  0.718047464770833E+002
  0.690978529095849E-001  0.822653041863517E+002  0.718005333801039E+002
  0.690978529095849E-001  0.822639558559606E+002  0.715689920676136E+002
  0.690978529095849E-001  0.822630861664793E+002  0.715709470004167E+002
  0.690978529095849E-001  0.822619429286631E+002  0.715735698102388E+002
  0.690978529095849E-001  0.822614009892732E+002  0.717917237363196E+002
  0.690978529095849E-001  0.822611381277743E+002  0.715754544377213E+002
  0.690978529095849E-001  0.822607194257147E+002  0.717901109486788E+002
  0.690978529095849E-001  0.822581473885040E+002  0.715827671241606E+002
  0.690978529095849E-001  0.822574383731021E+002  0.715845801605052E+002
  0.690978529095849E-001  0.822567563005902E+002  0.717802027199679E+002
  0.690978529095849E-001  0.822566104967018E+002  0.717798188023251E+002
  0.690978529095849E-001  0.822554965285549E+002  0.715897254056132E+002
  0.690978529095849E-001  0.822551430733078E+002  0.717758663219118E+002
  0.690978529095849E-001  0.822551170438277E+002  0.715907643334477E+002
  0.690978529095849E-001  0.822550879518728E+002  0.717757145598448E+002
  0.690978529095849E-001  0.822546307301497E+002  0.715921130369110E+002
  0.690978529095849E-001  0.822545913705002E+002  0.717743359535595E+002
  0.690978529095849E-001  0.822545851198710E+002  0.715922405536422E+002
  0.690978529095849E-001  0.822542971392742E+002  0.717735091734819E+002
  0.690978529095849E-001  0.822534435487172E+002  0.717710665609228E+002
  0.690978529095849E-001  0.822526218773693E+002  0.717686492959193E+002
  0.690978529095849E-001  0.822525264434679E+002  0.715981949323702E+002
  0.690978529095849E-001  0.822521003794254E+002  0.715994800773064E+002
  0.690978529095849E-001  0.822517632889369E+002  0.716005109874262E+002
  0.690978529095849E-001  0.822514494377702E+002  0.717650765162470E+002
  0.690978529095849E-001  0.822509104021487E+002  0.716031785675691E+002
  0.690978529095849E-001  0.822509031753126E+002  0.717633574705279E+002
  0.690978529095849E-001  0.822507083960997E+002  0.716038235002749E+002
  0.690978529095849E-001  0.822506307699725E+002  0.716040727292837E+002
  0.690978529095849E-001  0.822504391944815E+002  0.717618678310970E+002
  0.690978529095849E-001  0.822502618248170E+002  0.717612908597247E+002
  0.690978529095849E-001  0.822496175791650E+002  0.717591582737847E+002
  0.690978529095849E-001  0.822483512543580E+002  0.717547813337500E+002
  0.690978529095849E-001  0.822480717878508E+002  0.717537787888867E+002
  0.690978529095849E-001  0.822475768764986E+002  0.717519674748754E+002
  0.690978529095849E-001  0.822467142702085E+002  0.717486906556008E+002
  0.690978529095849E-001  0.822466193374072E+002  0.717483199469589E+002
  0.690978529095849E-001  0.822459388170309E+002  0.716209610074314E+002
  0.690978529095849E-001  0.822456948059584E+002  0.717445925976572E+002
  0.690978529095849E-001  0.822447875053465E+002  0.716258590573331E+002
  0.690978529095849E-001  0.822442346293276E+002  0.716283662245415E+002
  0.690978529095849E-001  0.822442225548121E+002  0.717381367629090E+002
  0.690978529095849E-001  0.822435337293252E+002  0.717348394263920E+002
  0.690978529095849E-001  0.822431615181574E+002  0.716335923133604E+002
  0.690978529095849E-001  0.822427648901960E+002  0.716356688803527E+002
  0.690978529095849E-001  0.822426887308922E+002  0.717304809507666E+002
  0.690978529095849E-001  0.822425749644443E+002  0.716366960112141E+002
  0.690978529095849E-001  0.822421083312354E+002  0.716393213973012E+002
  0.690978529095849E-001  0.822415930825312E+002  0.716424157869283E+002
  0.690978529095849E-001  0.822414543058507E+002  0.716432901375004E+002
  0.690978529095849E-001  0.822413973244445E+002  0.717229042904309E+002
  0.690978529095849E-001  0.822413934782045E+002  0.716436794617203E+002
  0.690978529095849E-001  0.822410261786317E+002  0.717204421064467E+002
  0.690978529095849E-001  0.822408478386418E+002  0.716473600073700E+002
  0.690978529095849E-001  0.822408196855713E+002  0.717189988234838E+002
  0.690978529095849E-001  0.822403696675694E+002  0.717156311186293E+002
  0.690978529095849E-001  0.822402655025367E+002  0.716517586597073E+002
  0.690978529095849E-001  0.822402007922675E+002  0.716522859610754E+002
  0.690978529095849E-001  0.827985126860098E+002  0.716553769720802E+002
  0.690978529095849E-001  0.827984229943510E+002  0.716562080864177E+002
  0.690978529095849E-001  0.827982146484691E+002  0.716582449555207E+002
  0.690978529095849E-001  0.827977121403067E+002  0.716640247119911E+002
  0.690978529095849E-001  0.827975157519957E+002  0.716668263804273E+002
  0.690978529095849E-001  0.827974657112392E+002  0.716676201897088E+002
  0.690978529095849E-001  0.827973678383486E+002  0.716693024902732E+002
  0.690978529095849E-001  0.827973257678828E+002  0.716700914074271E+002
  0.690978529095849E-001  0.827971487572238E+002  0.716741277119061E+002
  0.690978529095849E-001  0.827970997439434E+002  0.716756121993292E+002
