  0.233732329626427E-001  0.909549701814851E+002  0.740433314201223E+002
  0.233732329626427E-001  0.843016068038477E+002  0.731599543145990E+002
  0.233732329626427E-001  0.880723721948302E+002  0.737084774113614E+002
  0.233732329626427E-001  0.876490769670204E+002  0.736545219009137E+002
  0.233732329626427E-001  0.843288319723591E+002  0.731646428000860E+002
  0.233732329626427E-001  0.814484356819778E+002  0.725360047176527E+002
  0.233732329626427E-001  0.844326355972879E+002  0.731823844410568E+002
  0.233732329626427E-001  0.846529302489008E+002  0.732193574547987E+002
  0.233732329626427E-001  0.861711032949535E+002  0.734532809081660E+002
  0.233732329626427E-001  0.851857694786713E+002  0.733053054097783E+002
  0.233732329626427E-001  0.853068690931082E+002  0.733242112977658E+002
  0.233732329626427E-001  0.853120053911536E+002  0.733250083558882E+002
  0.233732329626427E-001  0.857109101861191E+002  0.733857714770095E+002
  0.233732329626427E-001  0.856929617918167E+002  0.733830841582063E+002
  0.233732329626427E-001  0.855949270318519E+002  0.733683302958616E+002
  0.233732329626427E-001  0.838870144210465E+002  0.730866225904512E+002
  0.233732329626427E-001  0.837763931815417E+002  0.730663993373936E+002
  0.233732329626427E-001  0.814535378344729E+002  0.725375273411778E+002
  0.233732329626427E-001  0.836544297596072E+002  0.730437541749335E+002
  0.233732329626427E-001  0.836502206208826E+002  0.730429659242076E+002
  0.233732329626427E-001  0.835457376738985E+002  0.730232506648327E+002
  0.233732329626427E-001  0.835423673406129E+002  0.730226098729205E+002
  0.233732329626427E-001  0.834729982780935E+002  0.730093521571607E+002
  0.233732329626427E-001  0.832379136238515E+002  0.729634024188190E+002
  0.233732329626427E-001  0.832264950485096E+002  0.729611284635309E+002
  0.233732329626427E-001  0.832110398234219E+002  0.729580441677771E+002
  0.233732329626427E-001  0.831847299014425E+002  0.729527764371118E+002
  0.233732329626427E-001  0.829935608726745E+002  0.729138238672177E+002
  0.233732329626427E-001  0.828576939619696E+002  0.728853725694787E+002
  0.233732329626427E-001  0.828163161633676E+002  0.728765730790600E+002
  0.233732329626427E-001  0.827411934381274E+002  0.728604292135797E+002
  0.233732329626427E-001  0.826744012709552E+002  0.728458873373654E+002
  0.233732329626427E-001  0.826422216168218E+002  0.728388159165897E+002
  0.233732329626427E-001  0.825573930059131E+002  0.728199641689145E+002
  0.233732329626427E-001  0.825490180100173E+002  0.728180859797959E+002
  0.233732329626427E-001  0.825484547825678E+002  0.728179595579965E+002
  0.233732329626427E-001  0.825244559243464E+002  0.728125596350882E+002
  0.233732329626427E-001  0.825043525384181E+002  0.728080162682117E+002
  0.233732329626427E-001  0.824961927324989E+002  0.728061669063348E+002
  0.233732329626427E-001  0.824902107299606E+002  0.728048091907888E+002
  0.233732329626427E-001  0.824512119648366E+002  0.727959171607614E+002
  0.233732329626427E-001  0.824344628911616E+002  0.727920763488059E+002
  0.233732329626427E-001  0.824099965028803E+002  0.727864418080280E+002
  0.233732329626427E-001  0.823918500455975E+002  0.727822440705085E+002
  0.233732329626427E-001  0.823569270461470E+002  0.727741200345044E+002
  0.233732329626427E-001  0.814721958653737E+002  0.725430724544375E+002
  0.233732329626427E-001  0.822696537074999E+002  0.727535483140328E+002
  0.233732329626427E-001  0.821283212718588E+002  0.727193680387042E+002
  0.233732329626427E-001  0.821185331004510E+002  0.727169589895672E+002
  0.233732329626427E-001  0.820229544100649E+002  0.726931333196334E+002
  0.233732329626427E-001  0.819817663089995E+002  0.726826909210742E+002
  0.233732329626427E-001  0.819805479572457E+002  0.726823803710012E+002
  0.233732329626427E-001  0.819563075695647E+002  0.726761814603512E+002
  0.233732329626427E-001  0.819237482535565E+002  0.726677937592193E+002
  0.233732329626427E-001  0.819221999523384E+002  0.726673931161892E+002
  0.233732329626427E-001  0.818315577882357E+002  0.726436470158154E+002
  0.233732329626427E-001  0.818262657294313E+002  0.726422424546059E+002
  0.233732329626427E-001  0.818146597088577E+002  0.726391548833527E+002
  0.233732329626427E-001  0.817911509363094E+002  0.726328700388819E+002
  0.233732329626427E-001  0.817863238207193E+002  0.726315744014957E+002
  0.233732329626427E-001  0.817761252665504E+002  0.726288311881964E+002
  0.233732329626427E-001  0.817604410107723E+002  0.726245968267164E+002
  0.233732329626427E-001  0.817591062548859E+002  0.726242355958093E+002
  0.233732329626427E-001  0.817511888067147E+002  0.726220900041746E+002
  0.233732329626427E-001  0.817036849040968E+002  0.726091122572493E+002
  0.233732329626427E-001  0.816636075487522E+002  0.725980202111770E+002
  0.233732329626427E-001  0.816391812612676E+002  0.725911933848249E+002
  0.233732329626427E-001  0.816188318405593E+002  0.725854665451351E+002
  0.233732329626427E-001  0.816024181788809E+002  0.725808207044717E+002
  0.233732329626427E-001  0.815790567867575E+002  0.725741665486873E+002
  0.233732329626427E-001  0.815570583836473E+002  0.725678548618708E+002
  0.233732329626427E-001  0.814767010149645E+002  0.725444060201911E+002
  0.233732329626427E-001  0.814752428283077E+002  0.725439746096743E+002
  0.233732329626427E-001  0.814398216361982E+002  0.725334278593609E+002
  0.233732329626427E-001  0.814279008348932E+002  0.725298488599959E+002
  0.233732329626427E-001  0.814231875729307E+002  0.725284296096839E+002
  0.233732329626427E-001  0.814067932309952E+002  0.725234742981502E+002
  0.233732329626427E-001  0.814014370666997E+002  0.708447100095569E+002
  0.233732329626427E-001  0.813879855572115E+002  0.708488057234027E+002
  0.233732329626427E-001  0.813845676932392E+002  0.708498496009704E+002
  0.233732329626427E-001  0.813264560160541E+002  0.708678024349265E+002
  0.233732329626427E-001  0.813006324935147E+002  0.724906506470360E+002
  0.233732329626427E-001  0.813002053392895E+002  0.724905158800545E+002
  0.233732329626427E-001  0.812747364601469E+002  0.724824393853156E+002
  0.233732329626427E-001  0.812659209806605E+002  0.708869342151584E+002
  0.233732329626427E-001  0.812646650751750E+002  0.708873360067827E+002
  0.233732329626427E-001  0.812564977822277E+002  0.724766051542632E+002
  0.233732329626427E-001  0.812425224475348E+002  0.724721054924128E+002
  0.233732329626427E-001  0.812168735352133E+002  0.724637797786503E+002
  0.233732329626427E-001  0.811982943774696E+002  0.724576930285721E+002
  0.233732329626427E-001  0.811980085240436E+002  0.724575990058961E+002
  0.233732329626427E-001  0.811923966147510E+002  0.724557508235304E+002
  0.233732329626427E-001  0.811879590431333E+002  0.724542862516943E+002
  0.233732329626427E-001  0.811846582254951E+002  0.709133639750390E+002
  0.233732329626427E-001  0.811761666896782E+002  0.709161782945852E+002
  0.233732329626427E-001  0.811582603870832E+002  0.724444119969640E+002
  0.233732329626427E-001  0.811520202930062E+002  0.709242380703949E+002
  0.233732329626427E-001  0.811485105951374E+002  0.724411423212539E+002
  0.233732329626427E-001  0.811344030526408E+002  0.709301729147260E+002
  0.233732329626427E-001  0.811138653772273E+002  0.709371511780934E+002
  0.233732329626427E-001  0.811096752105301E+002  0.709385829387484E+002
  0.233732329626427E-001  0.811025702019164E+002  0.709410169991583E+002
  0.233732329626427E-001  0.810914417815806E+002  0.709448455395959E+002
  0.233732329626427E-001  0.810832968526915E+002  0.709476602900869E+002
  0.233732329626427E-001  0.810725682069992E+002  0.724151745711320E+002
  0.233732329626427E-001  0.810655260743101E+002  0.724127197486555E+002
  0.233732329626427E-001  0.810620023570991E+002  0.709550707142003E+002
  0.233732329626427E-001  0.810558429212705E+002  0.709572282828891E+002
  0.233732329626427E-001  0.810530451220837E+002  0.709582104352912E+002
  0.233732329626427E-001  0.810510480395676E+002  0.724076467062655E+002
  0.233732329626427E-001  0.810506685752131E+002  0.709590457555331E+002
  0.233732329626427E-001  0.810468074659860E+002  0.709604049350028E+002
  0.233732329626427E-001  0.810452223431280E+002  0.709609636670951E+002
  0.233732329626427E-001  0.810416147717024E+002  0.709622368960275E+002
  0.233732329626427E-001  0.810148384171647E+002  0.709717583494337E+002
  0.233732329626427E-001  0.810104943321539E+002  0.709733151092915E+002
  0.233732329626427E-001  0.810104907959103E+002  0.723932426432584E+002
  0.233732329626427E-001  0.810022976842011E+002  0.709762618212344E+002
  0.233732329626427E-001  0.809981938208103E+002  0.723888172291018E+002
  0.233732329626427E-001  0.809964713982277E+002  0.709783638728218E+002
  0.233732329626427E-001  0.809939656256419E+002  0.709792698545724E+002
  0.233732329626427E-001  0.809916358006614E+002  0.709801132683117E+002
  0.233732329626427E-001  0.809831105471071E+002  0.709832081342949E+002
  0.233732329626427E-001  0.809817422246765E+002  0.723828528788232E+002
  0.233732329626427E-001  0.809807558543182E+002  0.723824936641857E+002
  0.233732329626427E-001  0.809755349298647E+002  0.723805892351018E+002
  0.233732329626427E-001  0.809623206646640E+002  0.723757456826710E+002
  0.233732329626427E-001  0.809587980607600E+002  0.709921102427288E+002
  0.233732329626427E-001  0.809581101732412E+002  0.723741952373303E+002
  0.233732329626427E-001  0.809554698076725E+002  0.709933378332844E+002
  0.233732329626427E-001  0.809421111530225E+002  0.709982871657272E+002
  0.233732329626427E-001  0.809395831209133E+002  0.723673311992540E+002
  0.233732329626427E-001  0.809311283167826E+002  0.723641758080480E+002
  0.233732329626427E-001  0.809284101041591E+002  0.710034007797813E+002
  0.233732329626427E-001  0.809138412582922E+002  0.710088808140057E+002
  0.233732329626427E-001  0.808900301151896E+002  0.710179344759330E+002
  0.233732329626427E-001  0.808780244710449E+002  0.723440126215986E+002
  0.233732329626427E-001  0.808734976095568E+002  0.723422652650043E+002
  0.233732329626427E-001  0.808685522502744E+002  0.710262079628053E+002
  0.233732329626427E-001  0.808643265026136E+002  0.710278480578513E+002
  0.233732329626427E-001  0.808552035696813E+002  0.710314029162794E+002
  0.233732329626427E-001  0.808547421033717E+002  0.723349757738947E+002
  0.233732329626427E-001  0.808502272899039E+002  0.710333501779118E+002
  0.233732329626427E-001  0.808450459280598E+002  0.710353839092038E+002
  0.233732329626427E-001  0.808430458125170E+002  0.723303883387329E+002
  0.233732329626427E-001  0.808425226854117E+002  0.710363766196536E+002
  0.233732329626427E-001  0.808396922151394E+002  0.710374920176031E+002
  0.233732329626427E-001  0.808393288038371E+002  0.723289236552229E+002
  0.233732329626427E-001  0.808354004375398E+002  0.723273720662647E+002
  0.233732329626427E-001  0.808333585794571E+002  0.723265641143472E+002
  0.233732329626427E-001  0.808319034113331E+002  0.710405713286595E+002
  0.233732329626427E-001  0.808213180469666E+002  0.723217789529098E+002
  0.233732329626427E-001  0.808194726113090E+002  0.710455166564444E+002
  0.233732329626427E-001  0.808137058192561E+002  0.710478239196039E+002
  0.233732329626427E-001  0.808091656289588E+002  0.723169126843400E+002
  0.233732329626427E-001  0.808065688955610E+002  0.723158680040886E+002
  0.233732329626427E-001  0.808051563557843E+002  0.723152990063674E+002
  0.233732329626427E-001  0.808013994515066E+002  0.723137831552617E+002
  0.233732329626427E-001  0.807998461158299E+002  0.723131553430539E+002
  0.233732329626427E-001  0.807984417736261E+002  0.710539718106988E+002
  0.233732329626427E-001  0.807978895048569E+002  0.723123636472819E+002
  0.233732329626427E-001  0.807922763851457E+002  0.710564721375315E+002
  0.233732329626427E-001  0.807891097141038E+002  0.723087987791818E+002
  0.233732329626427E-001  0.807784431479897E+002  0.723044402959400E+002
  0.233732329626427E-001  0.807712511829595E+002  0.723014842313148E+002
  0.233732329626427E-001  0.807572932153053E+002  0.710708525547007E+002
  0.233732329626427E-001  0.807568377584706E+002  0.722955170159490E+002
  0.233732329626427E-001  0.807520971203742E+002  0.722935416214830E+002
  0.233732329626427E-001  0.807409957453595E+002  0.710776684846734E+002
  0.233732329626427E-001  0.807399363177357E+002  0.722884448052223E+002
  0.233732329626427E-001  0.807393179998606E+002  0.710783745116598E+002
  0.233732329626427E-001  0.807282977491049E+002  0.722835263380246E+002
  0.233732329626427E-001  0.807277019246236E+002  0.722832734572988E+002
  0.233732329626427E-001  0.807217816888590E+002  0.722807549666719E+002
  0.233732329626427E-001  0.807091107149647E+002  0.710912303360165E+002
  0.233732329626427E-001  0.807075581997004E+002  0.710918986169050E+002
  0.233732329626427E-001  0.807062356320346E+002  0.722740905081925E+002
  0.233732329626427E-001  0.807004605349054E+002  0.722715955431806E+002
  0.233732329626427E-001  0.807004490816210E+002  0.710949684365949E+002
  0.233732329626427E-001  0.806999044477543E+002  0.710952042782125E+002
  0.233732329626427E-001  0.806976206705628E+002  0.722703647723578E+002
  0.233732329626427E-001  0.806959304812104E+002  0.722696310336591E+002
  0.233732329626427E-001  0.806952939359488E+002  0.722693544608789E+002
  0.233732329626427E-001  0.806893662401134E+002  0.710997863815419E+002
  0.233732329626427E-001  0.806793909459097E+002  0.711041571254540E+002
  0.233732329626427E-001  0.806791360988421E+002  0.722622898005272E+002
  0.233732329626427E-001  0.806678767036273E+002  0.722573154762254E+002
  0.233732329626427E-001  0.806645282297316E+002  0.711107312153115E+002
  0.233732329626427E-001  0.806568966330416E+002  0.722524226859279E+002
  0.233732329626427E-001  0.806372744971237E+002  0.711229864792430E+002
  0.233732329626427E-001  0.806263151884604E+002  0.711279908276004E+002
  0.233732329626427E-001  0.806257834152049E+002  0.722383242222368E+002
  0.233732329626427E-001  0.806212301651225E+002  0.722362308374751E+002
  0.233732329626427E-001  0.806181358392880E+002  0.711317553537808E+002
  0.233732329626427E-001  0.806163488610626E+002  0.711325812315494E+002
  0.233732329626427E-001  0.806117436148467E+002  0.722318436775664E+002
  0.233732329626427E-001  0.806054677549736E+002  0.722289219503408E+002
  0.233732329626427E-001  0.805987658388245E+002  0.711407745222935E+002
  0.233732329626427E-001  0.805951876046820E+002  0.711424570986796E+002
  0.233732329626427E-001  0.805905258290482E+002  0.711446570682267E+002
  0.233732329626427E-001  0.812307380796343E+002  0.714868189929892E+002
  0.233732329626427E-001  0.812306694501199E+002  0.714869079888455E+002
  0.233732329626427E-001  0.812281441157539E+002  0.714902112609455E+002
  0.233732329626427E-001  0.812262189523730E+002  0.714927679482344E+002
  0.233732329626427E-001  0.812248256535591E+002  0.714946399128714E+002
  0.233732329626427E-001  0.812243069784257E+002  0.714953415405984E+002
  0.233732329626427E-001  0.812200336696574E+002  0.715012250602547E+002
  0.233732329626427E-001  0.812179494435187E+002  0.715041647389609E+002
  0.233732329626427E-001  0.812166064930751E+002  0.715060847259186E+002
  0.233732329626427E-001  0.812154458414854E+002  0.715077610029948E+002
  0.233732329626427E-001  0.812151236570541E+002  0.715082291658850E+002
  0.233732329626427E-001  0.812091086394510E+002  0.715172116777997E+002
  0.233732329626427E-001  0.812040079507209E+002  0.715252282738422E+002
  0.233732329626427E-001  0.812036596802859E+002  0.718407684997212E+002
  0.233732329626427E-001  0.812024443951916E+002  0.718387906219193E+002
  0.233732329626427E-001  0.812011505584867E+002  0.718366568719483E+002
  0.233732329626427E-001  0.812003056002660E+002  0.715313117952917E+002
  0.233732329626427E-001  0.811987897326390E+002  0.715338740508664E+002
  0.233732329626427E-001  0.811987748685026E+002  0.718326596280458E+002
  0.233732329626427E-001  0.811984602487220E+002  0.715344368095542E+002
  0.233732329626427E-001  0.811959007936213E+002  0.718276759882156E+002
  0.233732329626427E-001  0.811957719453209E+002  0.718274485308250E+002
  0.233732329626427E-001  0.811951583372708E+002  0.715401986609295E+002
  0.233732329626427E-001  0.811925055378990E+002  0.715450016298052E+002
  0.233732329626427E-001  0.811917542791036E+002  0.715463924218159E+002
  0.233732329626427E-001  0.811916627217401E+002  0.715465628875349E+002
  0.233732329626427E-001  0.811915587867766E+002  0.715467566563949E+002
  0.233732329626427E-001  0.811904833542677E+002  0.718177810191251E+002
  0.233732329626427E-001  0.811873218322257E+002  0.718116545516775E+002
  0.233732329626427E-001  0.811869899344574E+002  0.715555646728050E+002
  0.233732329626427E-001  0.811868520668039E+002  0.718107190998457E+002
  0.233732329626427E-001  0.811861962202474E+002  0.718094014968822E+002
  0.233732329626427E-001  0.811858743465555E+002  0.715578092336823E+002
  0.233732329626427E-001  0.811846672385962E+002  0.715602840637852E+002
  0.233732329626427E-001  0.811840430242354E+002  0.718049754437584E+002
  0.233732329626427E-001  0.811839337283459E+002  0.718047464770833E+002
  0.233732329626427E-001  0.811819593698144E+002  0.718005333801039E+002
  0.233732329626427E-001  0.811806110394233E+002  0.715689920676136E+002
  0.233732329626427E-001  0.811797413499420E+002  0.715709470004167E+002
  0.233732329626427E-001  0.811785981121258E+002  0.715735698102388E+002
  0.233732329626427E-001  0.811780561727359E+002  0.717917237363196E+002
  0.233732329626427E-001  0.811777933112370E+002  0.715754544377213E+002
  0.233732329626427E-001  0.811773746091774E+002  0.717901109486788E+002
  0.233732329626427E-001  0.811748025719667E+002  0.715827671241606E+002
  0.233732329626427E-001  0.811740935565648E+002  0.715845801605052E+002
  0.233732329626427E-001  0.811734114840529E+002  0.717802027199679E+002
  0.233732329626427E-001  0.811732656801644E+002  0.717798188023251E+002
  0.233732329626427E-001  0.811721517120176E+002  0.715897254056132E+002
  0.233732329626427E-001  0.811717982567705E+002  0.717758663219118E+002
  0.233732329626427E-001  0.811717722272904E+002  0.715907643334477E+002
  0.233732329626427E-001  0.811717431353355E+002  0.717757145598448E+002
  0.233732329626427E-001  0.811712859136124E+002  0.715921130369110E+002
  0.233732329626427E-001  0.811712465539628E+002  0.717743359535595E+002
  0.233732329626427E-001  0.811712403033336E+002  0.715922405536422E+002
  0.233732329626427E-001  0.811709523227369E+002  0.717735091734819E+002
  0.233732329626427E-001  0.811700987321799E+002  0.717710665609228E+002
  0.233732329626427E-001  0.811692770608320E+002  0.717686492959193E+002
  0.233732329626427E-001  0.811691816269306E+002  0.715981949323702E+002
  0.233732329626427E-001  0.811687555628881E+002  0.715994800773064E+002
  0.233732329626427E-001  0.811684184723996E+002  0.716005109874262E+002
  0.233732329626427E-001  0.811681046212328E+002  0.717650765162470E+002
  0.233732329626427E-001  0.811675655856114E+002  0.716031785675691E+002
  0.233732329626427E-001  0.811675583587753E+002  0.717633574705279E+002
  0.233732329626427E-001  0.811673635795624E+002  0.716038235002749E+002
  0.233732329626427E-001  0.811672859534352E+002  0.716040727292837E+002
  0.233732329626427E-001  0.811670943779442E+002  0.717618678310970E+002
  0.233732329626427E-001  0.811669170082797E+002  0.717612908597247E+002
  0.233732329626427E-001  0.811662727626277E+002  0.717591582737847E+002
  0.233732329626427E-001  0.811650064378207E+002  0.717547813337500E+002
  0.233732329626427E-001  0.811647269713135E+002  0.717537787888867E+002
  0.233732329626427E-001  0.811642320599613E+002  0.717519674748754E+002
  0.233732329626427E-001  0.811633694536712E+002  0.717486906556008E+002
  0.233732329626427E-001  0.811632745208699E+002  0.717483199469589E+002
  0.233732329626427E-001  0.811625940004935E+002  0.716209610074314E+002
  0.233732329626427E-001  0.811623499894211E+002  0.717445925976572E+002
  0.233732329626427E-001  0.811614426888091E+002  0.716258590573331E+002
  0.233732329626427E-001  0.811608898127903E+002  0.716283662245415E+002
  0.233732329626427E-001  0.811608777382748E+002  0.717381367629090E+002
  0.233732329626427E-001  0.811601889127878E+002  0.717348394263920E+002
  0.233732329626427E-001  0.811598167016200E+002  0.716335923133604E+002
  0.233732329626427E-001  0.811594200736587E+002  0.716356688803527E+002
  0.233732329626427E-001  0.811593439143549E+002  0.717304809507666E+002
  0.233732329626427E-001  0.811592301479070E+002  0.716366960112141E+002
  0.233732329626427E-001  0.811587635146980E+002  0.716393213973012E+002
  0.233732329626427E-001  0.811582482659938E+002  0.716424157869283E+002
  0.233732329626427E-001  0.811581094893133E+002  0.716432901375004E+002
  0.233732329626427E-001  0.811580525079072E+002  0.717229042904309E+002
  0.233732329626427E-001  0.811580486616672E+002  0.716436794617203E+002
  0.233732329626427E-001  0.811576813620944E+002  0.717204421064467E+002
  0.233732329626427E-001  0.811575030221045E+002  0.716473600073700E+002
  0.233732329626427E-001  0.811574748690339E+002  0.717189988234838E+002
  0.233732329626427E-001  0.811570248510321E+002  0.717156311186293E+002
  0.233732329626427E-001  0.811569206859993E+002  0.716517586597073E+002
  0.233732329626427E-001  0.811568559757302E+002  0.716522859610754E+002
  0.233732329626427E-001  0.817151678694724E+002  0.716553769720802E+002
  0.233732329626427E-001  0.817150781778137E+002  0.716562080864177E+002
  0.233732329626427E-001  0.817148698319318E+002  0.716582449555207E+002
  0.233732329626427E-001  0.817143673237694E+002  0.716640247119911E+002
  0.233732329626427E-001  0.817141709354583E+002  0.716668263804273E+002
  0.233732329626427E-001  0.817141208947019E+002  0.716676201897088E+002
  0.233732329626427E-001  0.817140230218113E+002  0.716693024902732E+002
  0.233732329626427E-001  0.817139809513455E+002  0.716700914074271E+002
  0.233732329626427E-001  0.817138039406865E+002  0.716741277119061E+002
  0.233732329626427E-001  0.817137549274061E+002  0.716756121993292E+002
