  0.682066060065692E-003  0.974300737600374E+002  0.690375348773010E+002
  0.682066060065692E-003  0.967027811363391E+002  0.691085026303697E+002
  0.682066060065692E-003  0.966373750478645E+002  0.691149809301818E+002
  0.682066060065692E-003  0.960500597280132E+002  0.691739022023679E+002
  0.682066060065692E-003  0.960234309814995E+002  0.691766065007049E+002
  0.682066060065692E-003  0.957444532624259E+002  0.692051156547768E+002
  0.682066060065692E-003  0.952117878033953E+002  0.692604811183349E+002
  0.682066060065692E-003  0.948295864112224E+002  0.693010000134895E+002
  0.682066060065692E-003  0.947542734771126E+002  0.693090658321097E+002
  0.682066060065692E-003  0.946927706796236E+002  0.693156730031755E+002
  0.682066060065692E-003  0.944758363927326E+002  0.693391266758768E+002
  0.682066060065692E-003  0.944495200527069E+002  0.693419878247198E+002
  0.682066060065692E-003  0.944295126256879E+002  0.693441654015907E+002
