  0.303339045102748E+000  0.935951632658328E+002  0.740433314201223E+002
  0.303339045102748E+000  0.869417998881954E+002  0.731599543145990E+002
  0.303339045102748E+000  0.907125652791779E+002  0.737084774113614E+002
  0.303339045102748E+000  0.902892700513681E+002  0.736545219009137E+002
  0.303339045102748E+000  0.869690250567067E+002  0.731646428000860E+002
  0.303339045102748E+000  0.840886287663255E+002  0.725360047176527E+002
  0.303339045102748E+000  0.870728286816356E+002  0.731823844410568E+002
  0.303339045102748E+000  0.872931233332485E+002  0.732193574547987E+002
  0.303339045102748E+000  0.888112963793012E+002  0.734532809081660E+002
  0.303339045102748E+000  0.878259625630190E+002  0.733053054097783E+002
  0.303339045102748E+000  0.879470621774559E+002  0.733242112977658E+002
  0.303339045102748E+000  0.879521984755013E+002  0.733250083558882E+002
  0.303339045102748E+000  0.883511032704668E+002  0.733857714770095E+002
  0.303339045102748E+000  0.883331548761644E+002  0.733830841582063E+002
  0.303339045102748E+000  0.882351201161996E+002  0.733683302958616E+002
  0.303339045102748E+000  0.865272075053942E+002  0.730866225904512E+002
  0.303339045102748E+000  0.864165862658894E+002  0.730663993373936E+002
  0.303339045102748E+000  0.840937309188206E+002  0.725375273411778E+002
  0.303339045102748E+000  0.862946228439549E+002  0.730437541749335E+002
  0.303339045102748E+000  0.862904137052303E+002  0.730429659242076E+002
  0.303339045102748E+000  0.861859307582462E+002  0.730232506648327E+002
  0.303339045102748E+000  0.861825604249606E+002  0.730226098729205E+002
  0.303339045102748E+000  0.861131913624412E+002  0.730093521571607E+002
  0.303339045102748E+000  0.858781067081992E+002  0.729634024188190E+002
  0.303339045102748E+000  0.858666881328573E+002  0.729611284635309E+002
  0.303339045102748E+000  0.858512329077696E+002  0.729580441677771E+002
  0.303339045102748E+000  0.858249229857902E+002  0.729527764371118E+002
  0.303339045102748E+000  0.856337539570222E+002  0.729138238672177E+002
  0.303339045102748E+000  0.854978870463173E+002  0.728853725694787E+002
  0.303339045102748E+000  0.854565092477153E+002  0.728765730790600E+002
  0.303339045102748E+000  0.853813865224751E+002  0.728604292135797E+002
  0.303339045102748E+000  0.853145943553029E+002  0.728458873373654E+002
  0.303339045102748E+000  0.852824147011695E+002  0.728388159165897E+002
  0.303339045102748E+000  0.851975860902608E+002  0.728199641689145E+002
  0.303339045102748E+000  0.851892110943650E+002  0.728180859797959E+002
  0.303339045102748E+000  0.851886478669155E+002  0.728179595579965E+002
  0.303339045102748E+000  0.851646490086940E+002  0.728125596350882E+002
  0.303339045102748E+000  0.851445456227658E+002  0.728080162682117E+002
  0.303339045102748E+000  0.851363858168466E+002  0.728061669063348E+002
  0.303339045102748E+000  0.851304038143083E+002  0.728048091907888E+002
  0.303339045102748E+000  0.850914050491843E+002  0.727959171607614E+002
  0.303339045102748E+000  0.850746559755093E+002  0.727920763488059E+002
  0.303339045102748E+000  0.850501895872280E+002  0.727864418080280E+002
  0.303339045102748E+000  0.850320431299452E+002  0.727822440705085E+002
  0.303339045102748E+000  0.849971201304947E+002  0.727741200345044E+002
  0.303339045102748E+000  0.841123889497214E+002  0.725430724544375E+002
  0.303339045102748E+000  0.849098467918476E+002  0.727535483140328E+002
  0.303339045102748E+000  0.847685143562065E+002  0.727193680387042E+002
  0.303339045102748E+000  0.847587261847987E+002  0.727169589895672E+002
  0.303339045102748E+000  0.846631474944126E+002  0.726931333196334E+002
  0.303339045102748E+000  0.846219593933472E+002  0.726826909210742E+002
  0.303339045102748E+000  0.846207410415934E+002  0.726823803710012E+002
  0.303339045102748E+000  0.845965006539124E+002  0.726761814603512E+002
  0.303339045102748E+000  0.845639413379042E+002  0.726677937592193E+002
  0.303339045102748E+000  0.845623930366861E+002  0.726673931161892E+002
  0.303339045102748E+000  0.844717508725834E+002  0.726436470158154E+002
  0.303339045102748E+000  0.844664588137790E+002  0.726422424546059E+002
  0.303339045102748E+000  0.844548527932054E+002  0.726391548833527E+002
  0.303339045102748E+000  0.844313440206571E+002  0.726328700388819E+002
  0.303339045102748E+000  0.844265169050670E+002  0.726315744014957E+002
  0.303339045102748E+000  0.844163183508980E+002  0.726288311881964E+002
  0.303339045102748E+000  0.844006340951200E+002  0.726245968267164E+002
  0.303339045102748E+000  0.843992993392336E+002  0.726242355958093E+002
  0.303339045102748E+000  0.843913818910624E+002  0.726220900041746E+002
  0.303339045102748E+000  0.843438779884445E+002  0.726091122572493E+002
  0.303339045102748E+000  0.843038006330999E+002  0.725980202111770E+002
  0.303339045102748E+000  0.842793743456153E+002  0.725911933848249E+002
  0.303339045102748E+000  0.842590249249070E+002  0.725854665451351E+002
  0.303339045102748E+000  0.842426112632286E+002  0.725808207044717E+002
  0.303339045102748E+000  0.842192498711052E+002  0.725741665486873E+002
  0.303339045102748E+000  0.841972514679950E+002  0.725678548618708E+002
  0.303339045102748E+000  0.841168940993122E+002  0.725444060201911E+002
  0.303339045102748E+000  0.841154359126553E+002  0.725439746096743E+002
  0.303339045102748E+000  0.840800147205459E+002  0.725334278593609E+002
  0.303339045102748E+000  0.840680939192409E+002  0.725298488599959E+002
  0.303339045102748E+000  0.840633806572784E+002  0.725284296096839E+002
  0.303339045102748E+000  0.840469863153429E+002  0.725234742981502E+002
  0.303339045102748E+000  0.840416301510474E+002  0.708447100095569E+002
  0.303339045102748E+000  0.840281786415592E+002  0.708488057234027E+002
  0.303339045102748E+000  0.840247607775869E+002  0.708498496009704E+002
  0.303339045102748E+000  0.839666491004018E+002  0.708678024349265E+002
  0.303339045102748E+000  0.839408255778624E+002  0.724906506470360E+002
  0.303339045102748E+000  0.839403984236372E+002  0.724905158800545E+002
  0.303339045102748E+000  0.839149295444946E+002  0.724824393853156E+002
  0.303339045102748E+000  0.839061140650082E+002  0.708869342151584E+002
  0.303339045102748E+000  0.839048581595227E+002  0.708873360067827E+002
  0.303339045102748E+000  0.838966908665754E+002  0.724766051542632E+002
  0.303339045102748E+000  0.838827155318825E+002  0.724721054924128E+002
  0.303339045102748E+000  0.838570666195610E+002  0.724637797786503E+002
  0.303339045102748E+000  0.838384874618173E+002  0.724576930285721E+002
  0.303339045102748E+000  0.838382016083913E+002  0.724575990058961E+002
  0.303339045102748E+000  0.838325896990987E+002  0.724557508235304E+002
  0.303339045102748E+000  0.838281521274810E+002  0.724542862516943E+002
  0.303339045102748E+000  0.838248513098428E+002  0.709133639750390E+002
  0.303339045102748E+000  0.838163597740259E+002  0.709161782945852E+002
  0.303339045102748E+000  0.837984534714309E+002  0.724444119969640E+002
  0.303339045102748E+000  0.837922133773539E+002  0.709242380703949E+002
  0.303339045102748E+000  0.837887036794851E+002  0.724411423212539E+002
  0.303339045102748E+000  0.837745961369884E+002  0.709301729147260E+002
  0.303339045102748E+000  0.837540584615750E+002  0.709371511780934E+002
  0.303339045102748E+000  0.837498682948778E+002  0.709385829387484E+002
  0.303339045102748E+000  0.837427632862641E+002  0.709410169991583E+002
  0.303339045102748E+000  0.837316348659283E+002  0.709448455395959E+002
  0.303339045102748E+000  0.837234899370392E+002  0.709476602900869E+002
  0.303339045102748E+000  0.837127612913469E+002  0.724151745711320E+002
  0.303339045102748E+000  0.837057191586578E+002  0.724127197486555E+002
  0.303339045102748E+000  0.837021954414468E+002  0.709550707142003E+002
  0.303339045102748E+000  0.836960360056182E+002  0.709572282828891E+002
  0.303339045102748E+000  0.836932382064314E+002  0.709582104352912E+002
  0.303339045102748E+000  0.836912411239153E+002  0.724076467062655E+002
  0.303339045102748E+000  0.836908616595608E+002  0.709590457555331E+002
  0.303339045102748E+000  0.836870005503337E+002  0.709604049350028E+002
  0.303339045102748E+000  0.836854154274757E+002  0.709609636670951E+002
  0.303339045102748E+000  0.836818078560501E+002  0.709622368960275E+002
  0.303339045102748E+000  0.836550315015124E+002  0.709717583494337E+002
  0.303339045102748E+000  0.836506874165016E+002  0.709733151092915E+002
  0.303339045102748E+000  0.836506838802580E+002  0.723932426432584E+002
  0.303339045102748E+000  0.836424907685488E+002  0.709762618212344E+002
  0.303339045102748E+000  0.836383869051580E+002  0.723888172291018E+002
  0.303339045102748E+000  0.836366644825754E+002  0.709783638728218E+002
  0.303339045102748E+000  0.836341587099896E+002  0.709792698545724E+002
  0.303339045102748E+000  0.836318288850091E+002  0.709801132683117E+002
  0.303339045102748E+000  0.836233036314548E+002  0.709832081342949E+002
  0.303339045102748E+000  0.836219353090242E+002  0.723828528788232E+002
  0.303339045102748E+000  0.836209489386658E+002  0.723824936641857E+002
  0.303339045102748E+000  0.836157280142124E+002  0.723805892351018E+002
  0.303339045102748E+000  0.836025137490117E+002  0.723757456826710E+002
  0.303339045102748E+000  0.835989911451077E+002  0.709921102427288E+002
  0.303339045102748E+000  0.835983032575889E+002  0.723741952373303E+002
  0.303339045102748E+000  0.835956628920202E+002  0.709933378332844E+002
  0.303339045102748E+000  0.835823042373702E+002  0.709982871657272E+002
  0.303339045102748E+000  0.835797762052610E+002  0.723673311992540E+002
  0.303339045102748E+000  0.835713214011303E+002  0.723641758080480E+002
  0.303339045102748E+000  0.835686031885068E+002  0.710034007797813E+002
  0.303339045102748E+000  0.835540343426399E+002  0.710088808140057E+002
  0.303339045102748E+000  0.835302231995373E+002  0.710179344759330E+002
  0.303339045102748E+000  0.835182175553926E+002  0.723440126215986E+002
  0.303339045102748E+000  0.835136906939045E+002  0.723422652650043E+002
  0.303339045102748E+000  0.835087453346221E+002  0.710262079628053E+002
  0.303339045102748E+000  0.835045195869613E+002  0.710278480578513E+002
  0.303339045102748E+000  0.834953966540290E+002  0.710314029162794E+002
  0.303339045102748E+000  0.834949351877194E+002  0.723349757738947E+002
  0.303339045102748E+000  0.834904203742516E+002  0.710333501779118E+002
  0.303339045102748E+000  0.834852390124075E+002  0.710353839092038E+002
  0.303339045102748E+000  0.834832388968647E+002  0.723303883387329E+002
  0.303339045102748E+000  0.834827157697594E+002  0.710363766196536E+002
  0.303339045102748E+000  0.834798852994870E+002  0.710374920176031E+002
  0.303339045102748E+000  0.834795218881848E+002  0.723289236552229E+002
  0.303339045102748E+000  0.834755935218875E+002  0.723273720662647E+002
  0.303339045102748E+000  0.834735516638048E+002  0.723265641143472E+002
  0.303339045102748E+000  0.834720964956808E+002  0.710405713286595E+002
  0.303339045102748E+000  0.834615111313143E+002  0.723217789529098E+002
  0.303339045102748E+000  0.834596656956567E+002  0.710455166564444E+002
  0.303339045102748E+000  0.834538989036038E+002  0.710478239196039E+002
  0.303339045102748E+000  0.834493587133065E+002  0.723169126843400E+002
  0.303339045102748E+000  0.834467619799087E+002  0.723158680040886E+002
  0.303339045102748E+000  0.834453494401320E+002  0.723152990063674E+002
  0.303339045102748E+000  0.834415925358543E+002  0.723137831552617E+002
  0.303339045102748E+000  0.834400392001776E+002  0.723131553430539E+002
  0.303339045102748E+000  0.834386348579738E+002  0.710539718106988E+002
  0.303339045102748E+000  0.834380825892046E+002  0.723123636472819E+002
  0.303339045102748E+000  0.834324694694934E+002  0.710564721375315E+002
  0.303339045102748E+000  0.834293027984515E+002  0.723087987791818E+002
  0.303339045102748E+000  0.834186362323374E+002  0.723044402959400E+002
  0.303339045102748E+000  0.834114442673072E+002  0.723014842313148E+002
  0.303339045102748E+000  0.833974862996530E+002  0.710708525547007E+002
  0.303339045102748E+000  0.833970308428183E+002  0.722955170159490E+002
  0.303339045102748E+000  0.833922902047219E+002  0.722935416214830E+002
  0.303339045102748E+000  0.833811888297072E+002  0.710776684846734E+002
  0.303339045102748E+000  0.833801294020834E+002  0.722884448052223E+002
  0.303339045102748E+000  0.833795110842083E+002  0.710783745116598E+002
  0.303339045102748E+000  0.833684908334526E+002  0.722835263380246E+002
  0.303339045102748E+000  0.833678950089712E+002  0.722832734572988E+002
  0.303339045102748E+000  0.833619747732067E+002  0.722807549666719E+002
  0.303339045102748E+000  0.833493037993124E+002  0.710912303360165E+002
  0.303339045102748E+000  0.833477512840481E+002  0.710918986169050E+002
  0.303339045102748E+000  0.833464287163823E+002  0.722740905081925E+002
  0.303339045102748E+000  0.833406536192531E+002  0.722715955431806E+002
  0.303339045102748E+000  0.833406421659687E+002  0.710949684365949E+002
  0.303339045102748E+000  0.833400975321020E+002  0.710952042782125E+002
  0.303339045102748E+000  0.833378137549105E+002  0.722703647723578E+002
  0.303339045102748E+000  0.833361235655581E+002  0.722696310336591E+002
  0.303339045102748E+000  0.833354870202965E+002  0.722693544608789E+002
  0.303339045102748E+000  0.833295593244611E+002  0.710997863815419E+002
  0.303339045102748E+000  0.833195840302574E+002  0.711041571254540E+002
  0.303339045102748E+000  0.833193291831898E+002  0.722622898005272E+002
  0.303339045102748E+000  0.833080697879750E+002  0.722573154762254E+002
  0.303339045102748E+000  0.833047213140793E+002  0.711107312153115E+002
  0.303339045102748E+000  0.832970897173893E+002  0.722524226859279E+002
  0.303339045102748E+000  0.832774675814714E+002  0.711229864792430E+002
  0.303339045102748E+000  0.832665082728081E+002  0.711279908276004E+002
  0.303339045102748E+000  0.832659764995525E+002  0.722383242222368E+002
  0.303339045102748E+000  0.832614232494702E+002  0.722362308374751E+002
  0.303339045102748E+000  0.832583289236357E+002  0.711317553537808E+002
  0.303339045102748E+000  0.832565419454103E+002  0.711325812315494E+002
  0.303339045102748E+000  0.832519366991944E+002  0.722318436775664E+002
  0.303339045102748E+000  0.832456608393212E+002  0.722289219503408E+002
  0.303339045102748E+000  0.832389589231722E+002  0.711407745222935E+002
  0.303339045102748E+000  0.832353806890296E+002  0.711424570986796E+002
  0.303339045102748E+000  0.832307189133958E+002  0.711446570682267E+002
  0.303339045102748E+000  0.842543623246853E+002  0.722200772743030E+002
  0.303339045102748E+000  0.842468104506171E+002  0.722164819618723E+002
  0.303339045102748E+000  0.842414853937641E+002  0.722139321535554E+002
  0.303339045102748E+000  0.842414486563532E+002  0.722139145199468E+002
  0.303339045102748E+000  0.842353746424011E+002  0.722109909486402E+002
  0.303339045102748E+000  0.842227888088514E+002  0.722048809269396E+002
  0.303339045102748E+000  0.842203083079415E+002  0.722036682600145E+002
  0.303339045102748E+000  0.842001249262577E+002  0.721936939249714E+002
  0.303339045102748E+000  0.841838881557337E+002  0.721855261965830E+002
  0.303339045102748E+000  0.841795793041437E+002  0.721833362774829E+002
  0.303339045102748E+000  0.841794253334509E+002  0.721832578463332E+002
  0.303339045102748E+000  0.841767291294206E+002  0.721818824270544E+002
  0.303339045102748E+000  0.841681979794909E+002  0.721775052002034E+002
  0.303339045102748E+000  0.841662598074701E+002  0.721765053330475E+002
  0.303339045102748E+000  0.841621085268734E+002  0.721743569142526E+002
  0.303339045102748E+000  0.841545488316330E+002  0.721704201957586E+002
  0.303339045102748E+000  0.841407496040165E+002  0.721631509623241E+002
  0.303339045102748E+000  0.841169862121420E+002  0.721503676695436E+002
  0.303339045102748E+000  0.841090548655777E+002  0.721460224811851E+002
  0.303339045102748E+000  0.841038215277011E+002  0.721431329140222E+002
  0.303339045102748E+000  0.841030414352145E+002  0.721427006325402E+002
  0.303339045102748E+000  0.840891881351962E+002  0.721349550417212E+002
  0.303339045102748E+000  0.840875933066688E+002  0.721340548060648E+002
  0.303339045102748E+000  0.840868227743500E+002  0.721336192175691E+002
  0.303339045102748E+000  0.840722923794269E+002  0.721253247031311E+002
  0.303339045102748E+000  0.840694560862811E+002  0.721236874145004E+002
  0.303339045102748E+000  0.840650732297840E+002  0.721211453115603E+002
  0.303339045102748E+000  0.840552938685495E+002  0.721154192736304E+002
  0.303339045102748E+000  0.840519827505772E+002  0.721134632676205E+002
  0.303339045102748E+000  0.840503812461054E+002  0.721125139985113E+002
  0.303339045102748E+000  0.840493919790701E+002  0.721119265741260E+002
  0.303339045102748E+000  0.840441196482078E+002  0.721087821986570E+002
  0.303339045102748E+000  0.840366733054027E+002  0.721043012569977E+002
  0.303339045102748E+000  0.840335923514981E+002  0.721024332394033E+002
  0.303339045102748E+000  0.840307545184451E+002  0.721007052327431E+002
  0.303339045102748E+000  0.840303570906528E+002  0.721004626605587E+002
  0.303339045102748E+000  0.840249521733052E+002  0.720971496260556E+002
  0.303339045102748E+000  0.840200536983978E+002  0.720941239460693E+002
  0.303339045102748E+000  0.840182128607829E+002  0.720929811248833E+002
  0.303339045102748E+000  0.840157585561690E+002  0.720914524768029E+002
  0.303339045102748E+000  0.840111070598074E+002  0.720885395023030E+002
  0.303339045102748E+000  0.840058498949858E+002  0.720852218187138E+002
  0.303339045102748E+000  0.840012830979715E+002  0.720823174237277E+002
  0.303339045102748E+000  0.839969209064618E+002  0.720795232750379E+002
  0.303339045102748E+000  0.839847476955599E+002  0.720716195546635E+002
  0.303339045102748E+000  0.839717368833265E+002  0.720629901609254E+002
  0.303339045102748E+000  0.839606084808004E+002  0.720554505474690E+002
  0.303339045102748E+000  0.839578656982549E+002  0.720535687020574E+002
  0.303339045102748E+000  0.839439195394871E+002  0.720438482286679E+002
  0.303339045102748E+000  0.839433548745753E+002  0.720434491312304E+002
  0.303339045102748E+000  0.839370535355410E+002  0.720389650502320E+002
  0.303339045102748E+000  0.839332865856690E+002  0.720362572559306E+002
  0.303339045102748E+000  0.839302151868747E+002  0.720340339739762E+002
  0.303339045102748E+000  0.839276986109004E+002  0.720322017507074E+002
  0.303339045102748E+000  0.839189549414159E+002  0.720257596333036E+002
  0.303339045102748E+000  0.839154600924394E+002  0.720231505602876E+002
  0.303339045102748E+000  0.839136001227177E+002  0.720217538035053E+002
  0.303339045102748E+000  0.839127079075462E+002  0.720210817388500E+002
  0.303339045102748E+000  0.839040477705720E+002  0.720144876058291E+002
  0.303339045102748E+000  0.838965434387732E+002  0.720086654901442E+002
  0.303339045102748E+000  0.838905631539244E+002  0.720039501059670E+002
  0.303339045102748E+000  0.838881242166561E+002  0.720020070063928E+002
  0.303339045102748E+000  0.838769985602702E+002  0.719929885969920E+002
  0.303339045102748E+000  0.838738791901755E+002  0.719904125210517E+002
  0.303339045102748E+000  0.838707418448873E+002  0.719877996204730E+002
  0.303339045102748E+000  0.838680953453595E+002  0.719855779546625E+002
  0.303339045102748E+000  0.838658116324413E+002  0.719836476308290E+002
  0.303339045102748E+000  0.838585084203132E+002  0.719773895120587E+002
  0.303339045102748E+000  0.838569288170385E+002  0.719760183539592E+002
  0.303339045102748E+000  0.838478234658947E+002  0.719679858359349E+002
  0.303339045102748E+000  0.838449555209950E+002  0.719654084485114E+002
  0.303339045102748E+000  0.838448455657738E+002  0.719653091642494E+002
  0.303339045102748E+000  0.838378589242281E+002  0.719589272467295E+002
  0.303339045102748E+000  0.838355197688471E+002  0.719567572792877E+002
  0.303339045102748E+000  0.838337709127927E+002  0.719551235995545E+002
  0.303339045102748E+000  0.838288076464258E+002  0.719504328019901E+002
  0.303339045102748E+000  0.838285991049044E+002  0.719502339044222E+002
  0.303339045102748E+000  0.838277062468300E+002  0.719493806555318E+002
  0.303339045102748E+000  0.838233536944836E+002  0.719451813898287E+002
  0.303339045102748E+000  0.838190249043114E+002  0.719409371788241E+002
  0.303339045102748E+000  0.838139455119755E+002  0.719358661113886E+002
  0.303339045102748E+000  0.838098019119510E+002  0.719316526329222E+002
  0.303339045102748E+000  0.838090961879171E+002  0.719309278629519E+002
  0.303339045102748E+000  0.838088431576544E+002  0.719306674868282E+002
  0.303339045102748E+000  0.838076307051988E+002  0.719294160129730E+002
  0.303339045102748E+000  0.837994749227506E+002  0.719208264679916E+002
  0.303339045102748E+000  0.837949140705313E+002  0.719158848036472E+002
  0.303339045102748E+000  0.837869273157803E+002  0.719069683694654E+002
  0.303339045102748E+000  0.837841430347563E+002  0.719037752487664E+002
  0.303339045102748E+000  0.837839387888539E+002  0.719035391892810E+002
  0.303339045102748E+000  0.837836480535657E+002  0.719032027316810E+002
  0.303339045102748E+000  0.837819978905255E+002  0.719012832190888E+002
  0.303339045102748E+000  0.837790544920476E+002  0.718978167478800E+002
  0.303339045102748E+000  0.837743804163494E+002  0.718921938821049E+002
  0.303339045102748E+000  0.837714716816133E+002  0.718886169934754E+002
  0.303339045102748E+000  0.837706792983437E+002  0.718876317444907E+002
  0.303339045102748E+000  0.837667558756678E+002  0.718826816484853E+002
  0.303339045102748E+000  0.837629673522943E+002  0.718777822315948E+002
  0.303339045102748E+000  0.837600612323359E+002  0.718739386507307E+002
  0.303339045102748E+000  0.837577639101441E+002  0.718708445217555E+002
  0.303339045102748E+000  0.837560431876400E+002  0.718684931267260E+002
  0.303339045102748E+000  0.837548709765539E+002  0.718668740363686E+002
  0.303339045102748E+000  0.837542627412420E+002  0.718660282724502E+002
  0.303339045102748E+000  0.837525491224379E+002  0.718636241219089E+002
  0.303339045102748E+000  0.837493359732957E+002  0.718590275545332E+002
  0.303339045102748E+000  0.837479883689552E+002  0.718570635562226E+002
  0.303339045102748E+000  0.837469823029167E+002  0.718555827213167E+002
  0.303339045102748E+000  0.837465969921978E+002  0.718550121984033E+002
  0.303339045102748E+000  0.837456316297009E+002  0.718535744097611E+002
  0.303339045102748E+000  0.837440476992861E+002  0.718511886701290E+002
  0.303339045102748E+000  0.837432192188806E+002  0.718499271967719E+002
  0.303339045102748E+000  0.837419564286291E+002  0.718479858427449E+002
  0.303339045102748E+000  0.837413791069828E+002  0.718470906322700E+002
  0.303339045102748E+000  0.837402694404056E+002  0.718453560682811E+002
  0.303339045102748E+000  0.837396769624378E+002  0.718444222967633E+002
  0.303339045102748E+000  0.837396522411863E+002  0.718443832173518E+002
  0.303339045102748E+000  0.837389021095507E+002  0.718431928661152E+002
  0.303339045102748E+000  0.837387251084012E+002  0.718429106963700E+002
