  0.393133476843691E+000  0.943164503417278E+002  0.742213502535454E+002
  0.393133476843691E+000  0.941135264111927E+002  0.692814678005495E+002
  0.393133476843691E+000  0.931005312218684E+002  0.694179790109763E+002
  0.393133476843691E+000  0.889735842812032E+002  0.700869177766890E+002
  0.393133476843691E+000  0.890397116194566E+002  0.734022961120497E+002
  0.393133476843691E+000  0.890645269363942E+002  0.700692851618211E+002
  0.393133476843691E+000  0.922540450259496E+002  0.739378346434634E+002
  0.393133476843691E+000  0.891642110122504E+002  0.734262048337539E+002
  0.393133476843691E+000  0.891887894550197E+002  0.700454891754002E+002
  0.393133476843691E+000  0.912354795978348E+002  0.737833666578028E+002
  0.393133476843691E+000  0.891904493324740E+002  0.734312005344236E+002
  0.393133476843691E+000  0.911711568099649E+002  0.737732183925611E+002
  0.393133476843691E+000  0.911093430580509E+002  0.697129560454279E+002
  0.393133476843691E+000  0.892691054461679E+002  0.700302852378297E+002
  0.393133476843691E+000  0.909986977082650E+002  0.737457562219961E+002
  0.393133476843691E+000  0.893535370784737E+002  0.734619273261794E+002
  0.393133476843691E+000  0.906892886508217E+002  0.697808533081101E+002
  0.393133476843691E+000  0.893775335931547E+002  0.700099717897463E+002
  0.393133476843691E+000  0.906115348572921E+002  0.697936813911394E+002
  0.393133476843691E+000  0.893794577164586E+002  0.700096134709312E+002
  0.393133476843691E+000  0.905901205443422E+002  0.736791448236144E+002
  0.393133476843691E+000  0.895006113828479E+002  0.699871993537778E+002
  0.393133476843691E+000  0.905451380404062E+002  0.736716709790138E+002
  0.393133476843691E+000  0.895683831028120E+002  0.735015886559598E+002
  0.393133476843691E+000  0.895931971798430E+002  0.699702620047686E+002
  0.393133476843691E+000  0.903055926116812E+002  0.736313736385362E+002
  0.393133476843691E+000  0.896834050913542E+002  0.735224598207906E+002
  0.393133476843691E+000  0.898505232201033E+002  0.699240179080123E+002
  0.393133476843691E+000  0.898842126147035E+002  0.735583235502203E+002
  0.393133476843691E+000  0.893030437045103E+002  0.701142450063817E+002
  0.393133476843691E+000  0.890717731506143E+002  0.701607492623993E+002
  0.393133476843691E+000  0.890290346907357E+002  0.701694940983501E+002
  0.393133476843691E+000  0.889972537789191E+002  0.701760286149388E+002
  0.393133476843691E+000  0.888088723745452E+002  0.702153375528708E+002
  0.393133476843691E+000  0.887233277582500E+002  0.702335268831685E+002
  0.393133476843691E+000  0.884071372763769E+002  0.703027574302841E+002
  0.393133476843691E+000  0.880027775073963E+002  0.703964880548809E+002
  0.393133476843691E+000  0.879657522679182E+002  0.704053998888443E+002
  0.393133476843691E+000  0.879366668645960E+002  0.704124426479568E+002
  0.393133476843691E+000  0.878311756687897E+002  0.704383064928883E+002
  0.393133476843691E+000  0.877777560276051E+002  0.704516019666606E+002
  0.393133476843691E+000  0.877667757957813E+002  0.704543518668894E+002
  0.393133476843691E+000  0.876669663206299E+002  0.704796237565491E+002
  0.393133476843691E+000  0.876597549767972E+002  0.704814693636851E+002
  0.393133476843691E+000  0.875812500486054E+002  0.705017394413306E+002
  0.393133476843691E+000  0.875298220944090E+002  0.705152003253219E+002
  0.393133476843691E+000  0.874904286326535E+002  0.705256123364065E+002
  0.393133476843691E+000  0.874769455402511E+002  0.705291966245808E+002
  0.393133476843691E+000  0.874700123174517E+002  0.705310438664956E+002
  0.393133476843691E+000  0.874696885583853E+002  0.705311301958019E+002
  0.393133476843691E+000  0.874673798789496E+002  0.705317459767794E+002
  0.393133476843691E+000  0.874343194047648E+002  0.705405987404632E+002
  0.393133476843691E+000  0.874045403889754E+002  0.705486292091940E+002
  0.393133476843691E+000  0.873700977676456E+002  0.705579854523418E+002
  0.393133476843691E+000  0.873582865911622E+002  0.705612110516591E+002
  0.393133476843691E+000  0.872768958092277E+002  0.705836836454711E+002
  0.393133476843691E+000  0.872199144855149E+002  0.705996805579640E+002
  0.393133476843691E+000  0.870912969146901E+002  0.706366422552055E+002
  0.393133476843691E+000  0.870720478449678E+002  0.706422812304275E+002
  0.393133476843691E+000  0.870496341018571E+002  0.706488840740885E+002
  0.393133476843691E+000  0.870462774365922E+002  0.706498763598629E+002
  0.393133476843691E+000  0.870190679751295E+002  0.706579535673150E+002
  0.393133476843691E+000  0.869572564649878E+002  0.706765308340229E+002
  0.393133476843691E+000  0.869171147137999E+002  0.706887714386039E+002
  0.393133476843691E+000  0.869100316552590E+002  0.706909461574078E+002
  0.393133476843691E+000  0.868769656661368E+002  0.707011587799228E+002
  0.393133476843691E+000  0.868635517726887E+002  0.707053305296187E+002
  0.393133476843691E+000  0.868318757233315E+002  0.707152493708510E+002
  0.393133476843691E+000  0.868195199318271E+002  0.707191445605707E+002
  0.393133476843691E+000  0.868109693999441E+002  0.707218488741571E+002
  0.393133476843691E+000  0.868005411016049E+002  0.707251568484247E+002
  0.393133476843691E+000  0.867341528378639E+002  0.707464746420485E+002
  0.393133476843691E+000  0.867046453613881E+002  0.707560982566978E+002
  0.393133476843691E+000  0.867005013749624E+002  0.707574573452233E+002
  0.393133476843691E+000  0.866975230549159E+002  0.707584352986886E+002
  0.393133476843691E+000  0.866587219739428E+002  0.707712662983764E+002
  0.393133476843691E+000  0.866541928361137E+002  0.707727751384360E+002
  0.393133476843691E+000  0.866511413557976E+002  0.707737930416894E+002
  0.393133476843691E+000  0.866374741740094E+002  0.707783653423182E+002
  0.393133476843691E+000  0.865922328716529E+002  0.707936585236734E+002
  0.393133476843691E+000  0.865645803932606E+002  0.708031292075118E+002
  0.393133476843691E+000  0.864962159962077E+002  0.708269656903561E+002
  0.393133476843691E+000  0.864622412740976E+002  0.708390466129204E+002
  0.393133476843691E+000  0.864500333444027E+002  0.708434274120000E+002
  0.393133476843691E+000  0.864285466888948E+002  0.708511904209987E+002
  0.393133476843691E+000  0.864244794003869E+002  0.708526675701610E+002
  0.393133476843691E+000  0.864154488769254E+002  0.708559560981079E+002
  0.393133476843691E+000  0.863852354748271E+002  0.708670487608924E+002
  0.393133476843691E+000  0.863392119348381E+002  0.708842228887491E+002
  0.393133476843691E+000  0.863014393742899E+002  0.708985805155081E+002
  0.393133476843691E+000  0.862875099199655E+002  0.709039375638864E+002
  0.393133476843691E+000  0.862804362373066E+002  0.709066712038614E+002
  0.393133476843691E+000  0.862781427349217E+002  0.709075594641811E+002
  0.393133476843691E+000  0.862462541502357E+002  0.709200096408280E+002
  0.393133476843691E+000  0.862454381479254E+002  0.709203307174576E+002
  0.393133476843691E+000  0.862242529252502E+002  0.709287111487475E+002
  0.393133476843691E+000  0.862141397350772E+002  0.709327424624328E+002
  0.393133476843691E+000  0.861968374556444E+002  0.709396866816917E+002
  0.393133476843691E+000  0.861743618850369E+002  0.709487983970382E+002
  0.393133476843691E+000  0.861739631988793E+002  0.709489609760841E+002
  0.393133476843691E+000  0.861655496200102E+002  0.709523997695516E+002
  0.393133476843691E+000  0.861558794770815E+002  0.709563708275606E+002
  0.393133476843691E+000  0.861533186496535E+002  0.709574258175096E+002
  0.393133476843691E+000  0.861458714086212E+002  0.709605020073833E+002
  0.393133476843691E+000  0.861121104471210E+002  0.709746028759808E+002
  0.393133476843691E+000  0.860919965820470E+002  0.709831289601094E+002
  0.393133476843691E+000  0.860624202680521E+002  0.709958439328246E+002
  0.393133476843691E+000  0.860600190272199E+002  0.709968858074788E+002
  0.393133476843691E+000  0.860523104440297E+002  0.710002404262692E+002
  0.393133476843691E+000  0.860445751473102E+002  0.710036220697174E+002
  0.393133476843691E+000  0.860389571581256E+002  0.710060878807166E+002
  0.393133476843691E+000  0.860042034621513E+002  0.710215302999029E+002
  0.393133476843691E+000  0.860039842989426E+002  0.710216287385984E+002
  0.393133476843691E+000  0.859983737851921E+002  0.710241533608277E+002
  0.393133476843691E+000  0.859678495718044E+002  0.710380481392511E+002
  0.393133476843691E+000  0.859672745871992E+002  0.710383125222810E+002
  0.393133476843691E+000  0.859559022967800E+002  0.710435622793232E+002
  0.393133476843691E+000  0.859537651944387E+002  0.710445532584852E+002
  0.393133476843691E+000  0.859426176110034E+002  0.710497455442911E+002
  0.393133476843691E+000  0.859247749428707E+002  0.710581387485770E+002
  0.393133476843691E+000  0.859215761177834E+002  0.710596544531194E+002
  0.393133476843691E+000  0.859115997397109E+002  0.710644034755467E+002
  0.393133476843691E+000  0.859103159201330E+002  0.710650170410400E+002
  0.393133476843691E+000  0.858984149033888E+002  0.710707316455721E+002
  0.393133476843691E+000  0.858918834757021E+002  0.710738887851579E+002
  0.393133476843691E+000  0.858908552441726E+002  0.710743871762961E+002
  0.393133476843691E+000  0.858603859032012E+002  0.710893296073317E+002
  0.393133476843691E+000  0.858563278499019E+002  0.710913457593521E+002
  0.393133476843691E+000  0.858494310171185E+002  0.710947867875749E+002
  0.393133476843691E+000  0.858467793238737E+002  0.710961147017818E+002
  0.393133476843691E+000  0.858460969577713E+002  0.710964568614196E+002
  0.393133476843691E+000  0.858391497270268E+002  0.710999508600017E+002
  0.393133476843691E+000  0.858365656936374E+002  0.711012553486825E+002
  0.393133476843691E+000  0.858308347960286E+002  0.711041580348577E+002
  0.393133476843691E+000  0.858248852672572E+002  0.711071855835838E+002
  0.393133476843691E+000  0.858236349700424E+002  0.711078236738275E+002
  0.393133476843691E+000  0.858230367207882E+002  0.711081292194225E+002
  0.393133476843691E+000  0.858216549582566E+002  0.711088354980269E+002
  0.393133476843691E+000  0.858204825740802E+002  0.711094353764414E+002
  0.393133476843691E+000  0.858047346920586E+002  0.711175493560022E+002
  0.393133476843691E+000  0.858003210220207E+002  0.711198425688526E+002
  0.393133476843691E+000  0.857978744449243E+002  0.711211174095141E+002
  0.393133476843691E+000  0.857899434938206E+002  0.711252682285271E+002
  0.393133476843691E+000  0.857636249525636E+002  0.711392486388320E+002
  0.393133476843691E+000  0.857540146529888E+002  0.711444356715438E+002
  0.393133476843691E+000  0.857531590017992E+002  0.711448996965990E+002
  0.393133476843691E+000  0.857469971938944E+002  0.711482520620486E+002
  0.393133476843691E+000  0.857370907593929E+002  0.711536820153184E+002
  0.393133476843691E+000  0.857369747379046E+002  0.711537459083477E+002
  0.393133476843691E+000  0.857359353197804E+002  0.711543186277758E+002
  0.393133476843691E+000  0.857350940195736E+002  0.711547825959209E+002
  0.393133476843691E+000  0.857305221632197E+002  0.711573104051301E+002
  0.393133476843691E+000  0.857262545563927E+002  0.711596799599477E+002
  0.393133476843691E+000  0.856893609925083E+002  0.721978766041821E+002
  0.393133476843691E+000  0.856757421549053E+002  0.721882398406390E+002
  0.393133476843691E+000  0.856725825857203E+002  0.721859744745920E+002
  0.393133476843691E+000  0.856603902868830E+002  0.721771231773226E+002
  0.393133476843691E+000  0.856461488315774E+002  0.713098213888080E+002
  0.393133476843691E+000  0.856449496852740E+002  0.721656507468624E+002
  0.393133476843691E+000  0.856438368603072E+002  0.713115621157702E+002
  0.393133476843691E+000  0.856408616917506E+002  0.721625614280939E+002
  0.393133476843691E+000  0.856403066839052E+002  0.721621402700516E+002
  0.393133476843691E+000  0.856395585811388E+002  0.713148021884341E+002
  0.393133476843691E+000  0.856387753351553E+002  0.713153980537867E+002
  0.393133476843691E+000  0.856360367849054E+002  0.713174880783157E+002
  0.393133476843691E+000  0.856333546849135E+002  0.713195451344632E+002
  0.393133476843691E+000  0.856331675537099E+002  0.713196890334425E+002
  0.393133476843691E+000  0.856271637124625E+002  0.721520417278175E+002
  0.393133476843691E+000  0.856270178479792E+002  0.721519282683342E+002
  0.393133476843691E+000  0.856269773083567E+002  0.713244773813942E+002
  0.393133476843691E+000  0.856265122681159E+002  0.713248393446262E+002
  0.393133476843691E+000  0.856231532239678E+002  0.713274633239829E+002
  0.393133476843691E+000  0.856213460708749E+002  0.713288819744316E+002
  0.393133476843691E+000  0.856207308614867E+002  0.721470080617783E+002
  0.393133476843691E+000  0.856194485232405E+002  0.721459972129488E+002
  0.393133476843691E+000  0.856191416977480E+002  0.721457549751142E+002
  0.393133476843691E+000  0.856181078952399E+002  0.721449377291273E+002
  0.393133476843691E+000  0.856140384639739E+002  0.713346694467303E+002
  0.393133476843691E+000  0.856125530895940E+002  0.713358560130364E+002
  0.393133476843691E+000  0.856125095344078E+002  0.721404832516131E+002
  0.393133476843691E+000  0.856123850550552E+002  0.713359904650032E+002
  0.393133476843691E+000  0.856112428862114E+002  0.721394685515127E+002
  0.393133476843691E+000  0.856074915810539E+002  0.721364482499796E+002
  0.393133476843691E+000  0.856074914053259E+002  0.721364481079586E+002
  0.393133476843691E+000  0.856055353602628E+002  0.721348641082158E+002
  0.393133476843691E+000  0.856025570864863E+002  0.721324400888347E+002
  0.393133476843691E+000  0.856016779940042E+002  0.713446523700226E+002
  0.393133476843691E+000  0.856008593994775E+002  0.713453224633557E+002
  0.393133476843691E+000  0.856007135554175E+002  0.713454419698447E+002
  0.393133476843691E+000  0.855942618069257E+002  0.721256086120216E+002
  0.393133476843691E+000  0.855938930139553E+002  0.721253020980636E+002
  0.393133476843691E+000  0.855935622383776E+002  0.721250269748004E+002
  0.393133476843691E+000  0.855893272581014E+002  0.721214870721917E+002
  0.393133476843691E+000  0.855847081229055E+002  0.713587857017513E+002
  0.393133476843691E+000  0.855794173212716E+002  0.713633010810094E+002
  0.393133476843691E+000  0.855792664077340E+002  0.713634306746378E+002
  0.393133476843691E+000  0.855786408704418E+002  0.721124057914374E+002
  0.393133476843691E+000  0.855781102872388E+002  0.721119491528647E+002
  0.393133476843691E+000  0.855780297966703E+002  0.713644942796880E+002
  0.393133476843691E+000  0.855760702789657E+002  0.721101882293037E+002
  0.393133476843691E+000  0.855703206681624E+002  0.721051797349557E+002
  0.393133476843691E+000  0.855681119114861E+002  0.713731366960344E+002
  0.393133476843691E+000  0.855616631288598E+002  0.720975064598620E+002
  0.393133476843691E+000  0.855595669576742E+002  0.720956238303287E+002
  0.393133476843691E+000  0.855594609380350E+002  0.713808457631590E+002
  0.393133476843691E+000  0.855592233466853E+002  0.720953142769987E+002
  0.393133476843691E+000  0.855580592384662E+002  0.713821105594179E+002
  0.393133476843691E+000  0.855561632833499E+002  0.713838285202183E+002
  0.393133476843691E+000  0.855530023118567E+002  0.713867114061420E+002
  0.393133476843691E+000  0.855518842693165E+002  0.720886373441019E+002
  0.393133476843691E+000  0.855512332259248E+002  0.720880388855726E+002
  0.393133476843691E+000  0.855471874115523E+002  0.713920774541035E+002
  0.393133476843691E+000  0.855450819686162E+002  0.720823331016781E+002
  0.393133476843691E+000  0.855433496491055E+002  0.720807090841710E+002
  0.393133476843691E+000  0.855422304193122E+002  0.720796557197720E+002
  0.393133476843691E+000  0.855404759807432E+002  0.720779979570503E+002
  0.393133476843691E+000  0.855359001591609E+002  0.720736357337375E+002
  0.393133476843691E+000  0.855339660860157E+002  0.714045993184832E+002
  0.393133476843691E+000  0.855311666248053E+002  0.714073114641001E+002
  0.393133476843691E+000  0.855307271654063E+002  0.720686348726493E+002
  0.393133476843691E+000  0.855307150962865E+002  0.714077509941546E+002
  0.393133476843691E+000  0.855291830022258E+002  0.720671273576527E+002
  0.393133476843691E+000  0.855194571440204E+002  0.720574687678151E+002
  0.393133476843691E+000  0.855182517119011E+002  0.720562512449447E+002
  0.393133476843691E+000  0.855175242262717E+002  0.714208599086275E+002
  0.393133476843691E+000  0.855174900678543E+002  0.714208945578741E+002
  0.393133476843691E+000  0.855154381853822E+002  0.720533912003367E+002
  0.393133476843691E+000  0.855145806366154E+002  0.714238598123423E+002
  0.393133476843691E+000  0.855133824489436E+002  0.720512849570891E+002
  0.393133476843691E+000  0.855132706690301E+002  0.714252040862157E+002
  0.393133476843691E+000  0.855124155952117E+002  0.714260846764321E+002
  0.393133476843691E+000  0.855090489343305E+002  0.714295762238995E+002
  0.393133476843691E+000  0.855068329152242E+002  0.720444779436547E+002
  0.393133476843691E+000  0.855055250003223E+002  0.720431004084867E+002
  0.393133476843691E+000  0.855052151655880E+002  0.720427731685199E+002
  0.393133476843691E+000  0.855019718631379E+002  0.720393263275883E+002
  0.393133476843691E+000  0.854994058489828E+002  0.720365710677678E+002
  0.393133476843691E+000  0.854959490631318E+002  0.720328186088269E+002
  0.393133476843691E+000  0.854955941824511E+002  0.714439434456499E+002
  0.393133476843691E+000  0.854934792615437E+002  0.720301080131998E+002
  0.393133476843691E+000  0.854928723317499E+002  0.720294380493096E+002
  0.393133476843691E+000  0.854917466124162E+002  0.720281913181966E+002
  0.393133476843691E+000  0.854906301150758E+002  0.720269494836698E+002
  0.393133476843691E+000  0.854874654685057E+002  0.714529739162197E+002
  0.393133476843691E+000  0.854841180655177E+002  0.714567768882548E+002
  0.393133476843691E+000  0.854823997284358E+002  0.720176249236682E+002
  0.393133476843691E+000  0.854813277672025E+002  0.720163874496749E+002
  0.393133476843691E+000  0.854803742699921E+002  0.714610920240512E+002
  0.393133476843691E+000  0.854800543130731E+002  0.714614639306490E+002
  0.393133476843691E+000  0.854796458550558E+002  0.714619394353731E+002
  0.393133476843691E+000  0.854795306054962E+002  0.714620737507988E+002
  0.393133476843691E+000  0.854794997213040E+002  0.714621097553001E+002
  0.393133476843691E+000  0.854761556308713E+002  0.714660364436757E+002
  0.393133476843691E+000  0.854756950240867E+002  0.720097923666158E+002
  0.393133476843691E+000  0.854753488503986E+002  0.714669922919703E+002
  0.393133476843691E+000  0.854748213265792E+002  0.720087549992713E+002
  0.393133476843691E+000  0.854741682433937E+002  0.720079769688151E+002
  0.393133476843691E+000  0.854725214356876E+002  0.714703690506646E+002
  0.393133476843691E+000  0.854712418470484E+002  0.720044627828489E+002
  0.393133476843691E+000  0.854708661537546E+002  0.714723658471619E+002
  0.393133476843691E+000  0.854684321807907E+002  0.714753295420089E+002
  0.393133476843691E+000  0.854683549906217E+002  0.720009500323376E+002
  0.393133476843691E+000  0.854670840199287E+002  0.714769855831033E+002
  0.393133476843691E+000  0.854665902121990E+002  0.719987793154889E+002
  0.393133476843691E+000  0.854658248520711E+002  0.714785418471872E+002
  0.393133476843691E+000  0.854631421750174E+002  0.714818890036775E+002
  0.393133476843691E+000  0.854597112356479E+002  0.714862345536596E+002
  0.393133476843691E+000  0.854593783164678E+002  0.719897138933219E+002
  0.393133476843691E+000  0.854590791463340E+002  0.719893307649074E+002
  0.393133476843691E+000  0.854574736164970E+002  0.719872645960566E+002
  0.393133476843691E+000  0.854569723822032E+002  0.714897580768375E+002
  0.393133476843691E+000  0.854561544943213E+002  0.714908200176380E+002
  0.393133476843691E+000  0.854553180632022E+002  0.714919107708034E+002
  0.393133476843691E+000  0.854524957356905E+002  0.719807466710132E+002
  0.393133476843691E+000  0.854496436442581E+002  0.714994420748867E+002
  0.393133476843691E+000  0.854468894363605E+002  0.719731895569157E+002
  0.393133476843691E+000  0.854461858310768E+002  0.715041502253366E+002
  0.393133476843691E+000  0.854461030603925E+002  0.715042640870111E+002
  0.393133476843691E+000  0.854437836601940E+002  0.719688965429542E+002
  0.393133476843691E+000  0.854410528339649E+002  0.719650547025705E+002
  0.393133476843691E+000  0.854402401652139E+002  0.719638987809934E+002
  0.393133476843691E+000  0.854391153490026E+002  0.715140850798722E+002
  0.393133476843691E+000  0.854390856509809E+002  0.715141277380934E+002
  0.393133476843691E+000  0.854382871471833E+002  0.719610963417334E+002
  0.393133476843691E+000  0.854381162957826E+002  0.719608495046104E+002
  0.393133476843691E+000  0.854380570343850E+002  0.715156102878762E+002
  0.393133476843691E+000  0.854367222681570E+002  0.715175489424901E+002
  0.393133476843691E+000  0.854342487518881E+002  0.719551867763893E+002
  0.393133476843691E+000  0.854334467936557E+002  0.719539939770259E+002
  0.393133476843691E+000  0.854312402411264E+002  0.719506774889165E+002
  0.393133476843691E+000  0.854311145004247E+002  0.715258871727029E+002
  0.393133476843691E+000  0.854276627953924E+002  0.719451876456100E+002
  0.393133476843691E+000  0.854273440072765E+002  0.715316827500504E+002
  0.393133476843691E+000  0.854236245942703E+002  0.715375637807710E+002
  0.393133476843691E+000  0.854232475478553E+002  0.715381696087032E+002
  0.393133476843691E+000  0.854231569375752E+002  0.715383154725119E+002
  0.393133476843691E+000  0.854211961744105E+002  0.715414983910914E+002
  0.393133476843691E+000  0.854205607422986E+002  0.715425410013250E+002
  0.393133476843691E+000  0.854195109011648E+002  0.715442758510052E+002
  0.393133476843691E+000  0.854194776298659E+002  0.715443310852322E+002
  0.393133476843691E+000  0.854176770957480E+002  0.715473440209007E+002
  0.393133476843691E+000  0.854168433738345E+002  0.719276187444541E+002
  0.393133476843691E+000  0.854143737581338E+002  0.715529991027369E+002
  0.393133476843691E+000  0.854134589288003E+002  0.715545960239289E+002
  0.393133476843691E+000  0.854134393275834E+002  0.719217437190583E+002
  0.393133476843691E+000  0.854133423343911E+002  0.715548005495927E+002
  0.393133476843691E+000  0.854128453100708E+002  0.719206991283106E+002
  0.393133476843691E+000  0.854116834027416E+002  0.715577356986929E+002
  0.393133476843691E+000  0.854111587672996E+002  0.715586739248478E+002
  0.393133476843691E+000  0.854111484654031E+002  0.715586923972287E+002
  0.393133476843691E+000  0.854082030947031E+002  0.715640541078144E+002
  0.393133476843691E+000  0.854081231324859E+002  0.715642019736622E+002
  0.393133476843691E+000  0.854073108232997E+002  0.715657112777651E+002
  0.393133476843691E+000  0.854061732649606E+002  0.715678473840591E+002
  0.393133476843691E+000  0.854049312474771E+002  0.719061634495929E+002
  0.393133476843691E+000  0.854024341878424E+002  0.719013085293898E+002
  0.393133476843691E+000  0.853992625068399E+002  0.715814487967661E+002
  0.393133476843691E+000  0.853981713242035E+002  0.718926682688533E+002
  0.393133476843691E+000  0.853975065625701E+002  0.718912769393631E+002
  0.393133476843691E+000  0.853951909847325E+002  0.718863284935072E+002
  0.393133476843691E+000  0.853942808049310E+002  0.715920365583254E+002
  0.393133476843691E+000  0.853931514621614E+002  0.715945452570392E+002
  0.393133476843691E+000  0.853917265773446E+002  0.718785997074117E+002
  0.393133476843691E+000  0.853917037312931E+002  0.718785473274119E+002
  0.393133476843691E+000  0.853915890590728E+002  0.715980899925317E+002
  0.393133476843691E+000  0.853909646503464E+002  0.718768421346750E+002
  0.393133476843691E+000  0.853908032603823E+002  0.715999071289547E+002
  0.393133476843691E+000  0.853904883476277E+002  0.718757320173316E+002
  0.393133476843691E+000  0.853904576185674E+002  0.718756600893732E+002
  0.393133476843691E+000  0.853903554380054E+002  0.718754206427450E+002
  0.393133476843691E+000  0.853896089346620E+002  0.718736584710626E+002
  0.393133476843691E+000  0.853895032761546E+002  0.716029669089656E+002
  0.393133476843691E+000  0.853887621548034E+002  0.716047426866017E+002
  0.393133476843691E+000  0.853872249850562E+002  0.716085033477555E+002
  0.393133476843691E+000  0.853852031634488E+002  0.716136224562078E+002
  0.393133476843691E+000  0.853846913833735E+002  0.718614221428115E+002
  0.393133476843691E+000  0.853844963073614E+002  0.716154625313310E+002
  0.393133476843691E+000  0.853833261422696E+002  0.716185708844879E+002
  0.393133476843691E+000  0.853832373598902E+002  0.718575640870903E+002
  0.393133476843691E+000  0.853831953050187E+002  0.718574506430960E+002
  0.393133476843691E+000  0.853830949541751E+002  0.718571795074141E+002
  0.393133476843691E+000  0.853830509094257E+002  0.716193138021768E+002
  0.393133476843691E+000  0.853826822900241E+002  0.718560579838949E+002
  0.393133476843691E+000  0.853814917640166E+002  0.716236132005555E+002
  0.393133476843691E+000  0.853814868799041E+002  0.716236269221856E+002
  0.393133476843691E+000  0.853803929306145E+002  0.718496312419312E+002
  0.393133476843691E+000  0.853801755241006E+002  0.718490015568963E+002
  0.393133476843691E+000  0.853799623854520E+002  0.718483807401637E+002
  0.393133476843691E+000  0.853799122718651E+002  0.716281398468387E+002
  0.393133476843691E+000  0.853795240890169E+002  0.718470929772704E+002
  0.393133476843691E+000  0.853794319267194E+002  0.718468202519284E+002
  0.393133476843691E+000  0.853789861568224E+002  0.718454913520923E+002
  0.393133476843691E+000  0.853783089584400E+002  0.716329336785590E+002
  0.393133476843691E+000  0.853775031087584E+002  0.716354275459985E+002
  0.393133476843691E+000  0.853766181710486E+002  0.716382378273381E+002
  0.393133476843691E+000  0.853763783690952E+002  0.718373610359061E+002
  0.393133476843691E+000  0.853754714685044E+002  0.718343726648872E+002
  0.393133476843691E+000  0.853754165631294E+002  0.718341887572701E+002
  0.393133476843691E+000  0.853748087761967E+002  0.716442452072139E+002
  0.393133476843691E+000  0.853737453874499E+002  0.718284119213305E+002
  0.393133476843691E+000  0.853737223872920E+002  0.716480442778545E+002
  0.393133476843691E+000  0.853729810976019E+002  0.716507312177465E+002
  0.393133476843691E+000  0.858356560879504E+002  0.718249971759811E+002
  0.393133476843691E+000  0.858354942967452E+002  0.718243952092359E+002
  0.393133476843691E+000  0.858349786603447E+002  0.718224480233603E+002
  0.393133476843691E+000  0.858342051326197E+002  0.718194395079753E+002
  0.393133476843691E+000  0.858339488303043E+002  0.718184177811233E+002
  0.393133476843691E+000  0.858336352300264E+002  0.718171496588221E+002
  0.393133476843691E+000  0.858329254580764E+002  0.718142014298421E+002
  0.393133476843691E+000  0.858327123508616E+002  0.718132936448377E+002
  0.393133476843691E+000  0.858323480257302E+002  0.718117157546863E+002
  0.393133476843691E+000  0.858321183990324E+002  0.718107036055428E+002
  0.393133476843691E+000  0.858316740054538E+002  0.718087035551327E+002
  0.393133476843691E+000  0.858305363405606E+002  0.718033040109753E+002
  0.393133476843691E+000  0.858304503186263E+002  0.718028774121924E+002
  0.393133476843691E+000  0.858298514970618E+002  0.717998259854109E+002
  0.393133476843691E+000  0.858296848725026E+002  0.717989496674956E+002
  0.393133476843691E+000  0.858289599173861E+002  0.717949797787078E+002
  0.393133476843691E+000  0.858285835885803E+002  0.717928053310377E+002
  0.393133476843691E+000  0.858284829259863E+002  0.717922088624232E+002
  0.393133476843691E+000  0.858283141796926E+002  0.717911939146487E+002
  0.393133476843691E+000  0.858283117752362E+002  0.717911793122492E+002
  0.393133476843691E+000  0.858279909878834E+002  0.717891936831790E+002
  0.393133476843691E+000  0.858277837584268E+002  0.717878687871785E+002
  0.393133476843691E+000  0.858271388615911E+002  0.717834985271468E+002
  0.393133476843691E+000  0.858261156948819E+002  0.717755297594264E+002
  0.393133476843691E+000  0.858251957530627E+002  0.717665115229958E+002
  0.393133476843691E+000  0.858246405270230E+002  0.717170954689487E+002
  0.393133476843691E+000  0.858246098888868E+002  0.717175683244148E+002
  0.393133476843691E+000  0.858242645834600E+002  0.717524294438019E+002
  0.393133476843691E+000  0.858242428894068E+002  0.717519304293471E+002
  0.393133476843691E+000  0.858241485649451E+002  0.717495078340166E+002
  0.393133476843691E+000  0.858240516587622E+002  0.717300767054726E+002
  0.393133476843691E+000  0.858239887860503E+002  0.717331567290751E+002
  0.393133476843691E+000  0.858239607277343E+002  0.717408781446155E+002
