  0.693812820652957E-001  0.608294701305094E+002  0.758280783427041E+002
  0.693812820652957E-001  0.570945090678221E+002  0.753556040668624E+002
  0.693812820652957E-001  0.559803563688740E+002  0.701081787444508E+002
  0.693812820652957E-001  0.554778724398102E+002  0.701826778794054E+002
  0.693812820652957E-001  0.551825125542418E+002  0.750783754462244E+002
  0.693812820652957E-001  0.551746610930467E+002  0.702287398391651E+002
  0.693812820652957E-001  0.548167277059905E+002  0.702842673486139E+002
  0.693812820652957E-001  0.546956804249125E+002  0.750025687397627E+002
  0.693812820652957E-001  0.544392561389891E+002  0.749616392079810E+002
  0.693812820652957E-001  0.543880646477846E+002  0.703525305035453E+002
  0.693812820652957E-001  0.540174056661545E+002  0.748926781243521E+002
  0.693812820652957E-001  0.539811802468746E+002  0.748866569924761E+002
  0.693812820652957E-001  0.536089394756082E+002  0.704820930085193E+002
  0.693812820652957E-001  0.536072803706413E+002  0.704823771565626E+002
  0.693812820652957E-001  0.535689575741114E+002  0.704889509275664E+002
  0.693812820652957E-001  0.535473088188122E+002  0.748132381797294E+002
  0.693812820652957E-001  0.535322273610805E+002  0.704952703087492E+002
  0.693812820652957E-001  0.534956051371757E+002  0.748043219170357E+002
  0.693812820652957E-001  0.534268150438166E+002  0.705135100003422E+002
  0.693812820652957E-001  0.532834530096719E+002  0.705385686971632E+002
  0.693812820652957E-001  0.532735300477061E+002  0.747655973470616E+002
  0.693812820652957E-001  0.531281107397463E+002  0.747398504152599E+002
  0.693812820652957E-001  0.529232221161847E+002  0.747030255814223E+002
  0.693812820652957E-001  0.529200066366834E+002  0.747024423866568E+002
  0.693812820652957E-001  0.527368334234199E+002  0.706369699608420E+002
  0.693812820652957E-001  0.527183672929753E+002  0.746655333051410E+002
  0.693812820652957E-001  0.527087004903608E+002  0.746637468267390E+002
  0.693812820652957E-001  0.526281898967801E+002  0.746488059075367E+002
  0.693812820652957E-001  0.525707946840973E+002  0.746380860164646E+002
  0.693812820652957E-001  0.525662206753526E+002  0.706686822857809E+002
  0.693812820652957E-001  0.525589150608383E+002  0.706700515266169E+002
  0.693812820652957E-001  0.524830700854438E+002  0.746215886171213E+002
  0.693812820652957E-001  0.524735352290522E+002  0.706861243439963E+002
  0.693812820652957E-001  0.524300878793754E+002  0.746115575316347E+002
  0.693812820652957E-001  0.523587899636660E+002  0.745979770961557E+002
  0.693812820652957E-001  0.522404903114857E+002  0.707306791310747E+002
  0.693812820652957E-001  0.522291479293373E+002  0.707328740129478E+002
  0.693812820652957E-001  0.522120039170339E+002  0.707361963477436E+002
  0.693812820652957E-001  0.522015524661206E+002  0.745676869474015E+002
  0.693812820652957E-001  0.521450697871348E+002  0.707492230070249E+002
  0.693812820652957E-001  0.521246528320443E+002  0.745526971931162E+002
  0.693812820652957E-001  0.520444176417550E+002  0.745369301185326E+002
  0.693812820652957E-001  0.520305664387272E+002  0.707717166749688E+002
  0.693812820652957E-001  0.520266810011044E+002  0.745334268364874E+002
  0.693812820652957E-001  0.519929775510054E+002  0.707791597126135E+002
  0.693812820652957E-001  0.519665988805973E+002  0.707844007000220E+002
  0.693812820652957E-001  0.519241425887468E+002  0.745130444641208E+002
  0.693812820652957E-001  0.519044234968522E+002  0.745090990841863E+002
  0.693812820652957E-001  0.519023353764446E+002  0.745086808035945E+002
  0.693812820652957E-001  0.518409057473294E+002  0.708095784106742E+002
  0.693812820652957E-001  0.518343241703549E+002  0.744950052539158E+002
  0.693812820652957E-001  0.518327048859616E+002  0.744946784139828E+002
  0.693812820652957E-001  0.518076495264752E+002  0.708162977356774E+002
  0.693812820652957E-001  0.517811271898781E+002  0.744842373380878E+002
  0.693812820652957E-001  0.517791131479563E+002  0.708220830884364E+002
  0.693812820652957E-001  0.517709210118431E+002  0.744821641979706E+002
  0.693812820652957E-001  0.517634413612378E+002  0.744806433933061E+002
  0.693812820652957E-001  0.517484411310217E+002  0.744775896420028E+002
  0.693812820652957E-001  0.517026893465586E+002  0.744682437508638E+002
  0.693812820652957E-001  0.516434517187672E+002  0.744560710926638E+002
  0.693812820652957E-001  0.516094229178240E+002  0.708568702533625E+002
  0.693812820652957E-001  0.515666094064413E+002  0.744401573481380E+002
  0.693812820652957E-001  0.515207433380887E+002  0.708753207382796E+002
  0.693812820652957E-001  0.514618266228388E+002  0.708876854422288E+002
  0.693812820652957E-001  0.514540688885706E+002  0.744165915109056E+002
  0.693812820652957E-001  0.514232054590085E+002  0.708958379814630E+002
  0.693812820652957E-001  0.514103816335540E+002  0.708985533399414E+002
  0.693812820652957E-001  0.513581207625546E+002  0.709096629656164E+002
  0.693812820652957E-001  0.513368469170349E+002  0.709142056925724E+002
  0.693812820652957E-001  0.513363172345753E+002  0.743915925579928E+002
  0.693812820652957E-001  0.513272336265731E+002  0.743896491362574E+002
  0.693812820652957E-001  0.513196372729650E+002  0.709178892695748E+002
  0.693812820652957E-001  0.513019213067821E+002  0.709216894072063E+002
  0.693812820652957E-001  0.512294934506633E+002  0.743685985214474E+002
  0.693812820652957E-001  0.512262289662707E+002  0.743678909797433E+002
  0.693812820652957E-001  0.511821444008375E+002  0.709476041305905E+002
  0.693812820652957E-001  0.511804743349530E+002  0.743579432607145E+002
  0.693812820652957E-001  0.511449252521616E+002  0.743501741277723E+002
  0.693812820652957E-001  0.511312669653148E+002  0.709587318267640E+002
  0.693812820652957E-001  0.511009712941582E+002  0.743405186866688E+002
  0.693812820652957E-001  0.510516049996810E+002  0.743296080145280E+002
  0.693812820652957E-001  0.510464451453564E+002  0.709774479979672E+002
  0.693812820652957E-001  0.510004871196295E+002  0.709876766248250E+002
  0.693812820652957E-001  0.509923082763598E+002  0.709895035379012E+002
  0.693812820652957E-001  0.509898609554409E+002  0.709900505875689E+002
  0.693812820652957E-001  0.509544434686573E+002  0.709979877030241E+002
  0.693812820652957E-001  0.509305781520190E+002  0.743025540130059E+002
  0.693812820652957E-001  0.509037984726129E+002  0.742965075890921E+002
  0.693812820652957E-001  0.508666264443445E+002  0.742880776818212E+002
  0.693812820652957E-001  0.508600927049032E+002  0.742865914593108E+002
  0.693812820652957E-001  0.508416536689487E+002  0.742823898410461E+002
  0.693812820652957E-001  0.508203484048555E+002  0.742775215769579E+002
  0.693812820652957E-001  0.508188612116276E+002  0.710287303004617E+002
  0.693812820652957E-001  0.507925995738854E+002  0.742711589946386E+002
  0.693812820652957E-001  0.507759366799238E+002  0.710385852303221E+002
  0.693812820652957E-001  0.507628142595797E+002  0.710416100014821E+002
  0.693812820652957E-001  0.507534244967468E+002  0.742621336384702E+002
  0.693812820652957E-001  0.507229880230062E+002  0.710508250769093E+002
  0.693812820652957E-001  0.507228461089719E+002  0.710508580080384E+002
  0.693812820652957E-001  0.506952033304631E+002  0.742486260386554E+002
  0.693812820652957E-001  0.506718439501016E+002  0.742431742947629E+002
  0.693812820652957E-001  0.506567708644405E+002  0.742396465098732E+002
  0.693812820652957E-001  0.506563132942095E+002  0.710663722131221E+002
  0.693812820652957E-001  0.506311404990986E+002  0.742336297669049E+002
  0.693812820652957E-001  0.506031631160447E+002  0.710788757014959E+002
  0.693812820652957E-001  0.505933072566982E+002  0.710812052078993E+002
  0.693812820652957E-001  0.505633409559449E+002  0.710883092715532E+002
  0.693812820652957E-001  0.505611788485164E+002  0.710888230869382E+002
  0.693812820652957E-001  0.505401776569087E+002  0.710938227386566E+002
  0.693812820652957E-001  0.505290869854002E+002  0.710964695208725E+002
  0.693812820652957E-001  0.504639578514983E+002  0.711121042905780E+002
  0.693812820652957E-001  0.504637313776633E+002  0.741937525739288E+002
  0.693812820652957E-001  0.504258381935290E+002  0.711213292605978E+002
  0.693812820652957E-001  0.504102676542655E+002  0.711251133584361E+002
  0.693812820652957E-001  0.503928808856515E+002  0.741765615481992E+002
  0.693812820652957E-001  0.503920662768157E+002  0.741763627650434E+002
  0.693812820652957E-001  0.503852760252753E+002  0.711312067298651E+002
  0.693812820652957E-001  0.503748262173752E+002  0.711337618114730E+002
  0.693812820652957E-001  0.503650810803796E+002  0.711361484725495E+002
  0.693812820652957E-001  0.503398440384897E+002  0.711423467505328E+002
  0.693812820652957E-001  0.503322792259730E+002  0.711442096469997E+002
  0.693812820652957E-001  0.503146261707616E+002  0.741573456804803E+002
  0.693812820652957E-001  0.502683841403339E+002  0.711600370626750E+002
  0.693812820652957E-001  0.502248774497080E+002  0.741350007007960E+002
  0.693812820652957E-001  0.502002053378551E+002  0.741287987351771E+002
  0.693812820652957E-001  0.501939418506076E+002  0.741272200950930E+002
  0.693812820652957E-001  0.501923743571260E+002  0.711790867463341E+002
  0.693812820652957E-001  0.501449028544141E+002  0.741148014565376E+002
  0.693812820652957E-001  0.501066847938423E+002  0.741050494750274E+002
  0.693812820652957E-001  0.501011504348264E+002  0.712022796519595E+002
  0.693812820652957E-001  0.500994784602216E+002  0.741032033095321E+002
  0.693812820652957E-001  0.500955887944051E+002  0.741022058523254E+002
  0.693812820652957E-001  0.500949939765693E+002  0.741020532580445E+002
  0.693812820652957E-001  0.500916681410147E+002  0.741011997535191E+002
  0.693812820652957E-001  0.500469949605488E+002  0.712162253151332E+002
  0.693812820652957E-001  0.500462151983426E+002  0.712164271016466E+002
  0.693812820652957E-001  0.500417356140586E+002  0.740883246321169E+002
  0.693812820652957E-001  0.500365113484004E+002  0.712189406349419E+002
  0.693812820652957E-001  0.500034843578460E+002  0.740783828656322E+002
  0.693812820652957E-001  0.500019437960361E+002  0.740779810099779E+002
  0.693812820652957E-001  0.499906077527946E+002  0.712308909980070E+002
  0.693812820652957E-001  0.499894493818901E+002  0.712311938631307E+002
  0.693812820652957E-001  0.499817628513540E+002  0.712332052033540E+002
  0.693812820652957E-001  0.499721138345335E+002  0.712357341095943E+002
  0.693812820652957E-001  0.499654500721849E+002  0.712374832495429E+002
  0.693812820652957E-001  0.499443543849326E+002  0.740628766416123E+002
  0.693812820652957E-001  0.499417241277413E+002  0.740621829202373E+002
  0.693812820652957E-001  0.499296105151595E+002  0.712469279300648E+002
  0.693812820652957E-001  0.499127519714921E+002  0.740545188916507E+002
  0.693812820652957E-001  0.499115654263998E+002  0.740542041203708E+002
  0.693812820652957E-001  0.498705523859938E+002  0.740432802195919E+002
  0.693812820652957E-001  0.498616421224646E+002  0.712650159225830E+002
  0.693812820652957E-001  0.498584246666771E+002  0.740400334975869E+002
  0.693812820652957E-001  0.498544907648585E+002  0.740389787158068E+002
  0.693812820652957E-001  0.498398299198067E+002  0.740350406702454E+002
  0.693812820652957E-001  0.498222087239864E+002  0.712756189618308E+002
  0.693812820652957E-001  0.498041727352441E+002  0.712804958648116E+002
  0.693812820652957E-001  0.498017259382395E+002  0.712811588104687E+002
  0.693812820652957E-001  0.498014185277186E+002  0.712812421242474E+002
  0.693812820652957E-001  0.498011351922221E+002  0.712813189177431E+002
  0.693812820652957E-001  0.497753667344988E+002  0.740175903988787E+002
  0.693812820652957E-001  0.497743356900951E+002  0.740173094803222E+002
  0.693812820652957E-001  0.497738381521919E+002  0.712887376078007E+002
  0.693812820652957E-001  0.497667483901346E+002  0.740152404614790E+002
  0.693812820652957E-001  0.497228566583299E+002  0.740032091877633E+002
  0.693812820652957E-001  0.497035073129524E+002  0.713080404000746E+002
  0.693812820652957E-001  0.496887386500879E+002  0.713121290659634E+002
  0.693812820652957E-001  0.496818275261232E+002  0.713140466811258E+002
  0.693812820652957E-001  0.496787604551822E+002  0.713148985753410E+002
  0.693812820652957E-001  0.496637438224304E+002  0.713190773728178E+002
  0.693812820652957E-001  0.496602494858728E+002  0.739858598596160E+002
  0.693812820652957E-001  0.496600936111472E+002  0.713200951254475E+002
  0.693812820652957E-001  0.496481409829480E+002  0.713234332120141E+002
  0.693812820652957E-001  0.496479381158705E+002  0.713234899403287E+002
  0.693812820652957E-001  0.496455498174625E+002  0.713241579692867E+002
  0.693812820652957E-001  0.496403461266695E+002  0.739802968545469E+002
  0.693812820652957E-001  0.496259917273892E+002  0.713296412347934E+002
  0.693812820652957E-001  0.496231278912669E+002  0.739754654660457E+002
  0.693812820652957E-001  0.496135800998688E+002  0.739727787599322E+002
  0.693812820652957E-001  0.495761971310720E+002  0.713437052019993E+002
  0.693812820652957E-001  0.495756552111293E+002  0.713438590927933E+002
  0.693812820652957E-001  0.495679602571166E+002  0.739598652984325E+002
  0.693812820652957E-001  0.495597991838886E+002  0.713483698170668E+002
  0.693812820652957E-001  0.495514315389381E+002  0.713507565440904E+002
  0.693812820652957E-001  0.495496784296176E+002  0.739546543652671E+002
  0.693812820652957E-001  0.495388499713590E+002  0.713543534766387E+002
  0.693812820652957E-001  0.495223348047059E+002  0.713590901596466E+002
  0.693812820652957E-001  0.494975299622232E+002  0.713662371497998E+002
  0.693812820652957E-001  0.494858887194259E+002  0.713696050503274E+002
  0.693812820652957E-001  0.494553212437599E+002  0.739274206875590E+002
  0.693812820652957E-001  0.494453623842018E+002  0.713813992082275E+002
  0.693812820652957E-001  0.494449005242179E+002  0.739243772568086E+002
  0.693812820652957E-001  0.494298265440662E+002  0.739199618787292E+002
  0.693812820652957E-001  0.494257706620553E+002  0.713871402831015E+002
  0.693812820652957E-001  0.494220413167679E+002  0.713882360671233E+002
  0.693812820652957E-001  0.494200609575048E+002  0.739170931710028E+002
  0.693812820652957E-001  0.494155687321135E+002  0.713901401474005E+002
  0.693812820652957E-001  0.494155438654536E+002  0.739157640400419E+002
  0.693812820652957E-001  0.494135567389935E+002  0.713907326130675E+002
  0.693812820652957E-001  0.494103934081565E+002  0.713916646724920E+002
  0.693812820652957E-001  0.494064952891458E+002  0.739130973264294E+002
  0.693812820652957E-001  0.493962412805424E+002  0.713958429867957E+002
  0.693812820652957E-001  0.493818661662838E+002  0.714001014021300E+002
  0.693812820652957E-001  0.493815727917803E+002  0.714001884607181E+002
  0.693812820652957E-001  0.493718465549958E+002  0.739028333634635E+002
  0.693812820652957E-001  0.493670425837999E+002  0.739014036265796E+002
  0.693812820652957E-001  0.498525731089607E+002  0.729997603023440E+002
  0.693812820652957E-001  0.498505581673227E+002  0.729975935401504E+002
  0.693812820652957E-001  0.498499318613584E+002  0.729969172629943E+002
  0.693812820652957E-001  0.498491588223382E+002  0.729960807074760E+002
  0.693812820652957E-001  0.498471476583910E+002  0.729938946802835E+002
  0.693812820652957E-001  0.498440135305184E+002  0.729904598278025E+002
  0.693812820652957E-001  0.498437571374401E+002  0.729901772852598E+002
  0.693812820652957E-001  0.498424625366444E+002  0.729887470176855E+002
  0.693812820652957E-001  0.498420394808377E+002  0.729882783055206E+002
  0.693812820652957E-001  0.498417189032388E+002  0.729879226942598E+002
  0.693812820652957E-001  0.498410427510131E+002  0.729871714094831E+002
  0.693812820652957E-001  0.498393109737495E+002  0.729852394543177E+002
  0.693812820652957E-001  0.498367892381145E+002  0.729824059693980E+002
  0.693812820652957E-001  0.498356649535271E+002  0.729811348104317E+002
  0.693812820652957E-001  0.498353376785502E+002  0.729807638545954E+002
  0.693812820652957E-001  0.498333304216717E+002  0.729784794453621E+002
  0.693812820652957E-001  0.498317745955582E+002  0.729766977092754E+002
  0.693812820652957E-001  0.498315484983952E+002  0.729764379655101E+002
  0.693812820652957E-001  0.498295959038136E+002  0.729741860570969E+002
  0.693812820652957E-001  0.498277383082326E+002  0.729720289583202E+002
  0.693812820652957E-001  0.498276381378232E+002  0.729719122227214E+002
  0.693812820652957E-001  0.498275793915621E+002  0.729718437417062E+002
  0.693812820652957E-001  0.498272206260693E+002  0.729714252061595E+002
  0.693812820652957E-001  0.498259817579645E+002  0.729699756951787E+002
  0.693812820652957E-001  0.498246743479686E+002  0.729684387655326E+002
  0.693812820652957E-001  0.498211331490891E+002  0.729642377886301E+002
  0.693812820652957E-001  0.498196926721186E+002  0.729625126176505E+002
  0.693812820652957E-001  0.498186702124522E+002  0.729612822229584E+002
  0.693812820652957E-001  0.498173613736617E+002  0.729597000066831E+002
  0.693812820652957E-001  0.498172021528575E+002  0.729595069722433E+002
  0.693812820652957E-001  0.498124028187238E+002  0.729536302443723E+002
  0.693812820652957E-001  0.498115958495007E+002  0.729526308025147E+002
  0.693812820652957E-001  0.498098966141352E+002  0.729505153010736E+002
  0.693812820652957E-001  0.498078635945777E+002  0.729479643153610E+002
  0.693812820652957E-001  0.498067574648298E+002  0.729465670596284E+002
  0.693812820652957E-001  0.498062579204161E+002  0.729459338541908E+002
  0.693812820652957E-001  0.498062240469277E+002  0.729458908677612E+002
  0.693812820652957E-001  0.498048527102617E+002  0.729441452734785E+002
  0.693812820652957E-001  0.498008419999227E+002  0.729389788472881E+002
  0.693812820652957E-001  0.497998858253354E+002  0.729377333078473E+002
  0.693812820652957E-001  0.497984605652575E+002  0.729358665461303E+002
  0.693812820652957E-001  0.497899787030418E+002  0.729244919515169E+002
  0.693812820652957E-001  0.497894828811971E+002  0.729238122526152E+002
  0.693812820652957E-001  0.497885488742747E+002  0.729225272114731E+002
  0.693812820652957E-001  0.497883150422226E+002  0.729222045367962E+002
  0.693812820652957E-001  0.497881654035350E+002  0.729219978410109E+002
  0.693812820652957E-001  0.497870805911824E+002  0.729204946155709E+002
  0.693812820652957E-001  0.497858717774444E+002  0.729188095488603E+002
  0.693812820652957E-001  0.497846028938328E+002  0.729170291787078E+002
  0.693812820652957E-001  0.497838166318080E+002  0.729159199261282E+002
  0.693812820652957E-001  0.497836643518462E+002  0.729157045493811E+002
  0.693812820652957E-001  0.497827077432669E+002  0.729143475137489E+002
  0.693812820652957E-001  0.497798270871763E+002  0.729102178130522E+002
  0.693812820652957E-001  0.497778541059428E+002  0.729073506737344E+002
  0.693812820652957E-001  0.497775935373347E+002  0.729069695957925E+002
  0.693812820652957E-001  0.497770563408837E+002  0.729061821436175E+002
  0.693812820652957E-001  0.497759159957095E+002  0.729045023925252E+002
  0.693812820652957E-001  0.497702551129155E+002  0.728959919953635E+002
  0.693812820652957E-001  0.497699272462142E+002  0.728954899420655E+002
  0.693812820652957E-001  0.497691028484263E+002  0.728942229483611E+002
  0.693812820652957E-001  0.497684556516377E+002  0.728932236085368E+002
  0.693812820652957E-001  0.497634685367380E+002  0.728853789005153E+002
  0.693812820652957E-001  0.497620976725473E+002  0.728831757047439E+002
  0.693812820652957E-001  0.497619121813180E+002  0.728828759693849E+002
  0.693812820652957E-001  0.497616557891854E+002  0.728824610207319E+002
  0.693812820652957E-001  0.497607521605217E+002  0.728809925553533E+002
  0.693812820652957E-001  0.497588852346211E+002  0.728779283020728E+002
  0.693812820652957E-001  0.497580906049385E+002  0.728766113103326E+002
  0.693812820652957E-001  0.497576618063451E+002  0.728758974025843E+002
  0.693812820652957E-001  0.497576533733605E+002  0.728758833395660E+002
  0.693812820652957E-001  0.497558488923394E+002  0.728728534650622E+002
  0.693812820652957E-001  0.497538351790036E+002  0.728694222075523E+002
  0.693812820652957E-001  0.497521835802121E+002  0.728665668365709E+002
  0.693812820652957E-001  0.497508615998663E+002  0.728642535258992E+002
  0.693812820652957E-001  0.497500354563175E+002  0.728627949235076E+002
  0.693812820652957E-001  0.497475182044665E+002  0.728582867011662E+002
  0.693812820652957E-001  0.497465416782598E+002  0.728565109329759E+002
  0.693812820652957E-001  0.497457944940078E+002  0.728551416807816E+002
  0.693812820652957E-001  0.497424314773294E+002  0.728488603461460E+002
  0.693812820652957E-001  0.497422151015203E+002  0.728484492961031E+002
  0.693812820652957E-001  0.497421214814617E+002  0.728482711775601E+002
  0.693812820652957E-001  0.497410683741132E+002  0.728462562622990E+002
  0.693812820652957E-001  0.497409676981455E+002  0.728460625374890E+002
  0.693812820652957E-001  0.497403540843768E+002  0.728448775688630E+002
  0.693812820652957E-001  0.497399423158081E+002  0.728440782705483E+002
  0.693812820652957E-001  0.497398396683008E+002  0.728438784968376E+002
  0.693812820652957E-001  0.497394542293112E+002  0.728431264777135E+002
  0.693812820652957E-001  0.497393423052742E+002  0.728429075480985E+002
  0.693812820652957E-001  0.497388055587667E+002  0.728418541161130E+002
  0.693812820652957E-001  0.497385462106590E+002  0.728413430023377E+002
  0.693812820652957E-001  0.497385199761258E+002  0.728412912230258E+002
  0.693812820652957E-001  0.497370062322193E+002  0.728382790355757E+002
  0.693812820652957E-001  0.497359078869632E+002  0.728360624286378E+002
  0.693812820652957E-001  0.497341747069522E+002  0.728325089896257E+002
  0.693812820652957E-001  0.497339255281434E+002  0.728319923140611E+002
  0.693812820652957E-001  0.497334036260467E+002  0.728309052816472E+002
  0.693812820652957E-001  0.497332886069426E+002  0.728306648224378E+002
  0.693812820652957E-001  0.497316169253077E+002  0.728271325310892E+002
  0.693812820652957E-001  0.497308908734466E+002  0.728255758587689E+002
  0.693812820652957E-001  0.497307137905383E+002  0.728251940546807E+002
  0.693812820652957E-001  0.502139349385855E+002  0.728028403815774E+002
  0.693812820652957E-001  0.502130932206775E+002  0.728007378573281E+002
  0.693812820652957E-001  0.502113928982801E+002  0.727963966518068E+002
  0.693812820652957E-001  0.502110443419263E+002  0.727954904000669E+002
  0.693812820652957E-001  0.502108225335736E+002  0.727949106827352E+002
  0.693812820652957E-001  0.502102710630600E+002  0.727934589960343E+002
  0.693812820652957E-001  0.502102667480919E+002  0.727934475782027E+002
  0.693812820652957E-001  0.502094613450249E+002  0.727912998999186E+002
  0.693812820652957E-001  0.502088692018877E+002  0.727896993834276E+002
  0.693812820652957E-001  0.502078027991911E+002  0.727867687069781E+002
  0.693812820652957E-001  0.502062074129120E+002  0.727822603237520E+002
  0.693812820652957E-001  0.502056683018764E+002  0.727807008938824E+002
  0.693812820652957E-001  0.502052911419740E+002  0.727795985075504E+002
  0.693812820652957E-001  0.502049469239438E+002  0.727785839630643E+002
  0.693812820652957E-001  0.502043742542860E+002  0.727768776798898E+002
