  0.282057753255722E+000  0.890244133398719E+002  0.700970648978868E+002
  0.282057753255722E+000  0.890763106375758E+002  0.700869177766890E+002
  0.282057753255722E+000  0.891002974945109E+002  0.733941253081829E+002
  0.282057753255722E+000  0.863443941920895E+002  0.723170051299172E+002
  0.282057753255722E+000  0.924928091873486E+002  0.695187226378166E+002
  0.282057753255722E+000  0.891672532927668E+002  0.700692851618211E+002
  0.282057753255722E+000  0.893892041605523E+002  0.700270143942475E+002
  0.282057753255722E+000  0.894340795399060E+002  0.734577799988424E+002
  0.282057753255722E+000  0.914243788617503E+002  0.696794902746884E+002
  0.282057753255722E+000  0.895114856932883E+002  0.700041659420012E+002
  0.282057753255722E+000  0.913262851284911E+002  0.696948844076772E+002
  0.282057753255722E+000  0.897679642152322E+002  0.699571945365717E+002
  0.282057753255722E+000  0.898819123128590E+002  0.699367190030822E+002
  0.282057753255722E+000  0.898906120516481E+002  0.735412088249185E+002
  0.282057753255722E+000  0.911014240646376E+002  0.737457562219961E+002
  0.282057753255722E+000  0.903315918276256E+002  0.736182836526209E+002
  0.282057753255722E+000  0.904800419268296E+002  0.698328455434190E+002
  0.282057753255722E+000  0.907094460369884E+002  0.736818955117048E+002
  0.282057753255722E+000  0.899213823090249E+002  0.733622793453779E+002
  0.282057753255722E+000  0.898265783015066E+002  0.733433807400254E+002
  0.282057753255722E+000  0.897092756439736E+002  0.733196846096153E+002
  0.282057753255722E+000  0.896284725542299E+002  0.733031530116771E+002
  0.282057753255722E+000  0.895940287517070E+002  0.732960527872003E+002
  0.282057753255722E+000  0.895221450705046E+002  0.732811294834907E+002
  0.282057753255722E+000  0.894240361181775E+002  0.732605256559024E+002
  0.282057753255722E+000  0.863465129131664E+002  0.723181821122541E+002
  0.282057753255722E+000  0.892598985065899E+002  0.732254170626958E+002
  0.282057753255722E+000  0.892518328056860E+002  0.732236704418477E+002
  0.282057753255722E+000  0.891999196328180E+002  0.732123791653443E+002
  0.282057753255722E+000  0.891793092716159E+002  0.732078722909158E+002
  0.282057753255722E+000  0.888455732693630E+002  0.731328683584707E+002
  0.282057753255722E+000  0.863556816206088E+002  0.723232481779111E+002
  0.282057753255722E+000  0.888005398642917E+002  0.731224363808430E+002
  0.282057753255722E+000  0.886771151998585E+002  0.730934335169444E+002
  0.282057753255722E+000  0.886119492394812E+002  0.730778672881285E+002
  0.282057753255722E+000  0.884334837307884E+002  0.730342804105406E+002
  0.282057753255722E+000  0.883453833242092E+002  0.730122138804196E+002
  0.282057753255722E+000  0.863564651891477E+002  0.723236790966831E+002
  0.282057753255722E+000  0.882305983156738E+002  0.729828768993351E+002
  0.282057753255722E+000  0.880679708825194E+002  0.729400869047223E+002
  0.282057753255722E+000  0.880002212796292E+002  0.729218044816673E+002
  0.282057753255722E+000  0.878395857316156E+002  0.728772844635992E+002
  0.282057753255722E+000  0.877592941439643E+002  0.728543663014603E+002
  0.282057753255722E+000  0.876820409153711E+002  0.728318621544948E+002
  0.282057753255722E+000  0.876756031989338E+002  0.728299658863309E+002
  0.282057753255722E+000  0.876754406380494E+002  0.728299179604077E+002
  0.282057753255722E+000  0.876723371883401E+002  0.728290026028269E+002
  0.282057753255722E+000  0.876290359657946E+002  0.728161498975961E+002
  0.282057753255722E+000  0.863644962403330E+002  0.723280775776436E+002
  0.282057753255722E+000  0.875954442075280E+002  0.728060726190082E+002
  0.282057753255722E+000  0.875286237596319E+002  0.727857388077643E+002
  0.282057753255722E+000  0.875145371649604E+002  0.727814016013264E+002
  0.282057753255722E+000  0.863647669400324E+002  0.723282252644038E+002
  0.282057753255722E+000  0.874148721054288E+002  0.727501842593000E+002
  0.282057753255722E+000  0.873036268148315E+002  0.727141611588354E+002
  0.282057753255722E+000  0.872958558388190E+002  0.727115949725565E+002
  0.282057753255722E+000  0.872747277991943E+002  0.727045834740914E+002
  0.282057753255722E+000  0.863820990527240E+002  0.723376054722283E+002
  0.282057753255722E+000  0.872439765462459E+002  0.726942865632167E+002
  0.282057753255722E+000  0.871970179849633E+002  0.726783451427950E+002
  0.282057753255722E+000  0.871837862133355E+002  0.726738041922962E+002
  0.282057753255722E+000  0.871756379336338E+002  0.726709968240577E+002
  0.282057753255722E+000  0.871699913292306E+002  0.726690464041542E+002
  0.282057753255722E+000  0.871540653033451E+002  0.726635231722776E+002
  0.282057753255722E+000  0.871431959367024E+002  0.726597346114645E+002
  0.282057753255722E+000  0.870869026317813E+002  0.726398586827259E+002
  0.282057753255722E+000  0.863913473143346E+002  0.723425511026615E+002
  0.282057753255722E+000  0.870355851959938E+002  0.726213499554938E+002
  0.282057753255722E+000  0.870163636271044E+002  0.726143166358980E+002
  0.282057753255722E+000  0.869651692538087E+002  0.725953027106532E+002
  0.282057753255722E+000  0.868342653011592E+002  0.725446480379194E+002
  0.282057753255722E+000  0.867695115219357E+002  0.725183760118005E+002
  0.282057753255722E+000  0.867643387655441E+002  0.725162390489168E+002
  0.282057753255722E+000  0.866813267798487E+002  0.724811048727228E+002
  0.282057753255722E+000  0.866689189817258E+002  0.724757096004278E+002
  0.282057753255722E+000  0.865620794165290E+002  0.724275075540794E+002
  0.282057753255722E+000  0.865064438158174E+002  0.724010203413305E+002
  0.282057753255722E+000  0.864675580974588E+002  0.723818606731347E+002
  0.282057753255722E+000  0.864650758129149E+002  0.723806182063686E+002
  0.282057753255722E+000  0.864613296404228E+002  0.723787385582593E+002
  0.282057753255722E+000  0.864475187219100E+002  0.723717607339543E+002
  0.282057753255722E+000  0.864427905225414E+002  0.723693541343961E+002
  0.282057753255722E+000  0.864368857734872E+002  0.723663357373109E+002
  0.282057753255722E+000  0.864346899303100E+002  0.723652095570093E+002
  0.282057753255722E+000  0.864157460571280E+002  0.723554085024496E+002
  0.282057753255722E+000  0.864051113967806E+002  0.723498375872363E+002
  0.282057753255722E+000  0.863945486412794E+002  0.723442536519220E+002
  0.282057753255722E+000  0.863944127658643E+002  0.723441814870305E+002
  0.282057753255722E+000  0.863414661656532E+002  0.723153746156290E+002
  0.282057753255722E+000  0.862997224341273E+002  0.722916068124146E+002
  0.282057753255722E+000  0.862971263907639E+002  0.722900948865417E+002
  0.282057753255722E+000  0.862804560514933E+002  0.722802856745067E+002
  0.282057753255722E+000  0.862719788208761E+002  0.722752287596256E+002
  0.282057753255722E+000  0.862628693407395E+002  0.722697410675973E+002
  0.282057753255722E+000  0.862621921213429E+002  0.722693308359355E+002
  0.282057753255722E+000  0.862591564838159E+002  0.722674880647337E+002
  0.282057753255722E+000  0.862253446833255E+002  0.722465113579972E+002
  0.282057753255722E+000  0.862243288934560E+002  0.722458677556828E+002
  0.282057753255722E+000  0.861992724452609E+002  0.722297253448492E+002
  0.282057753255722E+000  0.861896126471893E+002  0.722233586795607E+002
  0.282057753255722E+000  0.861872210634222E+002  0.722217694682843E+002
  0.282057753255722E+000  0.861869366336533E+002  0.722215801166073E+002
  0.282057753255722E+000  0.861740977853689E+002  0.722129543553636E+002
  0.282057753255722E+000  0.861704370606636E+002  0.722104660399374E+002
