  0.144050153026618E-046  0.303280171681699E+003  0.600385738378348E+002
  0.560427462023315E-046  0.300556439514033E+003  0.601137482368146E+002
  0.172407037147428E-045  0.298302297030798E+003  0.601763316995314E+002
  0.350323494093201E-045  0.296877643809951E+003  0.602160607339200E+002
  0.397727369313242E-045  0.296617168684985E+003  0.602233393764244E+002
  0.467874003796175E-045  0.296285648568450E+003  0.602326099396326E+002
  0.778538860855310E-045  0.295260553247025E+003  0.602613228792953E+002
  0.247702517719620E-044  0.292939108294448E+003  0.603266136520150E+002
  0.256876914228842E-043  0.288254545455527E+003  0.604595180952769E+002
  0.895861193672087E-043  0.285749512983364E+003  0.605312344205767E+002
  0.596191993736368E-042  0.281952132678921E+003  0.606408330017079E+002
  0.129056361879458E-041  0.280400933971938E+003  0.606859157741571E+002
  0.210375812128119E-041  0.279416985811453E+003  0.607146080067981E+002
  0.218705878249745E-041  0.279332665646113E+003  0.607170702837796E+002
  0.324045669651648E-041  0.278539696753708E+003  0.607402531498324E+002
  0.676741794373129E-041  0.277060230489926E+003  0.607836372875366E+002
  0.307100646437515E-039  0.269423463079672E+003  0.610103690813758E+002
  0.397699958305610E-039  0.268899762869574E+003  0.610260933089860E+002
  0.111242410203023E-037  0.262230739220512E+003  0.612283895152522E+002
  0.468416749352476E-037  0.259348790252505E+003  0.613170248132984E+002
  0.605364479333991E-036  0.254224019822176E+003  0.614765297906640E+002
  0.472547436743240E-035  0.250107579225393E+003  0.616064696284453E+002
  0.517089889656930E-035  0.249920766465037E+003  0.616124061259780E+002
  0.157406500394707E-034  0.247687710885872E+003  0.616836390641566E+002
  0.821319250292193E-033  0.239771724608541E+003  0.619403245738912E+002
  0.944233421639239E-033  0.239486145998382E+003  0.619497106047236E+002
  0.215720132230768E-032  0.237827103273853E+003  0.620044169046650E+002
  0.805616694190816E-032  0.235185195332814E+003  0.620921732067325E+002
  0.230206183058108E-030  0.228473464797527E+003  0.623187930727963E+002
  0.333381628717638E-030  0.227726184196263E+003  0.623443630409395E+002
  0.167949847611240E-029  0.224485603344609E+003  0.624560621606785E+002
  0.251284876758524E-029  0.223673104056430E+003  0.624842794813706E+002
  0.448331814282762E-028  0.217903385585384E+003  0.626871862948162E+002
  0.449520536289098E-028  0.217891434155830E+003  0.626876113183935E+002
  0.186763804902660E-027  0.215036281983084E+003  0.627897263249355E+002
  0.376950897008494E-027  0.213625086024523E+003  0.628406307559284E+002
  0.423168314843318E-027  0.213387120294278E+003  0.628492433402624E+002
  0.436437305746376E-027  0.213318715257725E+003  0.628517206369138E+002
  0.477179431278756E-027  0.213133563975857E+003  0.628584293798919E+002
  0.794713047971555E-027  0.212106731361289E+003  0.628957278633575E+002
  0.355540122633900E-026  0.209103591591380E+003  0.630057276364063E+002
  0.392836262543596E-026  0.208897426441422E+003  0.630133299772161E+002
  0.624878557538527E-026  0.207962441996009E+003  0.630478910054478E+002
  0.103101663499128E-025  0.206954299824261E+003  0.630853109218291E+002
  0.154523774189895E-025  0.206138379369983E+003  0.631157149114242E+002
  0.233351645338579E-025  0.205307326668664E+003  0.631467933877527E+002
  0.564784854347006E-025  0.203532874395392E+003  0.632135309514591E+002
  0.786300559881909E-025  0.202864430332843E+003  0.632388071703476E+002
  0.112165640887596E-024  0.202147329358272E+003  0.632660071212336E+002
  0.128492880726775E-024  0.201868880208779E+003  0.632765923850693E+002
  0.135956772968855E-024  0.201749297649595E+003  0.632811423911542E+002
  0.201436112900588E-024  0.200956371501104E+003  0.633113746529255E+002
  0.407657750494107E-024  0.199539804516921E+003  0.633656564709552E+002
  0.664083571024839E-024  0.198557188884762E+003  0.634035172506627E+002
  0.726137641733245E-024  0.198371870135606E+003  0.634106769882971E+002
  0.768710197178913E-024  0.198251265643953E+003  0.634153398173221E+002
  0.776084231664453E-024  0.198225516026770E+003  0.634163356913533E+002
  0.131080958132144E-023  0.197170582114448E+003  0.634572385335354E+002
  0.134618780545811E-023  0.197110662928815E+003  0.634595678391446E+002
  0.193039802695987E-023  0.196383108422274E+003  0.634879033516756E+002
  0.263714953451984E-023  0.195752508044436E+003  0.635125418300465E+002
  0.592818107155673E-023  0.194125814823059E+003  0.798999316066430E+002
  0.733453726087822E-023  0.193693405461890E+003  0.798828611135341E+002
  0.814025697569792E-023  0.193478295029987E+003  0.798743557249970E+002
  0.132678618925791E-022  0.192494593523887E+003  0.636410274319395E+002
  0.138934841118377E-022  0.192395787445046E+003  0.636449560146651E+002
  0.161014892773002E-022  0.192094148248640E+003  0.636569611658498E+002
  0.190968632061164E-022  0.191746268024232E+003  0.636708288792997E+002
  0.267318426720660E-022  0.191066949698579E+003  0.797783962876397E+002
  0.407321340836065E-022  0.190217970414593E+003  0.637320366856193E+002
  0.642873983825181E-022  0.189298622205860E+003  0.637690827271785E+002
  0.741094724162347E-022  0.189007607172509E+003  0.637808454027253E+002
  0.790528594054902E-022  0.188871804836116E+003  0.637863404165095E+002
  0.974042966035545E-022  0.188447642080861E+003  0.796728461546015E+002
  0.158518417135344E-021  0.187466985579964E+003  0.638434084925992E+002
  0.287465405404903E-021  0.186269866517846E+003  0.638923667171766E+002
  0.329734594183609E-021  0.185988839843962E+003  0.639039041235832E+002
  0.392929458628134E-021  0.185631500203070E+003  0.795577750066576E+002
  0.607980954497716E-021  0.184751817711959E+003  0.639548927571908E+002
  0.609599413836270E-021  0.184739845159412E+003  0.795209862265164E+002
  0.103864304575305E-020  0.183667452911879E+003  0.794765087487491E+002
  0.167838214557481E-020  0.182700966885035E+003  0.794362035691652E+002
  0.232148723285901E-020  0.182045555888645E+003  0.794087505858216E+002
  0.240919277787686E-020  0.181964732877428E+003  0.794053583708415E+002
  0.367454081983272E-020  0.181113804430407E+003  0.793695526261235E+002
  0.680222248084725E-020  0.179875506417566E+003  0.793171447816993E+002
  0.708330909102321E-020  0.179787867257279E+003  0.793134219365581E+002
  0.116440192936868E-019  0.178787108679907E+003  0.642055941049739E+002
  0.292345706690175E-019  0.176939334593401E+003  0.642849680856040E+002
  0.353124574849973E-019  0.176554911275346E+003  0.643015880427790E+002
  0.488956226062973E-019  0.175897351554602E+003  0.643301030733104E+002
  0.636078466758677E-019  0.175364598048572E+003  0.643532866310473E+002
  0.651400914919700E-019  0.175310335735891E+003  0.791207220895921E+002
  0.705318950940228E-019  0.175144630524104E+003  0.791134940107953E+002
  0.875275601236793E-019  0.174706197551077E+003  0.790943352627297E+002
  0.987428932794966E-019  0.174458410535313E+003  0.643928888057630E+002
  0.126261612792619E-018  0.173960081731049E+003  0.644147580171607E+002
  0.135268432482652E-018  0.173815615857805E+003  0.790552639728430E+002
  0.155984486457844E-018  0.173523969550517E+003  0.644339505707434E+002
  0.193269487934529E-018  0.173088656032352E+003  0.790232157100554E+002
  0.340996724123132E-018  0.171946425762069E+003  0.789725733291910E+002
  0.667969596002344E-018  0.170595030607936E+003  0.645641784476833E+002
  0.726120128763519E-018  0.170421429407313E+003  0.645719714777157E+002
  0.776154918550390E-018  0.170281500487502E+003  0.788981149918845E+002
  0.981656694748330E-018  0.169805065884018E+003  0.645997090173012E+002
  0.145298247744701E-017  0.169014146394405E+003  0.646354605875082E+002
  0.173509259313674E-017  0.168652605904559E+003  0.788245109049485E+002
  0.187062978646368E-017  0.168495521567183E+003  0.646590017600545E+002
  0.187837590011702E-017  0.168480601262615E+003  0.646596801740354E+002
  0.210390381665501E-017  0.168247171564931E+003  0.646703025092649E+002
  0.254627635763302E-017  0.167858841063262E+003  0.787883649691252E+002
  0.261008142529447E-017  0.167802686726629E+003  0.646905732819318E+002
  0.368453803281109E-017  0.167106503675897E+003  0.787539336287737E+002
  0.394955761953489E-017  0.166960931247642E+003  0.647291222541958E+002
  0.434051515191421E-017  0.166765496743299E+003  0.647381027238459E+002
  0.521767541634986E-017  0.166390723282104E+003  0.787210177491168E+002
  0.528907425980237E-017  0.166356885197441E+003  0.787194578290562E+002
  0.535903955104079E-017  0.166323946540498E+003  0.787179390373446E+002
  0.806355665755304E-017  0.165500151038218E+003  0.786798459887981E+002
  0.820211971850561E-017  0.165459419675462E+003  0.647984170018333E+002
  0.938523671122049E-017  0.165183273557491E+003  0.648112366098722E+002
  0.113303036050928E-016  0.164799932018839E+003  0.648290720092620E+002
  0.130570080227884E-016  0.164509588175409E+003  0.786337628235902E+002
  0.133099589966471E-016  0.164464557497443E+003  0.786316605766554E+002
  0.148295928794760E-016  0.164241677614224E+003  0.648551280843206E+002
  0.163064959702872E-016  0.164045144332178E+003  0.648643246233243E+002
  0.203704826726891E-016  0.163593442009946E+003  0.785908658384976E+002
  0.269536544777669E-016  0.163026722499610E+003  0.785641952056593E+002
  0.287564239983356E-016  0.162890582328628E+003  0.785577727159277E+002
  0.501285452970158E-016  0.161772467895364E+003  0.785047944133190E+002
  0.106763067357247E-015  0.160253769428749E+003  0.650442098910005E+002
  0.107469560663107E-015  0.160233922657781E+003  0.650451642596448E+002
  0.161506612946520E-015  0.159412590201571E+003  0.783915945072584E+002
  0.200212952191658E-015  0.158976263677008E+003  0.651059211918599E+002
  0.286114476853712E-015  0.158255587220017E+003  0.783353851890706E+002
  0.357029700366867E-015  0.157806077693490E+003  0.651629565216761E+002
  0.396639785369621E-015  0.157589003004222E+003  0.783027827939106E+002
  0.413431933480043E-015  0.157499418697918E+003  0.782983889068781E+002
  0.441698843874805E-015  0.157360492295873E+003  0.651848050246039E+002
  0.588931872371398E-015  0.156778472297277E+003  0.782629205587175E+002
  0.607010488996850E-015  0.156711345595869E+003  0.782596083145289E+002
  0.721607436660759E-015  0.156358819608648E+003  0.782421858750201E+002
  0.839387695996870E-015  0.156049781192042E+003  0.652494999246219E+002
  0.839133831790932E-015  0.156043730582847E+003  0.652498000701550E+002
  0.903881761217269E-015  0.155888418303622E+003  0.652575092237519E+002
  0.984495625217487E-015  0.155710900928064E+003  0.782100423046086E+002
  0.134014397501911E-014  0.155087439594264E+003  0.652974134817812E+002
  0.142678593590906E-014  0.154955489483814E+003  0.653040108964586E+002
  0.154060399245822E-014  0.154795333453506E+003  0.781643464233164E+002
  0.189083633766377E-014  0.154378988482389E+003  0.653329152513483E+002
  0.189781470644361E-014  0.154364965238526E+003  0.653336199677591E+002
  0.190678893511598E-014  0.154348874514855E+003  0.653344286777125E+002
  0.234443949707916E-014  0.153928967511837E+003  0.653555691752419E+002
  0.461797700650896E-014  0.152566491173801E+003  0.780517227021689E+002
  0.478763280534383E-014  0.152487676868969E+003  0.654286707069708E+002
  0.535460755990614E-014  0.152257178644235E+003  0.780359339494348E+002
  0.761336102334643E-014  0.151546628430571E+003  0.779995133785992E+002
  0.864525865087557E-014  0.151285760241061E+003  0.654902852958712E+002
  0.194473531177182E-013  0.149657704787888E+003  0.779016466538639E+002
  0.205286049790365E-013  0.149542832599608E+003  0.655807292554838E+002
  0.204608351947906E-013  0.149542790415040E+003  0.778956426501906E+002
  0.207062178375420E-013  0.149512291928371E+003  0.778940481932118E+002
  0.217397045324875E-013  0.149408223834492E+003  0.778886044149477E+002
  0.236300014864499E-013  0.149234814527376E+003  0.778795226941792E+002
  0.331436555573158E-013  0.148551490630574E+003  0.778436044403223E+002
  0.348465034197704E-013  0.148444632075443E+003  0.778379684010740E+002
  0.452417349369532E-013  0.147915842094756E+003  0.778100014408444E+002
  0.492585670665209E-013  0.147739059908683E+003  0.656757512074554E+002
  0.810383479863168E-013  0.146736725985520E+003  0.777471709421648E+002
  0.992148498411018E-013  0.146325339956339E+003  0.657512794833923E+002
  0.126518567166603E-012  0.145832481627451E+003  0.776985385831172E+002
  0.180132759635351E-012  0.145119215928979E+003  0.658164783783488E+002
  0.187259751905674E-012  0.145034955212627E+003  0.776553140422323E+002
  0.195319960822584E-012  0.144944014956505E+003  0.776503651669842E+002
  0.256255635488120E-012  0.144394286408826E+003  0.776203608478921E+002
  0.295200270190460E-012  0.144104673857349E+003  0.658718821076297E+002
  0.346645358865478E-012  0.143776721819640E+003  0.658899036878431E+002
  0.445837249475908E-012  0.143266762765120E+003  0.775583363668765E+002
  0.486941496492941E-012  0.143083727161880E+003  0.775482052069024E+002
  0.502550827702932E-012  0.143013965983667E+003  0.775443392197876E+002
  0.545105414009649E-012  0.142844745580111E+003  0.659414233680798E+002
  0.551306977993249E-012  0.142815464826530E+003  0.775333246805621E+002
  0.667241452724749E-012  0.142427088855066E+003  0.659646606215999E+002
  0.899317837887600E-012  0.141823464195824E+003  0.659984108424141E+002
  0.904626668063473E-012  0.141805036977466E+003  0.659994442781885E+002
  0.996931225416613E-012  0.141604062499397E+003  0.774656466693340E+002
  0.163870487247768E-011  0.140603447497466E+003  0.774091357508371E+002
  0.223955273562930E-011  0.139972052004500E+003  0.773731853199431E+002
  0.236471023929186E-011  0.139856637784879E+003  0.661097850751982E+002
  0.265661017411520E-011  0.139617191313882E+003  0.661234949080651E+002
  0.305324047491350E-011  0.139332230657797E+003  0.773365196401123E+002
  0.308686433569691E-011  0.139303670437266E+003  0.773348773641476E+002
  0.336247332283803E-011  0.139125972829909E+003  0.661517255994209E+002
  0.335371484433269E-011  0.139124533591644E+003  0.773245655876689E+002
  0.528475574894050E-011  0.138208362487176E+003  0.772715269492669E+002
  0.544384880754238E-011  0.138142387087502E+003  0.772676878889433E+002
  0.923250657779542E-011  0.137079242971093E+003  0.772054526003660E+002
  0.126970813283684E-010  0.136435304250540E+003  0.771674102331898E+002
  0.142648052278779E-010  0.136195802309681E+003  0.771531928416169E+002
  0.153424196488861E-010  0.136043494354731E+003  0.771441320376997E+002
  0.169788028639687E-010  0.135834150459388E+003  0.771316533249563E+002
  0.173691864498380E-010  0.135782030745282E+003  0.771285420462962E+002
  0.177269841474912E-010  0.135734594636844E+003  0.663506653178233E+002
  0.202127435263883E-010  0.135465488523932E+003  0.771096073959016E+002
  0.204278812799955E-010  0.135437658095746E+003  0.771079394661589E+002
  0.229211232753407E-010  0.135200686111498E+003  0.663826578626656E+002
  0.238162540604063E-010  0.135117411747066E+003  0.663876650238984E+002
  0.278306652528540E-010  0.134799215790634E+003  0.770695331314705E+002
  0.431773621148082E-010  0.133914204503718E+003  0.664605422173870E+002
  0.473462297802439E-010  0.133723207205156E+003  0.664722035101984E+002
  0.505626024094400E-010  0.133585101568469E+003  0.664806516284136E+002
  0.764599167192799E-010  0.132751337150600E+003  0.769444287332434E+002
  0.787350894097367E-010  0.132686037010638E+003  0.665359840426325E+002
  0.841812746280231E-010  0.132545614258503E+003  0.769316946020340E+002
  0.841062404389589E-010  0.132540742154508E+003  0.665449814677586E+002
  0.862944475668777E-010  0.132482717593419E+003  0.665485790138919E+002
  0.950226101066974E-010  0.132283362798984E+003  0.665609581398764E+002
  0.110205487978120E-009  0.131980243556324E+003  0.665798375441688E+002
  0.114983598306468E-009  0.131888702377886E+003  0.665855526721051E+002
  0.126448522994760E-009  0.131691955202240E+003  0.768785165518435E+002
  0.132148977344236E-009  0.131597110402211E+003  0.666037998406325E+002
  0.141290673112060E-009  0.131456676067245E+003  0.768637630294491E+002
  0.177757630784267E-009  0.130990817051422E+003  0.666419494603974E+002
  0.230532225128437E-009  0.130464222150510E+003  0.768010566121363E+002
  0.230750972964766E-009  0.130455669706501E+003  0.666758612450555E+002
  0.307697172803416E-009  0.129873460117875E+003  0.767633588744955E+002
  0.351150760497756E-009  0.129602605429268E+003  0.667303939099740E+002
  0.367481212878493E-009  0.129505036753903E+003  0.667366689395975E+002
  0.371290298501122E-009  0.129477757100818E+003  0.667384248114126E+002
  0.371926040405159E-009  0.129467679948604E+003  0.767373005212297E+002
  0.553509029640457E-009  0.128665858273743E+003  0.667909684566442E+002
  0.587621946363731E-009  0.128539591239501E+003  0.766771838054609E+002
  0.676480846227887E-009  0.128251294976492E+003  0.766583599647499E+002
  0.683436319290564E-009  0.128224180698114E+003  0.668197882356860E+002
  0.698079545054708E-009  0.128175125969129E+003  0.766533745926182E+002
  0.714426018571035E-009  0.128122177606132E+003  0.766499060640331E+002
  0.732587391288218E-009  0.128065315645514E+003  0.766461784347291E+002
  0.112272431209845E-008  0.127204798479390E+003  0.765894169246638E+002
  0.155392801137139E-008  0.126548087353467E+003  0.765456480202832E+002
  0.158007378558266E-008  0.126508060534200E+003  0.669334067150043E+002
  0.158343974541196E-008  0.126497148975886E+003  0.765422363815269E+002
  0.178485732612517E-008  0.126251015499807E+003  0.765257171391725E+002
  0.193247308818588E-008  0.126085435734061E+003  0.765145721123982E+002
  0.218660441168263E-008  0.125831681617596E+003  0.669789326088074E+002
  0.224068221969330E-008  0.125776164960922E+003  0.764936854174274E+002
  0.223625973853959E-008  0.125773460723089E+003  0.764935023813177E+002
  0.232349703510060E-008  0.125690267777285E+003  0.669885060833082E+002
  0.267120982104053E-008  0.125404696011525E+003  0.670078978716878E+002
  0.270239363540450E-008  0.125374827580092E+003  0.670099306855912E+002
  0.293330872166101E-008  0.125204185738839E+003  0.670215611899307E+002
  0.317849712687370E-008  0.125036975276593E+003  0.764433884030696E+002
  0.324988472735547E-008  0.124985897608932E+003  0.764398930282032E+002
  0.383747451398854E-008  0.124646852139989E+003  0.764166250844393E+002
  0.413613198910375E-008  0.124490303405062E+003  0.764058423473630E+002
  0.440595879839614E-008  0.124357254128614E+003  0.763966585822690E+002
  0.532828936682075E-008  0.123970453857898E+003  0.763698561598598E+002
  0.570049154712270E-008  0.123828753947499E+003  0.763599984955264E+002
  0.681739754447985E-008  0.123464247567608E+003  0.763345436726798E+002
  0.772603010830488E-008  0.123207357279553E+003  0.671598550498412E+002
  0.774181363527857E-008  0.123196620061949E+003  0.763157641428322E+002
  0.853271360245139E-008  0.122995421570742E+003  0.763015950748315E+002
  0.107908552323327E-007  0.122519182786095E+003  0.672084939694739E+002
  0.115783315022846E-007  0.122371654526641E+003  0.672189891382724E+002
  0.118713742820266E-007  0.122315009741758E+003  0.762533487776764E+002
  0.135312683797157E-007  0.122046607753899E+003  0.672421994383744E+002
  0.134882443072305E-007  0.122046321512694E+003  0.762341541802641E+002
  0.168795447030619E-007  0.121591097928091E+003  0.672749286733813E+002
  0.273601682751285E-007  0.120618470894095E+003  0.761307441463835E+002
  0.306217167280748E-007  0.120386572891717E+003  0.673626555337430E+002
  0.343177049104513E-007  0.120152013421718E+003  0.673799441632576E+002
  0.345241929708481E-007  0.120133359992200E+003  0.673813219927790E+002
  0.351964055666757E-007  0.120088137134024E+003  0.673846641746217E+002
  0.372626931291552E-007  0.119967384195599E+003  0.760827731281061E+002
  0.386410038736633E-007  0.119888085920919E+003  0.673994797846668E+002
  0.527688833016232E-007  0.119258214947923E+003  0.674464614690394E+002
  0.602013680308061E-007  0.118988012585255E+003  0.674667740793591E+002
  0.622262732589597E-007  0.118915192538269E+003  0.760041091989803E+002
  0.641676452699332E-007  0.118847093346719E+003  0.674774061814996E+002
  0.654886177478104E-007  0.118799683292944E+003  0.759953849569101E+002
  0.715841087263232E-007  0.118615034209815E+003  0.759814014296931E+002
  0.766257525914719E-007  0.118472258406057E+003  0.675058168061141E+002
  0.806813216011287E-007  0.118362455070326E+003  0.675141755403880E+002
  0.807375197214919E-007  0.118354406886348E+003  0.675147888558352E+002
  0.860391935948205E-007  0.118220552233593E+003  0.675250023997849E+002
  0.105836501830832E-006  0.117799711581677E+003  0.759190976692140E+002
  0.106473336770788E-006  0.117781057747353E+003  0.759176613485488E+002
  0.123212161068980E-006  0.117482375844451E+003  0.675817784746148E+002
  0.125238804394141E-006  0.117443091076882E+003  0.675848217730939E+002
  0.139463264707727E-006  0.117221277734179E+003  0.676020471457030E+002
  0.144760156880619E-006  0.117140068051453E+003  0.676083716184464E+002
  0.154629416217247E-006  0.117001506253861E+003  0.676191849963339E+002
  0.161606158911717E-006  0.116906588941054E+003  0.758497653438839E+002
  0.173505225137956E-006  0.116757842445741E+003  0.758381043909498E+002
  0.176846201511942E-006  0.116713041421892E+003  0.758345857187340E+002
  0.182378170172886E-006  0.116644781936558E+003  0.676471553099880E+002
  0.214216456491047E-006  0.116316317169686E+003  0.758032941001590E+002
  0.216456610830168E-006  0.116288855324029E+003  0.758011191289961E+002
  0.247674253817769E-006  0.116012751194605E+003  0.676971874089283E+002
  0.286765432728782E-006  0.115712995246600E+003  0.757552399131151E+002
  0.287131067655551E-006  0.115703791227970E+003  0.677218717441396E+002
  0.377014090834239E-006  0.115152448108327E+003  0.757100717237981E+002
  0.445092616556079E-006  0.114813792878871E+003  0.756825326751643E+002
  0.447556702319773E-006  0.114796095596327E+003  0.756810882643916E+002
  0.484083793012772E-006  0.114632530458124E+003  0.756677133305529E+002
  0.525904359021234E-006  0.114460152175023E+003  0.678228058238121E+002
  0.560078307420129E-006  0.114327582116072E+003  0.756426549732449E+002
  0.592977087627869E-006  0.114206768232777E+003  0.678436913038639E+002
  0.624788799096060E-006  0.114095596830602E+003  0.756234839338095E+002
  0.637563714195825E-006  0.114048460161030E+003  0.678567970803137E+002
  0.639354278230898E-006  0.114036195559061E+003  0.678578142716685E+002
  0.646737114817878E-006  0.114006577636618E+003  0.756161023123480E+002
  0.716293117240633E-006  0.113795622922608E+003  0.755985532353200E+002
  0.768008882966766E-006  0.113649543673151E+003  0.755863541760242E+002
  0.778227739207748E-006  0.113616452281332E+003  0.678927887689636E+002
  0.885755393946405E-006  0.113350953444826E+003  0.755612978471491E+002
  0.101049467622456E-005  0.113080788994736E+003  0.755384845220528E+002
  0.108744011345595E-005  0.112927360564577E+003  0.755254674818762E+002
  0.121016815058399E-005  0.112706839178391E+003  0.755066794456539E+002
  0.134136015746443E-005  0.112494333948884E+003  0.754884853197639E+002
  0.146349013288791E-005  0.112313398482789E+003  0.680034498592844E+002
  0.149202403537643E-005  0.112268123850284E+003  0.680073537846027E+002
  0.156257769379334E-005  0.112169061841566E+003  0.680159099494531E+002
  0.160220193774248E-005  0.112112322123772E+003  0.754555545790149E+002
  0.175191457193628E-005  0.111927005870005E+003  0.754394741390651E+002
  0.189243611488469E-005  0.111766038854323E+003  0.754254496431157E+002
  0.204284776566506E-005  0.111606423575732E+003  0.680648840633696E+002
  0.208373616913416E-005  0.111560132556334E+003  0.754074316035519E+002
  0.211307176004019E-005  0.111525516612756E+003  0.680719803053155E+002
  0.233805892166725E-005  0.111316504302165E+003  0.680903763918011E+002
  0.275515504535062E-005  0.110981543413272E+003  0.753563212950617E+002
  0.293095245569156E-005  0.110851180389924E+003  0.681316685592326E+002
  0.305611139596583E-005  0.110760893046154E+003  0.753366386964307E+002
  0.304653708351689E-005  0.110760512984105E+003  0.681397694097851E+002
  0.320345536797311E-005  0.110653408470722E+003  0.681493624232444E+002
  0.330754855895190E-005  0.110582798353264E+003  0.681557007985356E+002
  0.338631660277998E-005  0.110529071804174E+003  0.753158429815429E+002
  0.348722555545860E-005  0.110463688889074E+003  0.753099558634510E+002
  0.365912526167143E-005  0.110360797970830E+003  0.753006718006573E+002
  0.377457296496947E-005  0.110292016120375E+003  0.752944519536505E+002
  0.404633008415715E-005  0.110146314412561E+003  0.752812402881145E+002
  0.409765223911480E-005  0.110114451098700E+003  0.681980296345878E+002
  0.411305332206400E-005  0.110100292581820E+003  0.752770569569256E+002
  0.413220975335646E-005  0.110084343682266E+003  0.752756060661047E+002
  0.416862510339037E-005  0.110060140188275E+003  0.682029710035201E+002
  0.448916383085987E-005  0.109905324237735E+003  0.752592794323020E+002
  0.448228383971415E-005  0.109901736163596E+003  0.752589514247911E+002
  0.446856465407721E-005  0.109901211486594E+003  0.682174706524533E+002
  0.494557367475329E-005  0.109691704468750E+003  0.752396976195508E+002
  0.527729546165684E-005  0.109555207340770E+003  0.752271278341640E+002
  0.541423037737422E-005  0.109497317762330E+003  0.682545909249199E+002
  0.562067079927944E-005  0.109415821634860E+003  0.752142451382588E+002
  0.648069281858527E-005  0.109124413244651E+003  0.751871563158775E+002
  0.647060563999125E-005  0.109120873083561E+003  0.751868259204156E+002
  0.649770804613989E-005  0.109105857913606E+003  0.682909498752039E+002
  0.654788077591003E-005  0.109083818443025E+003  0.751833657906822E+002
  0.656123804786406E-005  0.109073087142188E+003  0.682940110486784E+002
  0.678462545408991E-005  0.108999472006493E+003  0.751754766066566E+002
  0.692764109591385E-005  0.108951095875622E+003  0.683054304553214E+002
  0.729395389367384E-005  0.108841387483076E+003  0.683157326224100E+002
  0.739886799648205E-005  0.108806169415243E+003  0.751573277537870E+002
  0.784535487900615E-005  0.108682324622194E+003  0.683307247388156E+002
  0.789646969555009E-005  0.108662680713764E+003  0.751437933004519E+002
  0.789532475073463E-005  0.108656315143640E+003  0.683331824837369E+002
  0.830659521961340E-005  0.108548101516533E+003  0.683434271460985E+002
  0.842145606252914E-005  0.108513980059746E+003  0.683466638662988E+002
  0.900956194682208E-005  0.108372317060483E+003  0.683601350134369E+002
  0.916927640133057E-005  0.108330517636440E+003  0.683641201185184E+002
  0.977362511417544E-005  0.108196203918485E+003  0.750994167063953E+002
  0.108349846894038E-004  0.107983362779857E+003  0.683974011141286E+002
  0.112641146654470E-004  0.107899023685150E+003  0.684055367027903E+002
  0.118227357139608E-004  0.107795563197165E+003  0.684155440019358E+002
  0.133511460505650E-004  0.107545752027847E+003  0.750365417608052E+002
  0.135919540633011E-004  0.107503344893598E+003  0.684439732413716E+002
  0.137155034532841E-004  0.107478591658889E+003  0.750299814048805E+002
  0.149636047008785E-004  0.107297747943658E+003  0.750122508842137E+002
  0.153354980156320E-004  0.107241993616819E+003  0.684696089636848E+002
  0.159904795482955E-004  0.107151691548394E+003  0.749978606299250E+002
  0.162745282040792E-004  0.107109820604671E+003  0.749937235501766E+002
  0.164878534069034E-004  0.107077119516536E+003  0.684858852681355E+002
  0.170597738099805E-004  0.107002265274706E+003  0.749830723151390E+002
  0.182507323409012E-004  0.106860645846487E+003  0.749689941454682E+002
  0.182203293892703E-004  0.106857324741058E+003  0.749686632632371E+002
  0.182805674680140E-004  0.106844067883795E+003  0.685090319680097E+002
  0.196216832662778E-004  0.106695819033224E+003  0.685238427882797E+002
  0.197939382515149E-004  0.106671682456901E+003  0.749501134899757E+002
  0.218712003927107E-004  0.106465436918897E+003  0.749293785574257E+002
  0.231403174997605E-004  0.106345969895377E+003  0.749173060631520E+002
  0.238099751933816E-004  0.106282257962891E+003  0.749108490030075E+002
  0.239434583025437E-004  0.106264421326430E+003  0.685673351663865E+002
  0.289975066616362E-004  0.105874736341592E+003  0.748692326358212E+002
  0.291898846832139E-004  0.105854855991016E+003  0.686091858286137E+002
  0.316480580022174E-004  0.105686491303096E+003  0.748498210031688E+002
  0.315513110341472E-004  0.105685959014653E+003  0.748497659424409E+002
  0.317403779135575E-004  0.105667354475928E+003  0.686285332627415E+002
  0.351479174172710E-004  0.105456747402756E+003  0.686504094074742E+002
  0.363617342746029E-004  0.105382188627704E+003  0.748181829060201E+002
  0.380128437596365E-004  0.105286718785917E+003  0.686681843167294E+002
  0.400730840410061E-004  0.105174501622279E+003  0.747964019420716E+002
  0.414250883142365E-004  0.105101482427700E+003  0.686876669329659E+002
  0.437887511320150E-004  0.104983846316094E+003  0.747762696923422E+002
  0.437103469342107E-004  0.104980774965713E+003  0.747759442810562E+002
  0.445142441874397E-004  0.104937670613473E+003  0.687050004429839E+002
  0.486074680811785E-004  0.104755079130747E+003  0.747519355246868E+002
  0.488265519566164E-004  0.104739429392481E+003  0.687261104469417E+002
  0.531036347833174E-004  0.104564831581885E+003  0.747315480662199E+002
  0.581979960962791E-004  0.104374964911218E+003  0.687653120778547E+002
  0.608039606032787E-004  0.104280701319948E+003  0.747008386578796E+002
  0.619128651134809E-004  0.104237899606172E+003  0.746961849258201E+002
  0.745556272392487E-004  0.103859608974050E+003  0.746547314337689E+002
  0.761456825062010E-004  0.103810747675081E+003  0.746493341155301E+002
  0.776596869649549E-004  0.103764716268999E+003  0.746442402228013E+002
  0.800542129675834E-004  0.103697325141206E+003  0.746367664902251E+002
  0.854254519167285E-004  0.103560789519132E+003  0.688548089173883E+002
  0.924157653705384E-004  0.103396826945380E+003  0.688731703983105E+002
  0.925623936844278E-004  0.103387000648277E+003  0.746020995677499E+002
  0.109214654161128E-003  0.103049480455139E+003  0.689124623529117E+002
  0.118486751127561E-003  0.102879853075810E+003  0.689318505825675E+002
  0.121420180263569E-003  0.102824285605954E+003  0.745381430322337E+002
  0.126324188134311E-003  0.102738441165715E+003  0.689481167891621E+002
  0.126075182749808E-003  0.102735731799253E+003  0.689484293657949E+002
  0.126838345110861E-003  0.102717006249007E+003  0.689505906701982E+002
  0.127520182006760E-003  0.102699628189229E+003  0.745237761633777E+002
  0.131602065540789E-003  0.102629956464952E+003  0.689606600440613E+002
  0.137823649763734E-003  0.102530916378133E+003  0.745042131524597E+002
  0.141633300042164E-003  0.102469728086513E+003  0.744970837738468E+002
  0.141999372092618E-003  0.102457909881713E+003  0.744957046470353E+002
  0.151849477766053E-003  0.102317120068260E+003  0.689971523187265E+002
  0.159648158431242E-003  0.102210299224646E+003  0.690097247183076E+002
  0.162822436481686E-003  0.102164267891975E+003  0.690151603243069E+002
  0.167321374974050E-003  0.102103100104046E+003  0.744539739599019E+002
  0.169850810307112E-003  0.102066436321569E+003  0.744496251641973E+002
  0.172945272518630E-003  0.102023671270763E+003  0.744445438506032E+002
  0.173134500958660E-003  0.102014828582594E+003  0.744434919777778E+002
  0.179483174783655E-003  0.101936147572168E+003  0.744341144872453E+002
  0.195833085170066E-003  0.101755129551196E+003  0.690639588627517E+002
  0.213663931087971E-003  0.101574190620976E+003  0.743905480882578E+002
  0.215694308231740E-003  0.101548619439853E+003  0.690889309538211E+002
  0.230154334853732E-003  0.101412187980921E+003  0.743708153414057E+002
  0.299680811739705E-003  0.100877596715959E+003  0.743046232318492E+002
  0.321652803302431E-003  0.100729431604134E+003  0.742859733578207E+002
  0.323963649085247E-003  0.100708458819716E+003  0.691930516854262E+002
  0.323693386186000E-003  0.100703472412566E+003  0.742826917436611E+002
  0.349658612366663E-003  0.100542495719499E+003  0.742622467206888E+002
  0.366195737709094E-003  0.100443418723935E+003  0.692267935168772E+002
  0.365738331065304E-003  0.100439262859081E+003  0.742490479066976E+002
  0.375085573706201E-003  0.100382135156448E+003  0.692346601619914E+002
  0.374498524923095E-003  0.100378612240919E+003  0.742412609794364E+002
  0.395567956986125E-003  0.100262487193153E+003  0.692500904152055E+002
  0.395702026545349E-003  0.100255153869273E+003  0.692510392618151E+002
  0.395298131495058E-003  0.100250540741703E+003  0.692516363322602E+002
  0.399170417016611E-003  0.100224388776453E+003  0.742213502535454E+002
  0.440329192168490E-003  0.100021464845918E+003  0.692814678005495E+002
  0.440162802256044E-003  0.100015565160916E+003  0.692822408747891E+002
  0.444803751696576E-003  0.999879325529991E+002  0.741905091111389E+002
  0.449646437011582E-003  0.999596201709266E+002  0.692895838431038E+002
  0.462475790577822E-003  0.998966993257976E+002  0.741785052955198E+002
  0.475543045108084E-003  0.998343173596282E+002  0.741702634177070E+002
  0.482403324170965E-003  0.997990155146168E+002  0.741655869546779E+002
  0.483004688890021E-003  0.997898682841087E+002  0.741643737434864E+002
  0.489701380091226E-003  0.997556738729430E+002  0.741598331035061E+002
  0.489455987193368E-003  0.997500207583927E+002  0.693172924988007E+002
  0.491274836959756E-003  0.997359468252529E+002  0.741572096927067E+002
  0.490901253989167E-003  0.997308126952110E+002  0.693198476495185E+002
  0.551484504124240E-003  0.994914156248679E+002  0.693519229581650E+002
  0.578740654550624E-003  0.993882786106504E+002  0.741104988102624E+002
  0.582126329017936E-003  0.993699569770247E+002  0.741080116731864E+002
  0.586537544606991E-003  0.993482030040907E+002  0.741050552068814E+002
  0.592936260285814E-003  0.993198469726448E+002  0.741011959368634E+002
  0.591267305040621E-003  0.993188287892688E+002  0.693753168664248E+002
  0.590555166712860E-003  0.993145835149660E+002  0.693758952269173E+002
  0.606243571267215E-003  0.992554903685888E+002  0.693839606129630E+002
  0.644929688155900E-003  0.991251158641184E+002  0.694018533809526E+002
  0.647025767143433E-003  0.991119706458637E+002  0.740727090522185E+002
  0.652577442152337E-003  0.990882276693425E+002  0.740694332205722E+002
  0.657522076967976E-003  0.990664750427960E+002  0.694099461578943E+002
  0.674622478725705E-003  0.990084696565936E+002  0.694179790109763E+002
  0.716514494344618E-003  0.988813236108069E+002  0.740406892918822E+002
  0.761859442154931E-003  0.987519408243762E+002  0.694538429805433E+002
  0.779472187213113E-003  0.986995753881659E+002  0.740151407656292E+002
  0.789587102527243E-003  0.986671335155199E+002  0.740105501672549E+002
  0.838790931594515E-003  0.985395752673276E+002  0.739924097465162E+002
  0.847957787114199E-003  0.985111809523374E+002  0.739883518102403E+002
  0.852666883643489E-003  0.984934491866865E+002  0.694905601287135E+002
  0.863030960550437E-003  0.984626303705137E+002  0.694949778499765E+002
  0.872328139734590E-003  0.984345446018775E+002  0.739773627173902E+002
  0.874838318420645E-003  0.984221421613367E+002  0.739755792238095E+002
  0.915838930938385E-003  0.983238837425722E+002  0.695149751950157E+002
  0.924676510500153E-003  0.982980212657012E+002  0.695187226378166E+002
  0.923625908358328E-003  0.982936393442943E+002  0.739570159106374E+002
  0.946956103724941E-003  0.982370925430103E+002  0.695275762509152E+002
  0.979928382785225E-003  0.981619834606748E+002  0.739378346434634E+002
  0.985871658409235E-003  0.981432344964059E+002  0.695412846726629E+002
  0.101315058453725E-002  0.980819909901883E+002  0.739260982210816E+002
  0.101099179341897E-002  0.980796014971326E+002  0.695506274425025E+002
  0.103947879842961E-002  0.980173706980228E+002  0.739165710185828E+002
  0.106258838113904E-002  0.979667383809801E+002  0.739090768989956E+002
  0.112515000740976E-002  0.978456656686313E+002  0.738910510854680E+002
  0.115010158441605E-002  0.977951422763229E+002  0.695928899493965E+002
  0.116267769878641E-002  0.977667358296976E+002  0.695971561480549E+002
  0.116491501039639E-002  0.977562353976355E+002  0.738776388105240E+002
  0.116393021304041E-002  0.977512712951058E+002  0.695994822538877E+002
  0.122319453962600E-002  0.976452886778485E+002  0.738608818341988E+002
  0.122649097428317E-002  0.976332504693573E+002  0.738590556661793E+002
  0.123214548376791E-002  0.976173954494813E+002  0.696197260159736E+002
  0.125739026124100E-002  0.975701770569610E+002  0.738494617586488E+002
  0.127126897753614E-002  0.975415669873018E+002  0.696312785462853E+002
  0.136525162434656E-002  0.973922650964942E+002  0.738221621205644E+002
  0.136109308601959E-002  0.973917107866820E+002  0.696542976049674E+002
  0.141518717110959E-002  0.973071078422816E+002  0.696674062705899E+002
  0.146622703688830E-002  0.972295909401029E+002  0.696794902746884E+002
  0.147109821443185E-002  0.972163018663921E+002  0.696815690196657E+002
  0.147702161158871E-002  0.972016094281722E+002  0.696838697344957E+002
  0.149411896322315E-002  0.971719356973096E+002  0.737878498394468E+002
  0.151054083133475E-002  0.971434180325600E+002  0.737833666578028E+002
  0.151452275466670E-002  0.971314972068437E+002  0.696948844076772E+002
  0.154956394709474E-002  0.970790952446901E+002  0.737732183925611E+002
  0.156064691923234E-002  0.970581859440664E+002  0.737699085960762E+002
  0.158760225557143E-002  0.970172814927760E+002  0.697129560454279E+002
  0.158854926931706E-002  0.970094332569302E+002  0.737621703634312E+002
  0.160503860813466E-002  0.969821244353322E+002  0.737578228364240E+002
  0.160443690273353E-002  0.969762187663472E+002  0.697194926801152E+002
  0.165572069151067E-002  0.969066361429902E+002  0.737457562219961E+002
  0.183201646970763E-002  0.966976188047334E+002  0.737119604530488E+002
  0.189325970471278E-002  0.966251976270956E+002  0.737001149633864E+002
  0.191354498643712E-002  0.965972270855469E+002  0.697808533081101E+002
  0.190747291517131E-002  0.965969280067269E+002  0.697809024900666E+002
  0.196498029368090E-002  0.965308665632256E+002  0.697917964042062E+002
  0.196964054595937E-002  0.965194732920173E+002  0.697936813911394E+002
  0.196782891293498E-002  0.965146581153410E+002  0.736818955117048E+002
  0.197763688284034E-002  0.964980589790674E+002  0.736791448236144E+002
  0.197693951614008E-002  0.964921087757792E+002  0.697982162611988E+002
  0.198665377702861E-002  0.964756496868880E+002  0.736754251231433E+002
  0.200252827578100E-002  0.964530764751314E+002  0.736716709790138E+002
  0.199748446705122E-002  0.964514646902810E+002  0.698049714660920E+002
  0.200083852941689E-002  0.964414536401595E+002  0.698066389676919E+002
  0.204236726069898E-002  0.963937116607805E+002  0.736617630635316E+002
  0.205908834851276E-002  0.963707485234277E+002  0.698184572825720E+002
  0.207444134245473E-002  0.963492358446441E+002  0.736543065345679E+002
  0.213476167863837E-002  0.962852540051822E+002  0.698328455434190E+002
  0.220535546343810E-002  0.962135310464064E+002  0.736313736385362E+002
  0.221788308307249E-002  0.961955465243160E+002  0.736283135345253E+002
  0.223738288639884E-002  0.961713836366195E+002  0.736241943520588E+002
  0.226884049026237E-002  0.961368039059782E+002  0.736182836526209E+002
  0.232773007118423E-002  0.960788989846091E+002  0.698680299548883E+002
  0.239560785782408E-002  0.960147565500896E+002  0.735972719426836E+002
  0.247315847538292E-002  0.959443828354687E+002  0.735850477269229E+002
  0.253061331053377E-002  0.958917960155536E+002  0.699005140232655E+002
  0.255818234949186E-002  0.958634698393962E+002  0.735708920287622E+002
  0.264224409342085E-002  0.957921510494287E+002  0.735583235502203E+002
  0.264956787605678E-002  0.957799595300571E+002  0.735561663478813E+002
  0.264611092874318E-002  0.957759150960021E+002  0.699209239623087E+002
  0.264717281888485E-002  0.957684570724137E+002  0.735541287206669E+002
  0.264418956808602E-002  0.957640566778662E+002  0.735533485985493E+002
  0.264278778271420E-002  0.957584616548285E+002  0.699240179080123E+002
  0.271780701498551E-002  0.956958241300007E+002  0.735412088249185E+002
  0.272058624933899E-002  0.956871243912116E+002  0.699367190030822E+002
  0.274375999305148E-002  0.956635051109865E+002  0.699409440277029E+002
  0.278836323898364E-002  0.956245984687170E+002  0.735284487100970E+002
  0.282569528307030E-002  0.955913435260794E+002  0.735224598207906E+002
  0.283368364858945E-002  0.955790418346009E+002  0.735202393069876E+002
  0.283256450910711E-002  0.955731762935849E+002  0.699571945365717E+002
  0.287021857586185E-002  0.955401093185411E+002  0.699631806150854E+002
  0.291697537104649E-002  0.955011356145682E+002  0.699702620047686E+002
  0.291376819536716E-002  0.954966802175782E+002  0.735053007680687E+002
  0.293380057168287E-002  0.954763215375372E+002  0.735015886559598E+002
  0.302005437578678E-002  0.954117136963124E+002  0.734897562496217E+002
  0.301478641154893E-002  0.954085498175731E+002  0.699871993537778E+002
  0.308487762734621E-002  0.953559282296780E+002  0.699968992036281E+002
  0.310155443126689E-002  0.953384897981440E+002  0.734762485016117E+002
  0.309357769581487E-002  0.953369845454716E+002  0.734759697234934E+002
  0.311473428963820E-002  0.953166977716409E+002  0.700041659420012E+002
  0.310513796288850E-002  0.953162135943233E+002  0.700042558174112E+002
  0.311508163103265E-002  0.953031635925491E+002  0.700066799812279E+002
  0.312930610497956E-002  0.952873961511838E+002  0.700096134709312E+002
  0.312191176647442E-002  0.952854720278799E+002  0.700099717897463E+002
  0.313785493132902E-002  0.952686287201974E+002  0.734632625078734E+002
  0.313863576884118E-002  0.952614755131989E+002  0.734619273261794E+002
  0.316309947805167E-002  0.952392916182586E+002  0.734577799988424E+002
  0.318796391056440E-002  0.952169759458796E+002  0.700227761917971E+002
  0.321341586533825E-002  0.951944162389049E+002  0.700270143942475E+002
  0.323068081212470E-002  0.951770438808931E+002  0.700302852378297E+002
  0.322118294083734E-002  0.951762767562065E+002  0.700304298154297E+002
  0.326889716044414E-002  0.951402131696232E+002  0.734391336351303E+002
  0.332688882118392E-002  0.950983877671992E+002  0.734312005344236E+002
  0.331858911742740E-002  0.950967278897449E+002  0.700454891754002E+002
  0.331927214740553E-002  0.950896607131412E+002  0.734295405661712E+002
  0.331115746169833E-002  0.950879005561710E+002  0.700471685405987E+002
  0.332625011898634E-002  0.950721494469756E+002  0.734262048337539E+002
  0.332409256654115E-002  0.950667915758696E+002  0.700511912191574E+002
  0.332794986902841E-002  0.950578165258630E+002  0.700529044781531E+002
  0.338044115932602E-002  0.950198614216059E+002  0.700601691178791E+002
  0.338978719299944E-002  0.950076839954065E+002  0.700625065610709E+002
  0.343854585878476E-002  0.949724653711194E+002  0.700692851618211E+002
  0.346990957632247E-002  0.949476500541818E+002  0.734022961120497E+002
  0.346992664881326E-002  0.949409846337119E+002  0.700753677134816E+002
  0.352028937626192E-002  0.949055095728635E+002  0.733941253081829E+002
  0.355092748864652E-002  0.948815227159284E+002  0.700869177766890E+002
  0.355512593823051E-002  0.948725038267048E+002  0.733876974141016E+002
  0.359017684711586E-002  0.948462262984562E+002  0.700938122308381E+002
  0.360807400136113E-002  0.948296254182245E+002  0.700970648978868E+002
  0.365248447278955E-002  0.947985028356991E+002  0.733731938221911E+002
  0.366633138232324E-002  0.947842794050147E+002  0.701059827312413E+002
  0.595239864280501E-002  0.938234320227741E+002  0.701106942595072E+002
  0.594212104784914E-002  0.938054976908729E+002  0.701142450063817E+002
  0.617678904985724E-002  0.937280328572217E+002  0.701296720031654E+002
  0.637240183826175E-002  0.936231222843995E+002  0.701508037728768E+002
  0.640302392036410E-002  0.935924816321327E+002  0.701570288993788E+002
  0.642790236039809E-002  0.935742271369769E+002  0.701607492623993E+002
  0.656673982558953E-002  0.935314886770982E+002  0.701694940983501E+002
  0.657104389614662E-002  0.935196241224746E+002  0.701719303965320E+002
  0.652830112910966E-002  0.935116232219668E+002  0.701735754637336E+002
  0.653292723612699E-002  0.934997077652816E+002  0.701760286149388E+002
  0.706660172665515E-002  0.933113263609078E+002  0.702153375528708E+002
  0.703845937794759E-002  0.933089175181170E+002  0.702158467707680E+002
  0.710108510555088E-002  0.932704753514943E+002  0.702239964350265E+002
  0.715041171276240E-002  0.932257817446126E+002  0.702335268831685E+002
  0.737663191873925E-002  0.931532571080546E+002  0.702491218035501E+002
  0.759550610470240E-002  0.930341671780108E+002  0.702750901560970E+002
  0.757712905577586E-002  0.930290368850251E+002  0.702762192140948E+002
  0.758476049548158E-002  0.930170484802929E+002  0.702788609883873E+002
  0.755804913124002E-002  0.930141292587931E+002  0.702795049946905E+002
  0.776941872640437E-002  0.929589647665383E+002  0.702917286771594E+002
  0.776267209601226E-002  0.929506771516953E+002  0.702935740337850E+002
  0.784494580811072E-002  0.929095912627395E+002  0.703027574302841E+002
  0.816918114837527E-002  0.928186177819655E+002  0.703233036448444E+002
  0.818108617351046E-002  0.928057302016723E+002  0.703262384613356E+002
  0.905470140995327E-002  0.925052314937589E+002  0.703964880548809E+002
  0.909336214432675E-002  0.924682062542808E+002  0.704053998888443E+002
  0.913993598940565E-002  0.924391208509586E+002  0.704124426479568E+002
  0.950052657997831E-002  0.923336296551523E+002  0.704383064928883E+002
  0.962280409928105E-002  0.922802100139676E+002  0.704516019666606E+002
  0.963119085067606E-002  0.922692297821439E+002  0.704543518668894E+002
  0.100311470880439E-001  0.921694203069924E+002  0.704796237565491E+002
  0.100673813986496E-001  0.921622089631597E+002  0.704814693636851E+002
  0.100775716610221E-001  0.921509476836117E+002  0.704843569089743E+002
  0.102152717970051E-001  0.921053713562498E+002  0.704961118588468E+002
  0.102611896794616E-001  0.920964014549847E+002  0.704984384833063E+002
  0.102509810408479E-001  0.920891543110279E+002  0.705003214506024E+002
  0.102315860237393E-001  0.920837040349680E+002  0.705017394413306E+002
  0.104497142728099E-001  0.920322760807716E+002  0.705152003253219E+002
  0.106084666275425E-001  0.919928826190161E+002  0.705256123364065E+002
  0.105822419851489E-001  0.919793995266136E+002  0.705291966245808E+002
  0.105702792008177E-001  0.919724663038143E+002  0.705310438664956E+002
  0.105234950821431E-001  0.919721425447478E+002  0.705311301958019E+002
  0.104873211157288E-001  0.919698338653122E+002  0.705317459767794E+002
  0.105167272292340E-001  0.919367733911274E+002  0.705405987404632E+002
  0.106259672969985E-001  0.919069943753379E+002  0.705486292091940E+002
  0.106832294567173E-001  0.918962455332840E+002  0.705515411837545E+002
  0.106637956737878E-001  0.918725517540081E+002  0.705579854523418E+002
  0.106784197104408E-001  0.918607405775248E+002  0.705612110516591E+002
  0.110217479890721E-001  0.917793497955902E+002  0.705836836454711E+002
  0.112891985985848E-001  0.917223684718775E+002  0.705996805579640E+002
  0.118250182423658E-001  0.915937509010527E+002  0.706366422552055E+002
  0.118863140874078E-001  0.915745018313304E+002  0.706422812304275E+002
  0.117578203562928E-001  0.915520880882196E+002  0.706488840740885E+002
  0.117775704588679E-001  0.915487314229548E+002  0.706498763598629E+002
  0.118865324617676E-001  0.915215219614921E+002  0.706579535673150E+002
  0.119021916439496E-001  0.914926303354282E+002  0.706665967730547E+002
  0.119949627399911E-001  0.914597104513503E+002  0.706765308340229E+002
  0.121851654357706E-001  0.914195687001625E+002  0.706887714386039E+002
  0.121229788544755E-001  0.914124856416216E+002  0.706909461574078E+002
  0.122192793869297E-001  0.913794196524994E+002  0.707011587799228E+002
  0.121963677873689E-001  0.913660057590513E+002  0.707053305296187E+002
  0.122856160245501E-001  0.913343297096940E+002  0.707152493708510E+002
  0.122569896169735E-001  0.913219739181897E+002  0.707191445605707E+002
  0.123095036830404E-001  0.913134233863067E+002  0.707218488741571E+002
  0.123212001923823E-001  0.913029950879675E+002  0.707251568484247E+002
  0.125229873711646E-001  0.912366068242265E+002  0.707464746420485E+002
  0.126557182781249E-001  0.912070993477507E+002  0.707560982566978E+002
  0.126819680257590E-001  0.912029553613250E+002  0.707574573452233E+002
  0.126472774157516E-001  0.911999770412785E+002  0.707584352986886E+002
  0.126751257590082E-001  0.911619637980757E+002  0.707710040779009E+002
  0.126272858818169E-001  0.911611759603054E+002  0.707712662983764E+002
  0.125508853144439E-001  0.911566468224763E+002  0.707727751384360E+002
  0.125178914391200E-001  0.911535953421602E+002  0.707737930416894E+002
  0.125514289145329E-001  0.911399281603719E+002  0.707783653423182E+002
  0.126800849435891E-001  0.910946868580155E+002  0.707936585236734E+002
  0.126805678099160E-001  0.910781496998216E+002  0.707993108442783E+002
  0.125957353889954E-001  0.910670343796232E+002  0.708031292075118E+002
  0.126068107875227E-001  0.910328871855120E+002  0.708149583127804E+002
  0.127217564794386E-001  0.909986699825703E+002  0.708269656903561E+002
  0.128210690571302E-001  0.909671174943908E+002  0.708381799327414E+002
  0.127854644204941E-001  0.909646952604601E+002  0.708390466129204E+002
  0.128124951335907E-001  0.909524873307653E+002  0.708434274120000E+002
  0.128481012167063E-001  0.909310006752574E+002  0.708511904209987E+002
  0.128231679514109E-001  0.909269333867495E+002  0.708526675701610E+002
  0.127290586810293E-001  0.909179028632879E+002  0.708559560981079E+002
  0.127713733616492E-001  0.908876894611897E+002  0.708670487608924E+002
  0.129669711081607E-001  0.908416659212007E+002  0.708842228887491E+002
  0.130611360038281E-001  0.908038933606525E+002  0.708985805155081E+002
  0.131016392228955E-001  0.907899639063281E+002  0.709039375638864E+002
  0.130972949752889E-001  0.907828902236692E+002  0.709066712038614E+002
  0.130616961994798E-001  0.907805967212842E+002  0.709075594641811E+002
  0.131695354148129E-001  0.907487081365983E+002  0.709200096408280E+002
  0.131242369671541E-001  0.907478921342880E+002  0.709203307174576E+002
  0.132129804387149E-001  0.907267069116127E+002  0.709287111487475E+002
  0.131782001746180E-001  0.907165937214397E+002  0.709327424624328E+002
  0.132417713039400E-001  0.906992914420070E+002  0.709396866816917E+002
  0.133401106471563E-001  0.906768158713995E+002  0.709487983970382E+002
  0.132916484461612E-001  0.906764171852419E+002  0.709489609760841E+002
  0.133476813891743E-001  0.906680036063727E+002  0.709523997695516E+002
  0.133607885984577E-001  0.906583334634441E+002  0.709563708275606E+002
  0.133264534042721E-001  0.906557726360161E+002  0.709574258175096E+002
  0.132230063268775E-001  0.906483253949838E+002  0.709605020073833E+002
  0.133967829578533E-001  0.906145644334836E+002  0.709746028759808E+002
  0.134805436725188E-001  0.905944505684095E+002  0.709831289601094E+002
  0.135773364963249E-001  0.905648742544146E+002  0.709958439328246E+002
  0.135419606407546E-001  0.905624730135824E+002  0.709968858074788E+002
  0.135425668355221E-001  0.905547644303923E+002  0.710002404262692E+002
  0.134920533684590E-001  0.905470291336728E+002  0.710036220697174E+002
  0.135300057524758E-001  0.905414111444882E+002  0.710060878807166E+002
  0.137148225637200E-001  0.905066574485139E+002  0.710215302999029E+002
  0.136641722092848E-001  0.905064382853051E+002  0.710216287385984E+002
  0.136504565582691E-001  0.905008277715547E+002  0.710241533608277E+002
  0.138076881153225E-001  0.904703035581669E+002  0.710380481392511E+002
  0.137591424790534E-001  0.904697285735618E+002  0.710383125222810E+002
  0.137849873597697E-001  0.904583562831425E+002  0.710435622793232E+002
  0.137472547588034E-001  0.904562191808013E+002  0.710445532584852E+002
  0.137193650573267E-001  0.904450715973659E+002  0.710497455442911E+002
  0.137898747032356E-001  0.904272289292332E+002  0.710581387485770E+002
  0.137596300642634E-001  0.904240301041460E+002  0.710596544531194E+002
  0.137760567250228E-001  0.904140537260734E+002  0.710644034755467E+002
  0.137326870095340E-001  0.904127699064956E+002  0.710650170410400E+002
  0.137103856013212E-001  0.904008688897514E+002  0.710707316455721E+002
  0.137033264473105E-001  0.903943374620647E+002  0.710738887851579E+002
  0.136586360968319E-001  0.903933092305352E+002  0.710743871762961E+002
  0.137640410109223E-001  0.903628398895638E+002  0.710893296073317E+002
  0.137401473563756E-001  0.903587818362645E+002  0.710913457593521E+002
  0.136843329114951E-001  0.903518850034811E+002  0.710947867875749E+002
  0.136002308958599E-001  0.903492333102363E+002  0.710961147017818E+002
  0.135541074085744E-001  0.903485509441339E+002  0.710964568614196E+002
  0.135001463394642E-001  0.903416037133893E+002  0.710999508600017E+002
  0.134673487255004E-001  0.903390196800000E+002  0.711012553486825E+002
  0.134557859091066E-001  0.903332887823911E+002  0.711041580348577E+002
  0.133464724861048E-001  0.903273392536197E+002  0.711071855835838E+002
  0.133055388497911E-001  0.903260889564050E+002  0.711078236738275E+002
  0.132604068415262E-001  0.903254907071508E+002  0.711081292194225E+002
  0.132206061656063E-001  0.903241089446192E+002  0.711088354980269E+002
  0.131795451221440E-001  0.903229365604427E+002  0.711094353764414E+002
  0.131377546645539E-001  0.903071886784211E+002  0.711175493560022E+002
  0.131185495747179E-001  0.903027750083833E+002  0.711198425688526E+002
  0.130387341207080E-001  0.903003284312868E+002  0.711211174095141E+002
  0.129965771968087E-001  0.902994926987059E+002  0.711215534895497E+002
  0.129951645204136E-001  0.902923974801831E+002  0.711252682285271E+002
  0.129507284385427E-001  0.902846494585299E+002  0.711293506343891E+002
  0.128372823517630E-001  0.902660789389262E+002  0.711392486388320E+002
  0.128528824668102E-001  0.902564686393514E+002  0.711444356715438E+002
  0.128122950430851E-001  0.902556129881617E+002  0.711448996965990E+002
  0.127600305818080E-001  0.902494511802570E+002  0.711482520620486E+002
  0.126421412370358E-001  0.902395447457554E+002  0.711536820153184E+002
  0.125982001696420E-001  0.902394287242672E+002  0.711537459083477E+002
  0.125602095200311E-001  0.902383893061430E+002  0.711543186277758E+002
  0.125210930456940E-001  0.902375480059362E+002  0.711547825959209E+002
  0.125054027046562E-001  0.902329761495823E+002  0.711573104051301E+002
  0.124001982623847E-001  0.902287085427552E+002  0.711596799599477E+002
  0.766629158567737E-001  0.863410895233889E+002  0.711612095683871E+002
  0.768768688379601E-001  0.863355156424539E+002  0.711643274052374E+002
  0.769976968935499E-001  0.863323746924249E+002  0.711660918297252E+002
  0.772705876675760E-001  0.863252989397013E+002  0.711700867016520E+002
  0.774926612513414E-001  0.863195592376019E+002  0.711733480128351E+002
  0.776064451587384E-001  0.863166247544719E+002  0.711750226887379E+002
  0.776274057956948E-001  0.863160846496698E+002  0.711753314633014E+002
  0.779675674875313E-001  0.863073398367343E+002  0.711803546040997E+002
  0.786196739658736E-001  0.862906817682440E+002  0.711900505745299E+002
  0.786416026236064E-001  0.862901240045440E+002  0.711903781949160E+002
  0.787643395512679E-001  0.862870050129522E+002  0.711922138580048E+002
  0.788158134821280E-001  0.862856984034154E+002  0.711929846918224E+002
  0.791292188786404E-001  0.862777613178824E+002  0.711976907938559E+002
  0.791347457626069E-001  0.862776216301403E+002  0.711977739852874E+002
  0.794327837213582E-001  0.862701033617864E+002  0.712022705631785E+002
  0.799442584892619E-001  0.862572664684241E+002  0.712100366198373E+002
  0.801656775223525E-001  0.862517347898847E+002  0.712134186041168E+002
  0.803085986228726E-001  0.862481723213884E+002  0.712156082298629E+002
  0.805304825327595E-001  0.862426541587864E+002  0.712190181286452E+002
  0.805699359246666E-001  0.862416745612640E+002  0.712196258056444E+002
  0.807023425229412E-001  0.862383905094902E+002  0.712216682282668E+002
  0.808454130273645E-001  0.862348480141744E+002  0.712238804758889E+002
  0.810085391797416E-001  0.862308165721148E+002  0.712264096987591E+002
  0.818848991327781E-001  0.862092965301200E+002  0.712401280422489E+002
  0.820667172870068E-001  0.862048606304873E+002  0.712430030283333E+002
  0.821018555330337E-001  0.862040044801058E+002  0.712435598386046E+002
  0.829591121106786E-001  0.861832299918021E+002  0.712572684103970E+002
  0.831408547184497E-001  0.861788532858034E+002  0.712602066285821E+002
  0.832541488139771E-001  0.861761297878466E+002  0.712620441487029E+002
  0.833688808669817E-001  0.861733754970056E+002  0.712639096848602E+002
  0.833890104034330E-001  0.861728926524123E+002  0.712642374816132E+002
  0.837825232581635E-001  0.861634768488256E+002  0.712706756843486E+002
  0.840831441081163E-001  0.861563134740619E+002  0.712756337708374E+002
  0.844360856870323E-001  0.861479359827716E+002  0.712815004819641E+002
  0.846892693409144E-001  0.861419479074064E+002  0.712857405160500E+002
  0.847552955914872E-001  0.861403892559633E+002  0.712868506987469E+002
  0.850807041924505E-001  0.861327251800411E+002  0.712923498147390E+002
  0.850812811293080E-001  0.861327116179789E+002  0.712923596058896E+002
  0.851071373176541E-001  0.861321039106206E+002  0.712927985620155E+002
  0.851211990507368E-001  0.861317734901180E+002  0.712930374113475E+002
  0.851478586831499E-001  0.861311471958756E+002  0.712934904894056E+002
  0.852540667910628E-001  0.861286540756513E+002  0.712952986743960E+002
  0.853052531020824E-001  0.861274536413956E+002  0.712961719514338E+002
  0.853075246550642E-001  0.861274003850566E+002  0.712962107336678E+002
  0.854883702560784E-001  0.861231650217021E+002  0.712993059758347E+002
