  0.757433676568697E-002  0.473192500208717E+002  0.739014036265796E+002
  0.757433676568697E-002  0.473337802288521E+002  0.714001884607181E+002
  0.757433676568697E-002  0.539325638059459E+002  0.701081787444508E+002
  0.757433676568697E-002  0.473340736033556E+002  0.714001014021300E+002
  0.757433676568697E-002  0.473484487176142E+002  0.713958429867957E+002
  0.757433676568697E-002  0.531268685301185E+002  0.702287398391651E+002
  0.757433676568697E-002  0.527689351430623E+002  0.702842673486139E+002
  0.757433676568697E-002  0.526478878619843E+002  0.750025687397627E+002
  0.757433676568697E-002  0.523914635760609E+002  0.749616392079810E+002
  0.757433676568697E-002  0.473677513025254E+002  0.739157640400419E+002
  0.757433676568697E-002  0.473742487538397E+002  0.713882360671233E+002
  0.757433676568697E-002  0.519333876839465E+002  0.748866569924761E+002
  0.757433676568697E-002  0.515611469126801E+002  0.704820930085193E+002
  0.757433676568697E-002  0.473975698212736E+002  0.713813992082275E+002
  0.757433676568697E-002  0.474075286808317E+002  0.739274206875590E+002
  0.757433676568697E-002  0.474497373992950E+002  0.713662371497998E+002
  0.757433676568697E-002  0.514844347981523E+002  0.704952703087492E+002
  0.757433676568697E-002  0.514478125742475E+002  0.748043219170357E+002
  0.757433676568697E-002  0.475036389760099E+002  0.713507565440904E+002
  0.757433676568697E-002  0.512356604467437E+002  0.705385686971632E+002
  0.757433676568697E-002  0.475120066209604E+002  0.713483698170668E+002
  0.757433676568697E-002  0.510803181768181E+002  0.747398504152599E+002
  0.757433676568697E-002  0.508754295532566E+002  0.747030255814223E+002
  0.757433676568697E-002  0.508722140737552E+002  0.747024423866568E+002
  0.757433676568697E-002  0.506890408604918E+002  0.706369699608420E+002
  0.757433676568697E-002  0.506705747300471E+002  0.746655333051410E+002
  0.757433676568697E-002  0.506609079274326E+002  0.746637468267390E+002
  0.757433676568697E-002  0.475278626482011E+002  0.713438590927933E+002
  0.757433676568697E-002  0.505230021211691E+002  0.746380860164646E+002
  0.757433676568697E-002  0.475284045681438E+002  0.713437052019993E+002
  0.757433676568697E-002  0.505111224979101E+002  0.706700515266169E+002
  0.757433676568697E-002  0.504352775225157E+002  0.746215886171213E+002
  0.757433676568697E-002  0.504257426661241E+002  0.706861243439963E+002
  0.757433676568697E-002  0.503822953164472E+002  0.746115575316347E+002
  0.757433676568697E-002  0.503109974007378E+002  0.745979770961557E+002
  0.757433676568697E-002  0.501926977485575E+002  0.707306791310747E+002
  0.757433676568697E-002  0.501813553664091E+002  0.707328740129478E+002
  0.757433676568697E-002  0.475781991644610E+002  0.713296412347934E+002
  0.757433676568697E-002  0.475925535637413E+002  0.739802968545469E+002
  0.757433676568697E-002  0.475977572545343E+002  0.713241579692867E+002
  0.757433676568697E-002  0.476001455529424E+002  0.713234899403287E+002
  0.757433676568697E-002  0.499966250788268E+002  0.745369301185326E+002
  0.757433676568697E-002  0.499827738757990E+002  0.707717166749688E+002
  0.757433676568697E-002  0.476159512595022E+002  0.713190773728178E+002
  0.757433676568697E-002  0.476340349631950E+002  0.713140466811258E+002
  0.757433676568697E-002  0.476409460871597E+002  0.713121290659634E+002
  0.757433676568697E-002  0.476750640954017E+002  0.740032091877633E+002
  0.757433676568697E-002  0.498566309339240E+002  0.745090990841863E+002
  0.757433676568697E-002  0.498545428135164E+002  0.745086808035945E+002
  0.757433676568697E-002  0.477260455892637E+002  0.712887376078007E+002
  0.757433676568697E-002  0.497865316074267E+002  0.744950052539158E+002
  0.757433676568697E-002  0.497849123230334E+002  0.744946784139828E+002
  0.757433676568697E-002  0.497598569635470E+002  0.708162977356774E+002
  0.757433676568697E-002  0.477265431271669E+002  0.740173094803222E+002
  0.757433676568697E-002  0.477539333753113E+002  0.712811588104687E+002
  0.757433676568697E-002  0.477563801723160E+002  0.712804958648116E+002
  0.757433676568697E-002  0.478138495595364E+002  0.712650159225830E+002
  0.757433676568697E-002  0.497006485680935E+002  0.744775896420028E+002
  0.757433676568697E-002  0.496548967836304E+002  0.744682437508638E+002
  0.757433676568697E-002  0.495956591558390E+002  0.744560710926638E+002
  0.757433676568697E-002  0.495616303548959E+002  0.708568702533625E+002
  0.757433676568697E-002  0.478637728634717E+002  0.740542041203708E+002
  0.757433676568697E-002  0.494729507751605E+002  0.708753207382796E+002
  0.757433676568697E-002  0.494140340599107E+002  0.708876854422288E+002
  0.757433676568697E-002  0.478649594085639E+002  0.740545188916507E+002
  0.757433676568697E-002  0.493754128960803E+002  0.708958379814630E+002
  0.757433676568697E-002  0.478818179522313E+002  0.712469279300648E+002
  0.757433676568697E-002  0.493103281996264E+002  0.709096629656164E+002
  0.757433676568697E-002  0.492890543541067E+002  0.709142056925724E+002
  0.757433676568697E-002  0.479176575092567E+002  0.712374832495429E+002
  0.757433676568697E-002  0.479428151898664E+002  0.712308909980070E+002
  0.757433676568697E-002  0.479887187854723E+002  0.712189406349419E+002
  0.757433676568697E-002  0.479939430511304E+002  0.740883246321169E+002
  0.757433676568697E-002  0.479984226354144E+002  0.712164271016466E+002
  0.757433676568697E-002  0.479992023976206E+002  0.712162253151332E+002
  0.757433676568697E-002  0.491343518379093E+002  0.709476041305905E+002
  0.757433676568697E-002  0.491326817720248E+002  0.743579432607145E+002
  0.757433676568697E-002  0.480438755780865E+002  0.741011997535191E+002
  0.757433676568697E-002  0.480477962314769E+002  0.741022058523254E+002
  0.757433676568697E-002  0.480516858972935E+002  0.741032033095321E+002
  0.757433676568697E-002  0.480588922309141E+002  0.741050494750274E+002
  0.757433676568697E-002  0.482205915774057E+002  0.711600370626750E+002
  0.757433676568697E-002  0.489526945567014E+002  0.709876766248250E+002
  0.757433676568697E-002  0.482668336078335E+002  0.741573456804803E+002
  0.757433676568697E-002  0.489420683925127E+002  0.709900505875689E+002
  0.757433676568697E-002  0.489066509057292E+002  0.709979877030241E+002
  0.757433676568697E-002  0.482844866630448E+002  0.711442096469997E+002
  0.757433676568697E-002  0.488560059096847E+002  0.742965075890921E+002
  0.757433676568697E-002  0.483172885174514E+002  0.711361484725495E+002
  0.757433676568697E-002  0.483374834623471E+002  0.711312067298651E+002
  0.757433676568697E-002  0.483442737138875E+002  0.741763627650434E+002
  0.757433676568697E-002  0.483780456306008E+002  0.711213292605978E+002
  0.757433676568697E-002  0.484159388147352E+002  0.741937525739288E+002
  0.757433676568697E-002  0.487448070109572E+002  0.742711589946386E+002
  0.757433676568697E-002  0.484812944224721E+002  0.710964695208725E+002
  0.757433676568697E-002  0.487150216966516E+002  0.710416100014821E+002
  0.757433676568697E-002  0.487056319338186E+002  0.742621336384702E+002
  0.757433676568697E-002  0.486751954600780E+002  0.710508250769093E+002
  0.757433676568697E-002  0.486750535460437E+002  0.710508580080384E+002
  0.757433676568697E-002  0.486474107675350E+002  0.742486260386554E+002
  0.757433676568697E-002  0.486240513871734E+002  0.742431742947629E+002
  0.757433676568697E-002  0.484923850939806E+002  0.710938227386566E+002
  0.757433676568697E-002  0.486085207312814E+002  0.710663722131221E+002
  0.757433676568697E-002  0.485133862855882E+002  0.710888230869382E+002
  0.757433676568697E-002  0.502269468773006E+002  0.724736785733327E+002
  0.757433676568697E-002  0.502242829295021E+002  0.724792906915746E+002
  0.757433676568697E-002  0.502228400602667E+002  0.724824074561155E+002
  0.757433676568697E-002  0.502220587803754E+002  0.724841191213724E+002
