  0.128727029243609E-001  0.591063917050173E+002  0.758280783427041E+002
  0.128727029243609E-001  0.553714306423300E+002  0.753556040668624E+002
  0.128727029243609E-001  0.542572779433820E+002  0.701081787444508E+002
  0.128727029243609E-001  0.537547940143181E+002  0.701826778794054E+002
  0.128727029243609E-001  0.534594341287497E+002  0.750783754462244E+002
  0.128727029243609E-001  0.534515826675546E+002  0.702287398391651E+002
  0.128727029243609E-001  0.530936492804984E+002  0.702842673486139E+002
  0.128727029243609E-001  0.529726019994204E+002  0.750025687397627E+002
  0.128727029243609E-001  0.527161777134970E+002  0.749616392079810E+002
  0.128727029243609E-001  0.526649862222925E+002  0.703525305035453E+002
  0.128727029243609E-001  0.522943272406624E+002  0.748926781243521E+002
  0.128727029243609E-001  0.522581018213825E+002  0.748866569924761E+002
  0.128727029243609E-001  0.518858610501161E+002  0.704820930085193E+002
  0.128727029243609E-001  0.518842019451492E+002  0.704823771565626E+002
  0.128727029243609E-001  0.518458791486193E+002  0.704889509275664E+002
  0.128727029243609E-001  0.518242303933201E+002  0.748132381797294E+002
  0.128727029243609E-001  0.518091489355884E+002  0.704952703087492E+002
  0.128727029243609E-001  0.517725267116836E+002  0.748043219170357E+002
  0.128727029243609E-001  0.517037366183245E+002  0.705135100003422E+002
  0.128727029243609E-001  0.515603745841798E+002  0.705385686971632E+002
  0.128727029243609E-001  0.515504516222140E+002  0.747655973470616E+002
  0.128727029243609E-001  0.514050323142542E+002  0.747398504152599E+002
  0.128727029243609E-001  0.512001436906926E+002  0.747030255814223E+002
  0.128727029243609E-001  0.511969282111913E+002  0.747024423866568E+002
  0.128727029243609E-001  0.510137549979278E+002  0.706369699608420E+002
  0.128727029243609E-001  0.509952888674832E+002  0.746655333051410E+002
  0.128727029243609E-001  0.509856220648687E+002  0.746637468267390E+002
  0.128727029243609E-001  0.509051114712880E+002  0.746488059075367E+002
  0.128727029243609E-001  0.508477162586052E+002  0.746380860164646E+002
  0.128727029243609E-001  0.508431422498605E+002  0.706686822857809E+002
  0.128727029243609E-001  0.508358366353462E+002  0.706700515266169E+002
  0.128727029243609E-001  0.507599916599518E+002  0.746215886171213E+002
  0.128727029243609E-001  0.507504568035601E+002  0.706861243439963E+002
  0.128727029243609E-001  0.507070094538833E+002  0.746115575316347E+002
  0.128727029243609E-001  0.506357115381739E+002  0.745979770961557E+002
  0.128727029243609E-001  0.505174118859936E+002  0.707306791310747E+002
  0.128727029243609E-001  0.505060695038452E+002  0.707328740129478E+002
  0.128727029243609E-001  0.504889254915418E+002  0.707361963477436E+002
  0.128727029243609E-001  0.504784740406285E+002  0.745676869474015E+002
  0.128727029243609E-001  0.504219913616427E+002  0.707492230070249E+002
  0.128727029243609E-001  0.504015744065522E+002  0.745526971931162E+002
  0.128727029243609E-001  0.503213392162629E+002  0.745369301185326E+002
  0.128727029243609E-001  0.503074880132351E+002  0.707717166749688E+002
  0.128727029243609E-001  0.503036025756123E+002  0.745334268364874E+002
  0.128727029243609E-001  0.502698991255133E+002  0.707791597126135E+002
  0.128727029243609E-001  0.502435204551052E+002  0.707844007000220E+002
  0.128727029243609E-001  0.502010641632547E+002  0.745130444641208E+002
  0.128727029243609E-001  0.501813450713601E+002  0.745090990841863E+002
  0.128727029243609E-001  0.501792569509525E+002  0.745086808035945E+002
  0.128727029243609E-001  0.501178273218373E+002  0.708095784106742E+002
  0.128727029243609E-001  0.501112457448628E+002  0.744950052539158E+002
  0.128727029243609E-001  0.501096264604695E+002  0.744946784139828E+002
  0.128727029243609E-001  0.500845711009831E+002  0.708162977356774E+002
  0.128727029243609E-001  0.500580487643860E+002  0.744842373380878E+002
  0.128727029243609E-001  0.500560347224642E+002  0.708220830884364E+002
  0.128727029243609E-001  0.500478425863510E+002  0.744821641979706E+002
  0.128727029243609E-001  0.500403629357457E+002  0.744806433933061E+002
  0.128727029243609E-001  0.500253627055296E+002  0.744775896420028E+002
  0.128727029243609E-001  0.499796109210665E+002  0.744682437508638E+002
  0.128727029243609E-001  0.499203732932751E+002  0.744560710926638E+002
  0.128727029243609E-001  0.498863444923319E+002  0.708568702533625E+002
  0.128727029243609E-001  0.498435309809492E+002  0.744401573481380E+002
  0.128727029243609E-001  0.497976649125966E+002  0.708753207382796E+002
  0.128727029243609E-001  0.497387481973467E+002  0.708876854422288E+002
  0.128727029243609E-001  0.497309904630785E+002  0.744165915109056E+002
  0.128727029243609E-001  0.497001270335164E+002  0.708958379814630E+002
  0.128727029243609E-001  0.496873032080619E+002  0.708985533399414E+002
  0.128727029243609E-001  0.496350423370625E+002  0.709096629656164E+002
  0.128727029243609E-001  0.496137684915428E+002  0.709142056925724E+002
  0.128727029243609E-001  0.496132388090832E+002  0.743915925579928E+002
  0.128727029243609E-001  0.496041552010810E+002  0.743896491362574E+002
  0.128727029243609E-001  0.495965588474729E+002  0.709178892695748E+002
  0.128727029243609E-001  0.495788428812900E+002  0.709216894072063E+002
  0.128727029243609E-001  0.495064150251712E+002  0.743685985214474E+002
  0.128727029243609E-001  0.495031505407786E+002  0.743678909797433E+002
  0.128727029243609E-001  0.494590659753454E+002  0.709476041305905E+002
  0.128727029243609E-001  0.494573959094609E+002  0.743579432607145E+002
  0.128727029243609E-001  0.494218468266696E+002  0.743501741277723E+002
  0.128727029243609E-001  0.494081885398227E+002  0.709587318267640E+002
  0.128727029243609E-001  0.493778928686661E+002  0.743405186866688E+002
  0.128727029243609E-001  0.493285265741889E+002  0.743296080145280E+002
  0.128727029243609E-001  0.493233667198643E+002  0.709774479979672E+002
  0.128727029243609E-001  0.492774086941374E+002  0.709876766248250E+002
  0.128727029243609E-001  0.492692298508677E+002  0.709895035379012E+002
  0.128727029243609E-001  0.492667825299488E+002  0.709900505875689E+002
  0.128727029243609E-001  0.492313650431652E+002  0.709979877030241E+002
  0.128727029243609E-001  0.492074997265269E+002  0.743025540130059E+002
  0.128727029243609E-001  0.491807200471208E+002  0.742965075890921E+002
  0.128727029243609E-001  0.491435480188524E+002  0.742880776818212E+002
  0.128727029243609E-001  0.491370142794111E+002  0.742865914593108E+002
  0.128727029243609E-001  0.491185752434566E+002  0.742823898410461E+002
  0.128727029243609E-001  0.490972699793634E+002  0.742775215769579E+002
  0.128727029243609E-001  0.490957827861355E+002  0.710287303004617E+002
  0.128727029243609E-001  0.490695211483933E+002  0.742711589946386E+002
  0.128727029243609E-001  0.490528582544317E+002  0.710385852303221E+002
  0.128727029243609E-001  0.490397358340876E+002  0.710416100014821E+002
  0.128727029243609E-001  0.490303460712547E+002  0.742621336384702E+002
  0.128727029243609E-001  0.489999095975141E+002  0.710508250769093E+002
  0.128727029243609E-001  0.489997676834798E+002  0.710508580080384E+002
  0.128727029243609E-001  0.489721249049710E+002  0.742486260386554E+002
  0.128727029243609E-001  0.489487655246095E+002  0.742431742947629E+002
  0.128727029243609E-001  0.489336924389484E+002  0.742396465098732E+002
  0.128727029243609E-001  0.489332348687174E+002  0.710663722131221E+002
  0.128727029243609E-001  0.489080620736065E+002  0.742336297669049E+002
  0.128727029243609E-001  0.488800846905526E+002  0.710788757014959E+002
  0.128727029243609E-001  0.488702288312061E+002  0.710812052078993E+002
  0.128727029243609E-001  0.488402625304528E+002  0.710883092715532E+002
  0.128727029243609E-001  0.488381004230243E+002  0.710888230869382E+002
  0.128727029243609E-001  0.488170992314166E+002  0.710938227386566E+002
  0.128727029243609E-001  0.488060085599081E+002  0.710964695208725E+002
  0.128727029243609E-001  0.487408794260062E+002  0.711121042905780E+002
  0.128727029243609E-001  0.487406529521712E+002  0.741937525739288E+002
  0.128727029243609E-001  0.487027597680369E+002  0.711213292605978E+002
  0.128727029243609E-001  0.486871892287734E+002  0.711251133584361E+002
  0.128727029243609E-001  0.486698024601594E+002  0.741765615481992E+002
  0.128727029243609E-001  0.486689878513236E+002  0.741763627650434E+002
  0.128727029243609E-001  0.486621975997832E+002  0.711312067298651E+002
  0.128727029243609E-001  0.486517477918831E+002  0.711337618114730E+002
  0.128727029243609E-001  0.486420026548875E+002  0.711361484725495E+002
  0.128727029243609E-001  0.486167656129976E+002  0.711423467505328E+002
  0.128727029243609E-001  0.486092008004809E+002  0.711442096469997E+002
  0.128727029243609E-001  0.485915477452695E+002  0.741573456804803E+002
  0.128727029243609E-001  0.485453057148418E+002  0.711600370626750E+002
  0.128727029243609E-001  0.485017990242159E+002  0.741350007007960E+002
  0.128727029243609E-001  0.484771269123630E+002  0.741287987351771E+002
  0.128727029243609E-001  0.484708634251155E+002  0.741272200950930E+002
  0.128727029243609E-001  0.484692959316339E+002  0.711790867463341E+002
  0.128727029243609E-001  0.484218244289220E+002  0.741148014565376E+002
  0.128727029243609E-001  0.483836063683502E+002  0.741050494750274E+002
  0.128727029243609E-001  0.483780720093343E+002  0.712022796519595E+002
  0.128727029243609E-001  0.483764000347295E+002  0.741032033095321E+002
  0.128727029243609E-001  0.483725103689130E+002  0.741022058523254E+002
  0.128727029243609E-001  0.483719155510772E+002  0.741020532580445E+002
  0.128727029243609E-001  0.483685897155226E+002  0.741011997535191E+002
  0.128727029243609E-001  0.483239165350567E+002  0.712162253151332E+002
  0.128727029243609E-001  0.483231367728505E+002  0.712164271016466E+002
  0.128727029243609E-001  0.483186571885665E+002  0.740883246321169E+002
  0.128727029243609E-001  0.483134329229083E+002  0.712189406349419E+002
  0.128727029243609E-001  0.482804059323539E+002  0.740783828656322E+002
  0.128727029243609E-001  0.482788653705440E+002  0.740779810099779E+002
  0.128727029243609E-001  0.482675293273025E+002  0.712308909980070E+002
  0.128727029243609E-001  0.482663709563980E+002  0.712311938631307E+002
  0.128727029243609E-001  0.482586844258619E+002  0.712332052033540E+002
  0.128727029243609E-001  0.482490354090414E+002  0.712357341095943E+002
  0.128727029243609E-001  0.482423716466928E+002  0.712374832495429E+002
  0.128727029243609E-001  0.482212759594405E+002  0.740628766416123E+002
  0.128727029243609E-001  0.482186457022492E+002  0.740621829202373E+002
  0.128727029243609E-001  0.482065320896674E+002  0.712469279300648E+002
  0.128727029243609E-001  0.481896735460000E+002  0.740545188916507E+002
  0.128727029243609E-001  0.481884870009077E+002  0.740542041203708E+002
  0.128727029243609E-001  0.481474739605017E+002  0.740432802195919E+002
  0.128727029243609E-001  0.481385636969725E+002  0.712650159225830E+002
  0.128727029243609E-001  0.481353462411850E+002  0.740400334975869E+002
  0.128727029243609E-001  0.481314123393664E+002  0.740389787158068E+002
  0.128727029243609E-001  0.481167514943146E+002  0.740350406702454E+002
  0.128727029243609E-001  0.480991302984943E+002  0.712756189618308E+002
  0.128727029243609E-001  0.480810943097520E+002  0.712804958648116E+002
  0.128727029243609E-001  0.480786475127474E+002  0.712811588104687E+002
  0.128727029243609E-001  0.480783401022265E+002  0.712812421242474E+002
  0.128727029243609E-001  0.480780567667300E+002  0.712813189177431E+002
  0.128727029243609E-001  0.480522883090067E+002  0.740175903988787E+002
  0.128727029243609E-001  0.480512572646030E+002  0.740173094803222E+002
  0.128727029243609E-001  0.480507597266998E+002  0.712887376078007E+002
  0.128727029243609E-001  0.480436699646425E+002  0.740152404614790E+002
  0.128727029243609E-001  0.479997782328378E+002  0.740032091877633E+002
  0.128727029243609E-001  0.479804288874603E+002  0.713080404000746E+002
  0.128727029243609E-001  0.479656602245958E+002  0.713121290659634E+002
  0.128727029243609E-001  0.479587491006311E+002  0.713140466811258E+002
  0.128727029243609E-001  0.479556820296901E+002  0.713148985753410E+002
  0.128727029243609E-001  0.479406653969383E+002  0.713190773728178E+002
  0.128727029243609E-001  0.479371710603807E+002  0.739858598596160E+002
  0.128727029243609E-001  0.479370151856551E+002  0.713200951254475E+002
  0.128727029243609E-001  0.479250625574559E+002  0.713234332120141E+002
  0.128727029243609E-001  0.479248596903784E+002  0.713234899403287E+002
  0.128727029243609E-001  0.479224713919704E+002  0.713241579692867E+002
  0.128727029243609E-001  0.479172677011774E+002  0.739802968545469E+002
  0.128727029243609E-001  0.479029133018971E+002  0.713296412347934E+002
  0.128727029243609E-001  0.479000494657748E+002  0.739754654660457E+002
  0.128727029243609E-001  0.478905016743767E+002  0.739727787599322E+002
  0.128727029243609E-001  0.478531187055799E+002  0.713437052019993E+002
  0.128727029243609E-001  0.478525767856372E+002  0.713438590927933E+002
  0.128727029243609E-001  0.478448818316245E+002  0.739598652984325E+002
  0.128727029243609E-001  0.478367207583965E+002  0.713483698170668E+002
  0.128727029243609E-001  0.478283531134460E+002  0.713507565440904E+002
  0.128727029243609E-001  0.478266000041255E+002  0.739546543652671E+002
  0.128727029243609E-001  0.478157715458669E+002  0.713543534766387E+002
  0.128727029243609E-001  0.477992563792138E+002  0.713590901596466E+002
  0.128727029243609E-001  0.477744515367311E+002  0.713662371497998E+002
  0.128727029243609E-001  0.477628102939338E+002  0.713696050503274E+002
  0.128727029243609E-001  0.477322428182678E+002  0.739274206875590E+002
  0.128727029243609E-001  0.477222839587097E+002  0.713813992082275E+002
  0.128727029243609E-001  0.477218220987258E+002  0.739243772568086E+002
  0.128727029243609E-001  0.477067481185741E+002  0.739199618787292E+002
  0.128727029243609E-001  0.477026922365632E+002  0.713871402831015E+002
  0.128727029243609E-001  0.476989628912758E+002  0.713882360671233E+002
  0.128727029243609E-001  0.476969825320127E+002  0.739170931710028E+002
  0.128727029243609E-001  0.476924903066214E+002  0.713901401474005E+002
  0.128727029243609E-001  0.476924654399615E+002  0.739157640400419E+002
  0.128727029243609E-001  0.476904783135014E+002  0.713907326130675E+002
  0.128727029243609E-001  0.476873149826644E+002  0.713916646724920E+002
  0.128727029243609E-001  0.476834168636537E+002  0.739130973264294E+002
  0.128727029243609E-001  0.476731628550503E+002  0.713958429867957E+002
  0.128727029243609E-001  0.476587877407917E+002  0.714001014021300E+002
  0.128727029243609E-001  0.476584943662882E+002  0.714001884607181E+002
  0.128727029243609E-001  0.476487681295037E+002  0.739028333634635E+002
  0.128727029243609E-001  0.476439641583078E+002  0.739014036265796E+002
  0.128727029243609E-001  0.477493198967806E+002  0.724989886292889E+002
  0.128727029243609E-001  0.477474571915843E+002  0.725035540191595E+002
  0.128727029243609E-001  0.477464919891864E+002  0.725059754454193E+002
  0.128727029243609E-001  0.477454546084865E+002  0.725086232339546E+002
  0.128727029243609E-001  0.477453207211837E+002  0.725089685126056E+002
  0.128727029243609E-001  0.477448736364920E+002  0.725101275354244E+002
  0.128727029243609E-001  0.477440680305078E+002  0.725122400861192E+002
  0.128727029243609E-001  0.477433052431388E+002  0.725142700094703E+002
  0.128727029243609E-001  0.477418176859721E+002  0.725183166941232E+002
  0.128727029243609E-001  0.477416207015977E+002  0.725188617177955E+002
  0.128727029243609E-001  0.477415737815316E+002  0.725189918649589E+002
  0.128727029243609E-001  0.477404554770214E+002  0.725221321374278E+002
  0.128727029243609E-001  0.477403037520001E+002  0.725225640175861E+002
  0.128727029243609E-001  0.477393275750072E+002  0.725253776304668E+002
  0.128727029243609E-001  0.477393070869199E+002  0.725254373479656E+002
  0.128727029243609E-001  0.477376860932212E+002  0.725302542092076E+002
  0.128727029243609E-001  0.477371693015187E+002  0.725318301438582E+002
  0.128727029243609E-001  0.477371026854102E+002  0.725320347812761E+002
  0.128727029243609E-001  0.477369732456037E+002  0.725324333997218E+002
  0.128727029243609E-001  0.477367874946039E+002  0.725330077467094E+002
  0.128727029243609E-001  0.477364192888439E+002  0.727717570524923E+002
  0.128727029243609E-001  0.477362695167467E+002  0.725346240725425E+002
  0.128727029243609E-001  0.477361022105395E+002  0.725351508820176E+002
  0.128727029243609E-001  0.477360560327771E+002  0.725352967007268E+002
  0.128727029243609E-001  0.477356842953871E+002  0.727694342969862E+002
  0.128727029243609E-001  0.477352491512558E+002  0.727680370452923E+002
  0.128727029243609E-001  0.477349318318565E+002  0.725389041705733E+002
  0.128727029243609E-001  0.477347325261590E+002  0.727663558061204E+002
  0.128727029243609E-001  0.477347118200168E+002  0.727662879028434E+002
  0.128727029243609E-001  0.477345194923746E+002  0.727656552328468E+002
  0.128727029243609E-001  0.477342419145315E+002  0.727647358153232E+002
  0.128727029243609E-001  0.477342196876163E+002  0.727646618661576E+002
  0.128727029243609E-001  0.477339474683305E+002  0.727637521861440E+002
  0.128727029243609E-001  0.477337736838159E+002  0.727631675206889E+002
  0.128727029243609E-001  0.477335797387876E+002  0.727625113448895E+002
  0.128727029243609E-001  0.477326187751472E+002  0.727592003393682E+002
  0.128727029243609E-001  0.477324405867994E+002  0.727585749834599E+002
  0.128727029243609E-001  0.477324239619658E+002  0.727585164492958E+002
  0.128727029243609E-001  0.477321613283762E+002  0.725483241067987E+002
  0.128727029243609E-001  0.477319631164659E+002  0.725490307667529E+002
  0.128727029243609E-001  0.477313894766139E+002  0.727548079922261E+002
  0.128727029243609E-001  0.477312918899642E+002  0.725514603415219E+002
  0.128727029243609E-001  0.477312737927318E+002  0.727543848561221E+002
  0.128727029243609E-001  0.477307511732701E+002  0.725534606592113E+002
  0.128727029243609E-001  0.477303049703586E+002  0.727507693721445E+002
  0.128727029243609E-001  0.477302075483019E+002  0.725555131216473E+002
  0.128727029243609E-001  0.477300015878142E+002  0.725563021115677E+002
  0.128727029243609E-001  0.477299057557665E+002  0.725566714273003E+002
  0.128727029243609E-001  0.477295301683755E+002  0.725581327237916E+002
  0.128727029243609E-001  0.477292314871979E+002  0.727466004307138E+002
  0.128727029243609E-001  0.477289914565838E+002  0.727456426082276E+002
  0.128727029243609E-001  0.477289639903322E+002  0.725603791336171E+002
  0.128727029243609E-001  0.477288243741825E+002  0.725609415140563E+002
  0.128727029243609E-001  0.477287471054530E+002  0.727446572694535E+002
  0.128727029243609E-001  0.477287169491263E+002  0.727445349300189E+002
  0.128727029243609E-001  0.477286425741300E+002  0.727442325015522E+002
  0.128727029243609E-001  0.477285911355125E+002  0.725618887571820E+002
  0.128727029243609E-001  0.477285455141252E+002  0.727438363161684E+002
  0.128727029243609E-001  0.477284657173595E+002  0.727435092985868E+002
  0.128727029243609E-001  0.477284109800668E+002  0.727432842934128E+002
  0.128727029243609E-001  0.477281585588819E+002  0.727422393449261E+002
  0.128727029243609E-001  0.477278955241176E+002  0.725647742223235E+002
  0.128727029243609E-001  0.477276006130200E+002  0.725660264486648E+002
  0.128727029243609E-001  0.477275038696560E+002  0.725664411800958E+002
  0.128727029243609E-001  0.477274234101132E+002  0.725667876244310E+002
  0.128727029243609E-001  0.477274054418461E+002  0.727390463251608E+002
  0.128727029243609E-001  0.477268284783940E+002  0.725693938571276E+002
  0.128727029243609E-001  0.477263461882077E+002  0.727343436416360E+002
  0.128727029243609E-001  0.477260553777655E+002  0.725729072760028E+002
  0.128727029243609E-001  0.477260508463013E+002  0.725729283243175E+002
  0.128727029243609E-001  0.477257704084293E+002  0.725742418890771E+002
  0.128727029243609E-001  0.477255929373177E+002  0.725750846069858E+002
  0.128727029243609E-001  0.477255180860061E+002  0.725754427838529E+002
  0.128727029243609E-001  0.477254786044687E+002  0.727302791297388E+002
  0.128727029243609E-001  0.477254141524104E+002  0.725759428870039E+002
  0.128727029243609E-001  0.477253504451859E+002  0.727296604656750E+002
  0.128727029243609E-001  0.477252904354089E+002  0.725765424498078E+002
  0.128727029243609E-001  0.477251123779257E+002  0.727284977959135E+002
  0.128727029243609E-001  0.477249601037353E+002  0.725781668643499E+002
  0.128727029243609E-001  0.477247018938683E+002  0.727264498931821E+002
  0.128727029243609E-001  0.477245411992081E+002  0.727256324729303E+002
  0.128727029243609E-001  0.477243841278754E+002  0.727248244992667E+002
  0.128727029243609E-001  0.477243545979814E+002  0.727246715811809E+002
  0.128727029243609E-001  0.477242013801096E+002  0.727238728615619E+002
  0.128727029243609E-001  0.477240440399106E+002  0.725828683280128E+002
  0.128727029243609E-001  0.477240146992908E+002  0.725830241349947E+002
  0.128727029243609E-001  0.477237814281276E+002  0.727216360623524E+002
  0.128727029243609E-001  0.477237048903264E+002  0.725846910064080E+002
  0.128727029243609E-001  0.477235575965379E+002  0.727204135694041E+002
  0.128727029243609E-001  0.477228892303819E+002  0.725892878704073E+002
  0.128727029243609E-001  0.477227597540774E+002  0.725900484531545E+002
  0.128727029243609E-001  0.477224794441867E+002  0.727141840702258E+002
  0.128727029243609E-001  0.477223874449334E+002  0.727136228910589E+002
  0.128727029243609E-001  0.477223864213729E+002  0.725922948898378E+002
  0.128727029243609E-001  0.477223773371575E+002  0.725923505895580E+002
  0.128727029243609E-001  0.477219873637628E+002  0.725947919777482E+002
  0.128727029243609E-001  0.477219414576204E+002  0.725950861438161E+002
  0.128727029243609E-001  0.477218794852555E+002  0.727104258577555E+002
  0.128727029243609E-001  0.477217237029087E+002  0.725965023901232E+002
  0.128727029243609E-001  0.477216985320202E+002  0.727092431125349E+002
  0.128727029243609E-001  0.477216762353729E+002  0.725968158551004E+002
  0.128727029243609E-001  0.477213818401133E+002  0.727071110252991E+002
  0.128727029243609E-001  0.477213645741387E+002  0.725989191419892E+002
  0.128727029243609E-001  0.477212368266387E+002  0.727061062007465E+002
  0.128727029243609E-001  0.477210153159164E+002  0.726013779706425E+002
  0.128727029243609E-001  0.477209390702343E+002  0.726019305056552E+002
  0.128727029243609E-001  0.477206582009392E+002  0.727018918167046E+002
  0.128727029243609E-001  0.477203641967654E+002  0.726996048072005E+002
  0.128727029243609E-001  0.477201498740444E+002  0.726080472193455E+002
  0.128727029243609E-001  0.477201324249127E+002  0.726081919031238E+002
  0.128727029243609E-001  0.477200820056360E+002  0.726972988884773E+002
  0.128727029243609E-001  0.477200487300115E+002  0.726970190243526E+002
  0.128727029243609E-001  0.477199012445128E+002  0.726957565755284E+002
  0.128727029243609E-001  0.477198795149859E+002  0.726955674136242E+002
  0.128727029243609E-001  0.477198699435878E+002  0.726954838248695E+002
  0.128727029243609E-001  0.477198556344891E+002  0.726953585536088E+002
  0.128727029243609E-001  0.477197803244113E+002  0.726946930431655E+002
  0.128727029243609E-001  0.477197550281633E+002  0.726114444000847E+002
  0.128727029243609E-001  0.477197235140871E+002  0.726941839060175E+002
  0.128727029243609E-001  0.477196709113495E+002  0.726937068060423E+002
  0.128727029243609E-001  0.477195517206714E+002  0.726926045260180E+002
  0.128727029243609E-001  0.477195160145247E+002  0.726922682984263E+002
  0.128727029243609E-001  0.477194511058370E+002  0.726916496023269E+002
  0.128727029243609E-001  0.477193842881439E+002  0.726149093059112E+002
  0.128727029243609E-001  0.477193823079140E+002  0.726909828475336E+002
  0.128727029243609E-001  0.477192527291599E+002  0.726162173169920E+002
  0.128727029243609E-001  0.477191442871237E+002  0.726173315812126E+002
  0.128727029243609E-001  0.477191021995474E+002  0.726881379635972E+002
  0.128727029243609E-001  0.477189752767885E+002  0.726191413247611E+002
  0.128727029243609E-001  0.477189510616641E+002  0.726865028955303E+002
  0.128727029243609E-001  0.477188514272400E+002  0.726853799495280E+002
  0.128727029243609E-001  0.477188452851673E+002  0.726853094489142E+002
  0.128727029243609E-001  0.477187793567863E+002  0.726213687134584E+002
  0.128727029243609E-001  0.477187450384007E+002  0.726841362611120E+002
  0.128727029243609E-001  0.477187428699895E+002  0.726841103960583E+002
  0.128727029243609E-001  0.477187275452492E+002  0.726839269850647E+002
  0.128727029243609E-001  0.477187114234014E+002  0.726837328543132E+002
  0.128727029243609E-001  0.477186489603127E+002  0.726229426560987E+002
  0.128727029243609E-001  0.477186193059916E+002  0.726825992500897E+002
  0.128727029243609E-001  0.477186118359998E+002  0.726825054175771E+002
  0.128727029243609E-001  0.477185929107896E+002  0.726236451595972E+002
  0.128727029243609E-001  0.477185464455917E+002  0.726816709448890E+002
  0.128727029243609E-001  0.477184116828863E+002  0.726260418055121E+002
  0.128727029243609E-001  0.477184013675592E+002  0.726261846733768E+002
  0.128727029243609E-001  0.477183474450811E+002  0.726269442719032E+002
  0.128727029243609E-001  0.477183249557485E+002  0.726272677126785E+002
  0.128727029243609E-001  0.477183214165626E+002  0.726785925234203E+002
  0.128727029243609E-001  0.477182451711710E+002  0.726774619245396E+002
  0.128727029243609E-001  0.477181495666902E+002  0.726299456135236E+002
  0.128727029243609E-001  0.477180770663226E+002  0.726747630829982E+002
  0.128727029243609E-001  0.477180534961265E+002  0.726743574875255E+002
  0.128727029243609E-001  0.477180483687922E+002  0.726316432738664E+002
  0.128727029243609E-001  0.477179688094483E+002  0.726330794817215E+002
  0.128727029243609E-001  0.477179680465806E+002  0.726728177524585E+002
  0.128727029243609E-001  0.477179266012494E+002  0.726720262204933E+002
  0.128727029243609E-001  0.477178926361477E+002  0.726713521736728E+002
  0.128727029243609E-001  0.477178904723150E+002  0.726346031151344E+002
  0.128727029243609E-001  0.477177732751490E+002  0.726371545359694E+002
  0.128727029243609E-001  0.477177701790857E+002  0.726686839594647E+002
  0.128727029243609E-001  0.477177558196118E+002  0.726375707096695E+002
  0.128727029243609E-001  0.477177156402254E+002  0.726673371511775E+002
  0.128727029243609E-001  0.477177066588298E+002  0.726671030700570E+002
  0.128727029243609E-001  0.477176754199147E+002  0.726662568496988E+002
  0.128727029243609E-001  0.477176586709603E+002  0.726401313392587E+002
  0.128727029243609E-001  0.477176373015622E+002  0.726407665540093E+002
  0.128727029243609E-001  0.477176153549115E+002  0.726644561180017E+002
  0.128727029243609E-001  0.477176071397280E+002  0.726641874078778E+002
  0.128727029243609E-001  0.477176010072986E+002  0.726419289532628E+002
  0.128727029243609E-001  0.477175722864482E+002  0.726629675079298E+002
  0.128727029243609E-001  0.477175685798014E+002  0.726430825999517E+002
  0.128727029243609E-001  0.477175461319248E+002  0.726619439831922E+002
  0.128727029243609E-001  0.477175310562608E+002  0.726446143577401E+002
  0.128727029243609E-001  0.477175249983746E+002  0.726448888706690E+002
  0.128727029243609E-001  0.477175200639041E+002  0.726451195797357E+002
  0.128727029243609E-001  0.477174830459444E+002  0.726471349922038E+002
  0.128727029243609E-001  0.477174770425285E+002  0.726475319652990E+002
  0.128727029243609E-001  0.477174745676686E+002  0.726582071658632E+002
  0.128727029243609E-001  0.477174603120687E+002  0.726570761553946E+002
  0.128727029243609E-001  0.477174550354421E+002  0.726493426777692E+002
  0.128727029243609E-001  0.477174538852057E+002  0.726494630369675E+002
  0.128727029243609E-001  0.477174473683924E+002  0.726502440098245E+002
