  0.894420840717616E-046  0.300425006637942E+003  0.600385738378348E+002
  0.347974640229303E-045  0.297701274470276E+003  0.601137482368146E+002
  0.107049138005804E-044  0.295447131987041E+003  0.601763316995314E+002
  0.217519126169956E-044  0.294022478766195E+003  0.602160607339200E+002
  0.246952634595135E-044  0.293762003641229E+003  0.602233393764244E+002
  0.290507334447583E-044  0.293430483524693E+003  0.602326099396326E+002
  0.483402042848834E-044  0.292405388203268E+003  0.602613228792953E+002
  0.153800804436295E-043  0.290083943250692E+003  0.603266136520150E+002
  0.159497272830424E-042  0.285399380411770E+003  0.604595180952769E+002
  0.556248573968828E-042  0.282894347939607E+003  0.605312344205767E+002
  0.370181171670300E-041  0.279096967635165E+003  0.606408330017079E+002
  0.801322992491732E-041  0.277545768928181E+003  0.606859157741571E+002
  0.130624304658333E-040  0.276561820767696E+003  0.607146080067981E+002
  0.135796520436792E-040  0.276477500602356E+003  0.607170702837796E+002
  0.201202979789389E-040  0.275684531709951E+003  0.607402531498324E+002
  0.420195294454228E-040  0.274205065446170E+003  0.607836372875366E+002
  0.190681656770479E-038  0.266568298035915E+003  0.610103690813758E+002
  0.246935614844738E-038  0.266044597825817E+003  0.610260933089860E+002
  0.690714504404980E-037  0.259375574176755E+003  0.612283895152522E+002
  0.290844330227560E-036  0.256493625208748E+003  0.613170248132984E+002
  0.375876453561588E-035  0.251368854778419E+003  0.614765297906640E+002
  0.293409112569803E-034  0.247252414181636E+003  0.616064696284453E+002
  0.321065937186523E-034  0.247065601421281E+003  0.616124061259780E+002
  0.977351647737829E-034  0.244832545842116E+003  0.616836390641566E+002
  0.509964785811885E-032  0.236916559564784E+003  0.619403245738912E+002
  0.586283341649877E-032  0.236630980954625E+003  0.619497106047236E+002
  0.133942642875156E-031  0.234971938230096E+003  0.620044169046650E+002
  0.500214922216119E-031  0.232330030289058E+003  0.620921732067325E+002
  0.142937166995706E-029  0.225618299753770E+003  0.623187930727963E+002
  0.206999763882466E-029  0.224871019152506E+003  0.623443630409395E+002
  0.104281627435050E-028  0.221630438300853E+003  0.624560621606785E+002
  0.156025124588692E-028  0.220817939012673E+003  0.624842794813706E+002
  0.278373406640634E-027  0.215048220541627E+003  0.626871862948162E+002
  0.279111495225719E-027  0.215036269112073E+003  0.626876113183935E+002
  0.115963389060605E-026  0.212181116939327E+003  0.627897263249355E+002
  0.234052329086586E-026  0.210769920980767E+003  0.628406307559284E+002
  0.262749155051069E-026  0.210531955250522E+003  0.628492433402624E+002
  0.270987995308882E-026  0.210463550213969E+003  0.628517206369138E+002
  0.296285161195655E-026  0.210278398932100E+003  0.628584293798919E+002
  0.493444746542295E-026  0.209251566317532E+003  0.628957278633575E+002
  0.220758179504529E-025  0.206248426547624E+003  0.630057276364063E+002
  0.243915700765467E-025  0.206042261397666E+003  0.630133299772161E+002
  0.387992926794565E-025  0.205107276952252E+003  0.630478910054478E+002
  0.640167848549498E-025  0.204099134780505E+003  0.630853109218291E+002
  0.959452531759874E-025  0.203283214326226E+003  0.631157149114242E+002
  0.144890213874330E-024  0.202452161624907E+003  0.631467933877527E+002
  0.350680185779651E-024  0.200677709351635E+003  0.632135309514591E+002
  0.488221354194855E-024  0.200009265289086E+003  0.632388071703476E+002
  0.696446929867380E-024  0.199292164314516E+003  0.632660071212336E+002
  0.797824285439217E-024  0.199013715165022E+003  0.632765923850693E+002
  0.844168288787484E-024  0.198894132605839E+003  0.632811423911542E+002
  0.125073561996243E-023  0.198101206457347E+003  0.633113746529255E+002
  0.253118500925583E-023  0.196684639473164E+003  0.633656564709552E+002
  0.412335685469937E-023  0.195702023841005E+003  0.634035172506627E+002
  0.450865636967252E-023  0.195516705091849E+003  0.634106769882971E+002
  0.477299333865981E-023  0.195396100600196E+003  0.634153398173221E+002
  0.481877940681344E-023  0.195370350983013E+003  0.634163356913533E+002
  0.813893899529258E-023  0.194315417070692E+003  0.634572385335354E+002
  0.835860568991669E-023  0.194255497885059E+003  0.634595678391446E+002
  0.119860214648578E-022  0.193527943378518E+003  0.634879033516756E+002
  0.163743075186284E-022  0.192897343000679E+003  0.635125418300465E+002
  0.368086294012346E-022  0.191270649779302E+003  0.798999316066430E+002
  0.455408262005598E-022  0.190838240418134E+003  0.798828611135341E+002
  0.505436150874194E-022  0.190623129986231E+003  0.798743557249970E+002
  0.823813924466507E-022  0.189639428480130E+003  0.636410274319395E+002
  0.862659391796039E-022  0.189540622401289E+003  0.636449560146651E+002
  0.999756492695089E-022  0.189238983204883E+003  0.636569611658498E+002
  0.118574205476390E-021  0.188891102980475E+003  0.636708288792997E+002
  0.165980505360947E-021  0.188211784654822E+003  0.797783962876397E+002
  0.252909621030048E-021  0.187362805370836E+003  0.637320366856193E+002
  0.399166454881972E-021  0.186443457162103E+003  0.637690827271785E+002
  0.460152629004288E-021  0.186152442128753E+003  0.637808454027253E+002
  0.490846580062454E-021  0.186016639792359E+003  0.637863404165095E+002
  0.604792365903000E-021  0.185592477037105E+003  0.796728461546015E+002
  0.984255642527655E-021  0.184611820536207E+003  0.638434084925992E+002
  0.178489952407045E-020  0.183414701474089E+003  0.638923667171766E+002
  0.204735286111700E-020  0.183133674800205E+003  0.639039041235832E+002
  0.243973567083921E-020  0.182776335159314E+003  0.795577750066576E+002
  0.377501047403714E-020  0.181896652668202E+003  0.639548927571908E+002
  0.378505963908040E-020  0.181884680115655E+003  0.795209862265164E+002
  0.644903158149574E-020  0.180812287868122E+003  0.794765087487491E+002
  0.104212313430384E-019  0.179845801841278E+003  0.794362035691652E+002
  0.144143308347978E-019  0.179190390844888E+003  0.794087505858216E+002
  0.149589027471648E-019  0.179109567833671E+003  0.794053583708415E+002
  0.228155668027552E-019  0.178258639386650E+003  0.793695526261235E+002
  0.422356340638075E-019  0.177020341373810E+003  0.793171447816993E+002
  0.439809270531291E-019  0.176932702213522E+003  0.793134219365581E+002
  0.722988022377672E-019  0.175931943636151E+003  0.642055941049739E+002
  0.181520177010635E-018  0.174084169549644E+003  0.642849680856040E+002
  0.219258343347261E-018  0.173699746231589E+003  0.643015880427790E+002
  0.303597482960361E-018  0.173042186510846E+003  0.643301030733104E+002
  0.394947054929922E-018  0.172509433004816E+003  0.643532866310473E+002
  0.404460905958946E-018  0.172455170692134E+003  0.791207220895921E+002
  0.437939117605410E-018  0.172289465480347E+003  0.791134940107953E+002
  0.543466787552218E-018  0.171851032507321E+003  0.790943352627297E+002
  0.613103837561480E-018  0.171603245491556E+003  0.643928888057630E+002
  0.783970134647962E-018  0.171104916687292E+003  0.644147580171607E+002
  0.839894318483180E-018  0.170960450814048E+003  0.790552639728430E+002
  0.968522230523055E-018  0.170668804506761E+003  0.644339505707434E+002
  0.120002828356259E-017  0.170233490988595E+003  0.790232157100554E+002
  0.211728047672258E-017  0.169091260718312E+003  0.789725733291910E+002
  0.414748554636961E-017  0.167739865564179E+003  0.645641784476833E+002
  0.450854763000944E-017  0.167566264363556E+003  0.645719714777157E+002
  0.481921830828379E-017  0.167426335443746E+003  0.788981149918845E+002
  0.609519801100536E-017  0.166949900840262E+003  0.645997090173012E+002
  0.902170377275442E-017  0.166158981350648E+003  0.646354605875082E+002
  0.107733518033092E-016  0.165797440860803E+003  0.788245109049485E+002
  0.116149148829513E-016  0.165640356523426E+003  0.646590017600545E+002
  0.116630112253747E-016  0.165625436218859E+003  0.646596801740354E+002
  0.130633351020031E-016  0.165392006521175E+003  0.646703025092649E+002
  0.158100674844312E-016  0.165003676019505E+003  0.787883649691252E+002
  0.162062391028627E-016  0.164947521682872E+003  0.646905732819318E+002
  0.228776404309268E-016  0.164251338632140E+003  0.787539336287737E+002
  0.245231717725030E-016  0.164105766203886E+003  0.647291222541958E+002
  0.269506635692723E-016  0.163910331699542E+003  0.647381027238459E+002
  0.323970334944444E-016  0.163535558238347E+003  0.787210177491168E+002
  0.328403555752982E-016  0.163501720153685E+003  0.787194578290562E+002
  0.332747765966982E-016  0.163468781496742E+003  0.787179390373446E+002
  0.500673756555475E-016  0.162644985994461E+003  0.786798459887981E+002
  0.509277266296052E-016  0.162604254631705E+003  0.647984170018333E+002
  0.582738104279026E-016  0.162328108513735E+003  0.648112366098722E+002
  0.703509122560955E-016  0.161944766975082E+003  0.648290720092620E+002
  0.810721810954357E-016  0.161654423131652E+003  0.786337628235902E+002
  0.826427772936725E-016  0.161609392453686E+003  0.786316605766554E+002
  0.920783258613410E-016  0.161386512570467E+003  0.648551280843206E+002
  0.101248554954380E-015  0.161189979288421E+003  0.648643246233243E+002
  0.126482227579190E-015  0.160738276966190E+003  0.785908658384976E+002
  0.167357755558662E-015  0.160171557455853E+003  0.785641952056593E+002
  0.178551319718981E-015  0.160035417284871E+003  0.785577727159277E+002
  0.311252814984677E-015  0.158917302851607E+003  0.785047944133190E+002
  0.662901846731211E-015  0.157398604384992E+003  0.650442098910005E+002
  0.667288529586533E-015  0.157378757614025E+003  0.650451642596448E+002
  0.100280962913233E-014  0.156557425157814E+003  0.783915945072584E+002
  0.124314090099390E-014  0.156121098633251E+003  0.651059211918599E+002
  0.177651148264795E-014  0.155400422176261E+003  0.783353851890706E+002
  0.221683072217415E-014  0.154950912649733E+003  0.651629565216761E+002
  0.246277343576852E-014  0.154733837960465E+003  0.783027827939106E+002
  0.256703745017469E-014  0.154644253654161E+003  0.782983889068781E+002
  0.274254933425516E-014  0.154505327252116E+003  0.651848050246039E+002
  0.365673294574352E-014  0.153923307253521E+003  0.782629205587175E+002
  0.376898476319325E-014  0.153856180552113E+003  0.782596083145289E+002
  0.448052790368730E-014  0.153503654564891E+003  0.782421858750201E+002
  0.521183652337252E-014  0.153194616148285E+003  0.652494999246219E+002
  0.521026025683124E-014  0.153188565539091E+003  0.652498000701550E+002
  0.561228619193406E-014  0.153033253259865E+003  0.652575092237519E+002
  0.611282519517446E-014  0.152855735884308E+003  0.782100423046086E+002
  0.832107898280208E-014  0.152232274550508E+003  0.652974134817812E+002
  0.885904700208140E-014  0.152100324440058E+003  0.653040108964586E+002
  0.956575393496976E-014  0.151940168409750E+003  0.781643464233164E+002
  0.117403792447215E-013  0.151523823438633E+003  0.653329152513483E+002
  0.117837085875911E-013  0.151509800194769E+003  0.653336199677591E+002
  0.118394304107567E-013  0.151493709471098E+003  0.653344286777125E+002
  0.145568435848979E-013  0.151073802468080E+003  0.653555691752419E+002
  0.286734501129829E-013  0.149711326130044E+003  0.780517227021689E+002
  0.297268587976553E-013  0.149632511825212E+003  0.654286707069708E+002
  0.332472579502169E-013  0.149402013600478E+003  0.780359339494348E+002
  0.472720689573306E-013  0.148691463386815E+003  0.779995133785992E+002
  0.536792176076924E-013  0.148430595197305E+003  0.654902852958712E+002
  0.120750430039928E-012  0.146802539744132E+003  0.779016466538639E+002
  0.127464023732880E-012  0.146687667555852E+003  0.655807292554838E+002
  0.127043234819249E-012  0.146687625371283E+003  0.778956426501906E+002
  0.128566838543479E-012  0.146657126884614E+003  0.778940481932118E+002
  0.134983853861694E-012  0.146553058790735E+003  0.778886044149477E+002
  0.146720884022687E-012  0.146379649483619E+003  0.778795226941792E+002
  0.205792049818587E-012  0.145696325586817E+003  0.778436044403223E+002
  0.216365191080508E-012  0.145589467031686E+003  0.778379684010740E+002
  0.280910153496028E-012  0.145060677051000E+003  0.778100014408444E+002
  0.305851038978362E-012  0.144883894864927E+003  0.656757512074554E+002
  0.503174663916485E-012  0.143881560941763E+003  0.777471709421648E+002
  0.616034259888297E-012  0.143470174912583E+003  0.657512794833923E+002
  0.785565588331114E-012  0.142977316583695E+003  0.776985385831172E+002
  0.111846111183280E-011  0.142264050885223E+003  0.658164783783488E+002
  0.116271327182205E-011  0.142179790168871E+003  0.776553140422323E+002
  0.121275986104355E-011  0.142088849912748E+003  0.776503651669842E+002
  0.159111515063476E-011  0.141539121365069E+003  0.776203608478921E+002
  0.183292602122423E-011  0.141249508813593E+003  0.658718821076297E+002
  0.215235337688278E-011  0.140921556775883E+003  0.658899036878431E+002
  0.276824508076565E-011  0.140411597721363E+003  0.775583363668765E+002
  0.302346518571919E-011  0.140228562118124E+003  0.775482052069024E+002
  0.312038497962805E-011  0.140158800939911E+003  0.775443392197876E+002
  0.338461037655499E-011  0.139989580536354E+003  0.659414233680798E+002
  0.342311646596514E-011  0.139960299782774E+003  0.775333246805621E+002
  0.414296443681973E-011  0.139571923811309E+003  0.659646606215999E+002
  0.558394836614405E-011  0.138968299152068E+003  0.659984108424141E+002
  0.561691138804539E-011  0.138949871933710E+003  0.659994442781885E+002
  0.619003899711226E-011  0.138748897455641E+003  0.774656466693340E+002
  0.101748714522970E-010  0.137748282453709E+003  0.774091357508371E+002
  0.139055918966144E-010  0.137116886960743E+003  0.773731853199431E+002
  0.146827065146552E-010  0.137001472741122E+003  0.661097850751982E+002
  0.164951404456472E-010  0.136762026270125E+003  0.661234949080651E+002
  0.189578549908275E-010  0.136477065614040E+003  0.773365196401123E+002
  0.191666286797009E-010  0.136448505393509E+003  0.773348773641476E+002
  0.208779105965104E-010  0.136270807786152E+003  0.661517255994209E+002
  0.208235283862624E-010  0.136269368547887E+003  0.773245655876689E+002
  0.328135415384189E-010  0.135353197443419E+003  0.772715269492669E+002
  0.338013651834290E-010  0.135287222043745E+003  0.772676878889433E+002
  0.573254947790069E-010  0.134224077927336E+003  0.772054526003660E+002
  0.788373626668821E-010  0.133580139206784E+003  0.771674102331898E+002
  0.885715066351520E-010  0.133340637265925E+003  0.771531928416169E+002
  0.952625151218241E-010  0.133188329310974E+003  0.771441320376997E+002
  0.105422971186730E-009  0.132978985415631E+003  0.771316533249563E+002
  0.107846899296068E-009  0.132926865701526E+003  0.771285420462962E+002
  0.110068498585054E-009  0.132879429593088E+003  0.663506653178233E+002
  0.125502810501987E-009  0.132610323480175E+003  0.771096073959016E+002
  0.126838620887527E-009  0.132582493051989E+003  0.771079394661589E+002
  0.142319393068147E-009  0.132345521067742E+003  0.663826578626656E+002
  0.147877343632647E-009  0.132262246703309E+003  0.663876650238984E+002
  0.172803197290521E-009  0.131944050746878E+003  0.770695331314705E+002
  0.268092270027370E-009  0.131059039459961E+003  0.664605422173870E+002
  0.293977158337558E-009  0.130868042161400E+003  0.664722035101984E+002
  0.313947916095336E-009  0.130729936524712E+003  0.664806516284136E+002
  0.474746756989693E-009  0.129896172106844E+003  0.769444287332434E+002
  0.488873516509345E-009  0.129830871966881E+003  0.665359840426325E+002
  0.522689388685097E-009  0.129690449214747E+003  0.769316946020340E+002
  0.522223494404145E-009  0.129685577110751E+003  0.665449814677586E+002
  0.535810276631691E-009  0.129627552549663E+003  0.665485790138919E+002
  0.590004252221156E-009  0.129428197755228E+003  0.665609581398764E+002
  0.684276157560685E-009  0.129125078512568E+003  0.665798375441688E+002
  0.713943890410201E-009  0.129033537334130E+003  0.665855526721051E+002
  0.785130677532684E-009  0.128836790158483E+003  0.768785165518435E+002
  0.820525330468512E-009  0.128741945358454E+003  0.666037998406325E+002
  0.877286972455298E-009  0.128601511023488E+003  0.768637630294491E+002
  0.110371371518539E-008  0.128135652007665E+003  0.666419494603974E+002
  0.143139609559304E-008  0.127609057106753E+003  0.768010566121363E+002
  0.143275432131904E-008  0.127600504662745E+003  0.666758612450555E+002
  0.191052045556942E-008  0.127018295074118E+003  0.767633588744955E+002
  0.218032783599334E-008  0.126747440385511E+003  0.667303939099740E+002
  0.228172513853539E-008  0.126649871710147E+003  0.667366689395975E+002
  0.230537610657245E-008  0.126622592057061E+003  0.667384248114126E+002
  0.230932348737242E-008  0.126612514904847E+003  0.767373005212297E+002
  0.343678921010472E-008  0.125810693229986E+003  0.667909684566442E+002
  0.364859949293950E-008  0.125684426195744E+003  0.766771838054609E+002
  0.420033269316078E-008  0.125396129932736E+003  0.766583599647499E+002
  0.424351987438606E-008  0.125369015654358E+003  0.668197882356860E+002
  0.433444102943947E-008  0.125319960925372E+003  0.766533745926182E+002
  0.443593780870732E-008  0.125267012562375E+003  0.766499060640331E+002
  0.454870346645214E-008  0.125210150601757E+003  0.766461784347291E+002
  0.697110000942278E-008  0.124349633435633E+003  0.765894169246638E+002
  0.964848401159728E-008  0.123692922309710E+003  0.765456480202832E+002
  0.981082556320211E-008  0.123652895490444E+003  0.669334067150043E+002
  0.983172512184254E-008  0.123641983932129E+003  0.765422363815269E+002
  0.110823456737241E-007  0.123395850456051E+003  0.765257171391725E+002
  0.119989057136233E-007  0.123230270690304E+003  0.765145721123982E+002
  0.135768308128951E-007  0.122976516573840E+003  0.669789326088074E+002
  0.139126049685542E-007  0.122920999917165E+003  0.764936854174274E+002
  0.138851453704319E-007  0.122918295679332E+003  0.764935023813177E+002
  0.144268098844406E-007  0.122835102733528E+003  0.669885060833082E+002
  0.165857910156247E-007  0.122549530967769E+003  0.670078978716878E+002
  0.167794142286111E-007  0.122519662536335E+003  0.670099306855912E+002
  0.182131875446712E-007  0.122349020695083E+003  0.670215611899307E+002
  0.197355852298998E-007  0.122181810232836E+003  0.764433884030696E+002
  0.201788375020992E-007  0.122130732565175E+003  0.764398930282032E+002
  0.238272373122704E-007  0.121791687096232E+003  0.764166250844393E+002
  0.256816294414463E-007  0.121635138361305E+003  0.764058423473630E+002
  0.273570092764871E-007  0.121502089084858E+003  0.763966585822690E+002
  0.330838458337352E-007  0.121115288814141E+003  0.763698561598598E+002
  0.353948838994920E-007  0.120973588903742E+003  0.763599984955264E+002
  0.423298574498092E-007  0.120609082523851E+003  0.763345436726798E+002
  0.479716418184076E-007  0.120352192235796E+003  0.671598550498412E+002
  0.480696432100666E-007  0.120341455018192E+003  0.763157641428322E+002
  0.529804149010298E-007  0.120140256526985E+003  0.763015950748315E+002
  0.670014269764901E-007  0.119664017742338E+003  0.672084939694739E+002
  0.718909406119605E-007  0.119516489482885E+003  0.672189891382724E+002
  0.737104705736882E-007  0.119459844698002E+003  0.762533487776764E+002
  0.840169079023803E-007  0.119191442710142E+003  0.672421994383744E+002
  0.837497674219631E-007  0.119191156468938E+003  0.762341541802641E+002
  0.104806668004397E-006  0.118735932884335E+003  0.672749286733813E+002
  0.169881837656182E-006  0.117763305850338E+003  0.761307441463835E+002
  0.190133096318751E-006  0.117531407847960E+003  0.673626555337430E+002
  0.213081831796690E-006  0.117296848377962E+003  0.673799441632576E+002
  0.214363935430027E-006  0.117278194948444E+003  0.673813219927790E+002
  0.218537766158204E-006  0.117232972090267E+003  0.673846641746217E+002
  0.231367538428254E-006  0.117112219151842E+003  0.760827731281061E+002
  0.239925598443957E-006  0.117032920877162E+003  0.673994797846668E+002
  0.327646920011579E-006  0.116403049904166E+003  0.674464614690394E+002
  0.373795911181816E-006  0.116132847541498E+003  0.674667740793591E+002
  0.386368736676853E-006  0.116060027494512E+003  0.760041091989803E+002
  0.398422896632388E-006  0.115991928302962E+003  0.674774061814996E+002
  0.406624938000643E-006  0.115944518249188E+003  0.759953849569101E+002
  0.444472410224992E-006  0.115759869166058E+003  0.759814014296931E+002
  0.475776447393435E-006  0.115617093362300E+003  0.675058168061141E+002
  0.500957853778580E-006  0.115507290026569E+003  0.675141755403880E+002
  0.501306793151457E-006  0.115499241842591E+003  0.675147888558352E+002
  0.534225380902760E-006  0.115365387189836E+003  0.675250023997849E+002
  0.657148714924678E-006  0.114944546537920E+003  0.759190976692140E+002
  0.661102882486640E-006  0.114925892703597E+003  0.759176613485488E+002
  0.765035804367298E-006  0.114627210800694E+003  0.675817784746148E+002
  0.777619421868833E-006  0.114587926033125E+003  0.675848217730939E+002
  0.865940423166784E-006  0.114366112690422E+003  0.676020471457030E+002
  0.898829320893906E-006  0.114284903007697E+003  0.676083716184464E+002
  0.960108472964617E-006  0.114146341210104E+003  0.676191849963339E+002
  0.100342771931839E-005  0.114051423897298E+003  0.758497653438839E+002
  0.107731013175747E-005  0.113902677401984E+003  0.758381043909498E+002
  0.109805456579280E-005  0.113857876378135E+003  0.758345857187340E+002
  0.113240307536799E-005  0.113789616892802E+003  0.676471553099880E+002
  0.133008996578343E-005  0.113461152125929E+003  0.758032941001590E+002
  0.134399929309224E-005  0.113433690280272E+003  0.758011191289961E+002
  0.153783255115921E-005  0.113157586150848E+003  0.676971874089283E+002
  0.178055332841358E-005  0.112857830202844E+003  0.757552399131151E+002
  0.178282358978937E-005  0.112848626184213E+003  0.677218717441396E+002
  0.234091566722620E-005  0.112297283064571E+003  0.757100717237981E+002
  0.276362158548860E-005  0.111958627835114E+003  0.756825326751643E+002
  0.277892132390647E-005  0.111940930552570E+003  0.756810882643916E+002
  0.300572143817334E-005  0.111777365414367E+003  0.756677133305529E+002
  0.326538923458080E-005  0.111604987131266E+003  0.678228058238121E+002
  0.347757846878403E-005  0.111472417072315E+003  0.756426549732449E+002
  0.368185006470906E-005  0.111351603189020E+003  0.678436913038639E+002
  0.387937194940148E-005  0.111240431786845E+003  0.756234839338095E+002
  0.395869258921720E-005  0.111193295117273E+003  0.678567970803137E+002
  0.396981036837930E-005  0.111181030515304E+003  0.678578142716685E+002
  0.401565108960213E-005  0.111151412592861E+003  0.756161023123480E+002
  0.444753079855615E-005  0.110940457878851E+003  0.755985532353200E+002
  0.476863881328055E-005  0.110794378629394E+003  0.755863541760242E+002
  0.483208864514947E-005  0.110761287237575E+003  0.678927887689636E+002
  0.549973788627157E-005  0.110495788401069E+003  0.755612978471491E+002
  0.627425572871444E-005  0.110225623950979E+003  0.755384845220528E+002
  0.675201712786524E-005  0.110072195520820E+003  0.755254674818762E+002
  0.751404696151215E-005  0.109851674134634E+003  0.755066794456539E+002
  0.832863037308091E-005  0.109639168905127E+003  0.754884853197639E+002
  0.908694678580219E-005  0.109458233439032E+003  0.680034498592844E+002
  0.926411644870449E-005  0.109412958806528E+003  0.680073537846027E+002
  0.970219069681209E-005  0.109313896797809E+003  0.680159099494531E+002
  0.994822132462591E-005  0.109257157080016E+003  0.754555545790149E+002
  0.108778010392473E-004  0.109071840826249E+003  0.754394741390651E+002
  0.117503124107531E-004  0.108910873810566E+003  0.754254496431157E+002
  0.126842323845822E-004  0.108751258531976E+003  0.680648840633696E+002
  0.129381122968075E-004  0.108704967512577E+003  0.754074316035519E+002
  0.131202597178954E-004  0.108670351568999E+003  0.680719803053155E+002
  0.145172259968272E-004  0.108461339258408E+003  0.680903763918011E+002
  0.171070147458607E-004  0.108126378369515E+003  0.753563212950617E+002
  0.181985572694157E-004  0.107996015346167E+003  0.681316685592326E+002
  0.189756808075125E-004  0.107905728002397E+003  0.753366386964307E+002
  0.189162330081875E-004  0.107905347940349E+003  0.681397694097851E+002
  0.198905532776107E-004  0.107798243426965E+003  0.681493624232444E+002
  0.205368776127953E-004  0.107727633309508E+003  0.681557007985356E+002
  0.210259557463631E-004  0.107673906760417E+003  0.753158429815429E+002
  0.216525088488377E-004  0.107608523845318E+003  0.753099558634510E+002
  0.227198501637862E-004  0.107505632927074E+003  0.753006718006573E+002
  0.234366757253923E-004  0.107436851076619E+003  0.752944519536505E+002
  0.251240410346812E-004  0.107291149368804E+003  0.752812402881145E+002
  0.254427050834179E-004  0.107259286054944E+003  0.681980296345878E+002
  0.255383318444451E-004  0.107245127538063E+003  0.752770569569256E+002
  0.256572759137278E-004  0.107229178638509E+003  0.752756060661047E+002
  0.258833822198161E-004  0.107204975144518E+003  0.682029710035201E+002
  0.278736370864864E-004  0.107050159193978E+003  0.752592794323020E+002
  0.278309185795260E-004  0.107046571119839E+003  0.752589514247911E+002
  0.277457348758403E-004  0.107046046442837E+003  0.682174706524533E+002
  0.307075283924645E-004  0.106836539424994E+003  0.752396976195508E+002
  0.327672199185945E-004  0.106700042297013E+003  0.752271278341640E+002
  0.336174615869728E-004  0.106642152718573E+003  0.682545909249199E+002
  0.348992694284714E-004  0.106560656591104E+003  0.752142451382588E+002
  0.402392263905515E-004  0.106269248200894E+003  0.751871563158775E+002
  0.401765941574787E-004  0.106265708039805E+003  0.751868259204156E+002
  0.403448755260408E-004  0.106250692869849E+003  0.682909498752039E+002
  0.406564026865420E-004  0.106228653399268E+003  0.751833657906822E+002
  0.407393392344026E-004  0.106217922098432E+003  0.682940110486784E+002
  0.421263724827833E-004  0.106144306962736E+003  0.751754766066566E+002
  0.430143699469189E-004  0.106095930831865E+003  0.683054304553214E+002
  0.452888402869645E-004  0.105986222439319E+003  0.683157326224100E+002
  0.459402617402934E-004  0.105951004371486E+003  0.751573277537870E+002
  0.487125404532692E-004  0.105827159578438E+003  0.683307247388156E+002
  0.490299171184495E-004  0.105807515670007E+003  0.751437933004519E+002
  0.490228080492618E-004  0.105801150099883E+003  0.683331824837369E+002
  0.515764247640521E-004  0.105692936472777E+003  0.683434271460985E+002
  0.522896064547876E-004  0.105658815015989E+003  0.683466638662988E+002
  0.559412107634837E-004  0.105517152016727E+003  0.683601350134369E+002
  0.569328927136569E-004  0.105475352592684E+003  0.683641201185184E+002
  0.606853502603659E-004  0.105341038874728E+003  0.750994167063953E+002
  0.672754308929357E-004  0.105128197736100E+003  0.683974011141286E+002
  0.699399389540877E-004  0.105043858641393E+003  0.684055367027903E+002
  0.734084691663540E-004  0.104940398153408E+003  0.684155440019358E+002
  0.828985115543991E-004  0.104690586984090E+003  0.750365417608052E+002
  0.843937109740288E-004  0.104648179849842E+003  0.684439732413716E+002
  0.851608406641890E-004  0.104623426615133E+003  0.750299814048805E+002
  0.929104177643796E-004  0.104442582899901E+003  0.750122508842137E+002
  0.952195380551273E-004  0.104386828573062E+003  0.684696089636848E+002
  0.992863795043766E-004  0.104296526504638E+003  0.749978606299250E+002
  0.101050064111249E-003  0.104254655560914E+003  0.749937235501766E+002
  0.102374620199858E-003  0.104221954472780E+003  0.684858852681355E+002
  0.105925727345500E-003  0.104147100230949E+003  0.749830723151390E+002
  0.113320499986173E-003  0.104005480802730E+003  0.749689941454682E+002
  0.113131725222755E-003  0.104002159697301E+003  0.749686632632371E+002
  0.113505749074178E-003  0.103988902840039E+003  0.685090319680097E+002
  0.121832862198182E-003  0.103840653989467E+003  0.685238427882797E+002
  0.122902409473742E-003  0.103816517413144E+003  0.749501134899757E+002
  0.135800323927023E-003  0.103610271875140E+003  0.749293785574257E+002
  0.143680390459452E-003  0.103490804851620E+003  0.749173060631520E+002
  0.147838357561445E-003  0.103427092919134E+003  0.749108490030075E+002
  0.148667166640852E-003  0.103409256282673E+003  0.685673351663865E+002
  0.180048224469589E-003  0.103019571297835E+003  0.748692326358212E+002
  0.181242717555365E-003  0.102999690947260E+003  0.686091858286137E+002
  0.196505745052507E-003  0.102831326259339E+003  0.748498210031688E+002
  0.195905034100800E-003  0.102830793970897E+003  0.748497659424409E+002
  0.197078967995913E-003  0.102812189432171E+003  0.686285332627415E+002
  0.218236698714370E-003  0.102601582359000E+003  0.686504094074742E+002
  0.225773400836522E-003  0.102527023583947E+003  0.748181829060201E+002
  0.236025293685589E-003  0.102431553742160E+003  0.686681843167294E+002
  0.248817517822988E-003  0.102319336578522E+003  0.747964019420716E+002
  0.257212238504006E-003  0.102246317383943E+003  0.686876669329659E+002
  0.271888441480755E-003  0.102128681272337E+003  0.747762696923422E+002
  0.271401622501097E-003  0.102125609921956E+003  0.747759442810562E+002
  0.276393095553892E-003  0.102082505569716E+003  0.687050004429839E+002
  0.301808304627687E-003  0.101899914086990E+003  0.747519355246868E+002
  0.303168616851865E-003  0.101884264348724E+003  0.687261104469417E+002
  0.329725423195347E-003  0.101709666538129E+003  0.747315480662199E+002
  0.361356787916056E-003  0.101519799867462E+003  0.687653120778547E+002
  0.377537464689094E-003  0.101425536276191E+003  0.747008386578796E+002
  0.384422756259089E-003  0.101382734562416E+003  0.746961849258201E+002
  0.462922845928779E-003  0.101004443930294E+003  0.746547314337689E+002
  0.472795647441122E-003  0.100955582631324E+003  0.746493341155301E+002
  0.482196242389461E-003  0.100909551225243E+003  0.746442402228013E+002
  0.497064077760628E-003  0.100842160097449E+003  0.746367664902251E+002
  0.530414601558418E-003  0.100705624475375E+003  0.688548089173883E+002
  0.573818110023151E-003  0.100541661901624E+003  0.688731703983105E+002
  0.574728538905216E-003  0.100531835604520E+003  0.746020995677499E+002
  0.678123977941415E-003  0.100194315411382E+003  0.689124623529117E+002
  0.735695293137452E-003  0.100024688032053E+003  0.689318505825675E+002
  0.753909228346030E-003  0.999691205621969E+002  0.745381430322337E+002
  0.784358670783105E-003  0.998832761219587E+002  0.689481167891621E+002
  0.782812573117318E-003  0.998805667554967E+002  0.689484293657949E+002
  0.787551119423836E-003  0.998618412052505E+002  0.689505906701982E+002
  0.791784708329156E-003  0.998444631454724E+002  0.745237761633777E+002
  0.817129504051391E-003  0.997747914211956E+002  0.689606600440613E+002
  0.855759900995527E-003  0.996757513343766E+002  0.745042131524597E+002
  0.879414375033080E-003  0.996145630427567E+002  0.744970837738468E+002
  0.881687350550637E-003  0.996027448379560E+002  0.744957046470353E+002
  0.942847575739456E-003  0.994619550245031E+002  0.689971523187265E+002
  0.991270311644201E-003  0.993551341808891E+002  0.690097247183076E+002
  0.101097970023489E-002  0.993091028482185E+002  0.690151603243069E+002
  0.103891402910667E-002  0.992479350602888E+002  0.744539739599019E+002
  0.105461952909820E-002  0.992112712778121E+002  0.744496251641973E+002
  0.107383333369779E-002  0.991685062270058E+002  0.744445438506032E+002
  0.107500827073786E-002  0.991596635388368E+002  0.744434919777778E+002
  0.111442777887922E-002  0.990809825284117E+002  0.744341144872453E+002
  0.121594589799408E-002  0.988999645074395E+002  0.690639588627517E+002
  0.132665928400244E-002  0.987190255772192E+002  0.743905480882578E+002
  0.133926608513209E-002  0.986934543960967E+002  0.690889309538211E+002
  0.142904973961841E-002  0.985570229371641E+002  0.743708153414057E+002
  0.186074612175966E-002  0.980224316722027E+002  0.743046232318492E+002
  0.199717226746561E-002  0.978742665603773E+002  0.742859733578207E+002
  0.201152052454419E-002  0.978532937759593E+002  0.691930516854262E+002
  0.200984243698595E-002  0.978483073688098E+002  0.742826917436611E+002
  0.217106294902274E-002  0.976873306757425E+002  0.742622467206888E+002
  0.227374350326760E-002  0.975882536801781E+002  0.692267935168772E+002
  0.227090342273806E-002  0.975840978153242E+002  0.742490479066976E+002
  0.232894132443831E-002  0.975269701126912E+002  0.692346601619914E+002
  0.232529628376950E-002  0.975234471971620E+002  0.742412609794364E+002
  0.245611835332867E-002  0.974073221493962E+002  0.692500904152055E+002
  0.245695080373123E-002  0.973999888255162E+002  0.692510392618151E+002
  0.245444298167860E-002  0.973953756979463E+002  0.692516363322602E+002
  0.247848636378489E-002  0.973692237326963E+002  0.742213502535454E+002
  0.273404503901552E-002  0.971662998021611E+002  0.692814678005495E+002
  0.273301190852415E-002  0.971604001171593E+002  0.692822408747891E+002
  0.276182799662344E-002  0.971327675092424E+002  0.741905091111389E+002
  0.279189668159023E-002  0.971044551271698E+002  0.692895838431038E+002
  0.287155533492370E-002  0.970415342820409E+002  0.741785052955198E+002
  0.295269113754009E-002  0.969791523158715E+002  0.741702634177070E+002
  0.299528725033868E-002  0.969438504708601E+002  0.741655869546779E+002
  0.299902117998955E-002  0.969347032403520E+002  0.741643737434864E+002
  0.304060156049149E-002  0.969005088291863E+002  0.741598331035061E+002
  0.303907789309234E-002  0.968948557146359E+002  0.693172924988007E+002
  0.305037130099934E-002  0.968807817814962E+002  0.741572096927067E+002
  0.304805168947783E-002  0.968756476514543E+002  0.693198476495185E+002
  0.342421874227649E-002  0.966362505811112E+002  0.693519229581650E+002
  0.359345472340444E-002  0.965331135668937E+002  0.741104988102624E+002
  0.361447669207174E-002  0.965147919332680E+002  0.741080116731864E+002
  0.364186634125194E-002  0.964930379603340E+002  0.741050552068814E+002
  0.368159656393285E-002  0.964646819288881E+002  0.741011959368634E+002
  0.367123386509386E-002  0.964636637455121E+002  0.693753168664248E+002
  0.366681213177081E-002  0.964594184712093E+002  0.693758952269173E+002
  0.376422289945279E-002  0.964003253248320E+002  0.693839606129630E+002
  0.400442860881627E-002  0.962699508203616E+002  0.694018533809526E+002
  0.401744335882416E-002  0.962568056021070E+002  0.740727090522185E+002
  0.405191422695258E-002  0.962330626255858E+002  0.740694332205722E+002
  0.408261592588117E-002  0.962113099990393E+002  0.694099461578943E+002
  0.418879391594503E-002  0.961533046128369E+002  0.694179790109763E+002
  0.444890534965035E-002  0.960261585670502E+002  0.740406892918822E+002
  0.473045636150736E-002  0.958967757806195E+002  0.694538429805433E+002
  0.483981553892780E-002  0.958444103444091E+002  0.740151407656292E+002
  0.490261999188371E-002  0.958119684717632E+002  0.740105501672549E+002
  0.520813115751741E-002  0.956844102235709E+002  0.739924097465162E+002
  0.526504901875108E-002  0.956560159085807E+002  0.739883518102403E+002
  0.529428823848287E-002  0.956382841429298E+002  0.694905601287135E+002
  0.535863975901656E-002  0.956074653267570E+002  0.694949778499765E+002
  0.541636681204271E-002  0.955793795581208E+002  0.739773627173902E+002
  0.543195274571619E-002  0.955669771175800E+002  0.739755792238095E+002
  0.568652937439414E-002  0.954687186988155E+002  0.695149751950157E+002
  0.574140273048204E-002  0.954428562219445E+002  0.695187226378166E+002
  0.573487944375719E-002  0.954384743005376E+002  0.739570159106374E+002
  0.587973880360841E-002  0.953819274992536E+002  0.695275762509152E+002
  0.608446676076672E-002  0.953068184169181E+002  0.739378346434634E+002
  0.612136911365253E-002  0.952880694526492E+002  0.695412846726629E+002
  0.629074651123699E-002  0.952268259464316E+002  0.739260982210816E+002
  0.627734237575797E-002  0.952244364533759E+002  0.695506274425025E+002
  0.645422084784424E-002  0.951622056542661E+002  0.739165710185828E+002
  0.659771040312283E-002  0.951115733372234E+002  0.739090768989956E+002
  0.698616137793979E-002  0.949905006248746E+002  0.738910510854680E+002
  0.714108804767460E-002  0.949399772325662E+002  0.695928899493965E+002
  0.721917431521230E-002  0.949115707859409E+002  0.695971561480549E+002
  0.723306599175070E-002  0.949010703538788E+002  0.738776388105240E+002
  0.722695129308107E-002  0.948961062513491E+002  0.695994822538877E+002
  0.759492902649907E-002  0.947901236340918E+002  0.738608818341988E+002
  0.761539689685868E-002  0.947780854256006E+002  0.738590556661793E+002
  0.765050627384246E-002  0.947622304057246E+002  0.696197260159736E+002
  0.780725345263260E-002  0.947150120132043E+002  0.738494617586488E+002
  0.789342769706050E-002  0.946864019435451E+002  0.696312785462853E+002
  0.847697472014143E-002  0.945371000527375E+002  0.738221621205644E+002
  0.845115396765753E-002  0.945365457429253E+002  0.696542976049674E+002
  0.878702918922085E-002  0.944519427985248E+002  0.696674062705899E+002
  0.910394047810695E-002  0.943744258963461E+002  0.696794902746884E+002
  0.913418607397933E-002  0.943611368226354E+002  0.696815690196657E+002
  0.917096499960782E-002  0.943464443844155E+002  0.696838697344957E+002
  0.927712405117160E-002  0.943167706535529E+002  0.737878498394468E+002
  0.937908896251609E-002  0.942882529888033E+002  0.737833666578028E+002
  0.940381309601694E-002  0.942763321630870E+002  0.696948844076772E+002
  0.962138712931519E-002  0.942239302009334E+002  0.737732183925611E+002
  0.969020233741240E-002  0.942030209003097E+002  0.737699085960762E+002
  0.985757053580500E-002  0.941621164490193E+002  0.697129560454279E+002
  0.986345063251251E-002  0.941542682131735E+002  0.737621703634312E+002
  0.996583447576598E-002  0.941269593915755E+002  0.737578228364240E+002
  0.996209843078838E-002  0.941210537225905E+002  0.697194926801152E+002
  0.102805242603309E-001  0.940514710992335E+002  0.737457562219961E+002
  0.113751611964038E-001  0.938424537609767E+002  0.737119604530488E+002
  0.117554261568406E-001  0.937700325833389E+002  0.737001149633864E+002
  0.118813793637818E-001  0.937420620417902E+002  0.697808533081101E+002
  0.118436773067387E-001  0.937417629629702E+002  0.697809024900666E+002
  0.122007459856211E-001  0.936757015194689E+002  0.697917964042062E+002
  0.122296819268422E-001  0.936643082482606E+002  0.697936813911394E+002
  0.122184333283597E-001  0.936594930715843E+002  0.736818955117048E+002
  0.122793319286331E-001  0.936428939353107E+002  0.736791448236144E+002
  0.122750019137235E-001  0.936369437320225E+002  0.697982162611988E+002
  0.123353186659678E-001  0.936204846431313E+002  0.736754251231433E+002
  0.124338849098889E-001  0.935979114313747E+002  0.736716709790138E+002
  0.124025674308738E-001  0.935962996465242E+002  0.698049714660920E+002
  0.124233931170526E-001  0.935862885964027E+002  0.698066389676919E+002
  0.126812488844144E-001  0.935385466170238E+002  0.736617630635316E+002
  0.127850716788084E-001  0.935155834796710E+002  0.698184572825720E+002
  0.128803998507027E-001  0.934940708008874E+002  0.736543065345679E+002
  0.132549344462457E-001  0.934300889614255E+002  0.698328455434190E+002
  0.136932578428085E-001  0.933583660026497E+002  0.736313736385362E+002
  0.137710430020058E-001  0.933403814805593E+002  0.736283135345253E+002
  0.138921191002849E-001  0.933162185928628E+002  0.736241943520588E+002
  0.140874422978201E-001  0.932816388622215E+002  0.736182836526209E+002
  0.144530932004464E-001  0.932237339408524E+002  0.698680299548883E+002
  0.148745527110187E-001  0.931595915063329E+002  0.735972719426836E+002
  0.153560717312888E-001  0.930892177917120E+002  0.735850477269229E+002
  0.157128141635543E-001  0.930366309717969E+002  0.699005140232655E+002
  0.158839928987696E-001  0.930083047956395E+002  0.735708920287622E+002
  0.164059401101916E-001  0.929369860056720E+002  0.735583235502203E+002
  0.164514141599226E-001  0.929247944863004E+002  0.735561663478813E+002
  0.164299496515024E-001  0.929207500522454E+002  0.699209239623087E+002
  0.164365430264715E-001  0.929132920286570E+002  0.735541287206669E+002
  0.164180197439099E-001  0.929088916341095E+002  0.735533485985493E+002
  0.164093159277428E-001  0.929032966110718E+002  0.699240179080123E+002
  0.168751173405723E-001  0.928406590862440E+002  0.735412088249185E+002
  0.168923738659891E-001  0.928319593474549E+002  0.699367190030822E+002
  0.170362618029222E-001  0.928083400672298E+002  0.699409440277029E+002
  0.173132075186133E-001  0.927694334249603E+002  0.735284487100970E+002
  0.175450056636075E-001  0.927361784823227E+002  0.735224598207906E+002
  0.175946061704691E-001  0.927238767908442E+002  0.735202393069876E+002
  0.175876573290021E-001  0.927180112498281E+002  0.699571945365717E+002
  0.178214549427888E-001  0.926849442747844E+002  0.699631806150854E+002
  0.181117722467250E-001  0.926459705708115E+002  0.699702620047686E+002
  0.180918585936870E-001  0.926415151738214E+002  0.735053007680687E+002
  0.182162414873488E-001  0.926211564937805E+002  0.735015886559598E+002
  0.187517994049268E-001  0.925565486525557E+002  0.734897562496217E+002
  0.187190901234473E-001  0.925533847738164E+002  0.699871993537778E+002
  0.191542930221818E-001  0.925007631859213E+002  0.699968992036281E+002
  0.192578408537517E-001  0.924833247543873E+002  0.734762485016117E+002
  0.192083125590623E-001  0.924818195017149E+002  0.734759697234934E+002
  0.193396758241236E-001  0.924615327278842E+002  0.700041659420012E+002
  0.192800913359511E-001  0.924610485505666E+002  0.700042558174112E+002
  0.193418324992504E-001  0.924479985487924E+002  0.700066799812279E+002
  0.194301535851990E-001  0.924322311074271E+002  0.700096134709312E+002
  0.193842414474930E-001  0.924303069841232E+002  0.700099717897463E+002
  0.194832340456495E-001  0.924134636764407E+002  0.734632625078734E+002
  0.194880823386184E-001  0.924063104694422E+002  0.734619273261794E+002
  0.196399797916885E-001  0.923841265745018E+002  0.734577799988424E+002
  0.197943653731319E-001  0.923618109021229E+002  0.700227761917971E+002
  0.199523989351131E-001  0.923392511951482E+002  0.700270143942475E+002
  0.200595986006131E-001  0.923218788371364E+002  0.700302852378297E+002
  0.200006254315924E-001  0.923211117124498E+002  0.700304298154297E+002
  0.202968874730985E-001  0.922850481258665E+002  0.734391336351303E+002
  0.206569631055340E-001  0.922432227234425E+002  0.734312005344236E+002
  0.206054294705072E-001  0.922415628459882E+002  0.700454891754002E+002
  0.206096704673713E-001  0.922344956693845E+002  0.734295405661712E+002
  0.205592856266761E-001  0.922327355124143E+002  0.700471685405987E+002
  0.206529973439951E-001  0.922169844032189E+002  0.734262048337539E+002
  0.206396008995529E-001  0.922116265321128E+002  0.700511912191574E+002
  0.206635512506014E-001  0.922026514821063E+002  0.700529044781531E+002
  0.209894745697501E-001  0.921646963778492E+002  0.700601691178791E+002
  0.210475049648585E-001  0.921525189516498E+002  0.700625065610709E+002
  0.213502520701387E-001  0.921173003273627E+002  0.700692851618211E+002
  0.215449923187166E-001  0.920924850104251E+002  0.734022961120497E+002
  0.215450983234050E-001  0.920858195899552E+002  0.700753677134816E+002
  0.218578051972196E-001  0.920503445291068E+002  0.733941253081829E+002
  0.220480400956995E-001  0.920263576721717E+002  0.700869177766890E+002
  0.220741086609020E-001  0.920173387829481E+002  0.733876974141016E+002
  0.222917430245904E-001  0.919910612546995E+002  0.700938122308381E+002
  0.224028681251903E-001  0.919744603744678E+002  0.700970648978868E+002
  0.226786168860009E-001  0.919433377919424E+002  0.733731938221911E+002
  0.227645936392790E-001  0.919291143612580E+002  0.701059827312413E+002
  0.606169028599522E-001  0.899213823090249E+002  0.733622793453779E+002
  0.630067650930018E-001  0.898265783015066E+002  0.733433807400254E+002
  0.639699088375950E-001  0.897962369108558E+002  0.733372851887677E+002
  0.653431760760488E-001  0.897537564807358E+002  0.733287116690331E+002
  0.668127166757125E-001  0.897092756439736E+002  0.733196846096153E+002
  0.689461873408138E-001  0.896284725542299E+002  0.733031530116771E+002
  0.701438552290048E-001  0.895940287517070E+002  0.732960527872003E+002
  0.727108086786696E-001  0.895221450705046E+002  0.732811294834907E+002
  0.724770376667979E-001  0.895103206208118E+002  0.732786608401318E+002
  0.756722898441946E-001  0.894240361181775E+002  0.732605256559024E+002
  0.779523013435416E-001  0.893646659637295E+002  0.732479207912421E+002
  0.788065292219876E-001  0.893428684973679E+002  0.732432664825967E+002
  0.795675621249081E-001  0.893236472029215E+002  0.732391502769887E+002
  0.813696296293571E-001  0.892598985065899E+002  0.732254170626958E+002
  0.809277037249677E-001  0.892518328056860E+002  0.732236704418477E+002
  0.810590929816908E-001  0.892485883613681E+002  0.732229672806509E+002
  0.829843929340642E-001  0.892016401183535E+002  0.732127547615467E+002
  0.830558103716871E-001  0.891999196328180E+002  0.732123791653443E+002
  0.831014210004173E-001  0.891793092716159E+002  0.732078722909158E+002
  0.843293341729479E-001  0.891499733186940E+002  0.732014334480388E+002
  0.879643298158118E-001  0.890458655033249E+002  0.731783508599433E+002
  0.889061310956507E-001  0.890048614763495E+002  0.731691573234615E+002
  0.947123166581814E-001  0.888783355860767E+002  0.731404089728457E+002
  0.943789288611137E-001  0.888654873532991E+002  0.731374566513306E+002
  0.953233578735839E-001  0.888455732693630E+002  0.731328683584707E+002
  0.954271902321851E-001  0.888433959258138E+002  0.731323657731396E+002
  0.962256514167029E-001  0.888267310895953E+002  0.731285130956823E+002
  0.967726886404148E-001  0.888153934026804E+002  0.731258858668611E+002
  0.974940725232875E-001  0.888005398642917E+002  0.731224363808430E+002
  0.101982407159293E+000  0.887105223881821E+002  0.731013445917547E+002
  0.103210044774068E+000  0.886865906645514E+002  0.730956820624322E+002
  0.102142390817858E+000  0.886859967926864E+002  0.730955412449397E+002
  0.102596993031569E+000  0.886771151998585E+002  0.730934335169444E+002
  0.105994966253646E+000  0.886119492394812E+002  0.730778672881285E+002
  0.107098077439570E+000  0.885912423966742E+002  0.730728830250873E+002
  0.107913651774398E+000  0.885760696756444E+002  0.730692190102999E+002
  0.111111448521301E+000  0.885176649724378E+002  0.730550198852523E+002
  0.111865530191369E+000  0.885041373957474E+002  0.730517092204938E+002
  0.115888017580763E+000  0.884334837307884E+002  0.730342804105406E+002
  0.118076232713815E+000  0.883960715374653E+002  0.730249559979248E+002
  0.119698792247478E+000  0.883453833242092E+002  0.730122138804196E+002
  0.120279252262010E+000  0.883357080866643E+002  0.730097671853094E+002
  0.125278163040638E+000  0.882305983156738E+002  0.729828768993351E+002
  0.125573765614746E+000  0.881788237400168E+002  0.729694155125040E+002
  0.130928890996349E+000  0.880953017414610E+002  0.729473839695901E+002
  0.132031062141540E+000  0.880785360311486E+002  0.729429129337747E+002
  0.132730371489716E+000  0.880679708825194E+002  0.729400869047223E+002
  0.134034474377730E+000  0.880002212796292E+002  0.729218044816673E+002
  0.134118426558549E+000  0.879989689764354E+002  0.729214638851532E+002
  0.134525841868139E+000  0.879929027294342E+002  0.729198126214499E+002
  0.139209593528237E+000  0.879244540272045E+002  0.729010180427148E+002
  0.143450824828214E+000  0.878395857316156E+002  0.728772844635992E+002
  0.147212359732536E+000  0.877878179796195E+002  0.728625615499559E+002
  0.147537439772118E+000  0.877834063712393E+002  0.728612979498830E+002
  0.149326933405930E+000  0.877592941439643E+002  0.728543663014603E+002
  0.148822247712286E+000  0.877402582557993E+002  0.728488634137110E+002
  0.153217931320841E+000  0.876820409153711E+002  0.728318621544948E+002
  0.153711912719850E+000  0.876756031989338E+002  0.728299658863309E+002
  0.153724406999847E+000  0.876754406380494E+002  0.728299179604077E+002
  0.153963130151382E+000  0.876723371883401E+002  0.728290026028269E+002
  0.155206752994488E+000  0.876290359657946E+002  0.728161498975961E+002
  0.156613564937721E+000  0.876109893997757E+002  0.728107478311169E+002
  0.157835601973397E+000  0.875954442075280E+002  0.728060726190082E+002
  0.163198005531322E+000  0.875286237596319E+002  0.727857388077643E+002
  0.164351515095689E+000  0.875145371649604E+002  0.727814016013264E+002
  0.167002052720730E+000  0.874825399943602E+002  0.727714821605406E+002
  0.168879676272317E+000  0.874601792292671E+002  0.727644931920810E+002
  0.170812320065501E+000  0.874374213819561E+002  0.727573309024161E+002
  0.170170720467263E+000  0.874148721054288E+002  0.727501842593000E+002
  0.171549619632881E+000  0.873987313436667E+002  0.727450375452738E+002
  0.174875390109901E+000  0.873603291202433E+002  0.727326853784519E+002
  0.174452615056921E+000  0.873036268148315E+002  0.727141611588354E+002
  0.175131767164634E+000  0.872958558388190E+002  0.727115949725565E+002
  0.175137765710604E+000  0.872957873367609E+002  0.727115723212441E+002
  0.175602804825614E+000  0.872904838226929E+002  0.727098170255646E+002
  0.176991669347660E+000  0.872747277991943E+002  0.727045834740914E+002
  0.176228681196055E+000  0.872508471354712E+002  0.726965967446722E+002
  0.176835119686208E+000  0.872439765462459E+002  0.726942865632167E+002
  0.179722036686966E+000  0.872115892553308E+002  0.726833205479862E+002
  0.181036207351702E+000  0.871970179849633E+002  0.726783451427950E+002
  0.182156553562259E+000  0.871846790852418E+002  0.726741113060661E+002
  0.182237892951941E+000  0.871837862133355E+002  0.726738041922962E+002
  0.182981870118380E+000  0.871756379336338E+002  0.726709968240577E+002
  0.183499213199421E+000  0.871699913292306E+002  0.726690464041542E+002
  0.184966253085885E+000  0.871540653033451E+002  0.726635231722776E+002
  0.185974222613209E+000  0.871431959367024E+002  0.726597346114645E+002
  0.188815501369968E+000  0.871128713786087E+002  0.726490815656669E+002
  0.191283138035046E+000  0.870869026317813E+002  0.726398586827259E+002
  0.191055517253435E+000  0.870496787300065E+002  0.726264715032393E+002
  0.192406595745604E+000  0.870355851959938E+002  0.726213499554938E+002
  0.192569767353635E+000  0.870338898023703E+002  0.726207318518530E+002
  0.194264688625920E+000  0.870163636271044E+002  0.726143166358980E+002
  0.194717630851773E+000  0.870117059096927E+002  0.726126038263011E+002
  0.199301507299611E+000  0.869651692538087E+002  0.725953027106532E+002
  0.201004661990181E+000  0.869481506305837E+002  0.725888877674069E+002
  0.201703344388102E+000  0.869412107824765E+002  0.725862579564150E+002
  0.209375711190739E+000  0.868665462355150E+002  0.725574304871956E+002
  0.212782553033839E+000  0.868342653011592E+002  0.725446480379194E+002
  0.214551564735704E+000  0.867695115219357E+002  0.725183760118005E+002
  0.215107194449164E+000  0.867643387655441E+002  0.725162390489168E+002
  0.224223310147091E+000  0.866813267798487E+002  0.724811048727228E+002
  0.225618692861731E+000  0.866689189817258E+002  0.724757096004278E+002
  0.231896388546146E+000  0.865620794165290E+002  0.724275075540794E+002
  0.236012356399764E+000  0.865268924355991E+002  0.724108768288223E+002
  0.238437797973903E+000  0.865064438158174E+002  0.724010203413305E+002
  0.243119071707052E+000  0.864675580974588E+002  0.723818606731347E+002
  0.243421004396027E+000  0.864650758129149E+002  0.723806182063686E+002
  0.243877380213556E+000  0.864613296404228E+002  0.723787385582593E+002
  0.245567293624949E+000  0.864475187219100E+002  0.723717607339543E+002
  0.246148525961166E+000  0.864427905225414E+002  0.723693541343961E+002
  0.246876322434327E+000  0.864368857734872E+002  0.723663357373109E+002
  0.247147522129199E+000  0.864346899303100E+002  0.723652095570093E+002
  0.249499609613908E+000  0.864157460571280E+002  0.723554085024496E+002
  0.250829814852479E+000  0.864051113967806E+002  0.723498375872363E+002
  0.252158046214250E+000  0.863945486412794E+002  0.723442536519220E+002
  0.252175177835792E+000  0.863944127658643E+002  0.723441814870305E+002
  0.252561989590555E+000  0.863913473143346E+002  0.723425511026615E+002
  0.253732573647924E+000  0.863820990527240E+002  0.723376054722283E+002
  0.255940989735963E+000  0.863647669400324E+002  0.723282252644038E+002
  0.255975633654935E+000  0.863644962403330E+002  0.723280775776436E+002
  0.257005576860680E+000  0.863564651891477E+002  0.723236790966831E+002
  0.257106287329953E+000  0.863556816206088E+002  0.723232481779111E+002
  0.258287659339608E+000  0.863465129131664E+002  0.723181821122541E+002
  0.258561424075650E+000  0.863443941920895E+002  0.723170051299172E+002
  0.258940238645305E+000  0.863414661656532E+002  0.723153746156290E+002
  0.264401600692878E+000  0.862997224341273E+002  0.722916068124146E+002
  0.264745022539538E+000  0.862971263907639E+002  0.722900948865417E+002
  0.266960939404765E+000  0.862804560514933E+002  0.722802856745067E+002
  0.268094885612504E+000  0.862719788208761E+002  0.722752287596256E+002
  0.269318773259294E+000  0.862628693407395E+002  0.722697410675973E+002
  0.269409982649185E+000  0.862621921213429E+002  0.722693308359355E+002
  0.269819208662811E+000  0.862591564838159E+002  0.722674880647337E+002
  0.274419521940155E+000  0.862253446833255E+002  0.722465113579972E+002
  0.274558933625588E+000  0.862243288934560E+002  0.722458677556828E+002
  0.278020306628777E+000  0.861992724452609E+002  0.722297253448492E+002
  0.279366364685218E+000  0.861896126471893E+002  0.722233586795607E+002
  0.279700628531819E+000  0.861872210634222E+002  0.722217694682843E+002
  0.279740408953003E+000  0.861869366336533E+002  0.722215801166073E+002
  0.281541957553404E+000  0.861740977853689E+002  0.722129543553636E+002
  0.282057753255722E+000  0.861704370606636E+002  0.722104660399374E+002
