  0.100000000000000E+001  0.914354295814512E+002  0.684282841325394E+002
  0.100000000000000E+001  0.895517231773345E+002  0.742975677208958E+002
  0.100000000000000E+001  0.889889404697061E+002  0.688235776638372E+002
  0.100000000000000E+001  0.883640985331457E+002  0.689342344362560E+002
  0.100000000000000E+001  0.829103419724487E+002  0.702633808714938E+002
  0.100000000000000E+001  0.879544488261698E+002  0.740158049579528E+002
  0.100000000000000E+001  0.877695064737370E+002  0.739811040697991E+002
  0.100000000000000E+001  0.877652758829380E+002  0.690449353898863E+002
  0.100000000000000E+001  0.872978381882357E+002  0.691349271077145E+002
  0.100000000000000E+001  0.871726680110211E+002  0.738656307856840E+002
  0.100000000000000E+001  0.868918970559258E+002  0.692159384805849E+002
  0.100000000000000E+001  0.868363451686352E+002  0.737979919370320E+002
  0.100000000000000E+001  0.867407080588011E+002  0.692468505733077E+002
  0.100000000000000E+001  0.865252427309977E+002  0.692916479702733E+002
  0.100000000000000E+001  0.865049235805399E+002  0.692959192370609E+002
  0.100000000000000E+001  0.863830460872078E+002  0.737035262267460E+002
  0.100000000000000E+001  0.861192206764401E+002  0.736466217846102E+002
  0.100000000000000E+001  0.857960616273670E+002  0.735747811096349E+002
  0.100000000000000E+001  0.856220068849550E+002  0.694902096440432E+002
  0.100000000000000E+001  0.855800570768500E+002  0.735253323738736E+002
  0.100000000000000E+001  0.855715292239585E+002  0.695018847748143E+002
  0.100000000000000E+001  0.855323605229703E+002  0.695109911442350E+002
  0.100000000000000E+001  0.854564659331832E+002  0.734964850492465E+002
  0.100000000000000E+001  0.854476061480565E+002  0.734944009631050E+002
  0.100000000000000E+001  0.854249758651629E+002  0.695361722924886E+002
  0.100000000000000E+001  0.853090943960442E+002  0.734615291058369E+002
  0.100000000000000E+001  0.852988665740235E+002  0.734590798114408E+002
  0.100000000000000E+001  0.852638819633338E+002  0.734506785153310E+002
  0.100000000000000E+001  0.850467383773822E+002  0.696275441193593E+002
  0.100000000000000E+001  0.849925678820348E+002  0.696409953699373E+002
  0.100000000000000E+001  0.829184767233220E+002  0.727648926189536E+002
  0.100000000000000E+001  0.829194926282124E+002  0.702599690176410E+002
  0.100000000000000E+001  0.848237550072737E+002  0.696835482084848E+002
  0.100000000000000E+001  0.847500592235950E+002  0.733228015433929E+002
  0.100000000000000E+001  0.847412828957958E+002  0.733205387825653E+002
  0.100000000000000E+001  0.846965176252297E+002  0.697162871526209E+002
  0.100000000000000E+001  0.846943590810991E+002  0.697168477077394E+002
  0.100000000000000E+001  0.846794137694252E+002  0.733045062761779E+002
  0.100000000000000E+001  0.846328190751803E+002  0.732923365802930E+002
  0.100000000000000E+001  0.846295024745841E+002  0.697337727916871E+002
  0.100000000000000E+001  0.846133370641524E+002  0.732872234875267E+002
  0.100000000000000E+001  0.845573069841737E+002  0.697528044805658E+002
  0.100000000000000E+001  0.845520402433196E+002  0.732710390367899E+002
  0.100000000000000E+001  0.845290372802308E+002  0.732649268970335E+002
  0.100000000000000E+001  0.845071868143293E+002  0.697661387828720E+002
  0.100000000000000E+001  0.844905278903209E+002  0.697705934338348E+002
  0.100000000000000E+001  0.844750200453675E+002  0.697747505447616E+002
  0.100000000000000E+001  0.844571759832978E+002  0.732456937097126E+002
  0.100000000000000E+001  0.844380556227244E+002  0.697846997444964E+002
  0.100000000000000E+001  0.843881628144000E+002  0.697982202565697E+002
  0.100000000000000E+001  0.843742337336757E+002  0.698020139967236E+002
  0.100000000000000E+001  0.843193837106549E+002  0.698170355317571E+002
  0.100000000000000E+001  0.842701094226223E+002  0.698306444534091E+002
  0.100000000000000E+001  0.842664338319671E+002  0.698316640198792E+002
  0.100000000000000E+001  0.842060726801265E+002  0.698484968660871E+002
  0.100000000000000E+001  0.841949526349295E+002  0.731736234532071E+002
  0.100000000000000E+001  0.841780390362222E+002  0.731688672089094E+002
  0.100000000000000E+001  0.841241229465707E+002  0.731536135458788E+002
  0.100000000000000E+001  0.840877813702609E+002  0.731432514725641E+002
  0.100000000000000E+001  0.840459425251196E+002  0.698940001428489E+002
  0.100000000000000E+001  0.839939382230484E+002  0.731161843133334E+002
  0.100000000000000E+001  0.839736536444804E+002  0.731102733644573E+002
  0.100000000000000E+001  0.839458516663546E+002  0.731021361275908E+002
  0.100000000000000E+001  0.839119156692594E+002  0.699330932228496E+002
  0.100000000000000E+001  0.838184976558722E+002  0.699609238549796E+002
  0.100000000000000E+001  0.829419477218034E+002  0.702516356789251E+002
  0.100000000000000E+001  0.836822547298391E+002  0.700024318366421E+002
  0.100000000000000E+001  0.836655291374000E+002  0.730176335871680E+002
  0.100000000000000E+001  0.836562931798261E+002  0.730147685417833E+002
  0.100000000000000E+001  0.836547840938968E+002  0.730142998954047E+002
  0.100000000000000E+001  0.836510251636608E+002  0.730131319238972E+002
  0.100000000000000E+001  0.836287238386336E+002  0.730061836917046E+002
  0.100000000000000E+001  0.836263868214392E+002  0.730054536952837E+002
  0.100000000000000E+001  0.829476109022022E+002  0.727756972712777E+002
  0.100000000000000E+001  0.835949374373536E+002  0.700296448274617E+002
  0.100000000000000E+001  0.835865525865116E+002  0.700322843450773E+002
  0.100000000000000E+001  0.835863960706130E+002  0.700323336604057E+002
  0.100000000000000E+001  0.835788609950493E+002  0.700347097729903E+002
  0.100000000000000E+001  0.835547992701993E+002  0.729829168490437E+002
  0.100000000000000E+001  0.835156526478886E+002  0.729704455558895E+002
  0.100000000000000E+001  0.835108067903687E+002  0.729688943386402E+002
  0.100000000000000E+001  0.834771133183310E+002  0.700671773357411E+002
  0.100000000000000E+001  0.834704669998163E+002  0.729559163809691E+002
  0.100000000000000E+001  0.834704313270833E+002  0.700693351087171E+002
  0.100000000000000E+001  0.834665122841031E+002  0.700706021625626E+002
  0.100000000000000E+001  0.834593205371698E+002  0.700729302051006E+002
  0.100000000000000E+001  0.834483886428460E+002  0.729487637615772E+002
  0.100000000000000E+001  0.834131605268277E+002  0.700879632435311E+002
  0.100000000000000E+001  0.829638121208422E+002  0.702435741340819E+002
  0.100000000000000E+001  0.833355762860817E+002  0.701135941560436E+002
  0.100000000000000E+001  0.833336486150341E+002  0.729110029943492E+002
  0.100000000000000E+001  0.832817861512227E+002  0.728935963577454E+002
  0.100000000000000E+001  0.832795709740372E+002  0.728928479877942E+002
  0.100000000000000E+001  0.832667046133500E+002  0.728884932001378E+002
  0.100000000000000E+001  0.832638202963781E+002  0.701377248887547E+002
  0.100000000000000E+001  0.832421001791351E+002  0.728801268927036E+002
  0.100000000000000E+001  0.832400532408815E+002  0.701458114018158E+002
  0.100000000000000E+001  0.832103275116386E+002  0.728692468230432E+002
  0.100000000000000E+001  0.831814691868052E+002  0.701659514116913E+002
  0.100000000000000E+001  0.831810147921435E+002  0.728591311608862E+002
  0.100000000000000E+001  0.831722648621266E+002  0.728560968459479E+002
  0.100000000000000E+001  0.831470224786680E+002  0.728473045959939E+002
  0.100000000000000E+001  0.831428105354701E+002  0.701794080847697E+002
  0.100000000000000E+001  0.831342956920475E+002  0.728428496551372E+002
  0.100000000000000E+001  0.831300897605274E+002  0.728413741085321E+002
  0.100000000000000E+001  0.831140997222621E+002  0.728357493810864E+002
  0.100000000000000E+001  0.831138222697243E+002  0.701895883894759E+002
  0.100000000000000E+001  0.830929141935083E+002  0.701969799332122E+002
  0.100000000000000E+001  0.830877804898401E+002  0.728264387729711E+002
  0.100000000000000E+001  0.830750221583255E+002  0.728219015994080E+002
  0.100000000000000E+001  0.830745723155537E+002  0.702034986241913E+002
  0.100000000000000E+001  0.830744953405838E+002  0.702035260494416E+002
  0.100000000000000E+001  0.830635702915583E+002  0.702074243572913E+002
  0.100000000000000E+001  0.830456515458623E+002  0.728113964515763E+002
  0.100000000000000E+001  0.830320855027148E+002  0.702187245465071E+002
  0.100000000000000E+001  0.829989177866965E+002  0.702307364935003E+002
  0.100000000000000E+001  0.829759957564012E+002  0.702391040898738E+002
  0.100000000000000E+001  0.828686545310236E+002  0.702790435927545E+002
  0.100000000000000E+001  0.828565497389691E+002  0.727416109856111E+002
  0.100000000000000E+001  0.828390304800957E+002  0.727349440998883E+002
  0.100000000000000E+001  0.828344117442955E+002  0.702920595693469E+002
  0.100000000000000E+001  0.828337491976766E+002  0.702923127780579E+002
  0.100000000000000E+001  0.828308450066429E+002  0.702934233075421E+002
  0.100000000000000E+001  0.828279165113401E+002  0.727306958056275E+002
  0.100000000000000E+001  0.828272569015305E+002  0.702947967564477E+002
  0.100000000000000E+001  0.828237347212696E+002  0.702961464789532E+002
  0.100000000000000E+001  0.828179280091745E+002  0.727268650369691E+002
  0.100000000000000E+001  0.828173654042025E+002  0.702985910532150E+002
  0.100000000000000E+001  0.828053046231450E+002  0.703032335756163E+002
  0.100000000000000E+001  0.828036234738311E+002  0.703038821116282E+002
  0.100000000000000E+001  0.827940919258484E+002  0.727176742708944E+002
  0.100000000000000E+001  0.827872265172128E+002  0.727150140614230E+002
  0.100000000000000E+001  0.827410530766246E+002  0.726969675504187E+002
  0.100000000000000E+001  0.827360021534433E+002  0.703302632365959E+002
  0.100000000000000E+001  0.827256200670049E+002  0.726908740541312E+002
  0.100000000000000E+001  0.827251358925479E+002  0.703345575864854E+002
  0.100000000000000E+001  0.827179839829605E+002  0.703373925862741E+002
  0.100000000000000E+001  0.827143224230376E+002  0.726863932915168E+002
  0.100000000000000E+001  0.827060184651430E+002  0.726830889184368E+002
  0.100000000000000E+001  0.826964968780887E+002  0.726792884991591E+002
  0.100000000000000E+001  0.826951170352151E+002  0.726787367250762E+002
  0.100000000000000E+001  0.826911384215735E+002  0.726771442860896E+002
  0.100000000000000E+001  0.826900088972563E+002  0.726766917972824E+002
  0.100000000000000E+001  0.826790269118748E+002  0.703529567641176E+002
  0.100000000000000E+001  0.826718563901508E+002  0.726693956020185E+002
  0.100000000000000E+001  0.826628913753441E+002  0.703594647754219E+002
  0.100000000000000E+001  0.826590896621580E+002  0.726642364722809E+002
  0.100000000000000E+001  0.826537363103181E+002  0.703631737092073E+002
  0.100000000000000E+001  0.826513040377339E+002  0.726610788672426E+002
  0.100000000000000E+001  0.826478992685086E+002  0.703655446936425E+002
  0.100000000000000E+001  0.826429849109788E+002  0.726576952677460E+002
  0.100000000000000E+001  0.826412028210802E+002  0.703682708160101E+002
  0.100000000000000E+001  0.826345263476252E+002  0.726542446738947E+002
  0.100000000000000E+001  0.826343220803063E+002  0.726541612159204E+002
  0.100000000000000E+001  0.826336121705686E+002  0.703713688425706E+002
  0.100000000000000E+001  0.826325114757207E+002  0.726534211860745E+002
  0.100000000000000E+001  0.826295882145787E+002  0.726522253772618E+002
  0.100000000000000E+001  0.826280973822804E+002  0.726516150440010E+002
  0.100000000000000E+001  0.826173249802830E+002  0.726471951627585E+002
  0.100000000000000E+001  0.826098169454115E+002  0.703811355309630E+002
  0.100000000000000E+001  0.826060669603990E+002  0.726425575587276E+002
  0.100000000000000E+001  0.825931149511097E+002  0.726371984787743E+002
  0.100000000000000E+001  0.825868176179269E+002  0.726345836182488E+002
  0.100000000000000E+001  0.825865876364219E+002  0.703907519545685E+002
  0.100000000000000E+001  0.825810073803516E+002  0.726321655988550E+002
  0.100000000000000E+001  0.825758280665844E+002  0.703952342246120E+002
  0.100000000000000E+001  0.825641198956205E+002  0.726251077768223E+002
  0.100000000000000E+001  0.825589047652418E+002  0.726229191397233E+002
  0.100000000000000E+001  0.825476271058845E+002  0.726181714216417E+002
  0.100000000000000E+001  0.825454866124133E+002  0.704079719581696E+002
  0.100000000000000E+001  0.825351973843269E+002  0.704123249900774E+002
  0.100000000000000E+001  0.825205940256575E+002  0.726067070396976E+002
  0.100000000000000E+001  0.825133765889365E+002  0.726036258424550E+002
  0.100000000000000E+001  0.825130108422053E+002  0.726034694697589E+002
  0.100000000000000E+001  0.825022565344379E+002  0.725988614714801E+002
  0.100000000000000E+001  0.824630590086624E+002  0.704433418981257E+002
  0.100000000000000E+001  0.824527106060236E+002  0.704478654407770E+002
  0.100000000000000E+001  0.824421017331516E+002  0.704525228785163E+002
  0.100000000000000E+001  0.824408235696281E+002  0.725721545701950E+002
  0.100000000000000E+001  0.824276286033978E+002  0.704589099757468E+002
  0.100000000000000E+001  0.824204923220114E+002  0.704620735623674E+002
  0.100000000000000E+001  0.824191605262151E+002  0.704626650165313E+002
  0.100000000000000E+001  0.824174005895070E+002  0.725617928408713E+002
  0.100000000000000E+001  0.824008114109245E+002  0.725543918690460E+002
  0.100000000000000E+001  0.823855477453673E+002  0.704777044607952E+002
  0.100000000000000E+001  0.823814676457248E+002  0.704795449303634E+002
  0.100000000000000E+001  0.823729618265858E+002  0.725418476061737E+002
  0.100000000000000E+001  0.823695701121306E+002  0.725403094199168E+002
  0.100000000000000E+001  0.823654810389003E+002  0.704867880556041E+002
  0.100000000000000E+001  0.823304948440308E+002  0.705028206581935E+002
  0.100000000000000E+001  0.823168876296946E+002  0.725161145445576E+002
  0.100000000000000E+001  0.823160871369690E+002  0.705094975509759E+002
  0.100000000000000E+001  0.823160504881885E+002  0.725157253699439E+002
  0.100000000000000E+001  0.823065942330161E+002  0.725113187660084E+002
  0.100000000000000E+001  0.822836174911765E+002  0.725005297317271E+002
  0.100000000000000E+001  0.822645582133142E+002  0.705337499948541E+002
  0.100000000000000E+001  0.822625319267905E+002  0.724905239900814E+002
  0.100000000000000E+001  0.822472473609441E+002  0.705420334461844E+002
  0.100000000000000E+001  0.822419116599167E+002  0.724806390271815E+002
  0.100000000000000E+001  0.822388113525405E+002  0.705460959053577E+002
  0.100000000000000E+001  0.822349641391130E+002  0.705479542563614E+002
  0.100000000000000E+001  0.822348405168174E+002  0.705480140300203E+002
  0.100000000000000E+001  0.822339350939029E+002  0.724767880298995E+002
  0.100000000000000E+001  0.822219825450341E+002  0.705542514555599E+002
  0.100000000000000E+001  0.822169263997631E+002  0.705567153497856E+002
  0.100000000000000E+001  0.821963755412087E+002  0.724584439776615E+002
  0.100000000000000E+001  0.821961365317146E+002  0.724583261062956E+002
  0.100000000000000E+001  0.821882854523402E+002  0.705707939419819E+002
  0.100000000000000E+001  0.821875612874436E+002  0.705711526374703E+002
  0.100000000000000E+001  0.821831254912404E+002  0.724518871831102E+002
  0.100000000000000E+001  0.821810454132566E+002  0.705743862675059E+002
  0.100000000000000E+001  0.821773517378394E+002  0.724490156761790E+002
  0.100000000000000E+001  0.821729160200948E+002  0.724468036299735E+002
  0.100000000000000E+001  0.821697462752793E+002  0.724452196969866E+002
  0.100000000000000E+001  0.821652400502462E+002  0.705822766834782E+002
  0.100000000000000E+001  0.821628761728400E+002  0.724417774136998E+002
  0.100000000000000E+001  0.821605784163233E+002  0.724406232671896E+002
  0.100000000000000E+001  0.821487007982399E+002  0.724346341894976E+002
  0.100000000000000E+001  0.821351407588853E+002  0.724277488653440E+002
  0.100000000000000E+001  0.821223387918498E+002  0.724212005818472E+002
  0.100000000000000E+001  0.821099677180042E+002  0.706104124128415E+002
  0.100000000000000E+001  0.821051082512737E+002  0.724123118159961E+002
  0.100000000000000E+001  0.820995472226384E+002  0.706158157339167E+002
  0.100000000000000E+001  0.820884814255123E+002  0.724036504272006E+002
  0.100000000000000E+001  0.820646122786240E+002  0.706341729424533E+002
  0.100000000000000E+001  0.820530431812093E+002  0.706403372854520E+002
  0.100000000000000E+001  0.820523741296977E+002  0.723845448534602E+002
  0.100000000000000E+001  0.820471293525636E+002  0.723817347338322E+002
  0.100000000000000E+001  0.820457054074663E+002  0.723809702230644E+002
  0.100000000000000E+001  0.820425144177794E+002  0.723792545436099E+002
  0.100000000000000E+001  0.820386550460715E+002  0.723771749502744E+002
  0.100000000000000E+001  0.820384962099431E+002  0.723770892554417E+002
  0.100000000000000E+001  0.820295230581720E+002  0.706530057497965E+002
  0.100000000000000E+001  0.820173515474730E+002  0.706596354713806E+002
  0.100000000000000E+001  0.820143785871062E+002  0.706612626635400E+002
  0.100000000000000E+001  0.820110940653721E+002  0.706630640064342E+002
  0.100000000000000E+001  0.820088415616852E+002  0.706643015667620E+002
  0.100000000000000E+001  0.819992162049009E+002  0.723556296064158E+002
  0.100000000000000E+001  0.819970792464783E+002  0.723544464427019E+002
  0.100000000000000E+001  0.819904522228393E+002  0.723507666563195E+002
  0.100000000000000E+001  0.819744614423163E+002  0.706834197424409E+002
  0.100000000000000E+001  0.819729874160812E+002  0.706842492866131E+002
  0.100000000000000E+001  0.819681765898944E+002  0.706869624952293E+002
  0.100000000000000E+001  0.819651795743225E+002  0.706886572679288E+002
  0.100000000000000E+001  0.819374615860163E+002  0.707044998488092E+002
  0.100000000000000E+001  0.819368109003617E+002  0.707048754895470E+002
  0.100000000000000E+001  0.819269042731872E+002  0.707106163145437E+002
  0.100000000000000E+001  0.819195381349593E+002  0.723103282381543E+002
  0.100000000000000E+001  0.819189333856179E+002  0.723099745634230E+002
  0.100000000000000E+001  0.819128015265493E+002  0.723063795770837E+002
  0.100000000000000E+001  0.819114001737393E+002  0.707196842576644E+002
  0.100000000000000E+001  0.819070297393116E+002  0.707222592075644E+002
  0.100000000000000E+001  0.818923255418936E+002  0.722942551332069E+002
  0.100000000000000E+001  0.818885665841579E+002  0.722920088511823E+002
  0.100000000000000E+001  0.818738817778704E+002  0.707420692298268E+002
  0.100000000000000E+001  0.818734283250808E+002  0.707423437565527E+002
  0.100000000000000E+001  0.818731247347789E+002  0.722827123524469E+002
  0.100000000000000E+001  0.818611495777273E+002  0.722754249193406E+002
  0.100000000000000E+001  0.818601931299699E+002  0.722748398723308E+002
  0.100000000000000E+001  0.818526377847954E+002  0.707550374791226E+002
  0.100000000000000E+001  0.818488494434049E+002  0.707573734406272E+002
  0.100000000000000E+001  0.818483714894434E+002  0.707576686693740E+002
  0.100000000000000E+001  0.818483607560200E+002  0.722675646608936E+002
  0.100000000000000E+001  0.818410202180056E+002  0.707622241291485E+002
  0.100000000000000E+001  0.818313842303457E+002  0.722570023520187E+002
  0.100000000000000E+001  0.818308266115968E+002  0.707685870874016E+002
  0.100000000000000E+001  0.818241077089139E+002  0.722524289397964E+002
  0.100000000000000E+001  0.818236350687960E+002  0.722521308995494E+002
  0.100000000000000E+001  0.818071393876781E+002  0.722416526232834E+002
  0.100000000000000E+001  0.818066455468764E+002  0.707839033553536E+002
  0.100000000000000E+001  0.818017906198512E+002  0.722382225288022E+002
  0.100000000000000E+001  0.817990485040179E+002  0.707887822180867E+002
  0.100000000000000E+001  0.817942607825670E+002  0.722333660776590E+002
  0.100000000000000E+001  0.817928162971982E+002  0.707928092662685E+002
  0.100000000000000E+001  0.817887963135229E+002  0.722298211167845E+002
  0.100000000000000E+001  0.817873805033206E+002  0.707963401839530E+002
  0.100000000000000E+001  0.817819401574219E+002  0.707998915727176E+002
  0.100000000000000E+001  0.817812515340405E+002  0.708003423598268E+002
  0.100000000000000E+001  0.817811773866578E+002  0.708003909152517E+002
  0.100000000000000E+001  0.817781107423381E+002  0.722228379460019E+002
  0.100000000000000E+001  0.817750226305224E+002  0.708044329653793E+002
  0.100000000000000E+001  0.817605328956886E+002  0.708140412326030E+002
  0.100000000000000E+001  0.817581319846009E+002  0.722095938721727E+002
  0.100000000000000E+001  0.817507432076506E+002  0.708206083694155E+002
  0.100000000000000E+001  0.817502573025079E+002  0.722043040121598E+002
  0.100000000000000E+001  0.817421106557338E+002  0.708264514197431E+002
  0.100000000000000E+001  0.817415198509806E+002  0.708268531335340E+002
  0.100000000000000E+001  0.817411591643859E+002  0.721981414658241E+002
  0.100000000000000E+001  0.817402898142406E+002  0.721975497167671E+002
  0.100000000000000E+001  0.817354399503652E+002  0.721942390854675E+002
  0.100000000000000E+001  0.817331164167925E+002  0.721926472761759E+002
  0.100000000000000E+001  0.817264933972853E+002  0.721880893845413E+002
  0.100000000000000E+001  0.817250168712062E+002  0.721870690560704E+002
  0.100000000000000E+001  0.817161993390228E+002  0.721809434222005E+002
  0.100000000000000E+001  0.817132954211086E+002  0.708463262496388E+002
  0.100000000000000E+001  0.817113021312684E+002  0.708477230573333E+002
  0.100000000000000E+001  0.817099016958844E+002  0.708487061769808E+002
  0.100000000000000E+001  0.817082427617932E+002  0.708498726522940E+002
  0.100000000000000E+001  0.817046527606955E+002  0.708524040081950E+002
  0.100000000000000E+001  0.817013244040669E+002  0.721704803850457E+002
  0.100000000000000E+001  0.816857976199372E+002  0.721593783055772E+002
  0.100000000000000E+001  0.816818196081937E+002  0.721565031134191E+002
  0.100000000000000E+001  0.816817117099056E+002  0.708688150127668E+002
  0.100000000000000E+001  0.816804837638627E+002  0.721555347197457E+002
  0.100000000000000E+001  0.816801974830390E+002  0.708699129652296E+002
  0.100000000000000E+001  0.816779693090265E+002  0.708715320137210E+002
  0.100000000000000E+001  0.816730566281456E+002  0.721501237407824E+002
  0.100000000000000E+001  0.816669510441114E+002  0.708795990327449E+002
  0.100000000000000E+001  0.816661467424321E+002  0.708801919317958E+002
  0.100000000000000E+001  0.816621735134679E+002  0.721421109310683E+002
  0.100000000000000E+001  0.816544531304896E+002  0.721363643087062E+002
  0.100000000000000E+001  0.816498755072933E+002  0.708923081206394E+002
  0.100000000000000E+001  0.816493829353040E+002  0.721325613600604E+002
  0.100000000000000E+001  0.816474231070989E+002  0.721310851056608E+002
  0.100000000000000E+001  0.816451061359558E+002  0.721293352724575E+002
  0.100000000000000E+001  0.816405348278077E+002  0.708993716957279E+002
  0.100000000000000E+001  0.816382474539640E+002  0.721241260796071E+002
  0.100000000000000E+001  0.816380505413523E+002  0.721239758683388E+002
  0.100000000000000E+001  0.816368440601495E+002  0.721230547186770E+002
  0.100000000000000E+001  0.816352813557836E+002  0.721218595219760E+002
  0.100000000000000E+001  0.816346801113871E+002  0.709038409119116E+002
  0.100000000000000E+001  0.816344970416891E+002  0.721212587736896E+002
  0.100000000000000E+001  0.816326621773944E+002  0.721198510309752E+002
  0.100000000000000E+001  0.816311522737359E+002  0.721186901517793E+002
  0.100000000000000E+001  0.816267522881123E+002  0.721152945003419E+002
  0.100000000000000E+001  0.816245100028452E+002  0.721135566552133E+002
  0.100000000000000E+001  0.816243218672520E+002  0.709118293462170E+002
  0.100000000000000E+001  0.816162736391013E+002  0.709181103592174E+002
  0.100000000000000E+001  0.816139035477568E+002  0.721052672433666E+002
  0.100000000000000E+001  0.816094571428963E+002  0.709234824751269E+002
  0.100000000000000E+001  0.816087593735716E+002  0.721012048043373E+002
  0.100000000000000E+001  0.816059280213266E+002  0.720989568296662E+002
  0.100000000000000E+001  0.816020409876270E+002  0.720958565759789E+002
  0.100000000000000E+001  0.815973364886805E+002  0.709331578261790E+002
  0.100000000000000E+001  0.815966802953156E+002  0.720915537129312E+002
  0.100000000000000E+001  0.815888900101365E+002  0.720852430582833E+002
  0.100000000000000E+001  0.815885725927660E+002  0.720849844536207E+002
  0.100000000000000E+001  0.815875625346925E+002  0.720841607656684E+002
  0.100000000000000E+001  0.815831509447632E+002  0.720805491737282E+002
  0.100000000000000E+001  0.815784223001678E+002  0.709485876174805E+002
  0.100000000000000E+001  0.815724005860539E+002  0.709535893728904E+002
  0.100000000000000E+001  0.815720219949242E+002  0.709539053342873E+002
  0.100000000000000E+001  0.815638065714889E+002  0.709608062499143E+002
  0.100000000000000E+001  0.815621681685816E+002  0.720630471134512E+002
  0.100000000000000E+001  0.815599560919705E+002  0.709640705132440E+002
  0.100000000000000E+001  0.815588664795097E+002  0.709649977697937E+002
  0.100000000000000E+001  0.815586672955353E+002  0.720600725170719E+002
  0.100000000000000E+001  0.815574220123946E+002  0.709662294322332E+002
  0.100000000000000E+001  0.815562189893375E+002  0.720579826173828E+002
  0.100000000000000E+001  0.815546665291292E+002  0.720566532618130E+002
  0.100000000000000E+001  0.815525491247352E+002  0.720548348963788E+002
  0.100000000000000E+001  0.815463843953696E+002  0.720495057398428E+002
  0.100000000000000E+001  0.815426075431163E+002  0.709790254480149E+002
  0.100000000000000E+001  0.815408008003899E+002  0.709806070802193E+002
  0.100000000000000E+001  0.815330099801625E+002  0.709874817609598E+002
  0.100000000000000E+001  0.815323515584560E+002  0.720371730751774E+002
  0.100000000000000E+001  0.815234434159339E+002  0.709960485034054E+002
  0.100000000000000E+001  0.815229092027999E+002  0.709965310769078E+002
  0.100000000000000E+001  0.815220939129044E+002  0.720279715335596E+002
  0.100000000000000E+001  0.815210997392723E+002  0.720270709693009E+002
  0.100000000000000E+001  0.815187051745378E+002  0.710003445884274E+002
  0.100000000000000E+001  0.815158683560267E+002  0.720223059471343E+002
  0.100000000000000E+001  0.815144148486082E+002  0.710042658751214E+002
  0.100000000000000E+001  0.815143975951928E+002  0.710042817055231E+002
  0.100000000000000E+001  0.815138504054262E+002  0.720204559409528E+002
  0.100000000000000E+001  0.815106207603263E+002  0.720174809769028E+002
  0.100000000000000E+001  0.815070694563528E+002  0.720141893504702E+002
  0.100000000000000E+001  0.815055185373588E+002  0.710124949206277E+002
  0.100000000000000E+001  0.815048294901543E+002  0.710131379429794E+002
  0.100000000000000E+001  0.815045028997525E+002  0.710134430081437E+002
  0.100000000000000E+001  0.815039607520222E+002  0.720112901260356E+002
  0.100000000000000E+001  0.815031237341082E+002  0.720105066258100E+002
  0.100000000000000E+001  0.814974197899617E+002  0.710201057646905E+002
  0.100000000000000E+001  0.814921562774989E+002  0.720001240796166E+002
  0.100000000000000E+001  0.814907190878525E+002  0.719987471047514E+002
  0.100000000000000E+001  0.814879414224383E+002  0.719960747021748E+002
  0.100000000000000E+001  0.814856868449141E+002  0.719938946540166E+002
  0.100000000000000E+001  0.814837295502983E+002  0.719919940220862E+002
  0.100000000000000E+001  0.814821608694286E+002  0.710347746651195E+002
  0.100000000000000E+001  0.814804660759769E+002  0.719888081549738E+002
  0.100000000000000E+001  0.814772750056268E+002  0.719856722233623E+002
  0.100000000000000E+001  0.814665772315559E+002  0.710502358011885E+002
  0.100000000000000E+001  0.814602560666859E+002  0.719685832513037E+002
  0.100000000000000E+001  0.814564836875427E+002  0.710605320646987E+002
  0.100000000000000E+001  0.814542050002079E+002  0.710628891315278E+002
  0.100000000000000E+001  0.814517017970218E+002  0.719597472027783E+002
  0.100000000000000E+001  0.814473583310698E+002  0.710700468221561E+002
  0.100000000000000E+001  0.814430719896980E+002  0.719506525558312E+002
  0.100000000000000E+001  0.814390007700995E+002  0.719462958352383E+002
  0.100000000000000E+001  0.814364417273543E+002  0.719435347906252E+002
  0.100000000000000E+001  0.814354585198585E+002  0.719424692562418E+002
  0.100000000000000E+001  0.814320517645690E+002  0.719387566341985E+002
  0.100000000000000E+001  0.814311138325580E+002  0.710875111613274E+002
  0.100000000000000E+001  0.814288659509956E+002  0.719352552822873E+002
  0.100000000000000E+001  0.814275451368559E+002  0.710914448486687E+002
  0.100000000000000E+001  0.814214081807985E+002  0.719269431680359E+002
  0.100000000000000E+001  0.814159516111340E+002  0.719207542793419E+002
  0.100000000000000E+001  0.814152831294006E+002  0.711052503449162E+002
  0.100000000000000E+001  0.814135951507617E+002  0.711071876080051E+002
  0.100000000000000E+001  0.814135592778517E+002  0.719180110823827E+002
  0.100000000000000E+001  0.814118701509127E+002  0.719160629913161E+002
  0.100000000000000E+001  0.814117922533993E+002  0.711092670373628E+002
  0.100000000000000E+001  0.814078585365287E+002  0.719113982082684E+002
  0.100000000000000E+001  0.814059704986365E+002  0.711160561896479E+002
  0.100000000000000E+001  0.814047358651207E+002  0.711175109744837E+002
  0.100000000000000E+001  0.814009741360794E+002  0.711219768681138E+002
  0.100000000000000E+001  0.813969443530559E+002  0.718984216202668E+002
  0.100000000000000E+001  0.813955373212063E+002  0.718967168066723E+002
  0.100000000000000E+001  0.813954888270410E+002  0.718966579143749E+002
  0.100000000000000E+001  0.813954351901883E+002  0.718965927661735E+002
  0.100000000000000E+001  0.813934524250674E+002  0.711310633002693E+002
  0.100000000000000E+001  0.813929894137986E+002  0.718936102506491E+002
  0.100000000000000E+001  0.813925886294443E+002  0.718931192826063E+002
  0.100000000000000E+001  0.813924243239611E+002  0.711323221393075E+002
  0.100000000000000E+001  0.813896984664408E+002  0.711356801134260E+002
  0.100000000000000E+001  0.813866376087384E+002  0.711394867901741E+002
  0.100000000000000E+001  0.813864028892174E+002  0.718854596548200E+002
  0.100000000000000E+001  0.813849821402550E+002  0.718836780534831E+002
  0.100000000000000E+001  0.813829715647396E+002  0.711440978630817E+002
  0.100000000000000E+001  0.813827287488061E+002  0.711444053107835E+002
  0.100000000000000E+001  0.813823843862426E+002  0.711448417751040E+002
  0.100000000000000E+001  0.813810811630490E+002  0.711464982634470E+002
  0.100000000000000E+001  0.813793692296895E+002  0.718765542532571E+002
  0.100000000000000E+001  0.813781154975052E+002  0.718749439037151E+002
  0.100000000000000E+001  0.813746924453070E+002  0.711547296756224E+002
  0.100000000000000E+001  0.813713469693980E+002  0.711591165408279E+002
  0.100000000000000E+001  0.813708567240541E+002  0.711597639728037E+002
  0.100000000000000E+001  0.813705255083464E+002  0.711602020589502E+002
  0.100000000000000E+001  0.813691551834019E+002  0.711620203517614E+002
  0.100000000000000E+001  0.813680012317803E+002  0.718616810777998E+002
  0.100000000000000E+001  0.813679368311696E+002  0.718615950143979E+002
  0.100000000000000E+001  0.813668156268215E+002  0.711651467133200E+002
  0.100000000000000E+001  0.813652729970194E+002  0.711672236182499E+002
  0.100000000000000E+001  0.813617811812278E+002  0.718532684026326E+002
  0.100000000000000E+001  0.813613335521859E+002  0.711725850094213E+002
  0.100000000000000E+001  0.813607750535402E+002  0.711733519558327E+002
  0.100000000000000E+001  0.813601662849500E+002  0.718510500474337E+002
  0.100000000000000E+001  0.813580166665434E+002  0.711771655675161E+002
  0.100000000000000E+001  0.813574526165265E+002  0.711779507472814E+002
  0.100000000000000E+001  0.813570528740246E+002  0.718467316397812E+002
  0.100000000000000E+001  0.813564032886624E+002  0.718458235859470E+002
  0.100000000000000E+001  0.813563869471061E+002  0.711794392513402E+002
  0.100000000000000E+001  0.813513082292092E+002  0.711866264604745E+002
  0.100000000000000E+001  0.813498268842581E+002  0.718364871137057E+002
  0.100000000000000E+001  0.813496689505333E+002  0.718362595845723E+002
  0.100000000000000E+001  0.813474185567453E+002  0.718329999729032E+002
  0.100000000000000E+001  0.813472959782894E+002  0.711924184919257E+002
  0.100000000000000E+001  0.813462377877307E+002  0.718312763358846E+002
  0.100000000000000E+001  0.813460966370430E+002  0.711941702957922E+002
  0.100000000000000E+001  0.813446186604777E+002  0.718288975306264E+002
  0.100000000000000E+001  0.813407321741565E+002  0.718231131767922E+002
  0.100000000000000E+001  0.813384369053156E+002  0.718196458914233E+002
  0.100000000000000E+001  0.813379826536774E+002  0.718189550366012E+002
  0.100000000000000E+001  0.813369707002762E+002  0.712078295980317E+002
  0.100000000000000E+001  0.813343539425479E+002  0.712118606662678E+002
  0.100000000000000E+001  0.813337321339352E+002  0.712128265213770E+002
  0.100000000000000E+001  0.813334552450499E+002  0.718119823459919E+002
  0.100000000000000E+001  0.813328398786671E+002  0.718110220389158E+002
  0.100000000000000E+001  0.813324876851506E+002  0.718104710319038E+002
  0.100000000000000E+001  0.813324844142000E+002  0.718104659097217E+002
  0.100000000000000E+001  0.813322280250875E+002  0.718100641398621E+002
  0.100000000000000E+001  0.813314281305010E+002  0.712164327842759E+002
  0.100000000000000E+001  0.813307980978947E+002  0.712174265920487E+002
  0.100000000000000E+001  0.813304820892444E+002  0.718073136382198E+002
  0.100000000000000E+001  0.813276942910438E+002  0.712223721789525E+002
  0.100000000000000E+001  0.813264386008654E+002  0.712243970975436E+002
  0.100000000000000E+001  0.813260262891477E+002  0.718001748628537E+002
  0.100000000000000E+001  0.813259274266342E+002  0.718000144613347E+002
  0.100000000000000E+001  0.813255150267927E+002  0.717993443868496E+002
  0.100000000000000E+001  0.813248210350631E+002  0.712270267335025E+002
  0.100000000000000E+001  0.813244887776458E+002  0.717976700823433E+002
  0.100000000000000E+001  0.813226151270338E+002  0.712306523458901E+002
  0.100000000000000E+001  0.813199027573627E+002  0.712351753115548E+002
  0.100000000000000E+001  0.813198961042127E+002  0.712351864965580E+002
  0.100000000000000E+001  0.813194600461590E+002  0.712359205654194E+002
  0.100000000000000E+001  0.813110797707662E+002  0.712504270678563E+002
  0.100000000000000E+001  0.813100045743048E+002  0.712523467800523E+002
  0.100000000000000E+001  0.813093052917171E+002  0.712536029517040E+002
  0.100000000000000E+001  0.813073944358235E+002  0.717681729137526E+002
  0.100000000000000E+001  0.813047047778964E+002  0.717632158412695E+002
  0.100000000000000E+001  0.813005317260626E+002  0.712699154233221E+002
  0.100000000000000E+001  0.813003741677164E+002  0.712702184013053E+002
  0.100000000000000E+001  0.812971286146535E+002  0.712765459476165E+002
  0.100000000000000E+001  0.812967194724982E+002  0.712773556919227E+002
  0.100000000000000E+001  0.812958739396428E+002  0.717462019579812E+002
  0.100000000000000E+001  0.812956938927169E+002  0.712793978004740E+002
  0.100000000000000E+001  0.812945729703408E+002  0.712816504028566E+002
  0.100000000000000E+001  0.812940057894818E+002  0.712827986200916E+002
  0.100000000000000E+001  0.812932789362662E+002  0.712842785232608E+002
  0.100000000000000E+001  0.812926741329886E+002  0.712855172782711E+002
  0.100000000000000E+001  0.812913375694416E+002  0.712882790802362E+002
  0.100000000000000E+001  0.812908185616590E+002  0.717358792230350E+002
  0.100000000000000E+001  0.812899679145291E+002  0.717340949746868E+002
  0.100000000000000E+001  0.812884290057926E+002  0.717308300165911E+002
  0.100000000000000E+001  0.812870482807683E+002  0.717278585144487E+002
  0.100000000000000E+001  0.812870186051014E+002  0.717277941980402E+002
  0.100000000000000E+001  0.812868867351339E+002  0.712977317996147E+002
  0.100000000000000E+001  0.812858513297737E+002  0.717252489169549E+002
  0.100000000000000E+001  0.812843983071540E+002  0.717220373372030E+002
  0.100000000000000E+001  0.812835160119091E+002  0.717200629615415E+002
  0.100000000000000E+001  0.812834126932332E+002  0.713054094341375E+002
  0.100000000000000E+001  0.812815465683086E+002  0.713096534376997E+002
  0.100000000000000E+001  0.812809656952705E+002  0.713109927085133E+002
  0.100000000000000E+001  0.812770203462655E+002  0.713203358582385E+002
  0.100000000000000E+001  0.812770170716285E+002  0.717048961599374E+002
  0.100000000000000E+001  0.812761799659510E+002  0.713223852711840E+002
  0.100000000000000E+001  0.812748412593624E+002  0.713256963391680E+002
  0.100000000000000E+001  0.812743893940204E+002  0.716984126890274E+002
  0.100000000000000E+001  0.812735847117890E+002  0.713288584724659E+002
  0.100000000000000E+001  0.812726035158740E+002  0.713313660299572E+002
  0.100000000000000E+001  0.812724094880706E+002  0.713318660095956E+002
  0.100000000000000E+001  0.812721174849060E+002  0.716926188872344E+002
  0.100000000000000E+001  0.812706734862927E+002  0.716888374286591E+002
  0.100000000000000E+001  0.812705068647977E+002  0.716883958551330E+002
  0.100000000000000E+001  0.812702786218495E+002  0.716877891681760E+002
  0.100000000000000E+001  0.812701702845620E+002  0.713377394986461E+002
  0.100000000000000E+001  0.812692210287758E+002  0.713402898303080E+002
  0.100000000000000E+001  0.812690314491612E+002  0.716844362594339E+002
  0.100000000000000E+001  0.812687451271141E+002  0.716836572322892E+002
  0.100000000000000E+001  0.812682800886262E+002  0.716823843340306E+002
  0.100000000000000E+001  0.812681197857711E+002  0.713432966245207E+002
  0.100000000000000E+001  0.812671693941588E+002  0.713459351369490E+002
  0.100000000000000E+001  0.812668182346912E+002  0.713469206684116E+002
  0.100000000000000E+001  0.812663673443384E+002  0.716770452047316E+002
  0.100000000000000E+001  0.812658813025128E+002  0.716756606376173E+002
  0.100000000000000E+001  0.812650833044068E+002  0.716733615512838E+002
  0.100000000000000E+001  0.812644247171019E+002  0.716714390506228E+002
  0.100000000000000E+001  0.812622655461036E+002  0.716649660974977E+002
  0.100000000000000E+001  0.812613045579431E+002  0.716619949873901E+002
  0.100000000000000E+001  0.812576948599480E+002  0.716502630976375E+002
  0.100000000000000E+001  0.812656953078559E+002  0.713501122799710E+002
  0.100000000000000E+001  0.812652664482741E+002  0.713513478625241E+002
  0.100000000000000E+001  0.812649830397522E+002  0.713521696091121E+002
  0.100000000000000E+001  0.812646842150762E+002  0.713530406380406E+002
  0.100000000000000E+001  0.812646122070983E+002  0.713532512422500E+002
  0.100000000000000E+001  0.812630194719321E+002  0.713579828886527E+002
  0.100000000000000E+001  0.812604481689447E+002  0.713659433976446E+002
  0.100000000000000E+001  0.812601767094751E+002  0.713668091711087E+002
  0.100000000000000E+001  0.812595953464105E+002  0.713686808463751E+002
  0.100000000000000E+001  0.812571683353952E+002  0.713767727677523E+002
  0.100000000000000E+001  0.812568716710635E+002  0.713777951855813E+002
  0.100000000000000E+001  0.812555311707433E+002  0.716427247662220E+002
  0.100000000000000E+001  0.812547355137233E+002  0.716398404027096E+002
  0.100000000000000E+001  0.812532202331143E+002  0.716341581385074E+002
  0.100000000000000E+001  0.812529707283481E+002  0.716331968282732E+002
  0.100000000000000E+001  0.812542095312669E+002  0.713873427717062E+002
  0.100000000000000E+001  0.812539033035822E+002  0.713884881228098E+002
  0.100000000000000E+001  0.812524441578481E+002  0.716311424299498E+002
  0.100000000000000E+001  0.812524174735902E+002  0.716310373733206E+002
  0.100000000000000E+001  0.812520828847347E+002  0.716297120877562E+002
  0.100000000000000E+001  0.812515387540207E+002  0.716275241820938E+002
  0.100000000000000E+001  0.812504453439390E+002  0.716229966112067E+002
  0.100000000000000E+001  0.812503459268237E+002  0.716225757011378E+002
  0.100000000000000E+001  0.812495970286729E+002  0.714058882635074E+002
  0.100000000000000E+001  0.812495059394558E+002  0.714062870698336E+002
  0.100000000000000E+001  0.812493384518174E+002  0.714070242940970E+002
  0.100000000000000E+001  0.812488988824181E+002  0.716162558906743E+002
  0.100000000000000E+001  0.812485585238542E+002  0.714105273646140E+002
  0.100000000000000E+001  0.812485148105686E+002  0.716145126931866E+002
  0.100000000000000E+001  0.812481793712507E+002  0.716129654548068E+002
  0.100000000000000E+001  0.812481474331752E+002  0.716128168923776E+002
  0.100000000000000E+001  0.812478520568747E+002  0.714138076195430E+002
  0.100000000000000E+001  0.812474240682228E+002  0.714158489186048E+002
  0.100000000000000E+001  0.812473459177695E+002  0.716090136357966E+002
  0.100000000000000E+001  0.812470994139907E+002  0.714174265538381E+002
  0.100000000000000E+001  0.812468571526958E+002  0.716066189057068E+002
  0.100000000000000E+001  0.812455347663923E+002  0.715998107207404E+002
  0.100000000000000E+001  0.812455028732659E+002  0.715996399440135E+002
  0.100000000000000E+001  0.812453918144097E+002  0.714261973330868E+002
  0.100000000000000E+001  0.812453762681569E+002  0.714262812762933E+002
  0.100000000000000E+001  0.812452430209863E+002  0.715982358310102E+002
  0.100000000000000E+001  0.812449343802050E+002  0.715965375703029E+002
  0.100000000000000E+001  0.812447611917768E+002  0.715955693931425E+002
  0.100000000000000E+001  0.812444245811225E+002  0.715936545515487E+002
  0.100000000000000E+001  0.812444154006907E+002  0.714316382680207E+002
  0.100000000000000E+001  0.812439840100069E+002  0.714341622214654E+002
  0.100000000000000E+001  0.812438569814709E+002  0.715903189054594E+002
  0.100000000000000E+001  0.812436649233627E+002  0.715891573162041E+002
  0.100000000000000E+001  0.812433884055202E+002  0.715874532437449E+002
  0.100000000000000E+001  0.812429572066143E+002  0.715847156001963E+002
  0.100000000000000E+001  0.812428816948720E+002  0.715842254141249E+002
  0.100000000000000E+001  0.812428480432661E+002  0.714412340817891E+002
  0.100000000000000E+001  0.812427448027343E+002  0.715833281121286E+002
  0.100000000000000E+001  0.812424809379991E+002  0.714436743741276E+002
  0.100000000000000E+001  0.812424450314746E+002  0.714439177123237E+002
  0.100000000000000E+001  0.812422665752528E+002  0.714451401254845E+002
  0.100000000000000E+001  0.812415207835328E+002  0.714505085671798E+002
  0.100000000000000E+001  0.812411894082127E+002  0.714530489469739E+002
  0.100000000000000E+001  0.812407963484941E+002  0.714562103463102E+002
  0.100000000000000E+001  0.812400339478910E+002  0.714629123326208E+002
  0.100000000000000E+001  0.812396133156335E+002  0.714670297586469E+002
  0.100000000000000E+001  0.812395289396314E+002  0.714679013137887E+002
  0.100000000000000E+001  0.812390632448894E+002  0.714730555873295E+002
  0.100000000000000E+001  0.812384527872758E+002  0.714810623681934E+002
  0.100000000000000E+001  0.812380554300589E+002  0.714876157244852E+002
  0.100000000000000E+001  0.812379391564166E+002  0.714898878820681E+002
  0.100000000000000E+001  0.812415086598275E+002  0.715746402858449E+002
  0.100000000000000E+001  0.812412518827502E+002  0.715726781751983E+002
  0.100000000000000E+001  0.812400901092214E+002  0.715628518405053E+002
  0.100000000000000E+001  0.812388825958025E+002  0.715499941004263E+002
  0.100000000000000E+001  0.812388405544987E+002  0.715494657006931E+002
  0.100000000000000E+001  0.812381735991161E+002  0.715397390786505E+002
  0.100000000000000E+001  0.812381262649511E+002  0.715389123816123E+002
  0.100000000000000E+001  0.812381262476832E+002  0.715389120752827E+002
  0.100000000000000E+001  0.812378285135005E+002  0.714922843876344E+002
  0.100000000000000E+001  0.812376241004646E+002  0.714976917519940E+002
  0.100000000000000E+001  0.812376111957479E+002  0.714981005455595E+002
  0.100000000000000E+001  0.812377008426749E+002  0.715297792376631E+002
  0.100000000000000E+001  0.812376471646968E+002  0.715282522300249E+002
  0.100000000000000E+001  0.812376292472573E+002  0.715277081596127E+002
  0.100000000000000E+001  0.812375849472652E+002  0.714989697644476E+002
  0.100000000000000E+001  0.812375667764283E+002  0.714996054523152E+002
  0.100000000000000E+001  0.812375473030146E+002  0.715003231355500E+002
  0.100000000000000E+001  0.812375455508597E+002  0.715248501862171E+002
  0.100000000000000E+001  0.812375346014518E+002  0.715244252294677E+002
  0.100000000000000E+001  0.812374748722192E+002  0.715034741525654E+002
  0.100000000000000E+001  0.812374615662389E+002  0.715041799663249E+002
  0.100000000000000E+001  0.812374138237822E+002  0.715074529849413E+002
  0.100000000000000E+001  0.812374120762016E+002  0.715176267397765E+002
  0.100000000000000E+001  0.812374056194769E+002  0.715082559740397E+002
  0.100000000000000E+001  0.812373875870663E+002  0.715111289310288E+002
