  0.715134798222186E+002 -0.406186929981639E+002
  0.715137369389185E+002 -0.406186932705949E+002
  0.715151207244889E+002 -0.406186959538696E+002
  0.715156047175414E+002 -0.406186973769105E+002
  0.715139551711299E+002 -0.406186935574279E+002
  0.715096725984410E+002 -0.406186972581381E+002
  0.715105948891878E+002 -0.406186948000132E+002
  0.715151409848033E+002 -0.406186960084033E+002
  0.715116094877305E+002 -0.406186931491916E+002
  0.715115094773971E+002 -0.406186932628884E+002
  0.715125851207670E+002 -0.406186926025369E+002
  0.715097302464181E+002 -0.406186970777757E+002
  0.715099398565261E+002 -0.406186964519982E+002
  0.715136600305062E+002 -0.406186931816770E+002
  0.715134116086655E+002 -0.406186929377823E+002
  0.715114031484883E+002 -0.406186933955283E+002
  0.715111592268380E+002 -0.406186937456003E+002
  0.715108611702003E+002 -0.406186942599512E+002
  0.715133839812925E+002 -0.406186929147462E+002
  0.715142860343538E+002 -0.406186940896751E+002
  0.715151926771488E+002 -0.406186961495346E+002
  0.715094368718035E+002 -0.406186980327204E+002
  0.715109006796133E+002 -0.406186941862953E+002
  0.715149769899806E+002 -0.406186955796212E+002
  0.715103729893439E+002 -0.406186953081262E+002
  0.715106974148657E+002 -0.406186945830752E+002
  0.715146575316639E+002 -0.406186948271442E+002
  0.715118496619995E+002 -0.406186929199422E+002
  0.715119087444934E+002 -0.406186928730242E+002
  0.715114069907286E+002 -0.406186933905242E+002
  0.715118547304199E+002 -0.406186929157706E+002
  0.715136530615673E+002 -0.406186931739331E+002
  0.715095394202465E+002 -0.406186976884327E+002
  0.715152782353589E+002 -0.406186963894211E+002
  0.715093739546148E+002 -0.406186982495334E+002
  0.715098090493484E+002 -0.406186968369896E+002
  0.715101637537576E+002 -0.406186958355920E+002
  0.715112953342786E+002 -0.406186935423959E+002
  0.715121445070735E+002 -0.406186927230615E+002
  0.715124493541615E+002 -0.406186926174903E+002
  0.715121332930901E+002 -0.406186927288448E+002
  0.715138023541901E+002 -0.406186933512152E+002
  0.715139890123410E+002 -0.406186936064794E+002
  0.715107415819949E+002 -0.406186944930930E+002
  0.715125419622215E+002 -0.406186926051481E+002
  0.715157921216994E+002 -0.406186979953587E+002
  0.715095422973392E+002 -0.406186976789359E+002
  0.715119053750218E+002 -0.406186928755993E+002
  0.715121803912928E+002 -0.406186927054613E+002
  0.715138894422239E+002 -0.406186934656645E+002
  0.715105813820746E+002 -0.406186948294335E+002
  0.715154469824861E+002 -0.406186968855527E+002
  0.715142946912254E+002 -0.406186941051765E+002
  0.715150975210492E+002 -0.406186958919547E+002
  0.715131675834806E+002 -0.406186927626147E+002
  0.715095521354776E+002 -0.406186976465292E+002
  0.715116700171224E+002 -0.406186930855872E+002
  0.715154765684830E+002 -0.406186969756834E+002
  0.715131467280612E+002 -0.406186927506051E+002
  0.715100803277653E+002 -0.406186960589888E+002
  0.715125234362815E+002 -0.406186926068815E+002
  0.715155772218251E+002 -0.406186972893397E+002
  0.715107538482341E+002 -0.406186944684739E+002
  0.715124835522851E+002 -0.406186926118619E+002
  0.715094905052953E+002 -0.406186978512495E+002
  0.715145674290042E+002 -0.406186946346891E+002
  0.715147419654055E+002 -0.406186950153897E+002
  0.715110187449058E+002 -0.406186939761623E+002
  0.715098161098195E+002 -0.406186968157409E+002
  0.715103538957859E+002 -0.406186953543136E+002
  0.715103526636398E+002 -0.406186953573075E+002
  0.715133766630883E+002 -0.406186929087812E+002
  0.715151096048528E+002 -0.406186959241265E+002
  0.715101443214390E+002 -0.406186958869610E+002
  0.715128124917960E+002 -0.406186926217499E+002
  0.715117337089111E+002 -0.406186930229005E+002
  0.715126072894021E+002 -0.406186926019719E+002
  0.715117149119447E+002 -0.406186930409485E+002
  0.715094660557405E+002 -0.406186979335930E+002
  0.715152881452485E+002 -0.406186964177134E+002
  0.715157472730954E+002 -0.406186978439280E+002
  0.715114192366468E+002 -0.406186933746809E+002
  0.715156616199235E+002 -0.406186975607125E+002
  0.715105614745735E+002 -0.406186948731512E+002
  0.715109068352443E+002 -0.406186941749702E+002
  0.715157525241515E+002 -0.406186978615467E+002
  0.715128625198673E+002 -0.406186926334158E+002
  0.715141752781909E+002 -0.406186938984392E+002
  0.715107436143836E+002 -0.406186944890027E+002
  0.715142415723775E+002 -0.406186940113254E+002
  0.715127780620352E+002 -0.406186926152800E+002
  0.715096456898522E+002 -0.406186973435462E+002
  0.715123211204696E+002 -0.406186926497596E+002
  0.715106127737192E+002 -0.406186947613593E+002
  0.715135167518140E+002 -0.406186930329346E+002
  0.715114488251194E+002 -0.406186933370641E+002
  0.715129585436034E+002 -0.406186926633243E+002
  0.715144102676323E+002 -0.406186943198288E+002
  0.715094351062341E+002 -0.406186980387466E+002
  0.715145801260725E+002 -0.406186946612827E+002
  0.715149324288167E+002 -0.406186954680925E+002
  0.715148199187124E+002 -0.406186951959720E+002
  0.715093996902124E+002 -0.406186981603355E+002
  0.715135421169771E+002 -0.406186930576639E+002
  0.715109742844993E+002 -0.406186940535390E+002
  0.715142580776130E+002 -0.406186940401632E+002
  0.715132386250939E+002 -0.406186928070233E+002
  0.715105113975947E+002 -0.406186949850009E+002
  0.715127280238660E+002 -0.406186926081424E+002
  0.715123467322387E+002 -0.406186926419058E+002
  0.715126564414559E+002 -0.406186926025981E+002
  0.715156891975825E+002 -0.406186976510407E+002
  0.715126151112689E+002 -0.406186926018983E+002
  0.715121298040042E+002 -0.406186927306717E+002
  0.715128204981755E+002 -0.406186926234366E+002
  0.715134645097216E+002 -0.406186929841753E+002
  0.715099681617722E+002 -0.406186963711042E+002
  0.715097294111566E+002 -0.406186970803636E+002
  0.715149353578451E+002 -0.406186954753580E+002
  0.715142390768432E+002 -0.406186940069907E+002
  0.715141023811898E+002 -0.406186937797482E+002
  0.715146395700711E+002 -0.406186947880846E+002
  0.715139024339548E+002 -0.406186934834349E+002
  0.715122440878500E+002 -0.406186926776197E+002
  0.715136500424256E+002 -0.406186931705944E+002
  0.715154992951947E+002 -0.406186970455552E+002
  0.715145034945281E+002 -0.406186945034067E+002
  0.715123659182333E+002 -0.406186926364831E+002
  0.715131254374171E+002 -0.406186927388259E+002
  0.715110558839775E+002 -0.406186939131516E+002
  0.715129632356322E+002 -0.406186926650390E+002
  0.715158252791772E+002 -0.406186981087009E+002
  0.715111344675259E+002 -0.406186937847000E+002
  0.715150175823767E+002 -0.406186956830694E+002
  0.715110038543383E+002 -0.406186940018411E+002
  0.715147547488594E+002 -0.406186950445566E+002
  0.715096376143656E+002 -0.406186973693293E+002
  0.715149001934428E+002 -0.406186953887400E+002
  0.715135200648633E+002 -0.406186930361255E+002
  0.715124055503465E+002 -0.406186926265310E+002
  0.715122091162458E+002 -0.406186926923673E+002
  0.715102145403382E+002 -0.406186957032499E+002
  0.715100123999535E+002 -0.406186962463955E+002
  0.715135089619244E+002 -0.406186930254785E+002
  0.715158086999544E+002 -0.406186980518808E+002
  0.715147446336541E+002 -0.406186950214631E+002
  0.715101535224705E+002 -0.406186958625877E+002
  0.715121391297131E+002 -0.406186927258179E+002
  0.715095764157246E+002 -0.406186975669942E+002
  0.715100329703311E+002 -0.406186961891215E+002
  0.715155304854265E+002 -0.406186971423489E+002
  0.715107755572282E+002 -0.406186944252979E+002
  0.715103111254495E+002 -0.406186954591933E+002
  0.715112318392942E+002 -0.406186936347208E+002
  0.715111685811422E+002 -0.406186937309990E+002
  0.715150323872708E+002 -0.406186957212388E+002
  0.715123514337825E+002 -0.406186926405404E+002
  0.715137666589246E+002 -0.406186933066543E+002
  0.715100725238948E+002 -0.406186960802674E+002
  0.715131165572280E+002 -0.406186927340564E+002
  0.715099569685820E+002 -0.406186964029907E+002
  0.715147944610323E+002 -0.406186951362818E+002
  0.715114761041640E+002 -0.406186933032148E+002
  0.715120156201521E+002 -0.406186927976599E+002
  0.715097812024528E+002 -0.406186969213165E+002
  0.715137694037295E+002 -0.406186933100324E+002
  0.715135879740651E+002 -0.406186931041221E+002
  0.715135549966345E+002 -0.406186930704847E+002
  0.715147406680820E+002 -0.406186950124395E+002
  0.715133559560083E+002 -0.406186928922143E+002
  0.715153708203097E+002 -0.406186966578496E+002
  0.715097906095138E+002 -0.406186968927368E+002
  0.715119613170686E+002 -0.406186928344220E+002
  0.715158092205829E+002 -0.406186980536606E+002
  0.715126639244407E+002 -0.406186926029206E+002
  0.715128755806374E+002 -0.406186926369030E+002
  0.715152786929243E+002 -0.406186963907251E+002
  0.715156850409951E+002 -0.406186976373740E+002
  0.715109888163948E+002 -0.406186940280153E+002
  0.715121784146693E+002 -0.406186927063949E+002
  0.715141517217719E+002 -0.406186938594616E+002
  0.715127590762763E+002 -0.406186926122558E+002
  0.715124450902345E+002 -0.406186926182800E+002
  0.715122282976241E+002 -0.406186926841161E+002
  0.715121082391443E+002 -0.406186927422526E+002
  0.715146363693517E+002 -0.406186947811605E+002
  0.715107127848402E+002 -0.406186945515245E+002
  0.715158842291982E+002 -0.406186983131199E+002
  0.715131068552712E+002 -0.406186927289423E+002
  0.715114446951283E+002 -0.406186933422583E+002
  0.715140328164069E+002 -0.406186936717946E+002
  0.715155242152797E+002 -0.406186971228068E+002
  0.715157844073216E+002 -0.406186979691577E+002
  0.715144070076453E+002 -0.406186943135780E+002
  0.715157577855498E+002 -0.406186978792297E+002
  0.715147524641026E+002 -0.406186950393308E+002
  0.715135190068623E+002 -0.406186930351052E+002
  0.715105036774754E+002 -0.406186950024833E+002
  0.715144215389842E+002 -0.406186943415287E+002
  0.715097053729964E+002 -0.406186971551599E+002
  0.715152425548944E+002 -0.406186962884270E+002
  0.715122330070234E+002 -0.406186926821506E+002
  0.715107645638527E+002 -0.406186944470990E+002
  0.715104226062665E+002 -0.406186951899301E+002
  0.715120140448173E+002 -0.406186927986819E+002
  0.715116231976964E+002 -0.406186931344411E+002
  0.715122217212164E+002 -0.406186926869006E+002
  0.715148914679643E+002 -0.406186953674524E+002
  0.715099994456440E+002 -0.406186962826968E+002
  0.715149770802935E+002 -0.406186955798494E+002
  0.715149079189923E+002 -0.406186954076562E+002
  0.715116324961528E+002 -0.406186931245516E+002
  0.715142672791842E+002 -0.406186940563668E+002
  0.715132780859574E+002 -0.406186928340278E+002
  0.715133482635524E+002 -0.406186928861769E+002
  0.715137850230902E+002 -0.406186933294090E+002
  0.715157111842842E+002 -0.406186977236402E+002
  0.715121547977826E+002 -0.406186927178731E+002
  0.715106995969274E+002 -0.406186945785806E+002
  0.715128246023422E+002 -0.406186926243278E+002
  0.715137169016276E+002 -0.406186932468179E+002
  0.715100190191210E+002 -0.406186962279163E+002
  0.715101777927792E+002 -0.406186957987319E+002
  0.715103584880287E+002 -0.406186953431692E+002
  0.715158694653736E+002 -0.406186982615743E+002
  0.715134957731133E+002 -0.406186930130030E+002
  0.715147790189725E+002 -0.406186951004136E+002
  0.715135686571078E+002 -0.406186930842771E+002
  0.715126339471714E+002 -0.406186926019901E+002
  0.715114816912308E+002 -0.406186932963805E+002
  0.715097330622826E+002 -0.406186970690570E+002
  0.715116839861073E+002 -0.406186930714663E+002
  0.715146090572050E+002 -0.406186947225235E+002
  0.715112404942320E+002 -0.406186936218817E+002
  0.715108968547764E+002 -0.406186941933526E+002
  0.715122302553825E+002 -0.406186926832962E+002
  0.715103375963846E+002 -0.406186953940510E+002
  0.715111822947466E+002 -0.406186937097629E+002
  0.715128114306103E+002 -0.406186926215315E+002
  0.715142638328584E+002 -0.406186940502873E+002
  0.715128442164702E+002 -0.406186926288364E+002
  0.715127192405158E+002 -0.406186926071665E+002
  0.715124200017603E+002 -0.406186926233210E+002
  0.715132336418005E+002 -0.406186928037318E+002
  0.715116764214221E+002 -0.406186930790873E+002
  0.715097819960145E+002 -0.406186969189019E+002
  0.715147690333014E+002 -0.406186950773554E+002
  0.715113778022975E+002 -0.406186934289352E+002
  0.715150715195579E+002 -0.406186958232593E+002
  0.715146250250716E+002 -0.406186947567082E+002
  0.715128296968359E+002 -0.406186926254592E+002
  0.715131483634507E+002 -0.406186927515300E+002
  0.715113368462549E+002 -0.406186934843718E+002
  0.715144212573197E+002 -0.406186943409848E+002
  0.715126249732363E+002 -0.406186926018989E+002
  0.715101790148667E+002 -0.406186957955333E+002
  0.715108583501014E+002 -0.406186942652726E+002
  0.715134433808507E+002 -0.406186929652859E+002
  0.715137356042341E+002 -0.406186932689977E+002
  0.715146883622968E+002 -0.406186948949955E+002
  0.715115860798147E+002 -0.406186931748418E+002
  0.715100586758806E+002 -0.406186961181873E+002
  0.715127852455200E+002 -0.406186926165250E+002
  0.715156692004639E+002 -0.406186975854607E+002
  0.715127067478004E+002 -0.406186926059208E+002
  0.715097010129313E+002 -0.406186971687929E+002
  0.715126861250211E+002 -0.406186926042306E+002
  0.715128842982884E+002 -0.406186926393324E+002
  0.715118550577865E+002 -0.406186929155021E+002
  0.715142933064154E+002 -0.406186941026914E+002
  0.715158084466950E+002 -0.406186980510152E+002
  0.715153698882810E+002 -0.406186966551016E+002
  0.715131705596194E+002 -0.406186927643666E+002
  0.715106771298581E+002 -0.406186946251029E+002
  0.715099674286601E+002 -0.406186963731886E+002
  0.715105869078943E+002 -0.406186948173739E+002
  0.715126437608835E+002 -0.406186926021887E+002
  0.715136347328690E+002 -0.406186931538149E+002
  0.715138532775435E+002 -0.406186934171505E+002
  0.715122851054061E+002 -0.406186926619932E+002
  0.715150495534739E+002 -0.406186957657901E+002
  0.715102689061140E+002 -0.406186955646452E+002
  0.715103382334779E+002 -0.406186953924925E+002
  0.715140079197618E+002 -0.406186936344195E+002
  0.715117663056531E+002 -0.406186929925005E+002
  0.715119205562521E+002 -0.406186928640932E+002
  0.715106162083687E+002 -0.406186947539752E+002
  0.715119765358384E+002 -0.406186928238004E+002
  0.715098564798195E+002 -0.406186966952727E+002
  0.715134207993736E+002 -0.406186929456270E+002
  0.715139081435335E+002 -0.406186934913018E+002
  0.715115998448905E+002 -0.406186931596870E+002
  0.715127664327668E+002 -0.406186926133817E+002
  0.715115381861409E+002 -0.406186932291537E+002
  0.715148481611397E+002 -0.406186952630044E+002
  0.715125259204681E+002 -0.406186926066277E+002
  0.715139829538054E+002 -0.406186935976075E+002
  0.715135627951621E+002 -0.406186930783341E+002
  0.715118021979863E+002 -0.406186929603446E+002
  0.715136722493294E+002 -0.406186931953801E+002
