  0.100000000000000E+001  0.112396520336131E+003  0.661212900476684E+002
  0.100000000000000E+001  0.972718204276427E+002  0.676451224369075E+002
  0.100000000000000E+001  0.834665122841031E+002  0.700706021625626E+002
  0.100000000000000E+001  0.877695064737370E+002  0.739811040697991E+002
  0.100000000000000E+001  0.137599513349951E+003  0.787636032713515E+002
  0.100000000000000E+001  0.865252427309977E+002  0.692916479702733E+002
  0.100000000000000E+001  0.116988176079773E+003  0.772875408759806E+002
  0.100000000000000E+001  0.146519958053297E+003  0.637088970076833E+002
  0.100000000000000E+001  0.109441124226229E+003  0.766419017437610E+002
  0.100000000000000E+001  0.103629669559748E+003  0.669422389021887E+002
  0.100000000000000E+001  0.971611893157323E+002  0.753667523474666E+002
  0.100000000000000E+001  0.103380646554904E+003  0.669677233948644E+002
  0.100000000000000E+001  0.149602834216157E+003  0.635267626332055E+002
  0.100000000000000E+001  0.140224267792217E+003  0.789305193109271E+002
  0.100000000000000E+001  0.110294110706600E+003  0.663063516466981E+002
  0.100000000000000E+001  0.154447454425260E+003  0.632486520811062E+002
  0.100000000000000E+001  0.853090943960442E+002  0.734615291058369E+002
  0.100000000000000E+001  0.220265403995315E+003  0.601244384901824E+002
  0.100000000000000E+001  0.191279028438356E+003  0.613809334070229E+002
  0.100000000000000E+001  0.108940351830933E+003  0.765961612339856E+002
  0.100000000000000E+001  0.911409499704546E+002  0.745520978519055E+002
  0.100000000000000E+001  0.824191605262151E+002  0.704626650165313E+002
  0.100000000000000E+001  0.173547373168821E+003  0.622330562244476E+002
  0.100000000000000E+001  0.132754214173322E+003  0.784449267716055E+002
  0.100000000000000E+001  0.925687698429725E+002  0.747638275973179E+002
  0.100000000000000E+001  0.116943605651518E+003  0.772839399630599E+002
  0.100000000000000E+001  0.921965313193020E+002  0.683152597306896E+002
  0.100000000000000E+001  0.121799302386850E+003  0.653613831280621E+002
  0.100000000000000E+001  0.812837234794259E+002  0.717205289126183E+002
  0.100000000000000E+001  0.869691214357929E+002  0.692003086302060E+002
  0.100000000000000E+001  0.116706431363895E+003  0.772647403767435E+002
  0.100000000000000E+001  0.103443141766681E+003  0.669613143536657E+002
  0.100000000000000E+001  0.843193837106549E+002  0.698170355317571E+002
  0.100000000000000E+001  0.889889404697061E+002  0.688235776638372E+002
  0.100000000000000E+001  0.812530802329735E+002  0.713916202854279E+002
  0.100000000000000E+001  0.118733558294938E+003  0.655984107405442E+002
  0.100000000000000E+001  0.813040918447325E+002  0.712631675450472E+002
  0.100000000000000E+001  0.816346801113871E+002  0.709038409119116E+002
  0.100000000000000E+001  0.852841405840805E+002  0.734555479009961E+002
  0.100000000000000E+001  0.828237347212696E+002  0.702961464789532E+002
  0.100000000000000E+001  0.116369631426104E+003  0.657878746478195E+002
  0.100000000000000E+001  0.130343102192429E+003  0.647444814223044E+002
  0.100000000000000E+001  0.112551756771912E+003  0.769173631716606E+002
  0.100000000000000E+001  0.103082766243055E+003  0.760268431450183E+002
  0.100000000000000E+001  0.114791960534486E+003  0.771073493846205E+002
  0.100000000000000E+001  0.102861439906203E+003  0.670213229447556E+002
  0.100000000000000E+001  0.139989181251470E+003  0.789157228920256E+002
  0.100000000000000E+001  0.209045960761702E+003  0.605936113288431E+002
  0.100000000000000E+001  0.826790269118748E+002  0.703529567641176E+002
  0.100000000000000E+001  0.125117741772429E+003  0.651147076198478E+002
  0.100000000000000E+001  0.187232755654835E+003  0.615689509340697E+002
  0.100000000000000E+001  0.140367863828365E+003  0.789395427871623E+002
  0.100000000000000E+001  0.846328190751803E+002  0.732923365802930E+002
  0.100000000000000E+001  0.218862253373340E+003  0.601820522610775E+002
  0.100000000000000E+001  0.143717569036703E+003  0.638782296257630E+002
  0.100000000000000E+001  0.841851701786888E+002  0.698543657528650E+002
  0.100000000000000E+001  0.113871677804840E+003  0.659951457386133E+002
  0.100000000000000E+001  0.152431238863159E+003  0.796619980001969E+002
  0.100000000000000E+001  0.884706002671428E+002  0.689150401599290E+002
  0.100000000000000E+001  0.887228890451252E+002  0.688701276740300E+002
  0.100000000000000E+001  0.989199865516150E+002  0.674512150590645E+002
  0.100000000000000E+001  0.151317103971425E+003  0.795979804717575E+002
  0.100000000000000E+001  0.957543626194913E+002  0.678326751028426E+002
  0.100000000000000E+001  0.101963984651210E+003  0.759097290676520E+002
  0.100000000000000E+001  0.135662997317156E+003  0.786379481921641E+002
  0.100000000000000E+001  0.105083193561672E+003  0.762290048505463E+002
  0.100000000000000E+001  0.194835197301955E+003  0.612185244022495E+002
  0.100000000000000E+001  0.874231015769467E+002  0.739147594231204E+002
  0.100000000000000E+001  0.846830925387271E+002  0.697197763754943E+002
  0.100000000000000E+001  0.100612064115530E+003  0.672613325401623E+002
  0.100000000000000E+001  0.194431603566690E+003  0.612368272601774E+002
  0.100000000000000E+001  0.813708567240541E+002  0.711597639728037E+002
  0.100000000000000E+001  0.160426594994858E+003  0.629178112277782E+002
  0.100000000000000E+001  0.162476843727797E+003  0.628072602355764E+002
  0.100000000000000E+001  0.820530431812093E+002  0.706403372854520E+002
  0.100000000000000E+001  0.969535741683367E+002  0.753415447532797E+002
  0.100000000000000E+001  0.218922336617624E+003  0.601795792233508E+002
  0.100000000000000E+001  0.114155565412251E+003  0.659711992892340E+002
  0.100000000000000E+001  0.825133765889365E+002  0.726036258424550E+002
  0.100000000000000E+001  0.113661722490423E+003  0.660129229319616E+002
  0.100000000000000E+001  0.157530148791107E+003  0.630764584605996E+002
  0.100000000000000E+001  0.122428632698543E+003  0.653138476577221E+002
  0.100000000000000E+001  0.965345146307198E+002  0.752901522540597E+002
  0.100000000000000E+001  0.102716635476485E+003  0.670363860804922E+002
  0.100000000000000E+001  0.173269572134161E+003  0.622470298738825E+002
  0.100000000000000E+001  0.178418913464125E+003  0.619913457241692E+002
  0.100000000000000E+001  0.114879252393723E+003  0.659106179901957E+002
  0.100000000000000E+001  0.208972607882033E+003  0.605967451392223E+002
  0.100000000000000E+001  0.100920509041334E+003  0.757976140508512E+002
  0.100000000000000E+001  0.131986831944931E+003  0.646321378890051E+002
  0.100000000000000E+001  0.130833551509740E+003  0.783144733689269E+002
  0.100000000000000E+001  0.146227458478936E+003  0.792988409768301E+002
  0.100000000000000E+001  0.103285998821649E+003  0.760477929581271E+002
  0.100000000000000E+001  0.127439842245189E+003  0.780776353744247E+002
  0.100000000000000E+001  0.814152831294006E+002  0.711052503449162E+002
  0.100000000000000E+001  0.101444312448171E+003  0.758542554012194E+002
  0.100000000000000E+001  0.864677893270096E+002  0.737214934331770E+002
  0.100000000000000E+001  0.827940919258484E+002  0.727176742708944E+002
  0.100000000000000E+001  0.170137272526187E+003  0.624060712050079E+002
  0.100000000000000E+001  0.852988665740235E+002  0.734590798114408E+002
  0.100000000000000E+001  0.127893243146796E+003  0.649154708313003E+002
  0.100000000000000E+001  0.813770613328609E+002  0.718735843278390E+002
  0.100000000000000E+001  0.121266878237333E+003  0.776233522703398E+002
  0.100000000000000E+001  0.157649336245912E+003  0.799553685753848E+002
  0.100000000000000E+001  0.154604134270553E+003  0.797854261809971E+002
  0.100000000000000E+001  0.124074692872083E+003  0.778340348926336E+002
  0.100000000000000E+001  0.920002638369367E+002  0.683440198608029E+002
  0.100000000000000E+001  0.158751682952635E+003  0.630091903671343E+002
  0.100000000000000E+001  0.868918970559258E+002  0.692159384805849E+002
  0.100000000000000E+001  0.218857019450728E+003  0.601822677158831E+002
  0.100000000000000E+001  0.157201556798692E+003  0.630946452861823E+002
  0.100000000000000E+001  0.111086913549212E+003  0.662358039977159E+002
  0.100000000000000E+001  0.993938831637949E+002  0.673971517320833E+002
  0.100000000000000E+001  0.181076040885407E+003  0.618620586489034E+002
  0.100000000000000E+001  0.104269806766838E+003  0.668773715747430E+002
  0.100000000000000E+001  0.875294394427741E+002  0.690899210833843E+002
  0.100000000000000E+001  0.970020517412116E+002  0.753474454860729E+002
  0.100000000000000E+001  0.815234434159339E+002  0.709960485034054E+002
  0.100000000000000E+001  0.812597748586423E+002  0.716571396345229E+002
  0.100000000000000E+001  0.206966510767004E+003  0.606828019264728E+002
  0.100000000000000E+001  0.121763187402235E+003  0.776611177951147E+002
  0.100000000000000E+001  0.207051834237271E+003  0.606791278337038E+002
  0.100000000000000E+001  0.939764499205438E+002  0.680653762951489E+002
  0.100000000000000E+001  0.176884831063858E+003  0.620667948466732E+002
  0.100000000000000E+001  0.898071748307630E+002  0.686852132126440E+002
  0.100000000000000E+001  0.894512228802470E+002  0.742806848963178E+002
  0.100000000000000E+001  0.125661013462294E+003  0.650752239789748E+002
  0.100000000000000E+001  0.813844612374996E+002  0.718830227010910E+002
  0.100000000000000E+001  0.125523489839664E+003  0.650851959271691E+002
  0.100000000000000E+001  0.815229092027999E+002  0.709965310769078E+002
  0.100000000000000E+001  0.818483607560200E+002  0.722675646608936E+002
  0.100000000000000E+001  0.901290746334632E+002  0.686326009640905E+002
  0.100000000000000E+001  0.812790757200318E+002  0.713154131974220E+002
  0.100000000000000E+001  0.100538357263320E+003  0.757558131556166E+002
  0.100000000000000E+001  0.115219788804477E+003  0.658823365287192E+002
  0.100000000000000E+001  0.987278073673511E+002  0.755518943971921E+002
  0.100000000000000E+001  0.819992162049009E+002  0.723556296064158E+002
  0.100000000000000E+001  0.108601444884732E+003  0.765649705478077E+002
  0.100000000000000E+001  0.813805294173498E+002  0.718780381279891E+002
  0.100000000000000E+001  0.202921445714754E+003  0.608584392525783E+002
  0.100000000000000E+001  0.115476116602399E+003  0.771640980324925E+002
  0.100000000000000E+001  0.156132971842156E+003  0.798711773236551E+002
  0.100000000000000E+001  0.863246579252093E+002  0.693341793784808E+002
  0.100000000000000E+001  0.914354295814512E+002  0.684282841325394E+002
  0.100000000000000E+001  0.875192048112683E+002  0.690918922616966E+002
  0.100000000000000E+001  0.838250479261657E+002  0.730662837830884E+002
  0.100000000000000E+001  0.119465471678283E+003  0.655409679595342E+002
  0.100000000000000E+001  0.114699319835365E+003  0.770996208129454E+002
  0.100000000000000E+001  0.874398393617897E+002  0.691072327875643E+002
  0.100000000000000E+001  0.209129876523370E+003  0.605900273495515E+002
  0.100000000000000E+001  0.816080436579997E+002  0.721006373678846E+002
  0.100000000000000E+001  0.203074734138231E+003  0.608517306970358E+002
  0.100000000000000E+001  0.984973790145139E+002  0.675000415840254E+002
  0.100000000000000E+001  0.102297148409044E+003  0.670803117473596E+002
  0.100000000000000E+001  0.146884518569937E+003  0.793381019657939E+002
  0.100000000000000E+001  0.152134334930986E+003  0.633802526312370E+002
  0.100000000000000E+001  0.196872851682942E+003  0.611266098673026E+002
  0.100000000000000E+001  0.211600471063635E+003  0.604850320622867E+002
  0.100000000000000E+001  0.972378382295597E+002  0.753760171065960E+002
  0.100000000000000E+001  0.880187863020904E+002  0.740277644099245E+002
  0.100000000000000E+001  0.814564836875427E+002  0.710605320646987E+002
  0.100000000000000E+001  0.129065342632663E+003  0.781921226819693E+002
  0.100000000000000E+001  0.871845010054302E+002  0.738679751811324E+002
  0.100000000000000E+001  0.103083218300823E+003  0.760268898523540E+002
  0.100000000000000E+001  0.108753372867098E+003  0.765789767103711E+002
  0.100000000000000E+001  0.858124317817322E+002  0.735784803899863E+002
  0.100000000000000E+001  0.170263377509169E+003  0.623996146489015E+002
  0.100000000000000E+001  0.815599560919705E+002  0.709640705132440E+002
  0.100000000000000E+001  0.843742337336757E+002  0.698020139967236E+002
  0.100000000000000E+001  0.817887963135229E+002  0.722298211167845E+002
  0.100000000000000E+001  0.960184570986679E+002  0.677993529850105E+002
  0.100000000000000E+001  0.188429387252302E+003  0.615129790851480E+002
  0.100000000000000E+001  0.867940530591214E+002  0.737893442226946E+002
  0.100000000000000E+001  0.871726680110211E+002  0.738656307856840E+002
  0.100000000000000E+001  0.211794157190907E+003  0.604768430184893E+002
  0.100000000000000E+001  0.147057192085599E+003  0.636768529610319E+002
  0.100000000000000E+001  0.813273947424569E+002  0.718023860174889E+002
  0.100000000000000E+001  0.136829406941720E+003  0.787138958284007E+002
  0.100000000000000E+001  0.118278287501218E+003  0.773908150139856E+002
  0.100000000000000E+001  0.824421017331516E+002  0.704525228785163E+002
  0.100000000000000E+001  0.102173924384192E+003  0.670932978414524E+002
  0.100000000000000E+001  0.108796277057846E+003  0.765829250198351E+002
  0.100000000000000E+001  0.812625816377459E+002  0.713593091797575E+002
  0.100000000000000E+001  0.823168876296946E+002  0.725161145445576E+002
  0.100000000000000E+001  0.927807641362773E+002  0.682311405296903E+002
  0.100000000000000E+001  0.171596807764736E+003  0.623316210615833E+002
  0.100000000000000E+001  0.103523932025408E+003  0.760721975016468E+002
  0.100000000000000E+001  0.928841880283919E+002  0.748087669993744E+002
  0.100000000000000E+001  0.106384375519371E+003  0.666692658987429E+002
  0.100000000000000E+001  0.102123931072732E+003  0.670985773337977E+002
  0.100000000000000E+001  0.219391184072252E+003  0.601602998774142E+002
  0.100000000000000E+001  0.210501295411881E+003  0.605316208450173E+002
  0.100000000000000E+001  0.216775239170285E+003  0.602682917298393E+002
  0.100000000000000E+001  0.964494532251578E+002  0.752796349168179E+002
  0.100000000000000E+001  0.140735777848976E+003  0.789626123771773E+002
  0.100000000000000E+001  0.105220232547572E+003  0.667827022784099E+002
  0.100000000000000E+001  0.107032568693615E+003  0.764179984841902E+002
  0.100000000000000E+001  0.886573271432675E+002  0.688817252793218E+002
  0.100000000000000E+001  0.168760005378782E+003  0.624768874209339E+002
  0.100000000000000E+001  0.196106499970636E+003  0.611610827154627E+002
  0.100000000000000E+001  0.101071705316863E+003  0.758140401968971E+002
  0.100000000000000E+001  0.816020409876270E+002  0.720958565759789E+002
  0.100000000000000E+001  0.813462377877307E+002  0.718312763358846E+002
  0.100000000000000E+001  0.812810955619157E+002  0.713106925147976E+002
  0.100000000000000E+001  0.865934158910911E+002  0.737478629685786E+002
  0.100000000000000E+001  0.128249526857184E+003  0.648903294378740E+002
  0.100000000000000E+001  0.864511654444819E+002  0.737179803895023E+002
  0.100000000000000E+001  0.117097992027093E+003  0.772964035072298E+002
  0.100000000000000E+001  0.106397858512220E+003  0.763572723127520E+002
  0.100000000000000E+001  0.130797406322312E+003  0.783119943559885E+002
  0.100000000000000E+001  0.131466389908060E+003  0.646675089161719E+002
  0.100000000000000E+001  0.890713442175012E+002  0.688093223714945E+002
  0.100000000000000E+001  0.135956169254780E+003  0.786571132565563E+002
  0.100000000000000E+001  0.107760031128894E+003  0.764866870462611E+002
  0.100000000000000E+001  0.825931149511097E+002  0.726371984787743E+002
  0.100000000000000E+001  0.882155656400992E+002  0.689612448953317E+002
  0.100000000000000E+001  0.139548881989566E+003  0.641373095028455E+002
  0.100000000000000E+001  0.878992548788780E+002  0.690197405221443E+002
  0.100000000000000E+001  0.104693206646778E+003  0.668349612222187E+002
  0.100000000000000E+001  0.115323767669777E+003  0.658737293779063E+002
  0.100000000000000E+001  0.182329564730369E+003  0.618016638370329E+002
  0.100000000000000E+001  0.129039698239951E+003  0.781903317340953E+002
  0.100000000000000E+001  0.222611489435753E+003  0.600287531972042E+002
  0.100000000000000E+001  0.826295882145787E+002  0.726522253772618E+002
  0.100000000000000E+001  0.170447157342990E+003  0.623902133318182E+002
  0.100000000000000E+001  0.213383792754476E+003  0.604098614815558E+002
  0.100000000000000E+001  0.973356237559094E+002  0.753878045503015E+002
  0.100000000000000E+001  0.816669510441114E+002  0.708795990327449E+002
  0.100000000000000E+001  0.133380295812873E+003  0.645383163989938E+002
  0.100000000000000E+001  0.177640106141459E+003  0.620295739471637E+002
  0.100000000000000E+001  0.825589047652418E+002  0.726229191397233E+002
  0.100000000000000E+001  0.221320302501000E+003  0.600813152643358E+002
  0.100000000000000E+001  0.115412808018491E+003  0.658663692345267E+002
  0.100000000000000E+001  0.817990485040179E+002  0.707887822180867E+002
  0.100000000000000E+001  0.937278859171591E+002  0.749260667689088E+002
  0.100000000000000E+001  0.104207558886510E+003  0.668836394697807E+002
  0.100000000000000E+001  0.877652758829380E+002  0.690449353898863E+002
  0.100000000000000E+001  0.143710966537667E+003  0.638786330127537E+002
  0.100000000000000E+001  0.196281365665676E+003  0.611532066192872E+002
  0.100000000000000E+001  0.952172339953015E+002  0.751238441619133E+002
  0.100000000000000E+001  0.949099854084520E+002  0.750839400167730E+002
  0.100000000000000E+001  0.886888989958159E+002  0.688761339923341E+002
  0.100000000000000E+001  0.879404616579199E+002  0.740131973665022E+002
  0.100000000000000E+001  0.817264933972853E+002  0.721880893845413E+002
  0.100000000000000E+001  0.813954351901883E+002  0.718965927661735E+002
  0.100000000000000E+001  0.199230005693701E+003  0.610212878487267E+002
  0.100000000000000E+001  0.136591622387817E+003  0.643267616976240E+002
  0.100000000000000E+001  0.956525033417089E+002  0.751796318510427E+002
  0.100000000000000E+001  0.100935747591381E+003  0.757992724375958E+002
  0.100000000000000E+001  0.113418130545218E+003  0.660336204641706E+002
  0.100000000000000E+001  0.901810825436426E+002  0.686241905609471E+002
  0.100000000000000E+001  0.933765331132893E+002  0.681475250964841E+002
  0.100000000000000E+001  0.100213222794383E+003  0.757199220134419E+002
  0.100000000000000E+001  0.122439426417879E+003  0.653130355504152E+002
  0.100000000000000E+001  0.105675035814878E+003  0.667380645634258E+002
  0.100000000000000E+001  0.814078585365287E+002  0.719113982082684E+002
  0.100000000000000E+001  0.824008114109245E+002  0.725543918690460E+002
  0.100000000000000E+001  0.812467119986242E+002  0.714193440857493E+002
  0.100000000000000E+001  0.134823738688970E+003  0.785827974485373E+002
  0.100000000000000E+001  0.116429691107090E+003  0.772422565403882E+002
  0.100000000000000E+001  0.157121852420257E+003  0.799261772933648E+002
  0.100000000000000E+001  0.149843618449081E+003  0.795125281277254E+002
  0.100000000000000E+001  0.142636126578255E+003  0.790806517603274E+002
  0.100000000000000E+001  0.136133980660910E+003  0.786687120343467E+002
  0.100000000000000E+001  0.123502142596884E+003  0.652335922222273E+002
  0.100000000000000E+001  0.192591889296116E+003  0.613206741469510E+002
  0.100000000000000E+001  0.140615576479163E+003  0.640701567964332E+002
  0.100000000000000E+001  0.826718563901508E+002  0.726693956020185E+002
  0.100000000000000E+001  0.831140997222621E+002  0.728357493810864E+002
  0.100000000000000E+001  0.120022936994226E+003  0.775276555524450E+002
  0.100000000000000E+001  0.877989311952637E+002  0.690385823479668E+002
  0.100000000000000E+001  0.901450746732622E+002  0.686300109215472E+002
  0.100000000000000E+001  0.110911927295525E+003  0.767739461461376E+002
  0.100000000000000E+001  0.828337491976766E+002  0.702923127780579E+002
  0.100000000000000E+001  0.129089646235798E+003  0.781938195489707E+002
  0.100000000000000E+001  0.827410530766246E+002  0.726969675504187E+002
  0.100000000000000E+001  0.817354399503652E+002  0.721942390854675E+002
  0.100000000000000E+001  0.138253232899698E+003  0.642197074354743E+002
  0.100000000000000E+001  0.158610662181199E+003  0.630169289788466E+002
  0.100000000000000E+001  0.108269587418080E+003  0.765342409199416E+002
  0.100000000000000E+001  0.854951232983557E+002  0.735055529162818E+002
  0.100000000000000E+001  0.865788961330710E+002  0.737448311326076E+002
  0.100000000000000E+001  0.208087499090745E+003  0.606346302736515E+002
  0.100000000000000E+001  0.132013229717813E+003  0.783948913116653E+002
  0.100000000000000E+001  0.118250211542741E+003  0.656366531228328E+002
  0.100000000000000E+001  0.162943657333250E+003  0.627822849379258E+002
  0.100000000000000E+001  0.915379841235847E+002  0.684128144317181E+002
  0.100000000000000E+001  0.111607472878973E+003  0.768352494684267E+002
  0.100000000000000E+001  0.164681756063632E+003  0.626899154500020E+002
  0.100000000000000E+001  0.815187051745378E+002  0.710003445884274E+002
  0.100000000000000E+001  0.904584734747340E+002  0.744455000382909E+002
  0.100000000000000E+001  0.202291914640746E+003  0.608860346300895E+002
  0.100000000000000E+001  0.105924787067387E+003  0.763115112066355E+002
  0.100000000000000E+001  0.115323457372639E+003  0.658737550441030E+002
  0.100000000000000E+001  0.892627235392003E+002  0.687765015716417E+002
  0.100000000000000E+001  0.172131389046903E+003  0.623045029575240E+002
  0.100000000000000E+001  0.149751287652876E+003  0.635180968151711E+002
  0.100000000000000E+001  0.975142190287290E+002  0.754092410786454E+002
  0.100000000000000E+001  0.139037653059089E+003  0.788555288496840E+002
  0.100000000000000E+001  0.971921118585651E+002  0.676547472462199E+002
