  0.357262587505848E+000  0.844602278942730E+002  0.693559075841710E+002
  0.357262587505848E+000  0.846041243503573E+002  0.663722587952120E+002
  0.357262587505848E+000  0.846254369085539E+002  0.693872333263234E+002
  0.357262587505848E+000  0.877419418523051E+002  0.658667614104105E+002
  0.357262587505848E+000  0.846267836385007E+002  0.663680015952922E+002
  0.357262587505848E+000  0.870620414647520E+002  0.659649216826178E+002
  0.357262587505848E+000  0.846454594394349E+002  0.693909857962998E+002
  0.357262587505848E+000  0.868311533557760E+002  0.697560651244279E+002
  0.357262587505848E+000  0.849812773481718E+002  0.663028973801960E+002
  0.357262587505848E+000  0.849974570076529E+002  0.662999900235788E+002
  0.357262587505848E+000  0.865115771739763E+002  0.660482488066441E+002
  0.357262587505848E+000  0.850375121233241E+002  0.694626722269139E+002
  0.357262587505848E+000  0.852068020845966E+002  0.662628443000020E+002
  0.357262587505848E+000  0.862793811821696E+002  0.660845584962623E+002
  0.357262587505848E+000  0.861672726174673E+002  0.696531323111135E+002
  0.357262587505848E+000  0.860392617704854E+002  0.696325903940873E+002
  0.357262587505848E+000  0.859144752940849E+002  0.661431558542736E+002
  0.357262587505848E+000  0.855568483354998E+002  0.695529156329924E+002
  0.357262587505848E+000  0.855674676865610E+002  0.695547102586814E+002
  0.357262587505848E+000  0.856132814344970E+002  0.661930569329334E+002
  0.357262587505848E+000  0.843016299385277E+002  0.664302898839776E+002
  0.357262587505848E+000  0.842336197255422E+002  0.664436603859193E+002
  0.357262587505848E+000  0.841151590542824E+002  0.692882357756950E+002
  0.357262587505848E+000  0.841054380312335E+002  0.664692053171207E+002
  0.357262587505848E+000  0.840588232450274E+002  0.664786106725606E+002
  0.357262587505848E+000  0.840151679363391E+002  0.664874765973371E+002
  0.357262587505848E+000  0.840107475956060E+002  0.692671101325896E+002
  0.357262587505848E+000  0.839891122173534E+002  0.692626923272731E+002
  0.357262587505848E+000  0.839675404112411E+002  0.692582734279700E+002
  0.357262587505848E+000  0.839457733105586E+002  0.665016874682101E+002
  0.357262587505848E+000  0.838953739941292E+002  0.665121011114679E+002
  0.357262587505848E+000  0.838114867192331E+002  0.692258751220906E+002
  0.357262587505848E+000  0.837879170738962E+002  0.692209139015212E+002
  0.357262587505848E+000  0.837586366845252E+002  0.665407626336424E+002
  0.357262587505848E+000  0.837463031145700E+002  0.665433781434423E+002
  0.357262587505848E+000  0.837411487059975E+002  0.665444727296695E+002
  0.357262587505848E+000  0.836820407498680E+002  0.691983979076328E+002
  0.357262587505848E+000  0.836797651425172E+002  0.665575778538319E+002
  0.357262587505848E+000  0.836586524861644E+002  0.691933721229800E+002
  0.357262587505848E+000  0.836536539331775E+002  0.691922955173373E+002
  0.357262587505848E+000  0.836037279065964E+002  0.665739941160764E+002
  0.357262587505848E+000  0.835961982392576E+002  0.691798565920452E+002
  0.357262587505848E+000  0.835869699023178E+002  0.691778476017901E+002
  0.357262587505848E+000  0.835566218041551E+002  0.691712188791396E+002
  0.357262587505848E+000  0.835529099671283E+002  0.691704057955636E+002
  0.357262587505848E+000  0.835104182290198E+002  0.665944263957391E+002
  0.357262587505848E+000  0.834445017355086E+002  0.691464289722903E+002
  0.357262587505848E+000  0.833992878853126E+002  0.666191936329444E+002
  0.357262587505848E+000  0.833577062719280E+002  0.691269005845220E+002
  0.357262587505848E+000  0.833452827861289E+002  0.666314072558135E+002
  0.357262587505848E+000  0.832960981628946E+002  0.691128518301319E+002
  0.357262587505848E+000  0.832658780738066E+002  0.691059018711832E+002
  0.357262587505848E+000  0.832521136349291E+002  0.691027232817143E+002
  0.357262587505848E+000  0.831611584955647E+002  0.690815082667975E+002
  0.357262587505848E+000  0.830811981825567E+002  0.690625440328052E+002
  0.357262587505848E+000  0.830229073488754E+002  0.690485255870525E+002
  0.357262587505848E+000  0.829509660907916E+002  0.667244981855277E+002
  0.357262587505848E+000  0.829396066246217E+002  0.690281960411355E+002
  0.357262587505848E+000  0.828876055723348E+002  0.667401665999173E+002
  0.357262587505848E+000  0.828871222016471E+002  0.667402869621509E+002
  0.357262587505848E+000  0.828837915887590E+002  0.690143709565911E+002
  0.357262587505848E+000  0.828562170782234E+002  0.667480091454387E+002
  0.357262587505848E+000  0.828542766984685E+002  0.690069918630990E+002
  0.357262587505848E+000  0.828312459290412E+002  0.667542873915393E+002
  0.357262587505848E+000  0.828212091710589E+002  0.667568207403529E+002
  0.357262587505848E+000  0.828184581858867E+002  0.689979714991927E+002
  0.357262587505848E+000  0.827816209589834E+002  0.667668694185674E+002
  0.357262587505848E+000  0.827671551149927E+002  0.667705640358699E+002
  0.357262587505848E+000  0.827138496156415E+002  0.689712014477666E+002
  0.357262587505848E+000  0.826887175027540E+002  0.667908158647682E+002
  0.357262587505848E+000  0.826865161962029E+002  0.689640979410033E+002
  0.357262587505848E+000  0.826194917978799E+002  0.668090080220307E+002
  0.357262587505848E+000  0.826132856193200E+002  0.689448334855486E+002
  0.357262587505848E+000  0.826124683681003E+002  0.668108710759743E+002
  0.357262587505848E+000  0.826032827608255E+002  0.668133125961329E+002
  0.357262587505848E+000  0.825837986560581E+002  0.668185100696644E+002
  0.357262587505848E+000  0.825749394359774E+002  0.668208817600755E+002
  0.357262587505848E+000  0.825594425998485E+002  0.689304443618339E+002
  0.357262587505848E+000  0.825402528955090E+002  0.668302193178383E+002
  0.357262587505848E+000  0.825174670179220E+002  0.668363988028286E+002
  0.357262587505848E+000  0.825158058111405E+002  0.668368507536131E+002
  0.357262587505848E+000  0.824924658448795E+002  0.668432215398732E+002
  0.357262587505848E+000  0.824887285544254E+002  0.668442453037097E+002
  0.357262587505848E+000  0.824599420711361E+002  0.668521650963143E+002
  0.357262587505848E+000  0.824427473607746E+002  0.688985625582848E+002
  0.357262587505848E+000  0.824201783932464E+002  0.668632066334901E+002
  0.357262587505848E+000  0.823820107630040E+002  0.668739192119109E+002
  0.357262587505848E+000  0.823641004508026E+002  0.688765018671103E+002
  0.357262587505848E+000  0.823578530187042E+002  0.688747285156910E+002
  0.357262587505848E+000  0.823477289003060E+002  0.688718480388892E+002
  0.357262587505848E+000  0.823419341892740E+002  0.668852920209250E+002
  0.357262587505848E+000  0.823372012166787E+002  0.668866437456639E+002
  0.357262587505848E+000  0.823198850535791E+002  0.668916049870164E+002
  0.357262587505848E+000  0.823134062776728E+002  0.668934676448646E+002
  0.357262587505848E+000  0.823079294695956E+002  0.668950449892195E+002
  0.357262587505848E+000  0.822871458071175E+002  0.688544336587658E+002
  0.357262587505848E+000  0.822752773961636E+002  0.669045019790506E+002
  0.357262587505848E+000  0.822737821532422E+002  0.669049372462584E+002
  0.357262587505848E+000  0.822732284019155E+002  0.688503891145988E+002
  0.357262587505848E+000  0.822592840224477E+002  0.669091678146502E+002
  0.357262587505848E+000  0.822552269533192E+002  0.669103549842772E+002
  0.357262587505848E+000  0.822482798528402E+002  0.688430963898840E+002
  0.357262587505848E+000  0.822348790038104E+002  0.669163312648148E+002
  0.357262587505848E+000  0.821930889041878E+002  0.688267644006449E+002
  0.357262587505848E+000  0.821820925885587E+002  0.688234766996833E+002
  0.357262587505848E+000  0.821669157152119E+002  0.688189202234499E+002
  0.357262587505848E+000  0.821574653680937E+002  0.669394157928324E+002
  0.357262587505848E+000  0.821539686369382E+002  0.688150156791356E+002
  0.357262587505848E+000  0.821421669583127E+002  0.688114423362338E+002
  0.357262587505848E+000  0.821339035955749E+002  0.669465554360901E+002
  0.357262587505848E+000  0.821232680114330E+002  0.669497962046940E+002
  0.357262587505848E+000  0.820768818862871E+002  0.669640649034023E+002
  0.357262587505848E+000  0.820763849256199E+002  0.669642189786494E+002
  0.357262587505848E+000  0.820402034874474E+002  0.687799804250317E+002
  0.357262587505848E+000  0.820249726700247E+002  0.669803014918428E+002
  0.357262587505848E+000  0.820057078022496E+002  0.687690850453558E+002
  0.357262587505848E+000  0.819892510465121E+002  0.669916475896177E+002
  0.357262587505848E+000  0.819785938217870E+002  0.669950608414713E+002
  0.357262587505848E+000  0.819732032436410E+002  0.669967923498957E+002
  0.357262587505848E+000  0.819632994015946E+002  0.669999824668921E+002
  0.357262587505848E+000  0.819499243034962E+002  0.687511784084813E+002
  0.357262587505848E+000  0.819391991457550E+002  0.670077942447872E+002
  0.357262587505848E+000  0.819087271851118E+002  0.687377147063294E+002
  0.357262587505848E+000  0.818962509481511E+002  0.670218920653730E+002
  0.357262587505848E+000  0.818913252756769E+002  0.670235237981123E+002
  0.357262587505848E+000  0.818901042524730E+002  0.687315588379466E+002
  0.357262587505848E+000  0.818884373380843E+002  0.687310056686865E+002
  0.357262587505848E+000  0.818765776537495E+002  0.687270596055881E+002
  0.357262587505848E+000  0.818709430998341E+002  0.670303092216800E+002
  0.357262587505848E+000  0.818493635261021E+002  0.687179346165984E+002
  0.357262587505848E+000  0.817959003467985E+002  0.686997133022128E+002
  0.357262587505848E+000  0.817945957088470E+002  0.686992636042137E+002
  0.357262587505848E+000  0.817904888539381E+002  0.670576412128815E+002
  0.357262587505848E+000  0.817809242294920E+002  0.686945362661920E+002
  0.357262587505848E+000  0.817759419006215E+002  0.670626809533600E+002
  0.357262587505848E+000  0.817686586732655E+002  0.670652159447751E+002
  0.357262587505848E+000  0.817588844912129E+002  0.686868571919357E+002
  0.357262587505848E+000  0.817477144388358E+002  0.670725502432895E+002
  0.357262587505848E+000  0.817362837031280E+002  0.686789062030127E+002
  0.357262587505848E+000  0.817343551419639E+002  0.670772635326081E+002
  0.357262587505848E+000  0.817235618225171E+002  0.670810918857861E+002
  0.357262587505848E+000  0.817208963790950E+002  0.670820401453751E+002
  0.357262587505848E+000  0.817162951102809E+002  0.670836797599282E+002
  0.357262587505848E+000  0.817034990881409E+002  0.686672302158024E+002
  0.357262587505848E+000  0.816995032836179E+002  0.670896922942748E+002
  0.357262587505848E+000  0.816894637610266E+002  0.686621785175394E+002
  0.357262587505848E+000  0.816843635089827E+002  0.686603347194229E+002
  0.357262587505848E+000  0.816833504402661E+002  0.670955196416401E+002
  0.357262587505848E+000  0.816798588880531E+002  0.686587026283977E+002
  0.357262587505848E+000  0.816789219682399E+002  0.686583627397684E+002
  0.357262587505848E+000  0.816784233362795E+002  0.686581817895129E+002
  0.357262587505848E+000  0.816704725282404E+002  0.671001968034509E+002
  0.357262587505848E+000  0.816612138586649E+002  0.686519106639186E+002
  0.357262587505848E+000  0.816483122688609E+002  0.671083117982768E+002
  0.357262587505848E+000  0.816365258512698E+002  0.671126629991556E+002
  0.357262587505848E+000  0.816269104596509E+002  0.686392564728420E+002
  0.357262587505848E+000  0.816181338187653E+002  0.671195026803596E+002
  0.357262587505848E+000  0.816110149974052E+002  0.671221666678636E+002
  0.357262587505848E+000  0.815871063177958E+002  0.686243043218200E+002
  0.357262587505848E+000  0.815864795250297E+002  0.686240664757523E+002
  0.357262587505848E+000  0.815786789884929E+002  0.686211000763563E+002
  0.357262587505848E+000  0.815736157360692E+002  0.671363193446764E+002
  0.357262587505848E+000  0.815702618168675E+002  0.686178858463351E+002
  0.357262587505848E+000  0.815529743018267E+002  0.671442474423468E+002
  0.357262587505848E+000  0.815410196949471E+002  0.686066091278717E+002
  0.357262587505848E+000  0.815367180453611E+002  0.686049355170705E+002
  0.357262587505848E+000  0.815362125084198E+002  0.671507490294597E+002
  0.357262587505848E+000  0.815353967249638E+002  0.686044206669516E+002
  0.357262587505848E+000  0.815333946734705E+002  0.671518477326658E+002
  0.357262587505848E+000  0.815322046405082E+002  0.671523122386929E+002
  0.357262587505848E+000  0.815169820860394E+002  0.671582805177484E+002
  0.357262587505848E+000  0.815144483914987E+002  0.671592787114577E+002
  0.357262587505848E+000  0.815097576613427E+002  0.685943572307380E+002
  0.357262587505848E+000  0.815080487316856E+002  0.685936814405167E+002
  0.357262587505848E+000  0.814963894992132E+002  0.685890537054596E+002
  0.357262587505848E+000  0.814963081737907E+002  0.685890213203633E+002
  0.357262587505848E+000  0.814857398372359E+002  0.671706873908764E+002
  0.357262587505848E+000  0.814740265451503E+002  0.671753954408289E+002
  0.357262587505848E+000  0.814717403074012E+002  0.685791695490597E+002
  0.357262587505848E+000  0.814668506805851E+002  0.671782953673720E+002
  0.357262587505848E+000  0.814533219162345E+002  0.671837956018164E+002
  0.357262587505848E+000  0.814507962009911E+002  0.685706603188470E+002
  0.357262587505848E+000  0.814473241668449E+002  0.685692395730779E+002
  0.357262587505848E+000  0.814439094261607E+002  0.671876481893914E+002
  0.357262587505848E+000  0.814382048674093E+002  0.685654940059915E+002
  0.357262587505848E+000  0.814176882996506E+002  0.685569917414552E+002
  0.357262587505848E+000  0.814127615933458E+002  0.685549341722295E+002
  0.357262587505848E+000  0.814040192116195E+002  0.685512675670300E+002
  0.357262587505848E+000  0.813896985281674E+002  0.672102697362505E+002
  0.357262587505848E+000  0.813888050128528E+002  0.685448385927431E+002
  0.357262587505848E+000  0.813804189426998E+002  0.672142192971397E+002
  0.357262587505848E+000  0.813690023466673E+002  0.685363767068103E+002
  0.357262587505848E+000  0.813668897840300E+002  0.672200200476738E+002
  0.357262587505848E+000  0.813657847491105E+002  0.672204961030826E+002
  0.357262587505848E+000  0.813607536303590E+002  0.672226679112363E+002
  0.357262587505848E+000  0.813525835191689E+002  0.685292774405593E+002
  0.357262587505848E+000  0.813510824273385E+002  0.672268630813724E+002
  0.357262587505848E+000  0.813504125921159E+002  0.685283329641468E+002
  0.357262587505848E+000  0.813449657484857E+002  0.672295303876285E+002
  0.357262587505848E+000  0.813411871760696E+002  0.672311836117725E+002
  0.357262587505848E+000  0.813386377671513E+002  0.672323014371236E+002
  0.357262587505848E+000  0.813360524533980E+002  0.685220506220580E+002
  0.357262587505848E+000  0.813257792147036E+002  0.685175183846399E+002
  0.357262587505848E+000  0.813124400435823E+002  0.685115851957484E+002
  0.357262587505848E+000  0.813120610357178E+002  0.685114158035152E+002
  0.357262587505848E+000  0.813025860058718E+002  0.685071662570051E+002
  0.357262587505848E+000  0.812987988264196E+002  0.685054596612902E+002
  0.357262587505848E+000  0.812972366053420E+002  0.685047543330220E+002
  0.357262587505848E+000  0.812945089355816E+002  0.672519666983412E+002
  0.357262587505848E+000  0.812888892678987E+002  0.685009720603869E+002
  0.357262587505848E+000  0.812885264578122E+002  0.672546804616414E+002
  0.357262587505848E+000  0.812799621856516E+002  0.672585860763418E+002
  0.357262587505848E+000  0.812685835103473E+002  0.684916740143379E+002
  0.357262587505848E+000  0.812581284047488E+002  0.672686563601499E+002
  0.357262587505848E+000  0.812509420117558E+002  0.672720075229484E+002
  0.357262587505848E+000  0.812444410776260E+002  0.684804325136414E+002
  0.357262587505848E+000  0.812307517800686E+002  0.672815234329315E+002
  0.357262587505848E+000  0.812264300723726E+002  0.672835801100331E+002
  0.357262587505848E+000  0.812239486575974E+002  0.684707233825273E+002
  0.357262587505848E+000  0.812196855237805E+002  0.684686835021458E+002
  0.357262587505848E+000  0.812165151048362E+002  0.684671619010589E+002
  0.357262587505848E+000  0.812163449775816E+002  0.672884074683861E+002
  0.357262587505848E+000  0.812159304401080E+002  0.672886067383488E+002
  0.357262587505848E+000  0.812158418872302E+002  0.684668382931941E+002
  0.357262587505848E+000  0.812141194724332E+002  0.684660095380893E+002
  0.357262587505848E+000  0.812109481356007E+002  0.684644805594691E+002
  0.357262587505848E+000  0.812040944103747E+002  0.684611625245853E+002
  0.357262587505848E+000  0.812033330205498E+002  0.672946948538878E+002
  0.357262587505848E+000  0.811980861836042E+002  0.672972493945730E+002
  0.357262587505848E+000  0.811867405624625E+002  0.684526755355241E+002
  0.357262587505848E+000  0.811856619436499E+002  0.673033437158618E+002
  0.357262587505848E+000  0.811833946998624E+002  0.673044628311624E+002
  0.357262587505848E+000  0.811737812713366E+002  0.684462550991889E+002
  0.357262587505848E+000  0.811701419061501E+002  0.673110486458720E+002
  0.357262587505848E+000  0.811622036552473E+002  0.684404572343975E+002
  0.357262587505848E+000  0.811592479939643E+002  0.673165201136241E+002
  0.357262587505848E+000  0.811558222668780E+002  0.684372358643588E+002
  0.357262587505848E+000  0.811552256057539E+002  0.673185538911220E+002
  0.357262587505848E+000  0.811494406422053E+002  0.673214918893450E+002
  0.357262587505848E+000  0.811477243118852E+002  0.673223665483423E+002
  0.357262587505848E+000  0.811425891675037E+002  0.673249917340948E+002
  0.357262587505848E+000  0.811399129774680E+002  0.673263648087415E+002
  0.357262587505848E+000  0.811366959582016E+002  0.684274677017787E+002
  0.357262587505848E+000  0.811324033837629E+002  0.684252514587878E+002
  0.357262587505848E+000  0.811286712509894E+002  0.684233172536761E+002
  0.357262587505848E+000  0.811263276745444E+002  0.673333884427909E+002
  0.357262587505848E+000  0.811240167511587E+002  0.673345922344837E+002
  0.357262587505848E+000  0.811223250070574E+002  0.684200124266165E+002
  0.357262587505848E+000  0.811216086373725E+002  0.684196381088210E+002
  0.357262587505848E+000  0.811209972346864E+002  0.684193184337968E+002
  0.357262587505848E+000  0.811194586894097E+002  0.684185131614227E+002
  0.357262587505848E+000  0.811126502041987E+002  0.684149351196257E+002
  0.357262587505848E+000  0.811123782987957E+002  0.684147917310166E+002
  0.357262587505848E+000  0.811113624983129E+002  0.673412318957742E+002
  0.357262587505848E+000  0.811084701099775E+002  0.684127265117419E+002
  0.357262587505848E+000  0.811075299954449E+002  0.684122285327421E+002
  0.357262587505848E+000  0.810920367738855E+002  0.673515337153729E+002
  0.357262587505848E+000  0.810909796526426E+002  0.684033845568917E+002
  0.357262587505848E+000  0.810747295338580E+002  0.683945537816818E+002
  0.357262587505848E+000  0.810746836266987E+002  0.673609589873534E+002
  0.357262587505848E+000  0.810686701000056E+002  0.683912220413617E+002
  0.357262587505848E+000  0.810656534422391E+002  0.673659323428203E+002
  0.357262587505848E+000  0.810632788235900E+002  0.683882394032232E+002
  0.357262587505848E+000  0.810617316532471E+002  0.673681073757459E+002
  0.357262587505848E+000  0.810604914549700E+002  0.673687971269751E+002
  0.357262587505848E+000  0.810582483642982E+002  0.683854405789820E+002
  0.357262587505848E+000  0.810568458679045E+002  0.673708300984216E+002
  0.357262587505848E+000  0.810551174027054E+002  0.683836907716807E+002
  0.357262587505848E+000  0.810509540181719E+002  0.683813545545774E+002
  0.357262587505848E+000  0.810473914811167E+002  0.673761407532546E+002
  0.357262587505848E+000  0.810449445295594E+002  0.673775244230090E+002
  0.357262587505848E+000  0.810441452739461E+002  0.673779772054871E+002
  0.357262587505848E+000  0.810431120855586E+002  0.683769244873326E+002
  0.357262587505848E+000  0.810427425114942E+002  0.683767147369316E+002
  0.357262587505848E+000  0.810419037644755E+002  0.673792492263223E+002
  0.357262587505848E+000  0.810396148322463E+002  0.673805515171578E+002
  0.357262587505848E+000  0.810374904861727E+002  0.683737243821063E+002
  0.357262587505848E+000  0.810302401405774E+002  0.673859212417103E+002
  0.357262587505848E+000  0.810229187303637E+002  0.673901559926105E+002
  0.357262587505848E+000  0.810214370172913E+002  0.683644701002125E+002
  0.357262587505848E+000  0.810197257875681E+002  0.683634732353127E+002
  0.357262587505848E+000  0.810110802964126E+002  0.683584052578646E+002
  0.357262587505848E+000  0.810109718659095E+002  0.683583413566845E+002
  0.357262587505848E+000  0.810090091874164E+002  0.673983043859403E+002
  0.357262587505848E+000  0.810088399154303E+002  0.673984044007897E+002
  0.357262587505848E+000  0.810071448248133E+002  0.683560805047455E+002
  0.357262587505848E+000  0.810062784067821E+002  0.673999204309932E+002
  0.357262587505848E+000  0.810047233492977E+002  0.674008431435280E+002
  0.357262587505848E+000  0.810025445617225E+002  0.683533486428717E+002
  0.357262587505848E+000  0.810007450064932E+002  0.674032119087742E+002
  0.357262587505848E+000  0.809975309910127E+002  0.683503533559504E+002
  0.357262587505848E+000  0.809875253864782E+002  0.674111694360543E+002
  0.357262587505848E+000  0.809851827747113E+002  0.683428938417986E+002
  0.357262587505848E+000  0.809813024854939E+002  0.683405249449100E+002
  0.357262587505848E+000  0.809788094412710E+002  0.674164910732941E+002
  0.357262587505848E+000  0.809774591255677E+002  0.674173210293543E+002
  0.357262587505848E+000  0.809761026297912E+002  0.683373313150108E+002
  0.357262587505848E+000  0.809752973303947E+002  0.674186528758277E+002
  0.357262587505848E+000  0.809729686984588E+002  0.674200918437993E+002
  0.357262587505848E+000  0.809723825601389E+002  0.674204547587426E+002
  0.357262587505848E+000  0.809673140801593E+002  0.683318825392202E+002
  0.357262587505848E+000  0.809595460582932E+002  0.674284761470848E+002
  0.357262587505848E+000  0.809575518577736E+002  0.683257524182168E+002
  0.357262587505848E+000  0.809526377433369E+002  0.674328529343166E+002
  0.357262587505848E+000  0.809507721263103E+002  0.674340423064150E+002
  0.357262587505848E+000  0.809506044095122E+002  0.674341493858098E+002
  0.357262587505848E+000  0.809445555910006E+002  0.683174589034144E+002
  0.357262587505848E+000  0.809429879848544E+002  0.683164479458055E+002
  0.357262587505848E+000  0.809422087001211E+002  0.683159445129868E+002
  0.357262587505848E+000  0.809415440905632E+002  0.683155147051009E+002
  0.357262587505848E+000  0.809406923034568E+002  0.674405243776887E+002
  0.357262587505848E+000  0.809351507734547E+002  0.674441292688672E+002
  0.357262587505848E+000  0.809314376675829E+002  0.674465615911167E+002
  0.357262587505848E+000  0.809292559627613E+002  0.683074904396951E+002
  0.357262587505848E+000  0.809279025308813E+002  0.683065974566770E+002
  0.357262587505848E+000  0.809258021841685E+002  0.674502796362747E+002
  0.357262587505848E+000  0.809254022162347E+002  0.674505447474197E+002
  0.357262587505848E+000  0.809249785387468E+002  0.683046618544821E+002
  0.357262587505848E+000  0.809239763483340E+002  0.683039964094887E+002
  0.357262587505848E+000  0.809214263963262E+002  0.674531890457123E+002
  0.357262587505848E+000  0.809183621758694E+002  0.683002492717313E+002
  0.357262587505848E+000  0.809171576065283E+002  0.674560466555850E+002
  0.357262587505848E+000  0.809130659251393E+002  0.674588040009142E+002
  0.357262587505848E+000  0.809127347215106E+002  0.682964596177484E+002
  0.357262587505848E+000  0.809125757276748E+002  0.674591355586441E+002
  0.357262587505848E+000  0.809109793617257E+002  0.682952704811618E+002
  0.357262587505848E+000  0.809103747087314E+002  0.682948600849888E+002
  0.357262587505848E+000  0.809080542872601E+002  0.682932813828267E+002
  0.357262587505848E+000  0.809063229356473E+002  0.674633880710691E+002
  0.357262587505848E+000  0.809059812832042E+002  0.682918659215703E+002
  0.357262587505848E+000  0.808999574613300E+002  0.674677625245066E+002
  0.357262587505848E+000  0.808998025114440E+002  0.682876180174770E+002
  0.357262587505848E+000  0.808987491589562E+002  0.674685981703578E+002
  0.357262587505848E+000  0.808981309997893E+002  0.674690263416342E+002
  0.357262587505848E+000  0.808919898831415E+002  0.674733046390144E+002
  0.357262587505848E+000  0.808918691947652E+002  0.674733891718546E+002
  0.357262587505848E+000  0.808915755806927E+002  0.682818927084786E+002
  0.357262587505848E+000  0.808905155714831E+002  0.682811491146476E+002
  0.357262587505848E+000  0.808878028789685E+002  0.682792398958008E+002
  0.357262587505848E+000  0.808865997778107E+002  0.674770973786160E+002
  0.357262587505848E+000  0.808850116286993E+002  0.674782217445047E+002
  0.357262587505848E+000  0.808842396628857E+002  0.682767181885377E+002
  0.357262587505848E+000  0.808838529245863E+002  0.674790440757625E+002
  0.357262587505848E+000  0.808837362960944E+002  0.682763606671653E+002
  0.357262587505848E+000  0.808832919533922E+002  0.674794428064595E+002
  0.357262587505848E+000  0.808745548960356E+002  0.674857053295790E+002
  0.357262587505848E+000  0.808744169860374E+002  0.674858049825142E+002
  0.357262587505848E+000  0.808630384523994E+002  0.674941162092582E+002
  0.357262587505848E+000  0.808628752787521E+002  0.682612509017774E+002
  0.357262587505848E+000  0.808609158929628E+002  0.682598010082616E+002
  0.357262587505848E+000  0.808594899570678E+002  0.674967452232954E+002
  0.357262587505848E+000  0.808546880999652E+002  0.675003319871234E+002
  0.357262587505848E+000  0.808521739838232E+002  0.682532640292748E+002
  0.357262587505848E+000  0.808507111503438E+002  0.682521590125656E+002
  0.357262587505848E+000  0.808481260438684E+002  0.682501982208377E+002
  0.357262587505848E+000  0.808442653190944E+002  0.682472505056224E+002
  0.357262587505848E+000  0.808439076049406E+002  0.675085114131880E+002
  0.357262587505848E+000  0.808350644048977E+002  0.675153587744163E+002
  0.357262587505848E+000  0.808303569573686E+002  0.675190570974551E+002
  0.357262587505848E+000  0.808301520162036E+002  0.682362686355856E+002
  0.357262587505848E+000  0.808241608531729E+002  0.682315037187878E+002
  0.357262587505848E+000  0.808199700588774E+002  0.675273554427154E+002
  0.357262587505848E+000  0.808158430766113E+002  0.682247799397614E+002
  0.357262587505848E+000  0.808069499139537E+002  0.682174438585777E+002
  0.357262587505848E+000  0.807990861537695E+002  0.682108223658075E+002
  0.357262587505848E+000  0.807963841011322E+002  0.682085165702157E+002
  0.357262587505848E+000  0.807957375453536E+002  0.675475251631587E+002
  0.357262587505848E+000  0.807952305049974E+002  0.675479603693385E+002
  0.357262587505848E+000  0.807951634637369E+002  0.682074696524064E+002
  0.357262587505848E+000  0.807948670397196E+002  0.675482726949686E+002
  0.357262587505848E+000  0.807922006731569E+002  0.682049145886164E+002
  0.357262587505848E+000  0.807884345079679E+002  0.682016376137217E+002
  0.357262587505848E+000  0.807873944858347E+002  0.682007268225441E+002
  0.357262587505848E+000  0.807871576195300E+002  0.682005190294291E+002
  0.357262587505848E+000  0.807864861785895E+002  0.675555583346443E+002
  0.357262587505848E+000  0.807851607825195E+002  0.681987619396536E+002
  0.357262587505848E+000  0.807838362926537E+002  0.681975911480783E+002
  0.357262587505848E+000  0.807835778779314E+002  0.681973622206737E+002
  0.357262587505848E+000  0.807804980022368E+002  0.681946210532266E+002
  0.357262587505848E+000  0.807753978899429E+002  0.675654586917685E+002
  0.357262587505848E+000  0.807725010244529E+002  0.681873902554982E+002
  0.357262587505848E+000  0.807663115254085E+002  0.675738119192949E+002
  0.357262587505848E+000  0.807641382704514E+002  0.675758440730933E+002
  0.357262587505848E+000  0.807610677366240E+002  0.681767488181458E+002
  0.357262587505848E+000  0.807604336992594E+002  0.675793400204735E+002
  0.357262587505848E+000  0.807604097203090E+002  0.675793627824641E+002
  0.357262587505848E+000  0.807551490201377E+002  0.681710884165323E+002
  0.357262587505848E+000  0.807526185263109E+002  0.675868528556776E+002
  0.357262587505848E+000  0.807519454427095E+002  0.681679786120549E+002
  0.357262587505848E+000  0.807495101830604E+002  0.681655921596365E+002
  0.357262587505848E+000  0.807482613869119E+002  0.681643606845617E+002
  0.357262587505848E+000  0.807465180873613E+002  0.675928549454029E+002
  0.357262587505848E+000  0.807447864419948E+002  0.681609057530397E+002
  0.357262587505848E+000  0.807424662536232E+002  0.675969123439268E+002
  0.357262587505848E+000  0.807409425274391E+002  0.675984534134917E+002
  0.357262587505848E+000  0.807368219188860E+002  0.676026641633524E+002
  0.357262587505848E+000  0.807367153115945E+002  0.676027739584563E+002
  0.357262587505848E+000  0.807366015766865E+002  0.676028911426659E+002
  0.357262587505848E+000  0.807359238287303E+002  0.681518971244028E+002
  0.357262587505848E+000  0.807325684947119E+002  0.676070793337061E+002
  0.357262587505848E+000  0.807324466921153E+002  0.676072068293736E+002
  0.357262587505848E+000  0.807301096642582E+002  0.681458227750827E+002
  0.357262587505848E+000  0.807260008303091E+002  0.676140419051280E+002
  0.357262587505848E+000  0.807236926375230E+002  0.681389546509306E+002
  0.357262587505848E+000  0.807221451952304E+002  0.676182163783021E+002
  0.357262587505848E+000  0.807203205523612E+002  0.681352721121268E+002
  0.357262587505848E+000  0.807189278138625E+002  0.676217519156514E+002
  0.357262587505848E+000  0.807167887718487E+002  0.676241297558467E+002
  0.357262587505848E+000  0.807164443102119E+002  0.681309728482616E+002
  0.357262587505848E+000  0.807160446243193E+002  0.681305253853844E+002
  0.357262587505848E+000  0.807154068100393E+002  0.676256779240864E+002
  0.357262587505848E+000  0.807141575227370E+002  0.681284019177252E+002
  0.357262587505848E+000  0.807117517115873E+002  0.676298192096359E+002
  0.357262587505848E+000  0.807116298764980E+002  0.681255291652715E+002
  0.357262587505848E+000  0.807058760057943E+002  0.681188621010350E+002
  0.357262587505848E+000  0.807057145800553E+002  0.676368152131121E+002
  0.357262587505848E+000  0.807037420175750E+002  0.681163420744173E+002
  0.357262587505848E+000  0.807029614845841E+002  0.676400739388191E+002
  0.357262587505848E+000  0.806986145881756E+002  0.681101754280206E+002
  0.357262587505848E+000  0.806982377348324E+002  0.676457718801900E+002
  0.357262587505848E+000  0.806975651966065E+002  0.676465945397541E+002
  0.357262587505848E+000  0.806947207161185E+002  0.681053807779763E+002
  0.357262587505848E+000  0.806908053786453E+002  0.681004556444967E+002
  0.357262587505848E+000  0.806905350288974E+002  0.681001115433440E+002
  0.357262587505848E+000  0.806883434252928E+002  0.676581854427187E+002
  0.357262587505848E+000  0.806879223166018E+002  0.680967582261178E+002
  0.357262587505848E+000  0.806870845684482E+002  0.676598155244401E+002
  0.357262587505848E+000  0.806870797108284E+002  0.676598218381417E+002
  0.357262587505848E+000  0.806848341306548E+002  0.676627603903459E+002
  0.357262587505848E+000  0.806846480160444E+002  0.676630057432700E+002
  0.357262587505848E+000  0.806827161359036E+002  0.680899183309768E+002
  0.357262587505848E+000  0.806800559464637E+002  0.676691508036247E+002
  0.357262587505848E+000  0.806797584950936E+002  0.680859325030874E+002
  0.357262587505848E+000  0.806785729657183E+002  0.680843132481655E+002
  0.357262587505848E+000  0.806761498116373E+002  0.676745241566804E+002
  0.357262587505848E+000  0.806758732684607E+002  0.676749099702845E+002
  0.357262587505848E+000  0.806729570082531E+002  0.676790241254865E+002
  0.357262587505848E+000  0.806709493775230E+002  0.680735809641523E+002
  0.357262587505848E+000  0.806706597523403E+002  0.680731616164396E+002
  0.357262587505848E+000  0.806698092306082E+002  0.680719249132048E+002
  0.357262587505848E+000  0.806691324432119E+002  0.680709351727351E+002
  0.357262587505848E+000  0.806689181294170E+002  0.680706206993819E+002
  0.357262587505848E+000  0.806678745279902E+002  0.680690819847269E+002
  0.357262587505848E+000  0.806650591048147E+002  0.676906198615868E+002
  0.357262587505848E+000  0.806630660476270E+002  0.680618261452595E+002
  0.357262587505848E+000  0.806609257763513E+002  0.680585028992353E+002
  0.357262587505848E+000  0.806608522962257E+002  0.676970998885001E+002
  0.357262587505848E+000  0.806578886797357E+002  0.680536794272901E+002
  0.357262587505848E+000  0.806561709640758E+002  0.677045957104959E+002
  0.357262587505848E+000  0.806558434656929E+002  0.677051322883312E+002
  0.357262587505848E+000  0.806533043082666E+002  0.677093504859330E+002
  0.357262587505848E+000  0.806531273755488E+002  0.680458392461680E+002
  0.357262587505848E+000  0.806525191008227E+002  0.680448111308494E+002
  0.357262587505848E+000  0.806517180215843E+002  0.680434474023076E+002
  0.357262587505848E+000  0.806504034480954E+002  0.680411848642878E+002
  0.357262587505848E+000  0.806500977535001E+002  0.677148333837659E+002
  0.357262587505848E+000  0.806500287061750E+002  0.680405341289885E+002
  0.357262587505848E+000  0.806493273343240E+002  0.680393091612550E+002
  0.357262587505848E+000  0.806492550407225E+002  0.677163052382057E+002
  0.357262587505848E+000  0.806482770144708E+002  0.677180304316237E+002
  0.357262587505848E+000  0.806463597134882E+002  0.680340198915416E+002
  0.357262587505848E+000  0.806462173025201E+002  0.680337615597569E+002
  0.357262587505848E+000  0.806459251862207E+002  0.677222572868596E+002
  0.357262587505848E+000  0.806449138435166E+002  0.680313769193531E+002
  0.357262587505848E+000  0.806443759354751E+002  0.677251056348507E+002
  0.357262587505848E+000  0.806437658937501E+002  0.680292456974347E+002
  0.357262587505848E+000  0.806436688599658E+002  0.680290641738765E+002
  0.357262587505848E+000  0.806436029049986E+002  0.677265469421936E+002
  0.357262587505848E+000  0.806433273093853E+002  0.677270641210457E+002
  0.357262587505848E+000  0.806430236410912E+002  0.680278515639690E+002
  0.357262587505848E+000  0.806413692016188E+002  0.680246965315830E+002
  0.357262587505848E+000  0.806412470431672E+002  0.677310267235221E+002
  0.357262587505848E+000  0.806401763284911E+002  0.677331085912963E+002
  0.357262587505848E+000  0.806400725722836E+002  0.680221756812093E+002
  0.357262587505848E+000  0.806393178909129E+002  0.677347996113864E+002
  0.357262587505848E+000  0.806385820349199E+002  0.680192223599508E+002
  0.357262587505848E+000  0.806384706382962E+002  0.677364884469321E+002
  0.357262587505848E+000  0.806374943025053E+002  0.680170276305597E+002
  0.357262587505848E+000  0.806367965529735E+002  0.680156013795268E+002
  0.357262587505848E+000  0.806367742330984E+002  0.680155555124344E+002
  0.357262587505848E+000  0.806363451810593E+002  0.677408167790560E+002
  0.357262587505848E+000  0.806359104685189E+002  0.677417190022582E+002
  0.357262587505848E+000  0.806354952691317E+002  0.680129012580119E+002
  0.357262587505848E+000  0.806354315786919E+002  0.677427198916541E+002
  0.357262587505848E+000  0.806351046461317E+002  0.680120801375381E+002
  0.357262587505848E+000  0.806349760676710E+002  0.677436788527582E+002
  0.357262587505848E+000  0.806340938732820E+002  0.680099317400596E+002
  0.357262587505848E+000  0.806332645801193E+002  0.680081426464788E+002
  0.357262587505848E+000  0.806328653109142E+002  0.680072724618394E+002
  0.357262587505848E+000  0.806327981605405E+002  0.677483620715602E+002
  0.357262587505848E+000  0.806318162233795E+002  0.677505299369898E+002
  0.357262587505848E+000  0.806314360747523E+002  0.677513791934599E+002
  0.357262587505848E+000  0.806314283378041E+002  0.680040910708688E+002
  0.357262587505848E+000  0.806305776224902E+002  0.680021692995182E+002
  0.357262587505848E+000  0.806273590679201E+002  0.677608746398808E+002
  0.357262587505848E+000  0.806273538317365E+002  0.679946002768455E+002
  0.357262587505848E+000  0.806269271088878E+002  0.677619262841437E+002
  0.357262587505848E+000  0.806267850916124E+002  0.677622741304677E+002
  0.357262587505848E+000  0.806265009466018E+002  0.677629732584299E+002
  0.357262587505848E+000  0.806262046687221E+002  0.677637068033470E+002
  0.357262587505848E+000  0.806261539328034E+002  0.677638328925031E+002
  0.357262587505848E+000  0.806258145496750E+002  0.679908076627123E+002
  0.357262587505848E+000  0.806251793008462E+002  0.679892048708085E+002
  0.357262587505848E+000  0.806248852862759E+002  0.679884551898649E+002
  0.357262587505848E+000  0.806235772982815E+002  0.679850566146086E+002
  0.357262587505848E+000  0.806215354749657E+002  0.679795247057876E+002
  0.357262587505848E+000  0.806210468337026E+002  0.679781556460453E+002
  0.357262587505848E+000  0.806207380464287E+002  0.679772807864364E+002
  0.357262587505848E+000  0.806200904737460E+002  0.677800669761260E+002
  0.357262587505848E+000  0.806198944327814E+002  0.677806371305393E+002
  0.357262587505848E+000  0.806198405718647E+002  0.677807943637340E+002
  0.357262587505848E+000  0.806189655693766E+002  0.677833854051175E+002
  0.357262587505848E+000  0.806187567276530E+002  0.677840144106827E+002
  0.357262587505848E+000  0.806174583672292E+002  0.679674638214486E+002
  0.357262587505848E+000  0.806171375484711E+002  0.679664452052152E+002
  0.357262587505848E+000  0.806171334206713E+002  0.679664320230044E+002
  0.357262587505848E+000  0.806157456211883E+002  0.677936045411433E+002
  0.357262587505848E+000  0.806156631207001E+002  0.679616048751686E+002
  0.357262587505848E+000  0.806154433093738E+002  0.677946284821039E+002
  0.357262587505848E+000  0.806151216100441E+002  0.679597554796597E+002
  0.357262587505848E+000  0.806149717829124E+002  0.677962512382240E+002
  0.357262587505848E+000  0.806138179689304E+002  0.679551221330150E+002
  0.357262587505848E+000  0.806122720696071E+002  0.678062479437240E+002
  0.357262587505848E+000  0.806119264771582E+002  0.678076304610842E+002
  0.357262587505848E+000  0.806118750777971E+002  0.679476491919273E+002
  0.357262587505848E+000  0.806112312139213E+002  0.678104978664033E+002
  0.357262587505848E+000  0.806111038236151E+002  0.678110366090245E+002
  0.357262587505848E+000  0.806109614190814E+002  0.679438435625857E+002
  0.357262587505848E+000  0.806105791578819E+002  0.678133029151827E+002
  0.357262587505848E+000  0.806104453383346E+002  0.678138938255958E+002
  0.357262587505848E+000  0.806099672648061E+002  0.678160510784208E+002
  0.357262587505848E+000  0.806099503832357E+002  0.678161286352044E+002
  0.357262587505848E+000  0.806095229581432E+002  0.679373617029733E+002
  0.357262587505848E+000  0.806095003499885E+002  0.679372541931761E+002
  0.357262587505848E+000  0.806091517464467E+002  0.679355711631136E+002
  0.357262587505848E+000  0.806087865248423E+002  0.678217339261807E+002
  0.357262587505848E+000  0.806080888026003E+002  0.678253811392273E+002
  0.357262587505848E+000  0.806080841168367E+002  0.678254064923591E+002
  0.357262587505848E+000  0.806080827816924E+002  0.679300738893970E+002
  0.357262587505848E+000  0.806079660631675E+002  0.679294382631897E+002
  0.357262587505848E+000  0.806078818815648E+002  0.678265126761709E+002
  0.357262587505848E+000  0.806073876788321E+002  0.679261655342335E+002
  0.357262587505848E+000  0.806073241241861E+002  0.679257923255670E+002
  0.357262587505848E+000  0.806071589619663E+002  0.678306789925844E+002
  0.357262587505848E+000  0.806071235926023E+002  0.678308923384396E+002
  0.357262587505848E+000  0.806070232957644E+002  0.679239849322573E+002
  0.357262587505848E+000  0.806069932303517E+002  0.679238003992716E+002
  0.357262587505848E+000  0.806066537704362E+002  0.678338244819800E+002
  0.357262587505848E+000  0.806062861179443E+002  0.678362632939903E+002
  0.357262587505848E+000  0.806059950214420E+002  0.678383010944791E+002
  0.357262587505848E+000  0.806057045941966E+002  0.678404449958389E+002
  0.357262587505848E+000  0.806056398709086E+002  0.679145478190827E+002
  0.357262587505848E+000  0.806054198663331E+002  0.679128137845080E+002
  0.357262587505848E+000  0.806053554019003E+002  0.679122892032172E+002
  0.357262587505848E+000  0.806052806253800E+002  0.678438170607208E+002
  0.357262587505848E+000  0.806051607390419E+002  0.679106544197261E+002
  0.357262587505848E+000  0.806049619748003E+002  0.678465908069784E+002
  0.357262587505848E+000  0.806045921475342E+002  0.679053300883738E+002
  0.357262587505848E+000  0.806044324245704E+002  0.678518493941888E+002
  0.357262587505848E+000  0.806043007167178E+002  0.678533325705315E+002
  0.357262587505848E+000  0.806041656946322E+002  0.679005345625870E+002
  0.357262587505848E+000  0.806040332096538E+002  0.678566638064726E+002
  0.357262587505848E+000  0.806039708478968E+002  0.678979685050242E+002
  0.357262587505848E+000  0.806039247885002E+002  0.678581747977048E+002
  0.357262587505848E+000  0.806038324959373E+002  0.678959279323240E+002
  0.357262587505848E+000  0.806037698718484E+002  0.678605628219035E+002
  0.357262587505848E+000  0.806037646520526E+002  0.678606490929568E+002
  0.357262587505848E+000  0.806036532540781E+002  0.678928805968363E+002
  0.357262587505848E+000  0.806036116799277E+002  0.678920815463003E+002
  0.357262587505848E+000  0.806036001425446E+002  0.678636358290495E+002
  0.357262587505848E+000  0.806035761420141E+002  0.678913613927322E+002
  0.357262587505848E+000  0.806035477711456E+002  0.678907579003220E+002
  0.357262587505848E+000  0.806034853101685E+002  0.678661687131284E+002
  0.357262587505848E+000  0.806033859687485E+002  0.678689286985137E+002
  0.357262587505848E+000  0.806033810583156E+002  0.678690879194203E+002
  0.357262587505848E+000  0.806033674888257E+002  0.678695439711497E+002
  0.357262587505848E+000  0.806551307693627E+002  0.678717238990959E+002
  0.357262587505848E+000  0.806551225637903E+002  0.678833643752380E+002
  0.357262587505848E+000  0.806551088933547E+002  0.678826270976062E+002
  0.357262587505848E+000  0.806551009322159E+002  0.678733464647295E+002
  0.357262587505848E+000  0.806550711758979E+002  0.678793185165793E+002
  0.357262587505848E+000  0.806550707858840E+002  0.678762408809324E+002
