  0.108786264807929E+000  0.832711584954496E+002  0.693559075841710E+002
  0.108786264807929E+000  0.834150549515339E+002  0.663722587952120E+002
  0.108786264807929E+000  0.834363675097305E+002  0.693872333263234E+002
  0.108786264807929E+000  0.865528724534818E+002  0.658667614104105E+002
  0.108786264807929E+000  0.834377142396773E+002  0.663680015952922E+002
  0.108786264807929E+000  0.858729720659286E+002  0.659649216826178E+002
  0.108786264807929E+000  0.834563900406115E+002  0.693909857962998E+002
  0.108786264807929E+000  0.856420839569527E+002  0.697560651244279E+002
  0.108786264807929E+000  0.837922079493484E+002  0.663028973801960E+002
  0.108786264807929E+000  0.838083876088296E+002  0.662999900235788E+002
  0.108786264807929E+000  0.853225077751529E+002  0.660482488066441E+002
  0.108786264807929E+000  0.838484427245007E+002  0.694626722269139E+002
  0.108786264807929E+000  0.840177326857733E+002  0.662628443000020E+002
  0.108786264807929E+000  0.850903117833462E+002  0.660845584962623E+002
  0.108786264807929E+000  0.849782032186440E+002  0.696531323111135E+002
  0.108786264807929E+000  0.848501923716620E+002  0.696325903940873E+002
  0.108786264807929E+000  0.847254058952615E+002  0.661431558542736E+002
  0.108786264807929E+000  0.843677789366764E+002  0.695529156329924E+002
  0.108786264807929E+000  0.843783982877377E+002  0.695547102586814E+002
  0.108786264807929E+000  0.844242120356736E+002  0.661930569329334E+002
  0.108786264807929E+000  0.831125605397043E+002  0.664302898839776E+002
  0.108786264807929E+000  0.830445503267188E+002  0.664436603859193E+002
  0.108786264807929E+000  0.829260896554591E+002  0.692882357756950E+002
  0.108786264807929E+000  0.829163686324101E+002  0.664692053171207E+002
  0.108786264807929E+000  0.828697538462040E+002  0.664786106725606E+002
  0.108786264807929E+000  0.828260985375157E+002  0.664874765973371E+002
  0.108786264807929E+000  0.828216781967827E+002  0.692671101325896E+002
  0.108786264807929E+000  0.828000428185300E+002  0.692626923272731E+002
  0.108786264807929E+000  0.827784710124178E+002  0.692582734279700E+002
  0.108786264807929E+000  0.827567039117353E+002  0.665016874682101E+002
  0.108786264807929E+000  0.827063045953058E+002  0.665121011114679E+002
  0.108786264807929E+000  0.826224173204098E+002  0.692258751220906E+002
  0.108786264807929E+000  0.825988476750728E+002  0.692209139015212E+002
  0.108786264807929E+000  0.825695672857019E+002  0.665407626336424E+002
  0.108786264807929E+000  0.825572337157466E+002  0.665433781434423E+002
  0.108786264807929E+000  0.825520793071741E+002  0.665444727296695E+002
  0.108786264807929E+000  0.824929713510446E+002  0.691983979076328E+002
  0.108786264807929E+000  0.824906957436939E+002  0.665575778538319E+002
  0.108786264807929E+000  0.824695830873410E+002  0.691933721229800E+002
  0.108786264807929E+000  0.824645845343541E+002  0.691922955173373E+002
  0.108786264807929E+000  0.824146585077730E+002  0.665739941160764E+002
  0.108786264807929E+000  0.824071288404342E+002  0.691798565920452E+002
  0.108786264807929E+000  0.823979005034945E+002  0.691778476017901E+002
  0.108786264807929E+000  0.823675524053318E+002  0.691712188791396E+002
  0.108786264807929E+000  0.823638405683050E+002  0.691704057955636E+002
  0.108786264807929E+000  0.823213488301964E+002  0.665944263957391E+002
  0.108786264807929E+000  0.822554323366853E+002  0.691464289722903E+002
  0.108786264807929E+000  0.822102184864893E+002  0.666191936329444E+002
  0.108786264807929E+000  0.821686368731046E+002  0.691269005845220E+002
  0.108786264807929E+000  0.821562133873056E+002  0.666314072558135E+002
  0.108786264807929E+000  0.821070287640712E+002  0.691128518301319E+002
  0.108786264807929E+000  0.820768086749833E+002  0.691059018711832E+002
  0.108786264807929E+000  0.820630442361057E+002  0.691027232817143E+002
  0.108786264807929E+000  0.819720890967414E+002  0.690815082667975E+002
  0.108786264807929E+000  0.818921287837334E+002  0.690625440328052E+002
  0.108786264807929E+000  0.818338379500520E+002  0.690485255870525E+002
  0.108786264807929E+000  0.817618966919682E+002  0.667244981855277E+002
  0.108786264807929E+000  0.817505372257983E+002  0.690281960411355E+002
  0.108786264807929E+000  0.816985361735115E+002  0.667401665999173E+002
  0.108786264807929E+000  0.816980528028237E+002  0.667402869621509E+002
  0.108786264807929E+000  0.816947221899356E+002  0.690143709565911E+002
  0.108786264807929E+000  0.816671476794000E+002  0.667480091454387E+002
  0.108786264807929E+000  0.816652072996451E+002  0.690069918630990E+002
  0.108786264807929E+000  0.816421765302178E+002  0.667542873915393E+002
  0.108786264807929E+000  0.816321397722355E+002  0.667568207403529E+002
  0.108786264807929E+000  0.816293887870633E+002  0.689979714991927E+002
  0.108786264807929E+000  0.815925515601601E+002  0.667668694185674E+002
  0.108786264807929E+000  0.815780857161693E+002  0.667705640358699E+002
  0.108786264807929E+000  0.815247802168182E+002  0.689712014477666E+002
  0.108786264807929E+000  0.814996481039306E+002  0.667908158647682E+002
  0.108786264807929E+000  0.814974467973796E+002  0.689640979410033E+002
  0.108786264807929E+000  0.814304223990565E+002  0.668090080220307E+002
  0.108786264807929E+000  0.814242162204966E+002  0.689448334855486E+002
  0.108786264807929E+000  0.814233989692769E+002  0.668108710759743E+002
  0.108786264807929E+000  0.814142133620021E+002  0.668133125961329E+002
  0.108786264807929E+000  0.813947292572347E+002  0.668185100696644E+002
  0.108786264807929E+000  0.813858700371540E+002  0.668208817600755E+002
  0.108786264807929E+000  0.813703732010251E+002  0.689304443618339E+002
  0.108786264807929E+000  0.813511834966856E+002  0.668302193178383E+002
  0.108786264807929E+000  0.813283976190986E+002  0.668363988028286E+002
  0.108786264807929E+000  0.813267364123171E+002  0.668368507536131E+002
  0.108786264807929E+000  0.813033964460562E+002  0.668432215398732E+002
  0.108786264807929E+000  0.812996591556021E+002  0.668442453037097E+002
  0.108786264807929E+000  0.812708726723128E+002  0.668521650963143E+002
  0.108786264807929E+000  0.812536779619513E+002  0.688985625582848E+002
  0.108786264807929E+000  0.812311089944231E+002  0.668632066334901E+002
  0.108786264807929E+000  0.811929413641807E+002  0.668739192119109E+002
  0.108786264807929E+000  0.811750310519792E+002  0.688765018671103E+002
  0.108786264807929E+000  0.811687836198808E+002  0.688747285156910E+002
  0.108786264807929E+000  0.811586595014826E+002  0.688718480388892E+002
  0.108786264807929E+000  0.811528647904506E+002  0.668852920209250E+002
  0.108786264807929E+000  0.811481318178554E+002  0.668866437456639E+002
  0.108786264807929E+000  0.811308156547558E+002  0.668916049870164E+002
  0.108786264807929E+000  0.811243368788494E+002  0.668934676448646E+002
  0.108786264807929E+000  0.811188600707722E+002  0.668950449892195E+002
  0.108786264807929E+000  0.810980764082942E+002  0.688544336587658E+002
  0.108786264807929E+000  0.810862079973402E+002  0.669045019790506E+002
  0.108786264807929E+000  0.810847127544189E+002  0.669049372462584E+002
  0.108786264807929E+000  0.810841590030922E+002  0.688503891145988E+002
  0.108786264807929E+000  0.810702146236243E+002  0.669091678146502E+002
  0.108786264807929E+000  0.810661575544958E+002  0.669103549842772E+002
  0.108786264807929E+000  0.810592104540168E+002  0.688430963898840E+002
  0.108786264807929E+000  0.810458096049870E+002  0.669163312648148E+002
  0.108786264807929E+000  0.810040195053644E+002  0.688267644006449E+002
  0.108786264807929E+000  0.809930231897353E+002  0.688234766996833E+002
  0.108786264807929E+000  0.809778463163886E+002  0.688189202234499E+002
  0.108786264807929E+000  0.809683959692703E+002  0.669394157928324E+002
  0.108786264807929E+000  0.809648992381149E+002  0.688150156791356E+002
  0.108786264807929E+000  0.809530975594894E+002  0.688114423362338E+002
  0.108786264807929E+000  0.809448341967515E+002  0.669465554360901E+002
  0.108786264807929E+000  0.809341986126096E+002  0.669497962046940E+002
  0.108786264807929E+000  0.808878124874637E+002  0.669640649034023E+002
  0.108786264807929E+000  0.808873155267966E+002  0.669642189786494E+002
  0.108786264807929E+000  0.808511340886240E+002  0.687799804250317E+002
  0.108786264807929E+000  0.808359032712014E+002  0.669803014918428E+002
  0.108786264807929E+000  0.808166384034263E+002  0.687690850453558E+002
  0.108786264807929E+000  0.808001816476887E+002  0.669916475896177E+002
  0.108786264807929E+000  0.807895244229637E+002  0.669950608414713E+002
  0.108786264807929E+000  0.807841338448176E+002  0.669967923498957E+002
  0.108786264807929E+000  0.807742300027712E+002  0.669999824668921E+002
  0.108786264807929E+000  0.807608549046728E+002  0.687511784084813E+002
  0.108786264807929E+000  0.807501297469316E+002  0.670077942447872E+002
  0.108786264807929E+000  0.807196577862884E+002  0.687377147063294E+002
  0.108786264807929E+000  0.807071815493277E+002  0.670218920653730E+002
  0.108786264807929E+000  0.807022558768535E+002  0.670235237981123E+002
  0.108786264807929E+000  0.807010348536496E+002  0.687315588379466E+002
  0.108786264807929E+000  0.806993679392610E+002  0.687310056686865E+002
  0.108786264807929E+000  0.806875082549261E+002  0.687270596055881E+002
  0.108786264807929E+000  0.806818737010108E+002  0.670303092216800E+002
  0.108786264807929E+000  0.806602941272787E+002  0.687179346165984E+002
  0.108786264807929E+000  0.806068309479751E+002  0.686997133022128E+002
  0.108786264807929E+000  0.806055263100236E+002  0.686992636042137E+002
  0.108786264807929E+000  0.806014194551147E+002  0.670576412128815E+002
  0.108786264807929E+000  0.805918548306687E+002  0.686945362661920E+002
  0.108786264807929E+000  0.805868725017982E+002  0.670626809533600E+002
  0.108786264807929E+000  0.805795892744421E+002  0.670652159447751E+002
  0.108786264807929E+000  0.805698150923895E+002  0.686868571919357E+002
  0.108786264807929E+000  0.805586450400125E+002  0.670725502432895E+002
  0.108786264807929E+000  0.805472143043046E+002  0.686789062030127E+002
  0.108786264807929E+000  0.805452857431406E+002  0.670772635326081E+002
  0.108786264807929E+000  0.805344924236937E+002  0.670810918857861E+002
  0.108786264807929E+000  0.805318269802716E+002  0.670820401453751E+002
  0.108786264807929E+000  0.805272257114575E+002  0.670836797599282E+002
  0.108786264807929E+000  0.805144296893176E+002  0.686672302158024E+002
  0.108786264807929E+000  0.805104338847945E+002  0.670896922942748E+002
  0.108786264807929E+000  0.805003943622033E+002  0.686621785175394E+002
  0.108786264807929E+000  0.804952941101593E+002  0.686603347194229E+002
  0.108786264807929E+000  0.804942810414428E+002  0.670955196416401E+002
  0.108786264807929E+000  0.804907894892297E+002  0.686587026283977E+002
  0.108786264807929E+000  0.804898525694166E+002  0.686583627397684E+002
  0.108786264807929E+000  0.804893539374561E+002  0.686581817895129E+002
  0.108786264807929E+000  0.804814031294171E+002  0.671001968034509E+002
  0.108786264807929E+000  0.804721444598416E+002  0.686519106639186E+002
  0.108786264807929E+000  0.804592428700375E+002  0.671083117982768E+002
  0.108786264807929E+000  0.804474564524464E+002  0.671126629991556E+002
  0.108786264807929E+000  0.804378410608276E+002  0.686392564728420E+002
  0.108786264807929E+000  0.804290644199420E+002  0.671195026803596E+002
  0.108786264807929E+000  0.804219455985818E+002  0.671221666678636E+002
  0.108786264807929E+000  0.803980369189724E+002  0.686243043218200E+002
  0.108786264807929E+000  0.803974101262064E+002  0.686240664757523E+002
  0.108786264807929E+000  0.803896095896695E+002  0.686211000763563E+002
  0.108786264807929E+000  0.803845463372458E+002  0.671363193446764E+002
  0.108786264807929E+000  0.803811924180441E+002  0.686178858463351E+002
  0.108786264807929E+000  0.803639049030033E+002  0.671442474423468E+002
  0.108786264807929E+000  0.803519502961237E+002  0.686066091278717E+002
  0.108786264807929E+000  0.803476486465377E+002  0.686049355170705E+002
  0.108786264807929E+000  0.803471431095964E+002  0.671507490294597E+002
  0.108786264807929E+000  0.803463273261404E+002  0.686044206669516E+002
  0.108786264807929E+000  0.803443252746471E+002  0.671518477326658E+002
  0.108786264807929E+000  0.803431352416848E+002  0.671523122386929E+002
  0.108786264807929E+000  0.803279126872161E+002  0.671582805177484E+002
  0.108786264807929E+000  0.803253789926753E+002  0.671592787114577E+002
  0.108786264807929E+000  0.803206882625194E+002  0.685943572307380E+002
  0.108786264807929E+000  0.803189793328623E+002  0.685936814405167E+002
  0.108786264807929E+000  0.803073201003898E+002  0.685890537054596E+002
  0.108786264807929E+000  0.803072387749673E+002  0.685890213203633E+002
  0.108786264807929E+000  0.802966704384126E+002  0.671706873908764E+002
  0.108786264807929E+000  0.802849571463270E+002  0.671753954408289E+002
  0.108786264807929E+000  0.802826709085778E+002  0.685791695490597E+002
  0.108786264807929E+000  0.802777812817618E+002  0.671782953673720E+002
  0.108786264807929E+000  0.802642525174112E+002  0.671837956018164E+002
  0.108786264807929E+000  0.802617268021677E+002  0.685706603188470E+002
  0.108786264807929E+000  0.802582547680215E+002  0.685692395730779E+002
  0.108786264807929E+000  0.802548400273373E+002  0.671876481893914E+002
  0.108786264807929E+000  0.802491354685860E+002  0.685654940059915E+002
  0.108786264807929E+000  0.802286189008273E+002  0.685569917414552E+002
  0.108786264807929E+000  0.802236921945224E+002  0.685549341722295E+002
  0.108786264807929E+000  0.802149498127962E+002  0.685512675670300E+002
  0.108786264807929E+000  0.802006291293441E+002  0.672102697362505E+002
  0.108786264807929E+000  0.801997356140295E+002  0.685448385927431E+002
  0.108786264807929E+000  0.801913495438765E+002  0.672142192971397E+002
  0.108786264807929E+000  0.801799329478439E+002  0.685363767068103E+002
  0.108786264807929E+000  0.801778203852067E+002  0.672200200476738E+002
  0.108786264807929E+000  0.801767153502871E+002  0.672204961030826E+002
  0.108786264807929E+000  0.801716842315356E+002  0.672226679112363E+002
  0.108786264807929E+000  0.801635141203455E+002  0.685292774405593E+002
  0.108786264807929E+000  0.801620130285151E+002  0.672268630813724E+002
  0.108786264807929E+000  0.801613431932925E+002  0.685283329641468E+002
  0.108786264807929E+000  0.801558963496624E+002  0.672295303876285E+002
  0.108786264807929E+000  0.801521177772462E+002  0.672311836117725E+002
  0.108786264807929E+000  0.801495683683279E+002  0.672323014371236E+002
  0.108786264807929E+000  0.801469830545746E+002  0.685220506220580E+002
  0.108786264807929E+000  0.801367098158802E+002  0.685175183846399E+002
  0.108786264807929E+000  0.801233706447590E+002  0.685115851957484E+002
  0.108786264807929E+000  0.801229916368944E+002  0.685114158035152E+002
  0.108786264807929E+000  0.801135166070484E+002  0.685071662570051E+002
  0.108786264807929E+000  0.801097294275962E+002  0.685054596612902E+002
  0.108786264807929E+000  0.801081672065186E+002  0.685047543330220E+002
  0.108786264807929E+000  0.801054395367582E+002  0.672519666983412E+002
  0.108786264807929E+000  0.800998198690754E+002  0.685009720603869E+002
  0.108786264807929E+000  0.800994570589889E+002  0.672546804616414E+002
  0.108786264807929E+000  0.800908927868282E+002  0.672585860763418E+002
  0.108786264807929E+000  0.800795141115239E+002  0.684916740143379E+002
  0.108786264807929E+000  0.800690590059255E+002  0.672686563601499E+002
  0.108786264807929E+000  0.800618726129325E+002  0.672720075229484E+002
  0.108786264807929E+000  0.800553716788026E+002  0.684804325136414E+002
  0.108786264807929E+000  0.800416823812453E+002  0.672815234329315E+002
  0.108786264807929E+000  0.800373606735493E+002  0.672835801100331E+002
  0.108786264807929E+000  0.800348792587741E+002  0.684707233825273E+002
  0.108786264807929E+000  0.800306161249572E+002  0.684686835021458E+002
  0.108786264807929E+000  0.800274457060128E+002  0.684671619010589E+002
  0.108786264807929E+000  0.800272755787582E+002  0.672884074683861E+002
  0.108786264807929E+000  0.800268610412846E+002  0.672886067383488E+002
  0.108786264807929E+000  0.800267724884068E+002  0.684668382931941E+002
  0.108786264807929E+000  0.800250500736098E+002  0.684660095380893E+002
  0.108786264807929E+000  0.800218787367774E+002  0.684644805594691E+002
  0.108786264807929E+000  0.800150250115513E+002  0.684611625245853E+002
  0.108786264807929E+000  0.800142636217264E+002  0.672946948538878E+002
  0.108786264807929E+000  0.800090167847808E+002  0.672972493945730E+002
  0.108786264807929E+000  0.799976711636391E+002  0.684526755355241E+002
  0.108786264807929E+000  0.799965925448265E+002  0.673033437158618E+002
  0.108786264807929E+000  0.799943253010391E+002  0.673044628311624E+002
  0.108786264807929E+000  0.799847118725132E+002  0.684462550991889E+002
  0.108786264807929E+000  0.799810725073267E+002  0.673110486458720E+002
  0.108786264807929E+000  0.799731342564239E+002  0.684404572343975E+002
  0.108786264807929E+000  0.799701785951410E+002  0.673165201136241E+002
  0.108786264807929E+000  0.799667528680546E+002  0.684372358643588E+002
  0.108786264807929E+000  0.799661562069305E+002  0.673185538911220E+002
  0.108786264807929E+000  0.799603712433820E+002  0.673214918893450E+002
  0.108786264807929E+000  0.799586549130618E+002  0.673223665483423E+002
  0.108786264807929E+000  0.799535197686804E+002  0.673249917340948E+002
  0.108786264807929E+000  0.799508435786447E+002  0.673263648087415E+002
  0.108786264807929E+000  0.799476265593782E+002  0.684274677017787E+002
  0.108786264807929E+000  0.799433339849396E+002  0.684252514587878E+002
  0.108786264807929E+000  0.799396018521660E+002  0.684233172536761E+002
  0.108786264807929E+000  0.799372582757211E+002  0.673333884427909E+002
  0.108786264807929E+000  0.799349473523353E+002  0.673345922344837E+002
  0.108786264807929E+000  0.799332556082340E+002  0.684200124266165E+002
  0.108786264807929E+000  0.799325392385491E+002  0.684196381088210E+002
  0.108786264807929E+000  0.799319278358630E+002  0.684193184337968E+002
  0.108786264807929E+000  0.799303892905864E+002  0.684185131614227E+002
  0.108786264807929E+000  0.799235808053754E+002  0.684149351196257E+002
  0.108786264807929E+000  0.799233088999724E+002  0.684147917310166E+002
  0.108786264807929E+000  0.799222930994895E+002  0.673412318957742E+002
  0.108786264807929E+000  0.799194007111542E+002  0.684127265117419E+002
  0.108786264807929E+000  0.799184605966216E+002  0.684122285327421E+002
  0.108786264807929E+000  0.799029673750621E+002  0.673515337153729E+002
  0.108786264807929E+000  0.799019102538192E+002  0.684033845568917E+002
  0.108786264807929E+000  0.798856601350346E+002  0.683945537816818E+002
  0.108786264807929E+000  0.798856142278753E+002  0.673609589873534E+002
  0.108786264807929E+000  0.798796007011823E+002  0.683912220413617E+002
  0.108786264807929E+000  0.798765840434158E+002  0.673659323428203E+002
  0.108786264807929E+000  0.798742094247666E+002  0.683882394032232E+002
  0.108786264807929E+000  0.798726622544237E+002  0.673681073757459E+002
  0.108786264807929E+000  0.798714220561466E+002  0.673687971269751E+002
  0.108786264807929E+000  0.798691789654749E+002  0.683854405789820E+002
  0.108786264807929E+000  0.798677764690812E+002  0.673708300984216E+002
  0.108786264807929E+000  0.798660480038821E+002  0.683836907716807E+002
  0.108786264807929E+000  0.798618846193486E+002  0.683813545545774E+002
  0.108786264807929E+000  0.798583220822933E+002  0.673761407532546E+002
  0.108786264807929E+000  0.798558751307360E+002  0.673775244230090E+002
  0.108786264807929E+000  0.798550758751227E+002  0.673779772054871E+002
  0.108786264807929E+000  0.798540426867353E+002  0.683769244873326E+002
  0.108786264807929E+000  0.798536731126708E+002  0.683767147369316E+002
  0.108786264807929E+000  0.798528343656521E+002  0.673792492263223E+002
  0.108786264807929E+000  0.798505454334229E+002  0.673805515171578E+002
  0.108786264807929E+000  0.798484210873493E+002  0.683737243821063E+002
  0.108786264807929E+000  0.798411707417540E+002  0.673859212417103E+002
  0.108786264807929E+000  0.798338493315403E+002  0.673901559926105E+002
  0.108786264807929E+000  0.798323676184680E+002  0.683644701002125E+002
  0.108786264807929E+000  0.798306563887448E+002  0.683634732353127E+002
  0.108786264807929E+000  0.798220108975892E+002  0.683584052578646E+002
  0.108786264807929E+000  0.798219024670861E+002  0.683583413566845E+002
  0.108786264807929E+000  0.798199397885931E+002  0.673983043859403E+002
  0.108786264807929E+000  0.798197705166070E+002  0.673984044007897E+002
  0.108786264807929E+000  0.798180754259899E+002  0.683560805047455E+002
  0.108786264807929E+000  0.798172090079587E+002  0.673999204309932E+002
  0.108786264807929E+000  0.798156539504743E+002  0.674008431435280E+002
  0.108786264807929E+000  0.798134751628992E+002  0.683533486428717E+002
  0.108786264807929E+000  0.798116756076699E+002  0.674032119087742E+002
  0.108786264807929E+000  0.798084615921893E+002  0.683503533559504E+002
  0.108786264807929E+000  0.797984559876549E+002  0.674111694360543E+002
  0.108786264807929E+000  0.797961133758880E+002  0.683428938417986E+002
  0.108786264807929E+000  0.797922330866705E+002  0.683405249449100E+002
  0.108786264807929E+000  0.797897400424477E+002  0.674164910732941E+002
  0.108786264807929E+000  0.797883897267443E+002  0.674173210293543E+002
  0.108786264807929E+000  0.797870332309678E+002  0.683373313150108E+002
  0.108786264807929E+000  0.797862279315713E+002  0.674186528758277E+002
  0.108786264807929E+000  0.797838992996354E+002  0.674200918437993E+002
  0.108786264807929E+000  0.797833131613155E+002  0.674204547587426E+002
  0.108786264807929E+000  0.797782446813359E+002  0.683318825392202E+002
  0.108786264807929E+000  0.797704766594698E+002  0.674284761470848E+002
  0.108786264807929E+000  0.797684824589502E+002  0.683257524182168E+002
  0.108786264807929E+000  0.797635683445135E+002  0.674328529343166E+002
  0.108786264807929E+000  0.797617027274869E+002  0.674340423064150E+002
  0.108786264807929E+000  0.797615350106888E+002  0.674341493858098E+002
  0.108786264807929E+000  0.797554861921772E+002  0.683174589034144E+002
  0.108786264807929E+000  0.797539185860310E+002  0.683164479458055E+002
  0.108786264807929E+000  0.797531393012977E+002  0.683159445129868E+002
  0.108786264807929E+000  0.797524746917399E+002  0.683155147051009E+002
  0.108786264807929E+000  0.797516229046335E+002  0.674405243776887E+002
  0.108786264807929E+000  0.797460813746313E+002  0.674441292688672E+002
  0.108786264807929E+000  0.797423682687595E+002  0.674465615911167E+002
  0.108786264807929E+000  0.797401865639379E+002  0.683074904396951E+002
  0.108786264807929E+000  0.797388331320579E+002  0.683065974566770E+002
  0.108786264807929E+000  0.797367327853451E+002  0.674502796362747E+002
  0.108786264807929E+000  0.797363328174114E+002  0.674505447474197E+002
  0.108786264807929E+000  0.797359091399234E+002  0.683046618544821E+002
  0.108786264807929E+000  0.797349069495106E+002  0.683039964094887E+002
  0.108786264807929E+000  0.797323569975028E+002  0.674531890457123E+002
  0.108786264807929E+000  0.797292927770460E+002  0.683002492717313E+002
  0.108786264807929E+000  0.797280882077050E+002  0.674560466555850E+002
  0.108786264807929E+000  0.797239965263160E+002  0.674588040009142E+002
  0.108786264807929E+000  0.797236653226873E+002  0.682964596177484E+002
  0.108786264807929E+000  0.797235063288515E+002  0.674591355586441E+002
  0.108786264807929E+000  0.797219099629023E+002  0.682952704811618E+002
  0.108786264807929E+000  0.797213053099080E+002  0.682948600849888E+002
  0.108786264807929E+000  0.797189848884367E+002  0.682932813828267E+002
  0.108786264807929E+000  0.797172535368239E+002  0.674633880710691E+002
  0.108786264807929E+000  0.797169118843809E+002  0.682918659215703E+002
  0.108786264807929E+000  0.797108880625067E+002  0.674677625245066E+002
  0.108786264807929E+000  0.797107331126206E+002  0.682876180174770E+002
  0.108786264807929E+000  0.797096797601328E+002  0.674685981703578E+002
  0.108786264807929E+000  0.797090616009660E+002  0.674690263416342E+002
  0.108786264807929E+000  0.797029204843181E+002  0.674733046390144E+002
  0.108786264807929E+000  0.797027997959418E+002  0.674733891718546E+002
  0.108786264807929E+000  0.797025061818694E+002  0.682818927084786E+002
  0.108786264807929E+000  0.797014461726598E+002  0.682811491146476E+002
  0.108786264807929E+000  0.796987334801452E+002  0.682792398958008E+002
  0.108786264807929E+000  0.796975303789873E+002  0.674770973786160E+002
  0.108786264807929E+000  0.796959422298760E+002  0.674782217445047E+002
  0.108786264807929E+000  0.796951702640624E+002  0.682767181885377E+002
  0.108786264807929E+000  0.796947835257630E+002  0.674790440757625E+002
  0.108786264807929E+000  0.796946668972710E+002  0.682763606671653E+002
  0.108786264807929E+000  0.796942225545688E+002  0.674794428064595E+002
  0.108786264807929E+000  0.796854854972123E+002  0.674857053295790E+002
  0.108786264807929E+000  0.796853475872140E+002  0.674858049825142E+002
  0.108786264807929E+000  0.796739690535761E+002  0.674941162092582E+002
  0.108786264807929E+000  0.796738058799288E+002  0.682612509017774E+002
  0.108786264807929E+000  0.796718464941394E+002  0.682598010082616E+002
  0.108786264807929E+000  0.796704205582444E+002  0.674967452232954E+002
  0.108786264807929E+000  0.796656187011418E+002  0.675003319871234E+002
  0.108786264807929E+000  0.796631045849999E+002  0.682532640292748E+002
  0.108786264807929E+000  0.796616417515205E+002  0.682521590125656E+002
  0.108786264807929E+000  0.796590566450450E+002  0.682501982208377E+002
  0.108786264807929E+000  0.796551959202711E+002  0.682472505056224E+002
  0.108786264807929E+000  0.796548382061172E+002  0.675085114131880E+002
  0.108786264807929E+000  0.796459950060744E+002  0.675153587744163E+002
  0.108786264807929E+000  0.796412875585453E+002  0.675190570974551E+002
  0.108786264807929E+000  0.796410826173802E+002  0.682362686355856E+002
  0.108786264807929E+000  0.796350914543495E+002  0.682315037187878E+002
  0.108786264807929E+000  0.796309006600540E+002  0.675273554427154E+002
  0.108786264807929E+000  0.796267736777880E+002  0.682247799397614E+002
  0.108786264807929E+000  0.796178805151304E+002  0.682174438585777E+002
  0.108786264807929E+000  0.796100167549461E+002  0.682108223658075E+002
  0.108786264807929E+000  0.796073147023088E+002  0.682085165702157E+002
  0.108786264807929E+000  0.796066681465302E+002  0.675475251631587E+002
  0.108786264807929E+000  0.796061611061740E+002  0.675479603693385E+002
  0.108786264807929E+000  0.796060940649135E+002  0.682074696524064E+002
  0.108786264807929E+000  0.796057976408962E+002  0.675482726949686E+002
  0.108786264807929E+000  0.796031312743335E+002  0.682049145886164E+002
  0.108786264807929E+000  0.795993651091446E+002  0.682016376137217E+002
  0.108786264807929E+000  0.795983250870114E+002  0.682007268225441E+002
  0.108786264807929E+000  0.795980882207066E+002  0.682005190294291E+002
  0.108786264807929E+000  0.795974167797661E+002  0.675555583346443E+002
  0.108786264807929E+000  0.795960913836961E+002  0.681987619396536E+002
  0.108786264807929E+000  0.795947668938303E+002  0.681975911480783E+002
  0.108786264807929E+000  0.795945084791081E+002  0.681973622206737E+002
  0.108786264807929E+000  0.795914286034134E+002  0.681946210532266E+002
  0.108786264807929E+000  0.795863284911196E+002  0.675654586917685E+002
  0.108786264807929E+000  0.795834316256296E+002  0.681873902554982E+002
  0.108786264807929E+000  0.795772421265851E+002  0.675738119192949E+002
  0.108786264807929E+000  0.795750688716280E+002  0.675758440730933E+002
  0.108786264807929E+000  0.795719983378007E+002  0.681767488181458E+002
  0.108786264807929E+000  0.795713643004360E+002  0.675793400204735E+002
  0.108786264807929E+000  0.795713403214856E+002  0.675793627824641E+002
  0.108786264807929E+000  0.795660796213143E+002  0.681710884165323E+002
  0.108786264807929E+000  0.795635491274875E+002  0.675868528556776E+002
  0.108786264807929E+000  0.795628760438861E+002  0.681679786120549E+002
  0.108786264807929E+000  0.795604407842370E+002  0.681655921596365E+002
  0.108786264807929E+000  0.795591919880885E+002  0.681643606845617E+002
  0.108786264807929E+000  0.795574486885379E+002  0.675928549454029E+002
  0.108786264807929E+000  0.795557170431715E+002  0.681609057530397E+002
  0.108786264807929E+000  0.795533968547998E+002  0.675969123439268E+002
  0.108786264807929E+000  0.795518731286157E+002  0.675984534134917E+002
  0.108786264807929E+000  0.795477525200626E+002  0.676026641633524E+002
  0.108786264807929E+000  0.795476459127712E+002  0.676027739584563E+002
  0.108786264807929E+000  0.795475321778631E+002  0.676028911426659E+002
  0.108786264807929E+000  0.795468544299070E+002  0.681518971244028E+002
  0.108786264807929E+000  0.795434990958885E+002  0.676070793337061E+002
  0.108786264807929E+000  0.795433772932919E+002  0.676072068293736E+002
  0.108786264807929E+000  0.795410402654348E+002  0.681458227750827E+002
  0.108786264807929E+000  0.795369314314858E+002  0.676140419051280E+002
  0.108786264807929E+000  0.795346232386996E+002  0.681389546509306E+002
  0.108786264807929E+000  0.795330757964071E+002  0.676182163783021E+002
  0.108786264807929E+000  0.795312511535379E+002  0.681352721121268E+002
  0.108786264807929E+000  0.795298584150391E+002  0.676217519156514E+002
  0.108786264807929E+000  0.795277193730253E+002  0.676241297558467E+002
  0.108786264807929E+000  0.795273749113885E+002  0.681309728482616E+002
  0.108786264807929E+000  0.795269752254960E+002  0.681305253853844E+002
  0.108786264807929E+000  0.795263374112160E+002  0.676256779240864E+002
  0.108786264807929E+000  0.795250881239137E+002  0.681284019177252E+002
  0.108786264807929E+000  0.795226823127640E+002  0.676298192096359E+002
  0.108786264807929E+000  0.795225604776746E+002  0.681255291652715E+002
  0.108786264807929E+000  0.795168066069709E+002  0.681188621010350E+002
  0.108786264807929E+000  0.795166451812319E+002  0.676368152131121E+002
  0.108786264807929E+000  0.795146726187516E+002  0.681163420744173E+002
  0.108786264807929E+000  0.795138920857607E+002  0.676400739388191E+002
  0.108786264807929E+000  0.795095451893523E+002  0.681101754280206E+002
  0.108786264807929E+000  0.795091683360090E+002  0.676457718801900E+002
  0.108786264807929E+000  0.795084957977831E+002  0.676465945397541E+002
  0.108786264807929E+000  0.795056513172952E+002  0.681053807779763E+002
  0.108786264807929E+000  0.795017359798219E+002  0.681004556444967E+002
  0.108786264807929E+000  0.795014656300740E+002  0.681001115433440E+002
  0.108786264807929E+000  0.794992740264695E+002  0.676581854427187E+002
  0.108786264807929E+000  0.794988529177784E+002  0.680967582261178E+002
  0.108786264807929E+000  0.794980151696248E+002  0.676598155244401E+002
  0.108786264807929E+000  0.794980103120051E+002  0.676598218381417E+002
  0.108786264807929E+000  0.794957647318314E+002  0.676627603903459E+002
  0.108786264807929E+000  0.794955786172210E+002  0.676630057432700E+002
  0.108786264807929E+000  0.794936467370802E+002  0.680899183309768E+002
  0.108786264807929E+000  0.794909865476403E+002  0.676691508036247E+002
  0.108786264807929E+000  0.794906890962703E+002  0.680859325030874E+002
  0.108786264807929E+000  0.794895035668950E+002  0.680843132481655E+002
  0.108786264807929E+000  0.794870804128140E+002  0.676745241566804E+002
  0.108786264807929E+000  0.794868038696373E+002  0.676749099702845E+002
  0.108786264807929E+000  0.794838876094297E+002  0.676790241254865E+002
  0.108786264807929E+000  0.794818799786997E+002  0.680735809641523E+002
  0.108786264807929E+000  0.794815903535170E+002  0.680731616164396E+002
  0.108786264807929E+000  0.794807398317848E+002  0.680719249132048E+002
  0.108786264807929E+000  0.794800630443885E+002  0.680709351727351E+002
  0.108786264807929E+000  0.794798487305936E+002  0.680706206993819E+002
  0.108786264807929E+000  0.794788051291668E+002  0.680690819847269E+002
  0.108786264807929E+000  0.794759897059914E+002  0.676906198615868E+002
  0.108786264807929E+000  0.794739966488037E+002  0.680618261452595E+002
  0.108786264807929E+000  0.794718563775279E+002  0.680585028992353E+002
  0.108786264807929E+000  0.794717828974024E+002  0.676970998885001E+002
  0.108786264807929E+000  0.794688192809123E+002  0.680536794272901E+002
  0.108786264807929E+000  0.794671015652524E+002  0.677045957104959E+002
  0.108786264807929E+000  0.794667740668695E+002  0.677051322883312E+002
  0.108786264807929E+000  0.794642349094432E+002  0.677093504859330E+002
  0.108786264807929E+000  0.794640579767254E+002  0.680458392461680E+002
  0.108786264807929E+000  0.794634497019993E+002  0.680448111308494E+002
  0.108786264807929E+000  0.794626486227610E+002  0.680434474023076E+002
  0.108786264807929E+000  0.794613340492721E+002  0.680411848642878E+002
  0.108786264807929E+000  0.794610283546767E+002  0.677148333837659E+002
  0.108786264807929E+000  0.794609593073516E+002  0.680405341289885E+002
  0.108786264807929E+000  0.794602579355006E+002  0.680393091612550E+002
  0.108786264807929E+000  0.794601856418991E+002  0.677163052382057E+002
  0.108786264807929E+000  0.794592076156475E+002  0.677180304316237E+002
  0.108786264807929E+000  0.794572903146648E+002  0.680340198915416E+002
  0.108786264807929E+000  0.794571479036967E+002  0.680337615597569E+002
  0.108786264807929E+000  0.794568557873973E+002  0.677222572868596E+002
  0.108786264807929E+000  0.794558444446932E+002  0.680313769193531E+002
  0.108786264807929E+000  0.794553065366517E+002  0.677251056348507E+002
  0.108786264807929E+000  0.794546964949268E+002  0.680292456974347E+002
  0.108786264807929E+000  0.794545994611425E+002  0.680290641738765E+002
  0.108786264807929E+000  0.794545335061752E+002  0.677265469421936E+002
  0.108786264807929E+000  0.794542579105620E+002  0.677270641210457E+002
  0.108786264807929E+000  0.794539542422678E+002  0.680278515639690E+002
  0.108786264807929E+000  0.794522998027954E+002  0.680246965315830E+002
  0.108786264807929E+000  0.794521776443438E+002  0.677310267235221E+002
  0.108786264807929E+000  0.794511069296677E+002  0.677331085912963E+002
  0.108786264807929E+000  0.794510031734602E+002  0.680221756812093E+002
  0.108786264807929E+000  0.794502484920895E+002  0.677347996113864E+002
  0.108786264807929E+000  0.794495126360966E+002  0.680192223599508E+002
  0.108786264807929E+000  0.794494012394729E+002  0.677364884469321E+002
  0.108786264807929E+000  0.794484249036820E+002  0.680170276305597E+002
  0.108786264807929E+000  0.794477271541502E+002  0.680156013795268E+002
  0.108786264807929E+000  0.794477048342750E+002  0.680155555124344E+002
  0.108786264807929E+000  0.794472757822360E+002  0.677408167790560E+002
  0.108786264807929E+000  0.794468410696956E+002  0.677417190022582E+002
  0.108786264807929E+000  0.794464258703084E+002  0.680129012580119E+002
  0.108786264807929E+000  0.794463621798686E+002  0.677427198916541E+002
  0.108786264807929E+000  0.794460352473084E+002  0.680120801375381E+002
  0.108786264807929E+000  0.794459066688476E+002  0.677436788527582E+002
  0.108786264807929E+000  0.794450244744586E+002  0.680099317400596E+002
  0.108786264807929E+000  0.794441951812960E+002  0.680081426464788E+002
  0.108786264807929E+000  0.794437959120909E+002  0.680072724618394E+002
  0.108786264807929E+000  0.794437287617171E+002  0.677483620715602E+002
  0.108786264807929E+000  0.794427468245561E+002  0.677505299369898E+002
  0.108786264807929E+000  0.794423666759289E+002  0.677513791934599E+002
  0.108786264807929E+000  0.794423589389807E+002  0.680040910708688E+002
  0.108786264807929E+000  0.794415082236668E+002  0.680021692995182E+002
  0.108786264807929E+000  0.794382896690967E+002  0.677608746398808E+002
  0.108786264807929E+000  0.794382844329131E+002  0.679946002768455E+002
  0.108786264807929E+000  0.794378577100644E+002  0.677619262841437E+002
  0.108786264807929E+000  0.794377156927890E+002  0.677622741304677E+002
  0.108786264807929E+000  0.794374315477785E+002  0.677629732584299E+002
  0.108786264807929E+000  0.794371352698988E+002  0.677637068033470E+002
  0.108786264807929E+000  0.794370845339800E+002  0.677638328925031E+002
  0.108786264807929E+000  0.794367451508516E+002  0.679908076627123E+002
  0.108786264807929E+000  0.794361099020228E+002  0.679892048708085E+002
  0.108786264807929E+000  0.794358158874525E+002  0.679884551898649E+002
  0.108786264807929E+000  0.794345078994581E+002  0.679850566146086E+002
  0.108786264807929E+000  0.794324660761423E+002  0.679795247057876E+002
  0.108786264807929E+000  0.794319774348793E+002  0.679781556460453E+002
  0.108786264807929E+000  0.794316686476054E+002  0.679772807864364E+002
  0.108786264807929E+000  0.794310210749226E+002  0.677800669761260E+002
  0.108786264807929E+000  0.794308250339580E+002  0.677806371305393E+002
  0.108786264807929E+000  0.794307711730414E+002  0.677807943637340E+002
  0.108786264807929E+000  0.794298961705532E+002  0.677833854051175E+002
  0.108786264807929E+000  0.794296873288296E+002  0.677840144106827E+002
  0.108786264807929E+000  0.794283889684059E+002  0.679674638214486E+002
  0.108786264807929E+000  0.794280681496478E+002  0.679664452052152E+002
  0.108786264807929E+000  0.794280640218480E+002  0.679664320230044E+002
  0.108786264807929E+000  0.794266762223650E+002  0.677936045411433E+002
  0.108786264807929E+000  0.794265937218767E+002  0.679616048751686E+002
  0.108786264807929E+000  0.794263739105505E+002  0.677946284821039E+002
  0.108786264807929E+000  0.794260522112207E+002  0.679597554796597E+002
  0.108786264807929E+000  0.794259023840890E+002  0.677962512382240E+002
  0.108786264807929E+000  0.794247485701070E+002  0.679551221330150E+002
  0.108786264807929E+000  0.794232026707838E+002  0.678062479437240E+002
  0.108786264807929E+000  0.794228570783349E+002  0.678076304610842E+002
  0.108786264807929E+000  0.794228056789737E+002  0.679476491919273E+002
  0.108786264807929E+000  0.794221618150979E+002  0.678104978664033E+002
  0.108786264807929E+000  0.794220344247917E+002  0.678110366090245E+002
  0.108786264807929E+000  0.794218920202580E+002  0.679438435625857E+002
  0.108786264807929E+000  0.794215097590586E+002  0.678133029151827E+002
  0.108786264807929E+000  0.794213759395113E+002  0.678138938255958E+002
  0.108786264807929E+000  0.794208978659828E+002  0.678160510784208E+002
  0.108786264807929E+000  0.794208809844123E+002  0.678161286352044E+002
  0.108786264807929E+000  0.794204535593198E+002  0.679373617029733E+002
  0.108786264807929E+000  0.794204309511652E+002  0.679372541931761E+002
  0.108786264807929E+000  0.794200823476233E+002  0.679355711631136E+002
  0.108786264807929E+000  0.794197171260190E+002  0.678217339261807E+002
  0.108786264807929E+000  0.794190194037769E+002  0.678253811392273E+002
  0.108786264807929E+000  0.794190147180133E+002  0.678254064923591E+002
  0.108786264807929E+000  0.794190133828691E+002  0.679300738893970E+002
  0.108786264807929E+000  0.794188966643442E+002  0.679294382631897E+002
  0.108786264807929E+000  0.794188124827414E+002  0.678265126761709E+002
  0.108786264807929E+000  0.794183182800088E+002  0.679261655342335E+002
  0.108786264807929E+000  0.794182547253627E+002  0.679257923255670E+002
  0.108786264807929E+000  0.794180895631429E+002  0.678306789925844E+002
  0.108786264807929E+000  0.794180541937790E+002  0.678308923384396E+002
  0.108786264807929E+000  0.794179538969411E+002  0.679239849322573E+002
  0.108786264807929E+000  0.794179238315283E+002  0.679238003992716E+002
  0.108786264807929E+000  0.794175843716128E+002  0.678338244819800E+002
  0.108786264807929E+000  0.794172167191210E+002  0.678362632939903E+002
  0.108786264807929E+000  0.794169256226186E+002  0.678383010944791E+002
  0.108786264807929E+000  0.794166351953732E+002  0.678404449958389E+002
  0.108786264807929E+000  0.794165704720853E+002  0.679145478190827E+002
  0.108786264807929E+000  0.794163504675097E+002  0.679128137845080E+002
  0.108786264807929E+000  0.794162860030769E+002  0.679122892032172E+002
  0.108786264807929E+000  0.794162112265566E+002  0.678438170607208E+002
  0.108786264807929E+000  0.794160913402185E+002  0.679106544197261E+002
  0.108786264807929E+000  0.794158925759770E+002  0.678465908069784E+002
  0.108786264807929E+000  0.794155227487108E+002  0.679053300883738E+002
  0.108786264807929E+000  0.794153630257471E+002  0.678518493941888E+002
  0.108786264807929E+000  0.794152313178945E+002  0.678533325705315E+002
  0.108786264807929E+000  0.794150962958089E+002  0.679005345625870E+002
  0.108786264807929E+000  0.794149638108304E+002  0.678566638064726E+002
  0.108786264807929E+000  0.794149014490734E+002  0.678979685050242E+002
  0.108786264807929E+000  0.794148553896769E+002  0.678581747977048E+002
  0.108786264807929E+000  0.794147630971139E+002  0.678959279323240E+002
  0.108786264807929E+000  0.794147004730251E+002  0.678605628219035E+002
  0.108786264807929E+000  0.794146952532292E+002  0.678606490929568E+002
  0.108786264807929E+000  0.794145838552548E+002  0.678928805968363E+002
  0.108786264807929E+000  0.794145422811044E+002  0.678920815463003E+002
  0.108786264807929E+000  0.794145307437213E+002  0.678636358290495E+002
  0.108786264807929E+000  0.794145067431907E+002  0.678913613927322E+002
  0.108786264807929E+000  0.794144783723223E+002  0.678907579003220E+002
  0.108786264807929E+000  0.794144159113451E+002  0.678661687131284E+002
  0.108786264807929E+000  0.794143165699252E+002  0.678689286985137E+002
  0.108786264807929E+000  0.794143116594923E+002  0.678690879194203E+002
  0.108786264807929E+000  0.794142980900024E+002  0.678695439711497E+002
  0.108786264807929E+000  0.794660613705393E+002  0.678717238990959E+002
  0.108786264807929E+000  0.794660531649670E+002  0.678833643752380E+002
  0.108786264807929E+000  0.794660394945314E+002  0.678826270976062E+002
  0.108786264807929E+000  0.794660315333925E+002  0.678733464647295E+002
  0.108786264807929E+000  0.794660017770746E+002  0.678793185165793E+002
  0.108786264807929E+000  0.794660013870606E+002  0.678762408809324E+002
