  0.678106676379878E+002 -0.408202270568406E+002
  0.678096124006629E+002 -0.408203529851365E+002
  0.678077551861247E+002 -0.408205793926773E+002
  0.678086157660996E+002 -0.408204737249074E+002
  0.678087696182687E+002 -0.408204549716605E+002
  0.678125464093114E+002 -0.408200077161817E+002
  0.678079883432311E+002 -0.408205506349708E+002
  0.678098520063024E+002 -0.408203242189559E+002
  0.678144353809639E+002 -0.408197934663908E+002
  0.678125459607594E+002 -0.408200077678051E+002
  0.678086165535220E+002 -0.408204736288211E+002
  0.678066604492720E+002 -0.408207157010879E+002
  0.678097350043874E+002 -0.408203382531187E+002
  0.678075996588581E+002 -0.408205986288382E+002
  0.678089290218433E+002 -0.408204355858180E+002
  0.678077170821028E+002 -0.408205841015681E+002
  0.678115066522099E+002 -0.408201283345926E+002
  0.678111657882568E+002 -0.408201682923336E+002
  0.678150598006821E+002 -0.408197240290269E+002
  0.678159117807873E+002 -0.408196303964700E+002
  0.678087457129937E+002 -0.408204578827647E+002
