  0.346199344762842E-057  0.343205309929332E+003  0.799694511341376E+002
  0.145931074718247E-056  0.340321244824794E+003  0.799017020176923E+002
  0.175620562509661E-056  0.339944206537304E+003  0.798928168358554E+002
  0.624931453462838E-055  0.332793748378446E+003  0.797230494088773E+002
  0.141924443346743E-054  0.331146616897028E+003  0.796835969866880E+002
  0.202825033020811E-054  0.330425863568440E+003  0.796662918304527E+002
  0.962618945038104E-054  0.327304580114852E+003  0.795910552909247E+002
  0.135171151746820E-053  0.326618986091877E+003  0.795744646624914E+002
  0.151308176762956E-053  0.326386776718645E+003  0.795688401111673E+002
  0.256414351303924E-053  0.325325169072273E+003  0.795430914208021E+002
  0.100929398754719E-052  0.322578090197347E+003  0.794761972489222E+002
  0.239695337234463E-052  0.320841539740032E+003  0.794337107131674E+002
  0.110331354006559E-051  0.317781475057289E+003  0.793584603709481E+002
  0.121317497396778E-051  0.317584973662184E+003  0.793536113261102E+002
  0.164428950364995E-051  0.316970183062520E+003  0.793384269504531E+002
  0.881754219625982E-051  0.313604657901558E+003  0.792549445730196E+002
  0.484679464725771E-050  0.310189683294668E+003  0.791696047452806E+002
  0.116913559455533E-048  0.303816793185114E+003  0.790085972579455E+002
  0.137985278249087E-048  0.303478713312049E+003  0.789999907570739E+002
  0.208792643550442E-048  0.302643668485388E+003  0.789787044229434E+002
  0.321432580174856E-048  0.301774120516462E+003  0.789564950921780E+002
  0.924864033358839E-048  0.299653747100228E+003  0.789021505606173E+002
  0.942681347783086E-048  0.299608928367023E+003  0.789009989786278E+002
  0.149736325357496E-047  0.298676807392661E+003  0.788770215370894E+002
  0.194519805993543E-047  0.298146835668823E+003  0.788633654573402E+002
  0.256458180569689E-047  0.297587316839780E+003  0.788489295747518E+002
  0.272262374727742E-047  0.297461060056151E+003  0.788456694552804E+002
  0.700167855055454E-045  0.286354956334173E+003  0.785550007343842E+002
  0.137519430428817E-044  0.284998240327802E+003  0.785189486057115E+002
  0.296502365507109E-044  0.283455004793267E+003  0.784777910162242E+002
  0.626689629241018E-044  0.281951556788316E+003  0.784375402839531E+002
  0.129028543977208E-043  0.280500566537871E+003  0.783985479400843E+002
  0.153674897652966E-043  0.280144299626145E+003  0.783889518903188E+002
  0.364587264402230E-043  0.278409790816941E+003  0.783421071823301E+002
  0.265947070953681E-042  0.274428902298169E+003  0.782337922010171E+002
  0.274875650846834E-042  0.274356203699865E+003  0.782318036282072E+002
  0.298146032401790E-042  0.274187018936826E+003  0.782271743262759E+002
  0.450139498395352E-042  0.273356415110504E+003  0.782044169046744E+002
  0.139610011992698E-041  0.271085998592846E+003  0.781419531037758E+002
  0.244183813845448E-041  0.269961206272243E+003  0.781108665317390E+002
  0.256326014339562E-041  0.269857492990702E+003  0.781079953878673E+002
  0.293293198386647E-041  0.269581392094571E+003  0.781003480251824E+002
  0.108526257384401E-040  0.266957927605430E+003  0.780273965847251E+002
  0.260339203073985E-040  0.265201285503862E+003  0.779782546128271E+002
  0.363546593873770E-040  0.264526785799590E+003  0.779593218725531E+002
  0.276156387505714E-039  0.260464840320085E+003  0.778445454621192E+002
  0.967740389487865E-039  0.257950191675933E+003  0.777728230699124E+002
  0.171710261657874E-038  0.256796676564696E+003  0.777397481898906E+002
  0.106120651771040E-037  0.253147314518682E+003  0.776343711331316E+002
  0.124828454912537E-037  0.252815931412552E+003  0.776247458667757E+002
  0.266770269759462E-037  0.251290380950180E+003  0.775803119705434E+002
  0.513840720005714E-036  0.245367504265952E+003  0.774058357170328E+002
  0.659947852998992E-036  0.244860353711532E+003  0.773907473304511E+002
  0.111965725042775E-035  0.243796463991830E+003  0.773590172133743E+002
  0.210734746633230E-035  0.242524993572414E+003  0.773209562304395E+002
  0.293044798222695E-035  0.241858887442995E+003  0.773009552322379E+002
  0.860970600985852E-035  0.239696762130088E+003  0.772357390762512E+002
  0.111874316084876E-034  0.239166304954474E+003  0.772196693533215E+002
  0.452030644784376E-034  0.236366901549567E+003  0.771344018704095E+002
  0.506823675885291E-034  0.236131419593275E+003  0.771271934455203E+002
  0.994742147703149E-034  0.234776123229582E+003  0.770855962663966E+002
  0.118977731084258E-033  0.234411391890774E+003  0.770743696884427E+002
  0.613978481792465E-033  0.231122689231112E+003  0.769725162888679E+002
  0.775168219421494E-033  0.230649793287875E+003  0.769577764188421E+002
  0.156334659897114E-032  0.229240129717488E+003  0.769136954257276E+002
  0.256823797802443E-032  0.228240691591568E+003  0.768823116854543E+002
  0.331549990079777E-032  0.227723259291779E+003  0.768660205432875E+002
  0.342767395840882E-032  0.227650056765613E+003  0.768637134072290E+002
  0.587733327285967E-032  0.226564958687194E+003  0.768294444581604E+002
  0.110039112193000E-031  0.225304007825053E+003  0.767894562864479E+002
  0.193767064265487E-031  0.224165710504871E+003  0.767532030617327E+002
  0.230964566763116E-031  0.223807839784411E+003  0.767417747293993E+002
  0.365511113786281E-031  0.222883119448860E+003  0.767121760264385E+002
  0.281847496273884E-030  0.218791154791690E+003  0.765799909764470E+002
  0.143071864280544E-029  0.215535367185237E+003  0.764733654238445E+002
  0.196292224780731E-029  0.214896196724659E+003  0.764522771851845E+002
  0.338085552152499E-029  0.213802152175084E+003  0.764160603503119E+002
  0.393204778039985E-029  0.213493433467809E+003  0.764058128197557E+002
  0.150165575465473E-028  0.210806791737884E+003  0.763161077395542E+002
  0.125428250713484E-027  0.206554975239972E+003  0.761721602050254E+002
  0.200968147972190E-027  0.205605494579628E+003  0.761396724664499E+002
  0.158829509386528E-026  0.201464298951018E+003  0.759964560891821E+002
  0.519102590063544E-026  0.199089103023977E+003  0.759131620968276E+002
  0.839013563554177E-026  0.198122196763147E+003  0.758790060403766E+002
  0.104530376414750E-025  0.197675869317195E+003  0.758631901967673E+002
  0.133325663728745E-025  0.197182579692627E+003  0.758456737021524E+002
  0.140810220172451E-025  0.197066687526860E+003  0.758415528339398E+002
  0.504107312210019E-025  0.194509279668841E+003  0.600054195174288E+002
  0.765105343182216E-025  0.193668175365868E+003  0.600357411022490E+002
  0.931436494296889E-025  0.193268090817435E+003  0.600502052658409E+002
  0.104831029010494E-024  0.193025021462396E+003  0.600590059622368E+002
  0.119531568633615E-024  0.192755904476728E+003  0.600687613223825E+002
  0.123874702607051E-024  0.192677868731049E+003  0.756838952476478E+002
  0.153163847718207E-024  0.192246737837644E+003  0.756682358220513E+002
  0.194786217789970E-024  0.191759293478191E+003  0.756504929946154E+002
  0.405038840943312E-024  0.190288477242144E+003  0.755967085393217E+002
  0.566401985793628E-024  0.189611179497372E+003  0.601836727583571E+002
  0.852022562279676E-024  0.188787905997861E+003  0.755414470249551E+002
  0.138026457194815E-023  0.187816415476574E+003  0.602500311506644E+002
  0.148264746636606E-023  0.187666651658875E+003  0.602555945318659E+002
  0.177988389324691E-023  0.187294558448069E+003  0.754860530600624E+002
  0.235702460720586E-023  0.186726199007305E+003  0.754648641839211E+002
  0.601200575586443E-023  0.184846826696453E+003  0.753943744560808E+002
  0.877647314148802E-023  0.184083538705573E+003  0.603899313203926E+002
  0.100415398225224E-022  0.183807571452093E+003  0.604003778846683E+002
  0.103679906877413E-022  0.183736930331597E+003  0.604030543061638E+002
  0.146535382169301E-022  0.183038357588651E+003  0.604295733218435E+002
  0.199509808677820E-022  0.182414509037234E+003  0.753021518629035E+002
  0.231371992191052E-022  0.182111526717712E+003  0.752905837702769E+002
  0.397797674237960E-022  0.181021037640033E+003  0.605066897904770E+002
  0.751993918884976E-022  0.179740812624875E+003  0.605560504695884E+002
  0.795694992643834E-022  0.179621181644658E+003  0.751948076043861E+002
  0.142637578322854E-021  0.178447173761442E+003  0.606062686862871E+002
  0.147961268642929E-021  0.178367231090674E+003  0.751461042162637E+002
  0.148740810048011E-021  0.178350066070147E+003  0.751454352631324E+002
  0.162075190669495E-021  0.178171700277640E+003  0.606170072429745E+002
  0.263130118450617E-021  0.177195868118848E+003  0.606551757602729E+002
  0.372816301461378E-021  0.176492338234342E+003  0.606828191079890E+002
  0.555740258873543E-021  0.175687252222464E+003  0.607145837229683E+002
  0.129975606092203E-020  0.173981334931080E+003  0.607823604568249E+002
  0.131377445590141E-020  0.173953224036976E+003  0.749720048718512E+002
  0.153788412630476E-020  0.173631561918057E+003  0.607963372076127E+002
  0.214896130107726E-020  0.172955752174107E+003  0.749320669467979E+002
  0.229309052372451E-020  0.172819264850391E+003  0.749265845104965E+002
  0.292001284992516E-020  0.172329234199124E+003  0.608486219331890E+002
  0.337369548063377E-020  0.172033737202102E+003  0.608605395152494E+002
  0.396695382052256E-020  0.171703102071498E+003  0.608738982796929E+002
  0.798995081492485E-020  0.170296074284567E+003  0.609310341716546E+002
  0.831767809663242E-020  0.170209021630321E+003  0.748209030002776E+002
  0.139227498836866E-019  0.169172083963034E+003  0.609770165048105E+002
  0.149416476438639E-019  0.169024171836503E+003  0.747723971992825E+002
  0.188141303202166E-019  0.168556604771098E+003  0.610023260006588E+002
  0.214625086589960E-019  0.168286550332158E+003  0.747420270780365E+002
  0.274551744856915E-019  0.167787400699226E+003  0.747213991107449E+002
  0.284965878617567E-019  0.167706285719214E+003  0.610374465486425E+002
  0.641180608284164E-019  0.166077746682078E+003  0.746502694487974E+002
  0.995950885553929E-019  0.165190317567396E+003  0.746130520694770E+002
  0.114552772218099E-018  0.164903816471473E+003  0.746009926719091E+002
  0.126592303292020E-018  0.164697288685628E+003  0.611632015328727E+002
  0.130651113688744E-018  0.164627515497912E+003  0.745893420928011E+002
  0.174921806791417E-018  0.164037242838547E+003  0.745643844953384E+002
  0.320770543330004E-018  0.162817813271355E+003  0.612429596927166E+002
  0.389874756571146E-018  0.162420958688545E+003  0.744955639256570E+002
  0.398767141013619E-018  0.162369198929376E+003  0.744933481905921E+002
  0.410573369648579E-018  0.162304189338641E+003  0.612649234039571E+002
  0.552750151148985E-018  0.161702830862718E+003  0.612907319091315E+002
  0.106483452465407E-017  0.160384838088586E+003  0.744078346443933E+002
  0.106168248715076E-017  0.160384111527156E+003  0.613476844789798E+002
  0.108428270536372E-017  0.160335328415928E+003  0.744056867639960E+002
  0.126241134089676E-017  0.160024462861047E+003  0.743921842863518E+002
  0.126675115056453E-017  0.160010943642892E+003  0.613638911654013E+002
  0.139228159859931E-017  0.159815311331421E+003  0.743830839969301E+002
  0.154565229362511E-017  0.159599651394288E+003  0.613818004346480E+002
  0.189806222989188E-017  0.159182220876169E+003  0.743554599914947E+002
  0.243260391315480E-017  0.158679307763796E+003  0.743334318460439E+002
  0.256948473749757E-017  0.158563165914153E+003  0.743283340137740E+002
  0.294137041920212E-017  0.158286169905635E+003  0.614393281161936E+002
  0.561440892261386E-017  0.156986592898737E+003  0.742587303838050E+002
  0.684043357072342E-017  0.156584907714401E+003  0.615146128005206E+002
  0.908939079534517E-017  0.156009738595073E+003  0.615402676165420E+002
  0.132555404320897E-016  0.155248467566643E+003  0.741811037382825E+002
  0.155928245409677E-016  0.154917021521929E+003  0.741661921959944E+002
  0.167129610496969E-016  0.154771618569646E+003  0.741596394416245E+002
  0.175082606116335E-016  0.154671986438778E+003  0.741551454536482E+002
  0.182380683874421E-016  0.154583654309151E+003  0.616043291389598E+002
  0.229305578615476E-016  0.154119080036483E+003  0.616253401463368E+002
  0.253543574665532E-016  0.153911464092360E+003  0.616347527235149E+002
  0.330641213751276E-016  0.153373812230814E+003  0.616591941889687E+002
  0.346452939290419E-016  0.153273730348727E+003  0.616637544894964E+002
  0.350348719451112E-016  0.153244710753159E+003  0.616650774135643E+002
  0.490985730089615E-016  0.152563083043645E+003  0.616962323839362E+002
  0.697169548487045E-016  0.151855200320650E+003  0.617287544723926E+002
  0.863882662237671E-016  0.151419728108138E+003  0.617488470046633E+002
  0.895371886405619E-016  0.151341468136907E+003  0.617524648784169E+002
  0.904687020934057E-016  0.151314112750412E+003  0.617537299924392E+002
  0.229131190788156E-015  0.149448875635455E+003  0.739148700586833E+002
  0.245955618426297E-015  0.149300507291872E+003  0.739079049255716E+002
  0.272462296604839E-015  0.149089153438301E+003  0.738979690297901E+002
  0.304907572247872E-015  0.148857480967269E+003  0.738870590682267E+002
  0.367049491705120E-015  0.148479849377335E+003  0.738692329909092E+002
  0.368696623459948E-015  0.148464238890164E+003  0.738684949570984E+002
  0.477100899420429E-015  0.147942075609049E+003  0.738437554785278E+002
  0.615304574367345E-015  0.147426641248093E+003  0.738192337802444E+002
  0.664206861418490E-015  0.147267033165605E+003  0.738116199059621E+002
  0.777023976865590E-015  0.146946622447601E+003  0.619591820029157E+002
  0.810734178783483E-015  0.146855028822313E+003  0.619635670858261E+002
  0.869858382083718E-015  0.146707592865159E+003  0.737848551272851E+002
  0.886167946891673E-015  0.146663785145437E+003  0.737827541538366E+002
  0.105553058223759E-014  0.146307344861077E+003  0.619898558312030E+002
  0.118523573624892E-014  0.146068893028316E+003  0.737541493776696E+002
  0.127137178441890E-014  0.145921927899332E+003  0.620084263717729E+002
  0.126967329068584E-014  0.145917946012742E+003  0.620086185376312E+002
  0.135119811455937E-014  0.145786826282195E+003  0.737405377132372E+002
  0.293956992165866E-014  0.144225627513266E+003  0.736646201261797E+002
  0.331076956963373E-014  0.143981137182592E+003  0.736526407261301E+002
  0.577360049159747E-014  0.142862251148052E+003  0.621579895638954E+002
  0.594534664177869E-014  0.142796969670582E+003  0.735942643181102E+002
  0.638259536884382E-014  0.142648382139002E+003  0.621685904205650E+002
  0.654695428173587E-014  0.142590876290642E+003  0.735840434324251E+002
  0.763224847423960E-014  0.142277455622127E+003  0.621870229803072E+002
  0.828930246839891E-014  0.142105633374408E+003  0.621955816576448E+002
  0.119086432827291E-013  0.141374380517283E+003  0.622321513723832E+002
  0.134948007337205E-013  0.141117644901744E+003  0.735104406604600E+002
  0.163440015956743E-013  0.140727876372121E+003  0.734908063428865E+002
  0.192647923311956E-013  0.140392384305367E+003  0.622816366103997E+002
  0.271132528277861E-013  0.139702241836876E+003  0.734388095195238E+002
  0.348378061755614E-013  0.139194225178962E+003  0.623426140098754E+002
  0.374355008839895E-013  0.139043737010288E+003  0.623503202903015E+002
  0.500397273259756E-013  0.138456685908560E+003  0.733750020159283E+002
  0.555949593326592E-013  0.138239479725976E+003  0.733637989565918E+002
  0.647009409516643E-013  0.137929457731708E+003  0.733477688972892E+002
  0.652515175707045E-013  0.137905855033488E+003  0.624089410413707E+002
  0.756450354443083E-013  0.137603594435229E+003  0.624246186587100E+002
  0.912060263129556E-013  0.137222800534779E+003  0.733110535818642E+002
  0.121440235419126E-012  0.136643542395956E+003  0.732807713796258E+002
  0.132478259396285E-012  0.136462894216317E+003  0.732712927544425E+002
  0.185526130943496E-012  0.135782684260510E+003  0.625200359740032E+002
  0.189815604423342E-012  0.135730313964053E+003  0.732326822314275E+002
  0.290515335185254E-012  0.134872451851967E+003  0.625683757616376E+002
  0.352737549194353E-012  0.134477660412030E+003  0.731660082388844E+002
  0.366377104267091E-012  0.134395127134275E+003  0.731615857637883E+002
  0.382501381281330E-012  0.134302333310170E+003  0.625988785464999E+002
  0.383332771137610E-012  0.134291335326710E+003  0.625994686994662E+002
  0.397680022658450E-012  0.134211191241179E+003  0.626037712336512E+002
  0.471570203006159E-012  0.133863695130724E+003  0.626224673058614E+002
  0.482912846226147E-012  0.133809503128785E+003  0.626253889559089E+002
  0.615921143595292E-012  0.133316282054759E+003  0.626520550403944E+002
  0.910889677361542E-012  0.132527020779293E+003  0.626950120253524E+002
  0.107480227776864E-011  0.132189424785803E+003  0.730419921983127E+002
  0.151548433111640E-011  0.131495572482875E+003  0.627516930788854E+002
  0.173752744822345E-011  0.131215460867702E+003  0.729882930473869E+002
  0.195750098425932E-011  0.130970394175864E+003  0.729746922984499E+002
  0.202501675043757E-011  0.130895919954382E+003  0.627849356875537E+002
  0.241897617463155E-011  0.130533731554256E+003  0.628051196539252E+002
  0.262422547430556E-011  0.130364193148506E+003  0.729408923029855E+002
  0.263627368316509E-011  0.130348376285662E+003  0.729400073800124E+002
  0.355772236113153E-011  0.129742212470503E+003  0.628495112754665E+002
  0.360843766303868E-011  0.129707248201453E+003  0.628514812563672E+002
  0.363628997796792E-011  0.129685214567858E+003  0.628527230872002E+002
  0.459943658803073E-011  0.129208619207514E+003  0.728758277598736E+002
  0.574881308931159E-011  0.128755844429087E+003  0.629053854551051E+002
  0.660273671216944E-011  0.128472207244512E+003  0.728339185241825E+002
  0.791854043702088E-011  0.128102106296043E+003  0.728127216840774E+002
  0.858423703709537E-011  0.127934009279485E+003  0.629524234921723E+002
  0.873933370126479E-011  0.127891541034433E+003  0.629548663904488E+002
  0.887670580015291E-011  0.127853692317209E+003  0.727984430260489E+002
  0.930506130671313E-011  0.127752780819178E+003  0.629628567509202E+002
  0.934669509227687E-011  0.127737196566793E+003  0.629637549651884E+002
  0.103532727556955E-010  0.127525981260092E+003  0.727795428014948E+002
  0.115549755947364E-010  0.127299698772665E+003  0.629890379427121E+002
  0.120966913708242E-010  0.127201411506170E+003  0.629947359677173E+002
  0.196162804473051E-010  0.126227900162518E+003  0.630515368044696E+002
  0.208829007544928E-010  0.126096102938588E+003  0.630592781526094E+002
  0.236237304666415E-010  0.125842805245032E+003  0.726812965287933E+002
  0.252665200372340E-010  0.125701692733620E+003  0.726729684000095E+002
  0.259897941205249E-010  0.125638589700542E+003  0.630862480845669E+002
  0.319855126299288E-010  0.125216775834681E+003  0.631112487791151E+002
  0.447132751995305E-010  0.124540145510723E+003  0.631516285297922E+002
  0.446910568256016E-010  0.124534483993080E+003  0.631519678517608E+002
  0.471141941713556E-010  0.124422226597927E+003  0.725967865927672E+002
  0.540753347293478E-010  0.124139963330055E+003  0.725798139299245E+002
  0.568781210446941E-010  0.124032242571145E+003  0.631821671672037E+002
  0.631988090221631E-010  0.123814837580734E+003  0.725601876762650E+002
  0.630767395993164E-010  0.123812048765325E+003  0.631954686347835E+002
  0.864600489193318E-010  0.123174732443057E+003  0.725213052387595E+002
  0.935067185488421E-010  0.123011375173256E+003  0.632441575741675E+002
  0.102309716898222E-009  0.122824776867193E+003  0.724999093048254E+002
  0.108796812066656E-009  0.122695166526317E+003  0.724919598816922E+002
  0.120124329959841E-009  0.122490420433566E+003  0.632761134508560E+002
  0.152858829077361E-009  0.122001789812841E+003  0.633062895506921E+002
  0.172663320651303E-009  0.121751476702157E+003  0.633218254230276E+002
  0.199452693719018E-009  0.121456354103852E+003  0.724152768502250E+002
  0.224017827421133E-009  0.121217401420880E+003  0.633551516158117E+002
  0.270988381977713E-009  0.120830045213414E+003  0.633794770418708E+002
  0.298572411041340E-009  0.120629516558354E+003  0.723633658262169E+002
  0.364820854583616E-009  0.120222073103631E+003  0.723375632306029E+002
  0.367354062479045E-009  0.120201578109150E+003  0.634192262298493E+002
  0.422313756514888E-009  0.119916077717476E+003  0.634374010510041E+002
  0.426970255775038E-009  0.119887490506155E+003  0.723162626095206E+002
  0.427021193780167E-009  0.119880596338077E+003  0.723158226292920E+002
  0.511162941780697E-009  0.119514231234514E+003  0.722923784236888E+002
  0.566046533853492E-009  0.119303599889766E+003  0.722788432963727E+002
  0.573490057309704E-009  0.119270815690691E+003  0.634787547631050E+002
  0.647331075670319E-009  0.119021925564538E+003  0.634948099689104E+002
  0.693600394868596E-009  0.118877193739896E+003  0.722513142925453E+002
  0.760767558606436E-009  0.118685674410923E+003  0.635165944555692E+002
  0.770885668065129E-009  0.118652594424824E+003  0.635187434693800E+002
  0.816893590700974E-009  0.118530001304004E+003  0.722287707228070E+002
  0.817624484824281E-009  0.118521557076307E+003  0.722282209750897E+002
  0.839676768443736E-009  0.118461673791886E+003  0.635311672317738E+002
  0.992053494406194E-009  0.118121498185036E+003  0.722020957026062E+002
  0.112889002764142E-008  0.117856416363071E+003  0.635707899834978E+002
  0.122643360559145E-008  0.117684009629949E+003  0.635821433492545E+002
  0.122298778275201E-008  0.117682981215638E+003  0.721732764453829E+002
  0.131323676873703E-008  0.117533929558425E+003  0.635920509411461E+002
  0.184974150235447E-008  0.116842171987691E+003  0.721174707449378E+002
  0.197934420968494E-008  0.116700077044016E+003  0.636475206261362E+002
  0.205795722149762E-008  0.116615524927558E+003  0.721023017206276E+002
  0.222267342252317E-008  0.116454875617389E+003  0.720915167207478E+002
  0.244789321305689E-008  0.116255185985528E+003  0.720780721912692E+002
  0.257973097821667E-008  0.116143615645529E+003  0.636849458996600E+002
  0.214267854141108E-007  0.111974531209425E+003  0.720236660580180E+002
  0.289457344225095E-007  0.111372969097388E+003  0.719823616957130E+002
  0.318044427200626E-007  0.111184602821465E+003  0.719693423979821E+002
  0.520960791647613E-007  0.110197635417931E+003  0.719004375166863E+002
  0.544388477369938E-007  0.110109658774243E+003  0.718942380685115E+002
  0.871676326860685E-007  0.109168148643445E+003  0.718272834290654E+002
  0.876420467147156E-007  0.109157293061649E+003  0.718265048239171E+002
  0.941318464243431E-007  0.108969476244071E+003  0.718130094718272E+002
  0.160213383095631E-006  0.107905855944037E+003  0.717356937610268E+002
  0.163580783455020E-006  0.107864255172721E+003  0.717326382444723E+002
  0.171464108033990E-006  0.107723060167147E+003  0.717222495668740E+002
  0.172067466037991E-006  0.107716034802727E+003  0.717217319297551E+002
  0.193886829711793E-006  0.107477258817660E+003  0.717040969979962E+002
  0.219631751854848E-006  0.107227903513980E+003  0.716855935468681E+002
  0.220176845924139E-006  0.107222945954249E+003  0.716852247586687E+002
  0.229977533630337E-006  0.107135844842784E+003  0.716787395521632E+002
  0.309880099371220E-006  0.106539437198472E+003  0.716340325801862E+002
  0.310084141589759E-006  0.106538120721086E+003  0.716339333079050E+002
  0.369558129532279E-006  0.106187191996447E+003  0.716073764161681E+002
  0.392771262599777E-006  0.106065353264519E+003  0.715981118115605E+002
  0.513013841081271E-006  0.105531202440408E+003  0.715572197345433E+002
  0.621438181828493E-006  0.105147735211514E+003  0.715275807841729E+002
  0.880965577950584E-006  0.104449770984138E+003  0.714730066798484E+002
  0.118890611176119E-005  0.103850230232278E+003  0.714254581304505E+002
  0.143545782753758E-005  0.103473329849572E+003  0.713952377842347E+002
  0.158840967639479E-005  0.103270830909049E+003  0.713788934440835E+002
  0.179590632818338E-005  0.103025277907948E+003  0.713589711300125E+002
  0.184028827158297E-005  0.102976453076012E+003  0.713549962482374E+002
  0.206651773002108E-005  0.102744567664054E+003  0.713360558353425E+002
  0.230612536505669E-005  0.102525159963199E+003  0.713180385937942E+002
  0.244877187707674E-005  0.102405124284960E+003  0.713081415004232E+002
  0.266116938240246E-005  0.102238766246119E+003  0.712943776707385E+002
  0.304337015652160E-005  0.101970366522409E+003  0.712720536405177E+002
  0.332343163639448E-005  0.101794301784337E+003  0.712573294400360E+002
  0.387815468844919E-005  0.101485578643902E+003  0.712313550295890E+002
  0.395901601119567E-005  0.101444306508651E+003  0.712278673390498E+002
  0.474350814477117E-005  0.101082743579613E+003  0.711971568974163E+002
  0.628622849899449E-005  0.100519574957038E+003  0.711487482051968E+002
  0.645073564493570E-005  0.100467909177823E+003  0.711442712062004E+002
  0.735278237985737E-005  0.100206139940041E+003  0.711214931328624E+002
  0.918207652156713E-005  0.997617907740694E+002  0.710824570696783E+002
  0.107785096699240E-004  0.994411889206275E+002  0.710539942723539E+002
  0.120530249036393E-004  0.992176662178246E+002  0.710339982352634E+002
  0.121861723400161E-004  0.991956937450157E+002  0.710320257648937E+002
  0.131766228003909E-004  0.990394090142931E+002  0.710179603274542E+002
  0.157331295977059E-004  0.986847602243057E+002  0.709858062615095E+002
  0.180293375541174E-004  0.984122969429346E+002  0.709608757396068E+002
  0.201216617274856E-004  0.981927036680873E+002  0.709406351732382E+002
  0.201683762647515E-004  0.981880658409193E+002  0.709402062483876E+002
  0.237991988724541E-004  0.978569936948088E+002  0.709094305875390E+002
  0.353839436286361E-004  0.970637812385215E+002  0.708343925920079E+002
  0.506658546080928E-004  0.963457931242323E+002  0.707647896544846E+002
