  0.504714112479342E-001  0.825036762116569E+002  0.693559075841710E+002
  0.504714112479342E-001  0.826475726677412E+002  0.663722587952120E+002
  0.504714112479342E-001  0.826688852259378E+002  0.693872333263234E+002
  0.504714112479342E-001  0.857853901696891E+002  0.658667614104105E+002
  0.504714112479342E-001  0.826702319558846E+002  0.663680015952922E+002
  0.504714112479342E-001  0.851054897821359E+002  0.659649216826178E+002
  0.504714112479342E-001  0.826889077568188E+002  0.693909857962998E+002
  0.504714112479342E-001  0.848746016731600E+002  0.697560651244279E+002
  0.504714112479342E-001  0.830247256655557E+002  0.663028973801960E+002
  0.504714112479342E-001  0.830409053250369E+002  0.662999900235788E+002
  0.504714112479342E-001  0.845550254913602E+002  0.660482488066441E+002
  0.504714112479342E-001  0.830809604407080E+002  0.694626722269139E+002
  0.504714112479342E-001  0.832502504019806E+002  0.662628443000020E+002
  0.504714112479342E-001  0.843228294995535E+002  0.660845584962623E+002
  0.504714112479342E-001  0.842107209348513E+002  0.696531323111135E+002
  0.504714112479342E-001  0.840827100878693E+002  0.696325903940873E+002
  0.504714112479342E-001  0.839579236114688E+002  0.661431558542736E+002
  0.504714112479342E-001  0.836002966528837E+002  0.695529156329924E+002
  0.504714112479342E-001  0.836109160039450E+002  0.695547102586814E+002
  0.504714112479342E-001  0.836567297518809E+002  0.661930569329334E+002
  0.504714112479342E-001  0.823450782559116E+002  0.664302898839776E+002
  0.504714112479342E-001  0.822770680429261E+002  0.664436603859193E+002
  0.504714112479342E-001  0.821586073716664E+002  0.692882357756950E+002
  0.504714112479342E-001  0.821488863486174E+002  0.664692053171207E+002
  0.504714112479342E-001  0.821022715624113E+002  0.664786106725606E+002
  0.504714112479342E-001  0.820586162537230E+002  0.664874765973371E+002
  0.504714112479342E-001  0.820541959129900E+002  0.692671101325896E+002
  0.504714112479342E-001  0.820325605347373E+002  0.692626923272731E+002
  0.504714112479342E-001  0.820109887286251E+002  0.692582734279700E+002
  0.504714112479342E-001  0.819892216279426E+002  0.665016874682101E+002
  0.504714112479342E-001  0.819388223115131E+002  0.665121011114679E+002
  0.504714112479342E-001  0.818549350366171E+002  0.692258751220906E+002
  0.504714112479342E-001  0.818313653912801E+002  0.692209139015212E+002
  0.504714112479342E-001  0.818020850019091E+002  0.665407626336424E+002
  0.504714112479342E-001  0.817897514319539E+002  0.665433781434423E+002
  0.504714112479342E-001  0.817845970233814E+002  0.665444727296695E+002
  0.504714112479342E-001  0.817254890672519E+002  0.691983979076328E+002
  0.504714112479342E-001  0.817232134599012E+002  0.665575778538319E+002
  0.504714112479342E-001  0.817021008035483E+002  0.691933721229800E+002
  0.504714112479342E-001  0.816971022505614E+002  0.691922955173373E+002
  0.504714112479342E-001  0.816471762239803E+002  0.665739941160764E+002
  0.504714112479342E-001  0.816396465566415E+002  0.691798565920452E+002
  0.504714112479342E-001  0.816304182197018E+002  0.691778476017901E+002
  0.504714112479342E-001  0.816000701215391E+002  0.691712188791396E+002
  0.504714112479342E-001  0.815963582845123E+002  0.691704057955636E+002
  0.504714112479342E-001  0.815538665464037E+002  0.665944263957391E+002
  0.504714112479342E-001  0.814879500528926E+002  0.691464289722903E+002
  0.504714112479342E-001  0.814427362026966E+002  0.666191936329444E+002
  0.504714112479342E-001  0.814011545893119E+002  0.691269005845220E+002
  0.504714112479342E-001  0.813887311035129E+002  0.666314072558135E+002
  0.504714112479342E-001  0.813395464802785E+002  0.691128518301319E+002
  0.504714112479342E-001  0.813093263911906E+002  0.691059018711832E+002
  0.504714112479342E-001  0.812955619523131E+002  0.691027232817143E+002
  0.504714112479342E-001  0.812046068129487E+002  0.690815082667975E+002
  0.504714112479342E-001  0.811246464999407E+002  0.690625440328052E+002
  0.504714112479342E-001  0.810663556662593E+002  0.690485255870525E+002
  0.504714112479342E-001  0.809944144081755E+002  0.667244981855277E+002
  0.504714112479342E-001  0.809830549420056E+002  0.690281960411355E+002
  0.504714112479342E-001  0.809310538897188E+002  0.667401665999173E+002
  0.504714112479342E-001  0.809305705190310E+002  0.667402869621509E+002
  0.504714112479342E-001  0.809272399061429E+002  0.690143709565911E+002
  0.504714112479342E-001  0.808996653956073E+002  0.667480091454387E+002
  0.504714112479342E-001  0.808977250158524E+002  0.690069918630990E+002
  0.504714112479342E-001  0.808746942464251E+002  0.667542873915393E+002
  0.504714112479342E-001  0.808646574884428E+002  0.667568207403529E+002
  0.504714112479342E-001  0.808619065032706E+002  0.689979714991927E+002
  0.504714112479342E-001  0.808250692763674E+002  0.667668694185674E+002
  0.504714112479342E-001  0.808106034323766E+002  0.667705640358699E+002
  0.504714112479342E-001  0.807572979330255E+002  0.689712014477666E+002
  0.504714112479342E-001  0.807321658201379E+002  0.667908158647682E+002
  0.504714112479342E-001  0.807299645135869E+002  0.689640979410033E+002
  0.504714112479342E-001  0.806629401152638E+002  0.668090080220307E+002
  0.504714112479342E-001  0.806567339367039E+002  0.689448334855486E+002
  0.504714112479342E-001  0.806559166854842E+002  0.668108710759743E+002
  0.504714112479342E-001  0.806467310782094E+002  0.668133125961329E+002
  0.504714112479342E-001  0.806272469734420E+002  0.668185100696644E+002
  0.504714112479342E-001  0.806183877533614E+002  0.668208817600755E+002
  0.504714112479342E-001  0.806028909172324E+002  0.689304443618339E+002
  0.504714112479342E-001  0.805837012128929E+002  0.668302193178383E+002
  0.504714112479342E-001  0.805609153353059E+002  0.668363988028286E+002
  0.504714112479342E-001  0.805592541285244E+002  0.668368507536131E+002
  0.504714112479342E-001  0.805359141622635E+002  0.668432215398732E+002
  0.504714112479342E-001  0.805321768718094E+002  0.668442453037097E+002
  0.504714112479342E-001  0.805033903885201E+002  0.668521650963143E+002
  0.504714112479342E-001  0.804861956781586E+002  0.688985625582848E+002
  0.504714112479342E-001  0.804636267106304E+002  0.668632066334901E+002
  0.504714112479342E-001  0.804254590803880E+002  0.668739192119109E+002
  0.504714112479342E-001  0.804075487681865E+002  0.688765018671103E+002
  0.504714112479342E-001  0.804013013360882E+002  0.688747285156910E+002
  0.504714112479342E-001  0.803911772176899E+002  0.688718480388892E+002
  0.504714112479342E-001  0.803853825066579E+002  0.668852920209250E+002
  0.504714112479342E-001  0.803806495340627E+002  0.668866437456639E+002
  0.504714112479342E-001  0.803633333709631E+002  0.668916049870164E+002
  0.504714112479342E-001  0.803568545950567E+002  0.668934676448646E+002
  0.504714112479342E-001  0.803513777869795E+002  0.668950449892195E+002
  0.504714112479342E-001  0.803305941245015E+002  0.688544336587658E+002
  0.504714112479342E-001  0.803187257135475E+002  0.669045019790506E+002
  0.504714112479342E-001  0.803172304706262E+002  0.669049372462584E+002
  0.504714112479342E-001  0.803166767192995E+002  0.688503891145988E+002
  0.504714112479342E-001  0.803027323398316E+002  0.669091678146502E+002
  0.504714112479342E-001  0.802986752707031E+002  0.669103549842772E+002
  0.504714112479342E-001  0.802917281702241E+002  0.688430963898840E+002
  0.504714112479342E-001  0.802783273211943E+002  0.669163312648148E+002
  0.504714112479342E-001  0.802365372215717E+002  0.688267644006449E+002
  0.504714112479342E-001  0.802255409059426E+002  0.688234766996833E+002
  0.504714112479342E-001  0.802103640325959E+002  0.688189202234499E+002
  0.504714112479342E-001  0.802009136854776E+002  0.669394157928324E+002
  0.504714112479342E-001  0.801974169543222E+002  0.688150156791356E+002
  0.504714112479342E-001  0.801856152756966E+002  0.688114423362338E+002
  0.504714112479342E-001  0.801773519129588E+002  0.669465554360901E+002
  0.504714112479342E-001  0.801667163288169E+002  0.669497962046940E+002
  0.504714112479342E-001  0.801203302036710E+002  0.669640649034023E+002
  0.504714112479342E-001  0.801198332430039E+002  0.669642189786494E+002
  0.504714112479342E-001  0.800836518048313E+002  0.687799804250317E+002
  0.504714112479342E-001  0.800684209874087E+002  0.669803014918428E+002
  0.504714112479342E-001  0.800491561196336E+002  0.687690850453558E+002
  0.504714112479342E-001  0.800326993638960E+002  0.669916475896177E+002
  0.504714112479342E-001  0.800220421391710E+002  0.669950608414713E+002
  0.504714112479342E-001  0.800166515610249E+002  0.669967923498957E+002
  0.504714112479342E-001  0.800067477189785E+002  0.669999824668921E+002
  0.504714112479342E-001  0.799933726208801E+002  0.687511784084813E+002
  0.504714112479342E-001  0.799826474631389E+002  0.670077942447872E+002
  0.504714112479342E-001  0.799521755024957E+002  0.687377147063294E+002
  0.504714112479342E-001  0.799396992655350E+002  0.670218920653730E+002
  0.504714112479342E-001  0.799347735930608E+002  0.670235237981123E+002
  0.504714112479342E-001  0.799335525698569E+002  0.687315588379466E+002
  0.504714112479342E-001  0.799318856554682E+002  0.687310056686865E+002
  0.504714112479342E-001  0.799200259711334E+002  0.687270596055881E+002
  0.504714112479342E-001  0.799143914172181E+002  0.670303092216800E+002
  0.504714112479342E-001  0.798928118434860E+002  0.687179346165984E+002
  0.504714112479342E-001  0.798393486641824E+002  0.686997133022128E+002
  0.504714112479342E-001  0.798380440262309E+002  0.686992636042137E+002
  0.504714112479342E-001  0.798339371713220E+002  0.670576412128815E+002
  0.504714112479342E-001  0.798243725468760E+002  0.686945362661920E+002
  0.504714112479342E-001  0.798193902180055E+002  0.670626809533600E+002
  0.504714112479342E-001  0.798121069906494E+002  0.670652159447751E+002
  0.504714112479342E-001  0.798023328085968E+002  0.686868571919357E+002
  0.504714112479342E-001  0.797911627562198E+002  0.670725502432895E+002
  0.504714112479342E-001  0.797797320205119E+002  0.686789062030127E+002
  0.504714112479342E-001  0.797778034593479E+002  0.670772635326081E+002
  0.504714112479342E-001  0.797670101399010E+002  0.670810918857861E+002
  0.504714112479342E-001  0.797643446964789E+002  0.670820401453751E+002
  0.504714112479342E-001  0.797597434276649E+002  0.670836797599282E+002
  0.504714112479342E-001  0.797469474055249E+002  0.686672302158024E+002
  0.504714112479342E-001  0.797429516010018E+002  0.670896922942748E+002
  0.504714112479342E-001  0.797329120784106E+002  0.686621785175394E+002
  0.504714112479342E-001  0.797278118263666E+002  0.686603347194229E+002
  0.504714112479342E-001  0.797267987576501E+002  0.670955196416401E+002
  0.504714112479342E-001  0.797233072054370E+002  0.686587026283977E+002
  0.504714112479342E-001  0.797223702856239E+002  0.686583627397684E+002
  0.504714112479342E-001  0.797218716536634E+002  0.686581817895129E+002
  0.504714112479342E-001  0.797139208456244E+002  0.671001968034509E+002
  0.504714112479342E-001  0.797046621760489E+002  0.686519106639186E+002
  0.504714112479342E-001  0.796917605862448E+002  0.671083117982768E+002
  0.504714112479342E-001  0.796799741686538E+002  0.671126629991556E+002
  0.504714112479342E-001  0.796703587770349E+002  0.686392564728420E+002
  0.504714112479342E-001  0.796615821361493E+002  0.671195026803596E+002
  0.504714112479342E-001  0.796544633147891E+002  0.671221666678636E+002
  0.504714112479342E-001  0.796305546351797E+002  0.686243043218200E+002
  0.504714112479342E-001  0.796299278424137E+002  0.686240664757523E+002
  0.504714112479342E-001  0.796221273058768E+002  0.686211000763563E+002
  0.504714112479342E-001  0.796170640534531E+002  0.671363193446764E+002
  0.504714112479342E-001  0.796137101342514E+002  0.686178858463351E+002
  0.504714112479342E-001  0.795964226192106E+002  0.671442474423468E+002
  0.504714112479342E-001  0.795844680123310E+002  0.686066091278717E+002
  0.504714112479342E-001  0.795801663627450E+002  0.686049355170705E+002
  0.504714112479342E-001  0.795796608258037E+002  0.671507490294597E+002
  0.504714112479342E-001  0.795788450423477E+002  0.686044206669516E+002
  0.504714112479342E-001  0.795768429908544E+002  0.671518477326658E+002
  0.504714112479342E-001  0.795756529578921E+002  0.671523122386929E+002
  0.504714112479342E-001  0.795604304034234E+002  0.671582805177484E+002
  0.504714112479342E-001  0.795578967088826E+002  0.671592787114577E+002
  0.504714112479342E-001  0.795532059787267E+002  0.685943572307380E+002
  0.504714112479342E-001  0.795514970490696E+002  0.685936814405167E+002
  0.504714112479342E-001  0.795398378165971E+002  0.685890537054596E+002
  0.504714112479342E-001  0.795397564911746E+002  0.685890213203633E+002
  0.504714112479342E-001  0.795291881546199E+002  0.671706873908764E+002
  0.504714112479342E-001  0.795174748625343E+002  0.671753954408289E+002
  0.504714112479342E-001  0.795151886247851E+002  0.685791695490597E+002
  0.504714112479342E-001  0.795102989979691E+002  0.671782953673720E+002
  0.504714112479342E-001  0.794967702336185E+002  0.671837956018164E+002
  0.504714112479342E-001  0.794942445183750E+002  0.685706603188470E+002
  0.504714112479342E-001  0.794907724842288E+002  0.685692395730779E+002
  0.504714112479342E-001  0.794873577435446E+002  0.671876481893914E+002
  0.504714112479342E-001  0.794816531847933E+002  0.685654940059915E+002
  0.504714112479342E-001  0.794611366170346E+002  0.685569917414552E+002
  0.504714112479342E-001  0.794562099107297E+002  0.685549341722295E+002
  0.504714112479342E-001  0.794474675290035E+002  0.685512675670300E+002
  0.504714112479342E-001  0.794331468455514E+002  0.672102697362505E+002
  0.504714112479342E-001  0.794322533302368E+002  0.685448385927431E+002
  0.504714112479342E-001  0.794238672600838E+002  0.672142192971397E+002
  0.504714112479342E-001  0.794124506640512E+002  0.685363767068103E+002
  0.504714112479342E-001  0.794103381014140E+002  0.672200200476738E+002
  0.504714112479342E-001  0.794092330664944E+002  0.672204961030826E+002
  0.504714112479342E-001  0.794042019477429E+002  0.672226679112363E+002
  0.504714112479342E-001  0.793960318365528E+002  0.685292774405593E+002
  0.504714112479342E-001  0.793945307447224E+002  0.672268630813724E+002
  0.504714112479342E-001  0.793938609094998E+002  0.685283329641468E+002
  0.504714112479342E-001  0.793884140658697E+002  0.672295303876285E+002
  0.504714112479342E-001  0.793846354934535E+002  0.672311836117725E+002
  0.504714112479342E-001  0.793820860845352E+002  0.672323014371236E+002
  0.504714112479342E-001  0.793795007707819E+002  0.685220506220580E+002
  0.504714112479342E-001  0.793692275320875E+002  0.685175183846399E+002
  0.504714112479342E-001  0.793558883609663E+002  0.685115851957484E+002
  0.504714112479342E-001  0.793555093531018E+002  0.685114158035152E+002
  0.504714112479342E-001  0.793460343232557E+002  0.685071662570051E+002
  0.504714112479342E-001  0.793422471438035E+002  0.685054596612902E+002
  0.504714112479342E-001  0.793406849227259E+002  0.685047543330220E+002
  0.504714112479342E-001  0.793379572529655E+002  0.672519666983412E+002
  0.504714112479342E-001  0.793323375852827E+002  0.685009720603869E+002
  0.504714112479342E-001  0.793319747751962E+002  0.672546804616414E+002
  0.504714112479342E-001  0.793234105030355E+002  0.672585860763418E+002
  0.504714112479342E-001  0.793120318277312E+002  0.684916740143379E+002
  0.504714112479342E-001  0.793015767221328E+002  0.672686563601499E+002
  0.504714112479342E-001  0.792943903291398E+002  0.672720075229484E+002
  0.504714112479342E-001  0.792878893950099E+002  0.684804325136414E+002
  0.504714112479342E-001  0.792742000974526E+002  0.672815234329315E+002
  0.504714112479342E-001  0.792698783897566E+002  0.672835801100331E+002
  0.504714112479342E-001  0.792673969749814E+002  0.684707233825273E+002
  0.504714112479342E-001  0.792631338411645E+002  0.684686835021458E+002
  0.504714112479342E-001  0.792599634222202E+002  0.684671619010589E+002
  0.504714112479342E-001  0.792597932949655E+002  0.672884074683861E+002
  0.504714112479342E-001  0.792593787574919E+002  0.672886067383488E+002
  0.504714112479342E-001  0.792592902046142E+002  0.684668382931941E+002
  0.504714112479342E-001  0.792575677898171E+002  0.684660095380893E+002
  0.504714112479342E-001  0.792543964529847E+002  0.684644805594691E+002
  0.504714112479342E-001  0.792475427277586E+002  0.684611625245853E+002
  0.504714112479342E-001  0.792467813379338E+002  0.672946948538878E+002
  0.504714112479342E-001  0.792415345009881E+002  0.672972493945730E+002
  0.504714112479342E-001  0.792301888798465E+002  0.684526755355241E+002
  0.504714112479342E-001  0.792291102610338E+002  0.673033437158618E+002
  0.504714112479342E-001  0.792268430172464E+002  0.673044628311624E+002
  0.504714112479342E-001  0.792172295887205E+002  0.684462550991889E+002
  0.504714112479342E-001  0.792135902235340E+002  0.673110486458720E+002
  0.504714112479342E-001  0.792056519726312E+002  0.684404572343975E+002
  0.504714112479342E-001  0.792026963113483E+002  0.673165201136241E+002
  0.504714112479342E-001  0.791992705842619E+002  0.684372358643588E+002
  0.504714112479342E-001  0.791986739231378E+002  0.673185538911220E+002
  0.504714112479342E-001  0.791928889595893E+002  0.673214918893450E+002
  0.504714112479342E-001  0.791911726292691E+002  0.673223665483423E+002
  0.504714112479342E-001  0.791860374848877E+002  0.673249917340948E+002
  0.504714112479342E-001  0.791833612948520E+002  0.673263648087415E+002
  0.504714112479342E-001  0.791801442755855E+002  0.684274677017787E+002
  0.504714112479342E-001  0.791758517011469E+002  0.684252514587878E+002
  0.504714112479342E-001  0.791721195683733E+002  0.684233172536761E+002
  0.504714112479342E-001  0.791697759919284E+002  0.673333884427909E+002
  0.504714112479342E-001  0.791674650685426E+002  0.673345922344837E+002
  0.504714112479342E-001  0.791657733244413E+002  0.684200124266165E+002
  0.504714112479342E-001  0.791650569547564E+002  0.684196381088210E+002
  0.504714112479342E-001  0.791644455520703E+002  0.684193184337968E+002
  0.504714112479342E-001  0.791629070067937E+002  0.684185131614227E+002
  0.504714112479342E-001  0.791560985215827E+002  0.684149351196257E+002
  0.504714112479342E-001  0.791558266161797E+002  0.684147917310166E+002
  0.504714112479342E-001  0.791548108156968E+002  0.673412318957742E+002
  0.504714112479342E-001  0.791519184273615E+002  0.684127265117419E+002
  0.504714112479342E-001  0.791509783128289E+002  0.684122285327421E+002
  0.504714112479342E-001  0.791354850912694E+002  0.673515337153729E+002
  0.504714112479342E-001  0.791344279700265E+002  0.684033845568917E+002
  0.504714112479342E-001  0.791181778512419E+002  0.683945537816818E+002
  0.504714112479342E-001  0.791181319440826E+002  0.673609589873534E+002
  0.504714112479342E-001  0.791121184173896E+002  0.683912220413617E+002
  0.504714112479342E-001  0.791091017596231E+002  0.673659323428203E+002
  0.504714112479342E-001  0.791067271409739E+002  0.683882394032232E+002
  0.504714112479342E-001  0.791051799706310E+002  0.673681073757459E+002
  0.504714112479342E-001  0.791039397723539E+002  0.673687971269751E+002
  0.504714112479342E-001  0.791016966816822E+002  0.683854405789820E+002
  0.504714112479342E-001  0.791002941852885E+002  0.673708300984216E+002
  0.504714112479342E-001  0.790985657200894E+002  0.683836907716807E+002
  0.504714112479342E-001  0.790944023355559E+002  0.683813545545774E+002
  0.504714112479342E-001  0.790908397985006E+002  0.673761407532546E+002
  0.504714112479342E-001  0.790883928469433E+002  0.673775244230090E+002
  0.504714112479342E-001  0.790875935913300E+002  0.673779772054871E+002
  0.504714112479342E-001  0.790865604029426E+002  0.683769244873326E+002
  0.504714112479342E-001  0.790861908288781E+002  0.683767147369316E+002
  0.504714112479342E-001  0.790853520818594E+002  0.673792492263223E+002
  0.504714112479342E-001  0.790830631496302E+002  0.673805515171578E+002
  0.504714112479342E-001  0.790809388035566E+002  0.683737243821063E+002
  0.504714112479342E-001  0.790736884579613E+002  0.673859212417103E+002
  0.504714112479342E-001  0.790663670477477E+002  0.673901559926105E+002
  0.504714112479342E-001  0.790648853346753E+002  0.683644701002125E+002
  0.504714112479342E-001  0.790631741049521E+002  0.683634732353127E+002
  0.504714112479342E-001  0.790545286137965E+002  0.683584052578646E+002
  0.504714112479342E-001  0.790544201832934E+002  0.683583413566845E+002
  0.504714112479342E-001  0.790524575048004E+002  0.673983043859403E+002
  0.504714112479342E-001  0.790522882328143E+002  0.673984044007897E+002
  0.504714112479342E-001  0.790505931421972E+002  0.683560805047455E+002
  0.504714112479342E-001  0.790497267241660E+002  0.673999204309932E+002
  0.504714112479342E-001  0.790481716666816E+002  0.674008431435280E+002
  0.504714112479342E-001  0.790459928791065E+002  0.683533486428717E+002
  0.504714112479342E-001  0.790441933238772E+002  0.674032119087742E+002
  0.504714112479342E-001  0.790409793083966E+002  0.683503533559504E+002
  0.504714112479342E-001  0.790309737038622E+002  0.674111694360543E+002
  0.504714112479342E-001  0.790286310920953E+002  0.683428938417986E+002
  0.504714112479342E-001  0.790247508028779E+002  0.683405249449100E+002
  0.504714112479342E-001  0.790222577586550E+002  0.674164910732941E+002
  0.504714112479342E-001  0.790209074429516E+002  0.674173210293543E+002
  0.504714112479342E-001  0.790195509471751E+002  0.683373313150108E+002
  0.504714112479342E-001  0.790187456477786E+002  0.674186528758277E+002
  0.504714112479342E-001  0.790164170158427E+002  0.674200918437993E+002
  0.504714112479342E-001  0.790158308775228E+002  0.674204547587426E+002
  0.504714112479342E-001  0.790107623975432E+002  0.683318825392202E+002
  0.504714112479342E-001  0.790029943756771E+002  0.674284761470848E+002
  0.504714112479342E-001  0.790010001751575E+002  0.683257524182168E+002
  0.504714112479342E-001  0.789960860607208E+002  0.674328529343166E+002
  0.504714112479342E-001  0.789942204436942E+002  0.674340423064150E+002
  0.504714112479342E-001  0.789940527268961E+002  0.674341493858098E+002
  0.504714112479342E-001  0.789880039083845E+002  0.683174589034144E+002
  0.504714112479342E-001  0.789864363022384E+002  0.683164479458055E+002
  0.504714112479342E-001  0.789856570175050E+002  0.683159445129868E+002
  0.504714112479342E-001  0.789849924079472E+002  0.683155147051009E+002
  0.504714112479342E-001  0.789841406208407E+002  0.674405243776887E+002
  0.504714112479342E-001  0.789785990908386E+002  0.674441292688672E+002
  0.504714112479342E-001  0.789748859849668E+002  0.674465615911167E+002
  0.504714112479342E-001  0.789727042801452E+002  0.683074904396951E+002
  0.504714112479342E-001  0.789713508482652E+002  0.683065974566770E+002
  0.504714112479342E-001  0.789692505015524E+002  0.674502796362747E+002
  0.504714112479342E-001  0.789688505336187E+002  0.674505447474197E+002
  0.504714112479342E-001  0.789684268561307E+002  0.683046618544821E+002
  0.504714112479342E-001  0.789674246657179E+002  0.683039964094887E+002
  0.504714112479342E-001  0.789648747137101E+002  0.674531890457123E+002
  0.504714112479342E-001  0.789618104932533E+002  0.683002492717313E+002
  0.504714112479342E-001  0.789606059239123E+002  0.674560466555850E+002
  0.504714112479342E-001  0.789565142425233E+002  0.674588040009142E+002
  0.504714112479342E-001  0.789561830388946E+002  0.682964596177484E+002
  0.504714112479342E-001  0.789560240450588E+002  0.674591355586441E+002
  0.504714112479342E-001  0.789544276791096E+002  0.682952704811618E+002
  0.504714112479342E-001  0.789538230261153E+002  0.682948600849888E+002
  0.504714112479342E-001  0.789515026046440E+002  0.682932813828267E+002
  0.504714112479342E-001  0.789497712530313E+002  0.674633880710691E+002
  0.504714112479342E-001  0.789494296005882E+002  0.682918659215703E+002
  0.504714112479342E-001  0.789434057787140E+002  0.674677625245066E+002
  0.504714112479342E-001  0.789432508288279E+002  0.682876180174770E+002
  0.504714112479342E-001  0.789421974763401E+002  0.674685981703578E+002
  0.504714112479342E-001  0.789415793171733E+002  0.674690263416342E+002
  0.504714112479342E-001  0.789354382005255E+002  0.674733046390144E+002
  0.504714112479342E-001  0.789353175121491E+002  0.674733891718546E+002
  0.504714112479342E-001  0.789350238980767E+002  0.682818927084786E+002
  0.504714112479342E-001  0.789339638888671E+002  0.682811491146476E+002
  0.504714112479342E-001  0.789312511963525E+002  0.682792398958008E+002
  0.504714112479342E-001  0.789300480951946E+002  0.674770973786160E+002
  0.504714112479342E-001  0.789284599460833E+002  0.674782217445047E+002
  0.504714112479342E-001  0.789276879802697E+002  0.682767181885377E+002
  0.504714112479342E-001  0.789273012419703E+002  0.674790440757625E+002
  0.504714112479342E-001  0.789271846134783E+002  0.682763606671653E+002
  0.504714112479342E-001  0.789267402707761E+002  0.674794428064595E+002
  0.504714112479342E-001  0.789180032134196E+002  0.674857053295790E+002
  0.504714112479342E-001  0.789178653034213E+002  0.674858049825142E+002
  0.504714112479342E-001  0.789064867697834E+002  0.674941162092582E+002
  0.504714112479342E-001  0.789063235961360E+002  0.682612509017774E+002
  0.504714112479342E-001  0.789043642103468E+002  0.682598010082616E+002
  0.504714112479342E-001  0.789029382744517E+002  0.674967452232954E+002
  0.504714112479342E-001  0.788981364173491E+002  0.675003319871234E+002
  0.504714112479342E-001  0.788956223012072E+002  0.682532640292748E+002
  0.504714112479342E-001  0.788941594677278E+002  0.682521590125656E+002
  0.504714112479342E-001  0.788915743612523E+002  0.682501982208377E+002
  0.504714112479342E-001  0.788877136364784E+002  0.682472505056224E+002
  0.504714112479342E-001  0.788873559223245E+002  0.675085114131880E+002
  0.504714112479342E-001  0.788785127222817E+002  0.675153587744163E+002
  0.504714112479342E-001  0.788738052747526E+002  0.675190570974551E+002
  0.504714112479342E-001  0.788736003335875E+002  0.682362686355856E+002
  0.504714112479342E-001  0.788676091705568E+002  0.682315037187878E+002
  0.504714112479342E-001  0.788634183762613E+002  0.675273554427154E+002
  0.504714112479342E-001  0.788592913939953E+002  0.682247799397614E+002
  0.504714112479342E-001  0.788503982313377E+002  0.682174438585777E+002
  0.504714112479342E-001  0.788425344711534E+002  0.682108223658075E+002
  0.504714112479342E-001  0.788398324185161E+002  0.682085165702157E+002
  0.504714112479342E-001  0.788391858627375E+002  0.675475251631587E+002
  0.504714112479342E-001  0.788386788223814E+002  0.675479603693385E+002
  0.504714112479342E-001  0.788386117811208E+002  0.682074696524064E+002
  0.504714112479342E-001  0.788383153571035E+002  0.675482726949686E+002
  0.504714112479342E-001  0.788356489905408E+002  0.682049145886164E+002
  0.504714112479342E-001  0.788318828253519E+002  0.682016376137217E+002
  0.504714112479342E-001  0.788308428032187E+002  0.682007268225441E+002
  0.504714112479342E-001  0.788306059369139E+002  0.682005190294291E+002
  0.504714112479342E-001  0.788299344959734E+002  0.675555583346443E+002
  0.504714112479342E-001  0.788286090999034E+002  0.681987619396536E+002
  0.504714112479342E-001  0.788272846100377E+002  0.681975911480783E+002
  0.504714112479342E-001  0.788270261953154E+002  0.681973622206737E+002
  0.504714112479342E-001  0.788239463196207E+002  0.681946210532266E+002
  0.504714112479342E-001  0.788188462073269E+002  0.675654586917685E+002
  0.504714112479342E-001  0.788159493418369E+002  0.681873902554982E+002
  0.504714112479342E-001  0.788097598427925E+002  0.675738119192949E+002
  0.504714112479342E-001  0.788075865878353E+002  0.675758440730933E+002
  0.504714112479342E-001  0.788045160540080E+002  0.681767488181458E+002
  0.504714112479342E-001  0.788038820166433E+002  0.675793400204735E+002
  0.504714112479342E-001  0.788038580376929E+002  0.675793627824641E+002
  0.504714112479342E-001  0.787985973375216E+002  0.681710884165323E+002
  0.504714112479342E-001  0.787960668436948E+002  0.675868528556776E+002
  0.504714112479342E-001  0.787953937600934E+002  0.681679786120549E+002
  0.504714112479342E-001  0.787929585004443E+002  0.681655921596365E+002
  0.504714112479342E-001  0.787917097042958E+002  0.681643606845617E+002
  0.504714112479342E-001  0.787899664047452E+002  0.675928549454029E+002
  0.504714112479342E-001  0.787882347593788E+002  0.681609057530397E+002
  0.504714112479342E-001  0.787859145710071E+002  0.675969123439268E+002
  0.504714112479342E-001  0.787843908448230E+002  0.675984534134917E+002
  0.504714112479342E-001  0.787802702362699E+002  0.676026641633524E+002
  0.504714112479342E-001  0.787801636289785E+002  0.676027739584563E+002
  0.504714112479342E-001  0.787800498940705E+002  0.676028911426659E+002
  0.504714112479342E-001  0.787793721461143E+002  0.681518971244028E+002
  0.504714112479342E-001  0.787760168120958E+002  0.676070793337061E+002
  0.504714112479342E-001  0.787758950094992E+002  0.676072068293736E+002
  0.504714112479342E-001  0.787735579816421E+002  0.681458227750827E+002
  0.504714112479342E-001  0.787694491476931E+002  0.676140419051280E+002
  0.504714112479342E-001  0.787671409549069E+002  0.681389546509306E+002
  0.504714112479342E-001  0.787655935126144E+002  0.676182163783021E+002
  0.504714112479342E-001  0.787637688697451E+002  0.681352721121268E+002
  0.504714112479342E-001  0.787623761312464E+002  0.676217519156514E+002
  0.504714112479342E-001  0.787602370892326E+002  0.676241297558467E+002
  0.504714112479342E-001  0.787598926275958E+002  0.681309728482616E+002
  0.504714112479342E-001  0.787594929417033E+002  0.681305253853844E+002
  0.504714112479342E-001  0.787588551274233E+002  0.676256779240864E+002
  0.504714112479342E-001  0.787576058401210E+002  0.681284019177252E+002
  0.504714112479342E-001  0.787552000289713E+002  0.676298192096359E+002
  0.504714112479342E-001  0.787550781938819E+002  0.681255291652715E+002
  0.504714112479342E-001  0.787493243231782E+002  0.681188621010350E+002
  0.504714112479342E-001  0.787491628974392E+002  0.676368152131121E+002
  0.504714112479342E-001  0.787471903349589E+002  0.681163420744173E+002
  0.504714112479342E-001  0.787464098019680E+002  0.676400739388191E+002
  0.504714112479342E-001  0.787420629055595E+002  0.681101754280206E+002
  0.504714112479342E-001  0.787416860522163E+002  0.676457718801900E+002
  0.504714112479342E-001  0.787410135139905E+002  0.676465945397541E+002
  0.504714112479342E-001  0.787381690335025E+002  0.681053807779763E+002
  0.504714112479342E-001  0.787342536960292E+002  0.681004556444967E+002
  0.504714112479342E-001  0.787339833462813E+002  0.681001115433440E+002
  0.504714112479342E-001  0.787317917426768E+002  0.676581854427187E+002
  0.504714112479342E-001  0.787313706339858E+002  0.680967582261178E+002
  0.504714112479342E-001  0.787305328858321E+002  0.676598155244401E+002
  0.504714112479342E-001  0.787305280282124E+002  0.676598218381417E+002
  0.504714112479342E-001  0.787282824480387E+002  0.676627603903459E+002
  0.504714112479342E-001  0.787280963334283E+002  0.676630057432700E+002
  0.504714112479342E-001  0.787261644532875E+002  0.680899183309768E+002
  0.504714112479342E-001  0.787235042638476E+002  0.676691508036247E+002
  0.504714112479342E-001  0.787232068124776E+002  0.680859325030874E+002
  0.504714112479342E-001  0.787220212831023E+002  0.680843132481655E+002
  0.504714112479342E-001  0.787195981290213E+002  0.676745241566804E+002
  0.504714112479342E-001  0.787193215858446E+002  0.676749099702845E+002
  0.504714112479342E-001  0.787164053256370E+002  0.676790241254865E+002
  0.504714112479342E-001  0.787143976949070E+002  0.680735809641523E+002
  0.504714112479342E-001  0.787141080697243E+002  0.680731616164396E+002
  0.504714112479342E-001  0.787132575479922E+002  0.680719249132048E+002
  0.504714112479342E-001  0.787125807605958E+002  0.680709351727351E+002
  0.504714112479342E-001  0.787123664468009E+002  0.680706206993819E+002
  0.504714112479342E-001  0.787113228453742E+002  0.680690819847269E+002
  0.504714112479342E-001  0.787085074221987E+002  0.676906198615868E+002
  0.504714112479342E-001  0.787065143650110E+002  0.680618261452595E+002
  0.504714112479342E-001  0.787043740937353E+002  0.680585028992353E+002
  0.504714112479342E-001  0.787043006136097E+002  0.676970998885001E+002
  0.504714112479342E-001  0.787013369971196E+002  0.680536794272901E+002
  0.504714112479342E-001  0.786996192814597E+002  0.677045957104959E+002
  0.504714112479342E-001  0.786992917830768E+002  0.677051322883312E+002
  0.504714112479342E-001  0.786967526256505E+002  0.677093504859330E+002
  0.504714112479342E-001  0.786965756929327E+002  0.680458392461680E+002
  0.504714112479342E-001  0.786959674182066E+002  0.680448111308494E+002
  0.504714112479342E-001  0.786951663389683E+002  0.680434474023076E+002
  0.504714112479342E-001  0.786938517654794E+002  0.680411848642878E+002
  0.504714112479342E-001  0.786935460708841E+002  0.677148333837659E+002
  0.504714112479342E-001  0.786934770235589E+002  0.680405341289885E+002
  0.504714112479342E-001  0.786927756517079E+002  0.680393091612550E+002
  0.504714112479342E-001  0.786927033581064E+002  0.677163052382057E+002
  0.504714112479342E-001  0.786917253318548E+002  0.677180304316237E+002
  0.504714112479342E-001  0.786898080308721E+002  0.680340198915416E+002
  0.504714112479342E-001  0.786896656199040E+002  0.680337615597569E+002
  0.504714112479342E-001  0.786893735036046E+002  0.677222572868596E+002
  0.504714112479342E-001  0.786883621609005E+002  0.680313769193531E+002
  0.504714112479342E-001  0.786878242528590E+002  0.677251056348507E+002
  0.504714112479342E-001  0.786872142111341E+002  0.680292456974347E+002
  0.504714112479342E-001  0.786871171773498E+002  0.680290641738765E+002
  0.504714112479342E-001  0.786870512223825E+002  0.677265469421936E+002
  0.504714112479342E-001  0.786867756267693E+002  0.677270641210457E+002
  0.504714112479342E-001  0.786864719584751E+002  0.680278515639690E+002
  0.504714112479342E-001  0.786848175190027E+002  0.680246965315830E+002
  0.504714112479342E-001  0.786846953605511E+002  0.677310267235221E+002
  0.504714112479342E-001  0.786836246458751E+002  0.677331085912963E+002
  0.504714112479342E-001  0.786835208896675E+002  0.680221756812093E+002
  0.504714112479342E-001  0.786827662082968E+002  0.677347996113864E+002
  0.504714112479342E-001  0.786820303523039E+002  0.680192223599508E+002
  0.504714112479342E-001  0.786819189556802E+002  0.677364884469321E+002
  0.504714112479342E-001  0.786809426198893E+002  0.680170276305597E+002
  0.504714112479342E-001  0.786802448703575E+002  0.680156013795268E+002
  0.504714112479342E-001  0.786802225504823E+002  0.680155555124344E+002
  0.504714112479342E-001  0.786797934984433E+002  0.677408167790560E+002
  0.504714112479342E-001  0.786793587859028E+002  0.677417190022582E+002
  0.504714112479342E-001  0.786789435865157E+002  0.680129012580119E+002
  0.504714112479342E-001  0.786788798960759E+002  0.677427198916541E+002
  0.504714112479342E-001  0.786785529635157E+002  0.680120801375381E+002
  0.504714112479342E-001  0.786784243850549E+002  0.677436788527582E+002
  0.504714112479342E-001  0.786775421906659E+002  0.680099317400596E+002
  0.504714112479342E-001  0.786767128975033E+002  0.680081426464788E+002
  0.504714112479342E-001  0.786763136282982E+002  0.680072724618394E+002
  0.504714112479342E-001  0.786762464779244E+002  0.677483620715602E+002
  0.504714112479342E-001  0.786752645407634E+002  0.677505299369898E+002
  0.504714112479342E-001  0.786748843921362E+002  0.677513791934599E+002
  0.504714112479342E-001  0.786748766551880E+002  0.680040910708688E+002
  0.504714112479342E-001  0.786740259398741E+002  0.680021692995182E+002
  0.504714112479342E-001  0.786708073853040E+002  0.677608746398808E+002
  0.504714112479342E-001  0.786708021491204E+002  0.679946002768455E+002
  0.504714112479342E-001  0.786703754262717E+002  0.677619262841437E+002
  0.504714112479342E-001  0.786702334089963E+002  0.677622741304677E+002
  0.504714112479342E-001  0.786699492639858E+002  0.677629732584299E+002
  0.504714112479342E-001  0.786696529861061E+002  0.677637068033470E+002
  0.504714112479342E-001  0.786696022501874E+002  0.677638328925031E+002
  0.504714112479342E-001  0.786692628670590E+002  0.679908076627123E+002
  0.504714112479342E-001  0.786686276182301E+002  0.679892048708085E+002
  0.504714112479342E-001  0.786683336036598E+002  0.679884551898649E+002
  0.504714112479342E-001  0.786670256156654E+002  0.679850566146086E+002
  0.504714112479342E-001  0.786649837923496E+002  0.679795247057876E+002
  0.504714112479342E-001  0.786644951510866E+002  0.679781556460453E+002
  0.504714112479342E-001  0.786641863638127E+002  0.679772807864364E+002
  0.504714112479342E-001  0.786635387911299E+002  0.677800669761260E+002
  0.504714112479342E-001  0.786633427501653E+002  0.677806371305393E+002
  0.504714112479342E-001  0.786632888892487E+002  0.677807943637340E+002
  0.504714112479342E-001  0.786624138867605E+002  0.677833854051175E+002
  0.504714112479342E-001  0.786622050450370E+002  0.677840144106827E+002
  0.504714112479342E-001  0.786609066846132E+002  0.679674638214486E+002
  0.504714112479342E-001  0.786605858658551E+002  0.679664452052152E+002
  0.504714112479342E-001  0.786605817380553E+002  0.679664320230044E+002
  0.504714112479342E-001  0.786591939385723E+002  0.677936045411433E+002
  0.504714112479342E-001  0.786591114380840E+002  0.679616048751686E+002
  0.504714112479342E-001  0.786588916267578E+002  0.677946284821039E+002
  0.504714112479342E-001  0.786585699274280E+002  0.679597554796597E+002
  0.504714112479342E-001  0.786584201002963E+002  0.677962512382240E+002
  0.504714112479342E-001  0.786572662863143E+002  0.679551221330150E+002
  0.504714112479342E-001  0.786557203869911E+002  0.678062479437240E+002
  0.504714112479342E-001  0.786553747945422E+002  0.678076304610842E+002
  0.504714112479342E-001  0.786553233951811E+002  0.679476491919273E+002
  0.504714112479342E-001  0.786546795313052E+002  0.678104978664033E+002
  0.504714112479342E-001  0.786545521409990E+002  0.678110366090245E+002
  0.504714112479342E-001  0.786544097364653E+002  0.679438435625857E+002
  0.504714112479342E-001  0.786540274752659E+002  0.678133029151827E+002
  0.504714112479342E-001  0.786538936557186E+002  0.678138938255958E+002
  0.504714112479342E-001  0.786534155821901E+002  0.678160510784208E+002
  0.504714112479342E-001  0.786533987006196E+002  0.678161286352044E+002
  0.504714112479342E-001  0.786529712755271E+002  0.679373617029733E+002
  0.504714112479342E-001  0.786529486673725E+002  0.679372541931761E+002
  0.504714112479342E-001  0.786526000638306E+002  0.679355711631136E+002
  0.504714112479342E-001  0.786522348422262E+002  0.678217339261807E+002
  0.504714112479342E-001  0.786515371199842E+002  0.678253811392273E+002
  0.504714112479342E-001  0.786515324342207E+002  0.678254064923591E+002
  0.504714112479342E-001  0.786515310990764E+002  0.679300738893970E+002
  0.504714112479342E-001  0.786514143805515E+002  0.679294382631897E+002
  0.504714112479342E-001  0.786513301989487E+002  0.678265126761709E+002
  0.504714112479342E-001  0.786508359962161E+002  0.679261655342335E+002
  0.504714112479342E-001  0.786507724415700E+002  0.679257923255670E+002
  0.504714112479342E-001  0.786506072793503E+002  0.678306789925844E+002
  0.504714112479342E-001  0.786505719099863E+002  0.678308923384396E+002
  0.504714112479342E-001  0.786504716131484E+002  0.679239849322573E+002
  0.504714112479342E-001  0.786504415477356E+002  0.679238003992716E+002
  0.504714112479342E-001  0.786501020878201E+002  0.678338244819800E+002
  0.504714112479342E-001  0.786497344353283E+002  0.678362632939903E+002
  0.504714112479342E-001  0.786494433388260E+002  0.678383010944791E+002
  0.504714112479342E-001  0.786491529115805E+002  0.678404449958389E+002
  0.504714112479342E-001  0.786490881882926E+002  0.679145478190827E+002
  0.504714112479342E-001  0.786488681837170E+002  0.679128137845080E+002
  0.504714112479342E-001  0.786488037192842E+002  0.679122892032172E+002
  0.504714112479342E-001  0.786487289427639E+002  0.678438170607208E+002
  0.504714112479342E-001  0.786486090564258E+002  0.679106544197261E+002
  0.504714112479342E-001  0.786484102921843E+002  0.678465908069784E+002
  0.504714112479342E-001  0.786480404649182E+002  0.679053300883738E+002
  0.504714112479342E-001  0.786478807419544E+002  0.678518493941888E+002
  0.504714112479342E-001  0.786477490341018E+002  0.678533325705315E+002
  0.504714112479342E-001  0.786476140120162E+002  0.679005345625870E+002
  0.504714112479342E-001  0.786474815270377E+002  0.678566638064726E+002
  0.504714112479342E-001  0.786474191652808E+002  0.678979685050242E+002
  0.504714112479342E-001  0.786473731058842E+002  0.678581747977048E+002
  0.504714112479342E-001  0.786472808133213E+002  0.678959279323240E+002
  0.504714112479342E-001  0.786472181892324E+002  0.678605628219035E+002
  0.504714112479342E-001  0.786472129694365E+002  0.678606490929568E+002
  0.504714112479342E-001  0.786471015714621E+002  0.678928805968363E+002
  0.504714112479342E-001  0.786470599973117E+002  0.678920815463003E+002
  0.504714112479342E-001  0.786470484599286E+002  0.678636358290495E+002
  0.504714112479342E-001  0.786470244593980E+002  0.678913613927322E+002
  0.504714112479342E-001  0.786469960885296E+002  0.678907579003220E+002
  0.504714112479342E-001  0.786469336275524E+002  0.678661687131284E+002
  0.504714112479342E-001  0.786468342861325E+002  0.678689286985137E+002
  0.504714112479342E-001  0.786468293756996E+002  0.678690879194203E+002
  0.504714112479342E-001  0.786468158062097E+002  0.678695439711497E+002
