  0.798218069948215E-058  0.346149501745829E+003  0.799851762220030E+002
  0.881342626217756E-058  0.345947376489227E+003  0.799804466570286E+002
  0.252667062217090E-057  0.343836957885698E+003  0.799309537479550E+002
  0.713007489564003E-057  0.341758123356012E+003  0.798820020421956E+002
  0.227407335954952E-056  0.339434455332147E+003  0.798270477267124E+002
  0.195227463845791E-055  0.335130444102670E+003  0.797245853066412E+002
  0.307972164850409E-055  0.334214760007318E+003  0.797026717547576E+002
  0.673374812378391E-055  0.332646178607303E+003  0.796650388264470E+002
  0.601306522808150E-054  0.328263406969074E+003  0.795592460935317E+002
  0.739550865677909E-054  0.327845534488081E+003  0.795491092818282E+002
  0.835221252959102E-054  0.327598231283372E+003  0.795431060154609E+002
  0.170327890318980E-053  0.326169007726868E+003  0.795083510224250E+002
  0.367730447131932E-053  0.324625762035136E+003  0.794707063151388E+002
  0.186249267645105E-052  0.321377124371840E+003  0.793910593729050E+002
  0.437711696521029E-052  0.319664179283747E+003  0.793488403801064E+002
  0.437701483796751E-052  0.319660229943126E+003  0.793487428610850E+002
  0.200616162215964E-051  0.316611351136858E+003  0.792732094733375E+002
  0.214350758305178E-050  0.311869744367385E+003  0.791547350024472E+002
  0.266475167279902E-049  0.306825243520888E+003  0.790273103645582E+002
  0.164241047784728E-048  0.303183969141655E+003  0.789344188223666E+002
  0.211090131493336E-048  0.302678073029414E+003  0.789214512290870E+002
  0.287587125419055E-048  0.302055595717047E+003  0.789054743949903E+002
  0.728022754888509E-048  0.300193986821404E+003  0.788575546226902E+002
  0.295120855967431E-047  0.297390715331559E+003  0.787849982680709E+002
  0.333351660587624E-047  0.297143093292480E+003  0.787785659167000E+002
  0.597081751212508E-047  0.295973385146842E+003  0.787481295492919E+002
  0.130163454064427E-046  0.294410745037724E+003  0.787073354344433E+002
  0.180245882392683E-046  0.293755687167576E+003  0.786901887810341E+002
  0.264388029685015E-046  0.292985499359428E+003  0.786699936660096E+002
  0.637477261933526E-046  0.291221301803314E+003  0.786235915588102E+002
  0.116432330946204E-045  0.290012552321684E+003  0.785916828871609E+002
  0.164610804232994E-045  0.289316008973529E+003  0.785732522428967E+002
  0.302935327855884E-045  0.288092142132416E+003  0.785407913764169E+002
  0.563632205688692E-045  0.286846380971300E+003  0.785076480003718E+002
  0.625889605002163E-045  0.286632840796958E+003  0.785019564005364E+002
  0.139410593912336E-044  0.285027175633187E+003  0.784590616969068E+002
  0.336564537631654E-043  0.278655276582601E+003  0.782870965638477E+002
  0.339134053360367E-043  0.278636069486716E+003  0.782865739069174E+002
  0.339643378775678E-043  0.278629072052723E+003  0.782863834886123E+002
  0.789589300957436E-043  0.276937842533629E+003  0.782402581303590E+002
  0.181427161549676E-042  0.275269993699703E+003  0.781945684772426E+002
  0.303018689938405E-042  0.274240117239996E+003  0.781662543437568E+002
  0.532826580583270E-042  0.273107318194887E+003  0.781350203212052E+002
  0.179820941454235E-041  0.270670620844342E+003  0.780675101964402E+002
  0.323942791193531E-041  0.269489414151553E+003  0.780346226924948E+002
  0.127595588702679E-040  0.266743650221827E+003  0.779577597247030E+002
  0.144643743864086E-040  0.266488838253887E+003  0.779505969586543E+002
  0.155774358967717E-040  0.266336572722601E+003  0.779463143413766E+002
  0.337532658381489E-040  0.264786069261474E+003  0.779026007443711E+002
  0.531322338788125E-040  0.263874660042362E+003  0.778768160525924E+002
  0.633349276822938E-040  0.263519357693035E+003  0.778667461575181E+002
  0.663033855625335E-040  0.263423753681563E+003  0.778640348375252E+002
  0.138017674184849E-039  0.261953476095077E+003  0.778222448148454E+002
  0.155770569983803E-039  0.261707475152333E+003  0.778152355141903E+002
  0.331609012643242E-039  0.260192334381639E+003  0.777719551604840E+002
  0.120847710182592E-038  0.257602019075892E+003  0.776975203694470E+002
  0.168801515134004E-038  0.256929638273240E+003  0.776781065473071E+002
  0.187463531886694E-038  0.256715920724204E+003  0.776719277664585E+002
  0.328780796141190E-038  0.255588310867497E+003  0.776392627214283E+002
  0.608379507204290E-038  0.254353499619888E+003  0.776033663734775E+002
  0.658010179572773E-038  0.254192660564644E+003  0.775986809747072E+002
  0.117422282264786E-037  0.253030381802271E+003  0.775647552998616E+002
  0.137797299815845E-037  0.252706371644493E+003  0.775552765912515E+002
  0.221932453666944E-037  0.251749197020415E+003  0.775272206824957E+002
  0.789012055357561E-037  0.249208383960684E+003  0.774523477302626E+002
  0.105641631361066E-036  0.248620675909493E+003  0.774349455562484E+002
  0.213009868464236E-036  0.247214107973169E+003  0.773931675163240E+002
  0.340589217433408E-036  0.246271434738427E+003  0.773650651647924E+002
  0.522589601541687E-036  0.245411200042745E+003  0.773393475786710E+002
  0.996543530981002E-036  0.244116211302955E+003  0.773005002155779E+002
  0.122210158184134E-034  0.239098976229175E+003  0.771484551238738E+002
  0.317985081768977E-034  0.237182455627468E+003  0.770897134452412E+002
  0.405679592812527E-034  0.236691341224609E+003  0.770746003157891E+002
  0.426835733402890E-034  0.236585674074980E+003  0.770713453586539E+002
  0.459457158964758E-034  0.236434385142654E+003  0.770666830669011E+002
  0.748153140183870E-034  0.235455265164402E+003  0.770364520084447E+002
  0.145957114742141E-033  0.234114688665026E+003  0.769948981317211E+002
  0.166890873627911E-033  0.233842638052546E+003  0.769864422348334E+002
  0.226416330180860E-033  0.233228571395205E+003  0.769673268534909E+002
  0.493572474338979E-033  0.231665986925042E+003  0.769185026307595E+002
  0.824872363433378E-033  0.230634873004807E+003  0.768861397174725E+002
  0.963784191627225E-033  0.230319599522350E+003  0.768762211954277E+002
  0.131536118157037E-032  0.229693605181528E+003  0.768564949016487E+002
  0.136046445988950E-031  0.225017009259491E+003  0.767077320492065E+002
  0.194720647748937E-031  0.224295874026682E+003  0.766845690698709E+002
  0.320104631492318E-031  0.223297714101429E+003  0.766524071241678E+002
  0.389748267113113E-031  0.222900011804074E+003  0.766395597751983E+002
  0.483670423412145E-031  0.222464210459493E+003  0.766254600109548E+002
  0.172483849092681E-030  0.219917244523712E+003  0.765425974995947E+002
  0.224416233118036E-030  0.219386850703406E+003  0.765252418762901E+002
  0.779955736890878E-030  0.216891385379346E+003  0.764431129493018E+002
  0.139460790290849E-029  0.215725126551889E+003  0.764044586545955E+002
  0.163144941078190E-029  0.215407419494176E+003  0.763938982154567E+002
  0.667378767996111E-029  0.212585986012777E+003  0.762995340869952E+002
  0.867084524984350E-029  0.212058432586331E+003  0.762817722422160E+002
  0.975329389961032E-029  0.211819159008123E+003  0.762737039134480E+002
  0.536652030694774E-028  0.208404843522530E+003  0.761577163721008E+002
  0.125616540557712E-027  0.206699909249695E+003  0.760991855937783E+002
  0.212587277128526E-027  0.205643675879888E+003  0.760627148957711E+002
  0.245450621277055E-027  0.205352193531096E+003  0.760526216511468E+002
  0.273950486815668E-027  0.205128494339110E+003  0.760448670938912E+002
  0.302952711664107E-027  0.204923239651369E+003  0.760377454345301E+002
  0.690657773851721E-027  0.203271108220610E+003  0.759801939674262E+002
  0.914627049914105E-027  0.202705368320220E+003  0.759603924130159E+002
  0.105200507818069E-026  0.202421498646914E+003  0.759504383442025E+002
  0.105759422304208E-026  0.202406905068987E+003  0.759499262794669E+002
  0.268312379660932E-026  0.200540939096220E+003  0.758841827921934E+002
  0.268471905277002E-026  0.200535754340589E+003  0.758839993658534E+002
  0.345633285032142E-026  0.200026494194234E+003  0.758659622308263E+002
  0.677234813375129E-026  0.198677218761693E+003  0.758179750836318E+002
  0.745470329684908E-026  0.198481228201487E+003  0.758109805113630E+002
  0.148315216592797E-025  0.197101412977149E+003  0.757615616028500E+002
  0.150618695547141E-025  0.197066593777082E+003  0.757603105245158E+002
  0.260193535710030E-025  0.195969249223464E+003  0.757207799125519E+002
  0.514442103274411E-025  0.194601938624866E+003  0.600842440980657E+002
  0.713279012660445E-025  0.193944363325322E+003  0.756473076945433E+002
  0.962741375434414E-025  0.193340543023153E+003  0.756252634387785E+002
  0.130739511850574E-024  0.192724532691757E+003  0.601527782821074E+002
  0.180152295534441E-024  0.192079345296376E+003  0.601764714798482E+002
  0.220155031504428E-024  0.191674290476312E+003  0.755641039931922E+002
  0.232157635616761E-024  0.191564125235051E+003  0.755600432415789E+002
  0.241426189765811E-024  0.191481834851451E+003  0.601984790364750E+002
  0.326041618250053E-024  0.190876916360877E+003  0.755346637259766E+002
  0.492503768091618E-024  0.190047966205615E+003  0.755039371325548E+002
  0.593703631748551E-024  0.189670213906546E+003  0.602655937112486E+002
  0.630558801182817E-024  0.189545765593524E+003  0.602702258510853E+002
  0.710681102479061E-024  0.189302534793764E+003  0.754762002142376E+002
  0.766495871645889E-024  0.189147327782741E+003  0.602850752699198E+002
  0.138880977422683E-023  0.187954585638499E+003  0.603297023169913E+002
  0.146415820871353E-023  0.187844922887236E+003  0.754216689520876E+002
  0.169333929398066E-023  0.187550082847467E+003  0.603448970274293E+002
  0.191916174348517E-023  0.187295714830567E+003  0.603544678041479E+002
  0.197303826113668E-023  0.187236346584348E+003  0.753987842785972E+002
  0.287130956036586E-023  0.186481963380434E+003  0.603851678926075E+002
  0.299481741944462E-023  0.186393737276291E+003  0.753669836813556E+002
  0.371414808021584E-023  0.185959209140901E+003  0.753505314320804E+002
  0.399967142193672E-023  0.185807087375022E+003  0.753447631804314E+002
  0.411826251620304E-023  0.185744653086068E+003  0.753423944665037E+002
  0.449502015234100E-023  0.185565579488446E+003  0.604198912439800E+002
  0.514117398547014E-023  0.185292960875047E+003  0.604302524744041E+002
  0.576520145922859E-023  0.185059847583508E+003  0.604391236994954E+002
  0.740936305892640E-023  0.184554042817548E+003  0.752970788170724E+002
  0.897727044977320E-023  0.184166144014957E+003  0.604732324480992E+002
  0.132741898263341E-022  0.183379896693736E+003  0.752521170961761E+002
  0.138470256966058E-022  0.183291402842032E+003  0.605067703319471E+002
  0.145310800111044E-022  0.183190968144437E+003  0.605106308048096E+002
  0.190827468388153E-022  0.182641982508315E+003  0.605317683702011E+002
  0.213582710134886E-022  0.182412677611395E+003  0.605406153143320E+002
  0.296223824295549E-022  0.181754499260091E+003  0.605660683305508E+002
  0.316022541108967E-022  0.181621106830908E+003  0.751842499308298E+002
  0.375115534204192E-022  0.181274269773453E+003  0.751707918315553E+002
  0.595121973485652E-022  0.180347209143607E+003  0.751346971735832E+002
  0.638382998275748E-022  0.180202869074250E+003  0.606264264098062E+002
  0.800482680383989E-022  0.179746320104529E+003  0.751112056448417E+002
  0.114418138796406E-021  0.179027864461047E+003  0.606724702466953E+002
  0.123004545977591E-021  0.178879145072587E+003  0.750771686356953E+002
  0.135508880339267E-021  0.178681517343512E+003  0.750693891189839E+002
  0.136719915892476E-021  0.178659726842397E+003  0.606869567763881E+002
  0.146591075727664E-021  0.178516305859089E+003  0.750628791875684E+002
  0.153940433252063E-021  0.178414472217951E+003  0.750588636330817E+002
  0.172592761989521E-021  0.178181737988475E+003  0.750496779010195E+002
  0.220968186581232E-021  0.177683574190279E+003  0.750299763404885E+002
  0.367829440768865E-021  0.176660376953905E+003  0.749893393919188E+002
  0.424695162223612E-021  0.176368876365277E+003  0.607777679226704E+002
  0.519240186000450E-021  0.175962890527889E+003  0.749615046443936E+002
  0.560926269465321E-021  0.175804448707232E+003  0.608003211952248E+002
  0.596109921976135E-021  0.175678781475911E+003  0.608053523669649E+002
  0.624305224913172E-021  0.175582356853862E+003  0.608092152193040E+002
  0.775765902256235E-021  0.175143938026430E+003  0.749286822720691E+002
  0.889628750924350E-021  0.174866035141928E+003  0.608379780371410E+002
  0.892596555338805E-021  0.174855378234309E+003  0.749170807716086E+002
  0.112238684522064E-020  0.174393225998104E+003  0.748984600751095E+002
  0.255381521082422E-020  0.172744968247517E+003  0.609238439320728E+002
  0.285499717433060E-020  0.172518007339718E+003  0.609330947349564E+002
  0.329859425656813E-020  0.172225160251439E+003  0.609450492619330E+002
  0.350722576779971E-020  0.172098506344991E+003  0.748052617231927E+002
  0.381258508211520E-020  0.171927546113894E+003  0.609572195453467E+002
  0.416340784416581E-020  0.171747497160726E+003  0.747908949504077E+002
  0.420864850536937E-020  0.171721885867745E+003  0.609656420943284E+002
  0.679865459123737E-020  0.170758723537775E+003  0.747502630805466E+002
  0.700880531351479E-020  0.170693842488222E+003  0.610078990992018E+002
  0.775170733769301E-020  0.170488354762397E+003  0.747391108712125E+002
  0.111590761637250E-019  0.169755678653555E+003  0.747087978229095E+002
  0.122476998306019E-019  0.169565512692368E+003  0.610545795447059E+002
  0.136853768908541E-019  0.169339537222804E+003  0.746915207317558E+002
  0.147506432000222E-019  0.169185623605343E+003  0.746851195374074E+002
  0.188532859781025E-019  0.168690826534956E+003  0.746645002591809E+002
  0.215327896286637E-019  0.168421051227208E+003  0.746532316981860E+002
  0.716152406311211E-019  0.166013593148016E+003  0.745518293409110E+002
  0.720843200691616E-019  0.165996539869533E+003  0.745511055593788E+002
  0.726189016096399E-019  0.165977766474560E+003  0.612051789267922E+002
  0.775907409361390E-019  0.165841324746150E+003  0.612109733585209E+002
  0.110630909265006E-018  0.165127825907326E+003  0.745141308498753E+002
  0.119620267934197E-018  0.164967584356989E+003  0.612481995798444E+002
  0.136406035594762E-018  0.164700960947330E+003  0.612596009237014E+002
  0.147078268405259E-018  0.164546307162893E+003  0.612662232348695E+002
  0.156191846335709E-018  0.164422070852222E+003  0.612715478710795E+002
  0.158644993305233E-018  0.164386906999837E+003  0.612730557358583E+002
  0.169165893421553E-018  0.164254489210686E+003  0.744767505596183E+002
  0.201475563042727E-018  0.163900916710401E+003  0.612939309040876E+002
  0.206326230196649E-018  0.163849339786930E+003  0.612961502192922E+002
  0.228155407681221E-018  0.163644206878572E+003  0.744505032610593E+002
  0.241438975325610E-018  0.163527031390049E+003  0.613100358868832E+002
  0.371443478941596E-018  0.162661475467198E+003  0.744080157899286E+002
  0.487725792758460E-018  0.162112766185708E+003  0.743841721556754E+002
  0.653388758054077E-018  0.161523932288640E+003  0.743584873643669E+002
  0.104958074731983E-017  0.160571988720448E+003  0.743167471161948E+002
  0.118460079999175E-017  0.160325962627080E+003  0.743059154369056E+002
  0.118813833960129E-017  0.160316002978855E+003  0.614500110444610E+002
  0.143326143692830E-017  0.159936877151822E+003  0.614667396175419E+002
  0.185164821502670E-017  0.159420633952494E+003  0.614895888034338E+002
  0.315695251030806E-017  0.158349575952556E+003  0.742182306046701E+002
  0.315350528057151E-017  0.158347765037564E+003  0.742181497051279E+002
  0.505413890668990E-017  0.157400383289315E+003  0.741756845633958E+002
  0.521913708156485E-017  0.157332138113808E+003  0.741726145018503E+002
  0.762471377395288E-017  0.156570016696958E+003  0.616172600053135E+002
  0.940887137514153E-017  0.156145504244477E+003  0.741189914553081E+002
  0.976071355247635E-017  0.156068083238926E+003  0.741154768422124E+002
  0.109827559267723E-016  0.155828165449396E+003  0.741045729072551E+002
  0.119323186047439E-016  0.155658321107548E+003  0.740968421569527E+002
  0.122629487201372E-016  0.155599661404029E+003  0.616613176795392E+002
  0.124108053731171E-016  0.155571695244460E+003  0.616625920755552E+002
  0.132182304645159E-016  0.155441640282467E+003  0.616685220149551E+002
  0.137532765517039E-016  0.155358284041460E+003  0.616723256761166E+002
  0.148069942414781E-016  0.155206642910881E+003  0.740762363509403E+002
  0.168130782233215E-016  0.154948532113126E+003  0.616910572280085E+002
  0.175578186395451E-016  0.154857851491812E+003  0.740602773028794E+002
  0.186561553811050E-016  0.154732501923186E+003  0.617009557815037E+002
  0.200161743286926E-016  0.154587776869314E+003  0.617075959997989E+002
  0.223705014874806E-016  0.154361375804079E+003  0.617179980025602E+002
  0.236224729860810E-016  0.154248469176758E+003  0.740322955376072E+002
  0.293774846602203E-016  0.153808413073516E+003  0.740120095674570E+002
  0.465575752882675E-016  0.152883494724470E+003  0.739691519112474E+002
  0.500287721218426E-016  0.152735681604272E+003  0.617932128444026E+002
  0.532817303299206E-016  0.152605695159936E+003  0.739562205894890E+002
  0.542076465685395E-016  0.152567242200154E+003  0.739544284703832E+002
  0.616109531869536E-016  0.152307210820600E+003  0.618131919272838E+002
  0.711798724878673E-016  0.152014473970341E+003  0.618268798296275E+002
  0.921509887931040E-016  0.151494041313739E+003  0.739041964216756E+002
  0.946985326240459E-016  0.151435505126887E+003  0.618540430675641E+002
  0.969847501085445E-016  0.151383798630182E+003  0.618564749200796E+002
  0.971760734101255E-016  0.151375861080727E+003  0.738986392833038E+002
  0.106164876993186E-015  0.151194927463077E+003  0.618653662401495E+002
  0.129419982987571E-015  0.150794792519386E+003  0.738712409979602E+002
  0.179673935189340E-015  0.150134634636372E+003  0.738399607549186E+002
  0.187842347543854E-015  0.150041720036824E+003  0.738355450009210E+002
  0.253288818337505E-015  0.149439869275599E+003  0.738068624808071E+002
  0.258830212830051E-015  0.149392589498811E+003  0.619508842292854E+002
  0.265950849192948E-015  0.149334315060639E+003  0.619536698588379E+002
  0.289794141177071E-015  0.149158600457986E+003  0.737934103145400E+002
  0.334157189637643E-015  0.148869723058616E+003  0.619759252704516E+002
  0.541972294111757E-015  0.147898520308623E+003  0.620227221739735E+002
  0.658570857033534E-015  0.147504809829633E+003  0.737136878042071E+002
  0.819513737318210E-015  0.147063535740304E+003  0.620632565693044E+002
  0.111733373206529E-014  0.146439560997574E+003  0.736617546796068E+002
  0.124173132279010E-014  0.146224442226166E+003  0.736512104931353E+002
  0.131005622676369E-014  0.146113319373576E+003  0.621097314239346E+002
  0.137479518413508E-014  0.146012853957161E+003  0.621146670709004E+002
  0.149822467468193E-014  0.145836905764002E+003  0.736321663866205E+002
  0.179595460370144E-014  0.145470398086122E+003  0.736140974940421E+002
  0.179349786535659E-014  0.145469139811689E+003  0.621414522451758E+002
  0.243942967749006E-014  0.144849950915420E+003  0.621721086927130E+002
  0.313580084017113E-014  0.144343714270850E+003  0.621972957282172E+002
  0.334851919129815E-014  0.144208451019943E+003  0.735514431332300E+002
  0.347030684958968E-014  0.144133005407294E+003  0.622078122044232E+002
  0.390144135659541E-014  0.143894803313675E+003  0.622197244061821E+002
  0.405958933805365E-014  0.143811335794824E+003  0.622239044550441E+002
  0.412341812914337E-014  0.143776138505181E+003  0.735298195479527E+002
  0.468294529760473E-014  0.143517652926493E+003  0.735168508998521E+002
  0.568137286135888E-014  0.143127125610375E+003  0.734972007329817E+002
  0.606307967293766E-014  0.142993079678298E+003  0.622650475249753E+002
  0.685234589945150E-014  0.142744337287230E+003  0.622776145525487E+002
  0.685383029229606E-014  0.142739908077828E+003  0.622778385817764E+002
  0.689887455728087E-014  0.142722810816698E+003  0.734767841634149E+002
  0.710320397749027E-014  0.142660439499305E+003  0.734736279847876E+002
  0.881397811587104E-014  0.142224857620298E+003  0.734515363921499E+002
  0.983440010183689E-014  0.142001766474588E+003  0.623152998008286E+002
  0.992449766554885E-014  0.141979530952217E+003  0.734390554232022E+002
  0.106488078476872E-013  0.141834651477979E+003  0.734316715221100E+002
  0.153026012563081E-013  0.141105505704666E+003  0.623611276308985E+002
  0.184012106732686E-013  0.140732722440918E+003  0.623803013716596E+002
  0.196858976535415E-013  0.140593754306920E+003  0.733680214133323E+002
  0.323269871993315E-013  0.139597758553317E+003  0.624390932964530E+002
  0.358726593640555E-013  0.139385616489276E+003  0.624501530455436E+002
  0.362078512308740E-013  0.139363019379145E+003  0.624513324447416E+002
  0.362177604300597E-013  0.139358476097848E+003  0.733039180072261E+002
  0.426609264632736E-013  0.139027012468420E+003  0.732865877876738E+002
  0.568533347701036E-013  0.138448633568300E+003  0.624992734669583E+002
  0.592796004196298E-013  0.138361056837326E+003  0.625038875362282E+002
  0.625479924046951E-013  0.138249723031712E+003  0.625097589969451E+002
  0.890759175081369E-013  0.137538617283808E+003  0.732080741331755E+002
  0.926298642500469E-013  0.137456376106646E+003  0.625517854850942E+002
  0.971288656050957E-013  0.137357526080424E+003  0.731984424183014E+002
  0.978106888236946E-013  0.137339539564021E+003  0.731974848157067E+002
  0.982667436772881E-013  0.137326239975511E+003  0.731967766344060E+002
  0.981819940978130E-013  0.137323969602749E+003  0.625588318766794E+002
  0.983818439245175E-013  0.137315906727391E+003  0.625592612672565E+002
  0.100080958304451E-012  0.137277664387214E+003  0.625612983456127E+002
  0.102143233654682E-012  0.137232875105360E+003  0.625636851568146E+002
  0.112904763345719E-012  0.137028541937349E+003  0.625745876567500E+002
  0.116262987141774E-012  0.136965925743080E+003  0.625779331263941E+002
  0.122479238922326E-012  0.136857756174034E+003  0.625837174107931E+002
  0.142298148461937E-012  0.136553794256582E+003  0.626000054765598E+002
  0.143832510760441E-012  0.136528348232440E+003  0.731541163031563E+002
  0.144264716058427E-012  0.136518351397089E+003  0.626019079868538E+002
  0.150072547752723E-012  0.136435417569887E+003  0.731491251962364E+002
  0.155700390092442E-012  0.136357792053785E+003  0.626105351373110E+002
  0.161448632902180E-012  0.136281289157865E+003  0.626146507537016E+002
  0.176593716117377E-012  0.136097963801705E+003  0.626245262051629E+002
  0.192453692253281E-012  0.135921960076173E+003  0.731214628572617E+002
  0.202817849803752E-012  0.135813058631724E+003  0.731155770523596E+002
  0.210409464324817E-012  0.135735568270885E+003  0.626441027140188E+002
  0.217409633608630E-012  0.135666116617263E+003  0.731076247669201E+002
  0.249570657729520E-012  0.135386203040180E+003  0.626630449050892E+002
  0.250778811636432E-012  0.135372548535515E+003  0.730917009736470E+002
  0.268021332442139E-012  0.135235562022337E+003  0.730842538520062E+002
  0.278252700460745E-012  0.135156639778490E+003  0.626755291176108E+002
  0.283499920313584E-012  0.135115279479528E+003  0.730777060295189E+002
  0.291553025560374E-012  0.135055263368146E+003  0.730744358463527E+002
  0.305426293366803E-012  0.134958294185196E+003  0.730691477956771E+002
  0.314307614462122E-012  0.134896970807240E+003  0.730658008466772E+002
  0.319975729511901E-012  0.134857228847116E+003  0.730636306293959E+002
  0.321122577172970E-012  0.134846077315891E+003  0.626924661013711E+002
  0.345288010687700E-012  0.134696969367038E+003  0.627006176121698E+002
  0.351570589930704E-012  0.134656910094571E+003  0.627028097814931E+002
  0.373951733343405E-012  0.134529481653390E+003  0.627097892500056E+002
  0.497426148401840E-012  0.133954844915461E+003  0.730141067316231E+002
  0.501738815942120E-012  0.133933583715793E+003  0.730129341327521E+002
  0.521184308410909E-012  0.133853539628840E+003  0.627469704748867E+002
  0.538644361430139E-012  0.133783640017159E+003  0.627508307937231E+002
  0.576683610088375E-012  0.133643167534376E+003  0.729968901914428E+002
  0.576203320849676E-012  0.133640837917153E+003  0.729967612892457E+002
  0.927254796574960E-012  0.132685306305301E+003  0.628118742877012E+002
  0.101938749142156E-011  0.132491852623895E+003  0.729327851463082E+002
  0.112987578573197E-011  0.132282045110104E+003  0.729210153202727E+002
  0.137248875682627E-011  0.131889013104641E+003  0.628565949289905E+002
  0.158318698195803E-011  0.131599388719238E+003  0.628729596329435E+002
  0.168229766661868E-011  0.131473951463783E+003  0.728754237392636E+002
  0.168308948542596E-011  0.131469014325939E+003  0.628803436939576E+002
  0.179332574458515E-011  0.131338136780874E+003  0.628877672422574E+002
  0.182294511893231E-011  0.131301377702387E+003  0.728656333546159E+002
  0.203947266538256E-011  0.131072905923772E+003  0.728526421475158E+002
  0.237217967917236E-011  0.130766674015925E+003  0.728351760008025E+002
  0.288347277509632E-011  0.130372305682456E+003  0.629428957417105E+002
  0.355238430366922E-011  0.129951062436197E+003  0.629671336336403E+002
  0.363711015702649E-011  0.129899925549771E+003  0.629700841440151E+002
  0.379112291443793E-011  0.129812983933894E+003  0.629751046015448E+002
  0.383800478344707E-011  0.129784407158131E+003  0.727787317129907E+002
  0.446866602782056E-011  0.129476136568039E+003  0.629946046463081E+002
  0.461140834187357E-011  0.129409253820313E+003  0.629984857519176E+002
  0.534539792959918E-011  0.129109852448704E+003  0.727395900661623E+002
  0.631654037180945E-011  0.128771985127172E+003  0.727198660823733E+002
  0.640626272952768E-011  0.128739780292580E+003  0.727179818361183E+002
  0.786673197286523E-011  0.128325050964096E+003  0.726936509014857E+002
  0.909589579290318E-011  0.128030693808664E+003  0.630791806186496E+002
  0.107541188116661E-010  0.127691766750447E+003  0.726562589905393E+002
  0.117663592740338E-010  0.127507859296229E+003  0.631101422775154E+002
  0.124321298150968E-010  0.127393783921557E+003  0.631169244495160E+002
  0.169599177911680E-010  0.126768650821132E+003  0.726012239538660E+002
  0.212119998818191E-010  0.126317226274666E+003  0.631814118365183E+002
  0.220356230000619E-010  0.126237043634550E+003  0.725692372444391E+002
  0.280912403562055E-010  0.125747452778131E+003  0.632159030931246E+002
  0.284242573381129E-010  0.125719886541641E+003  0.632175782902417E+002
  0.313744995658601E-010  0.125518385466306E+003  0.632298418251706E+002
  0.323631921561104E-010  0.125452336890554E+003  0.632338686477984E+002
  0.335486135060661E-010  0.125376393277389E+003  0.725169845410718E+002
  0.346624838443936E-010  0.125307072455078E+003  0.725127502289487E+002
  0.376782093945632E-010  0.125136228485063E+003  0.725022980436250E+002
  0.424458094245029E-010  0.124893939954206E+003  0.724874342623564E+002
  0.459837662664055E-010  0.124729823474918E+003  0.724773388495413E+002
  0.557800146056564E-010  0.124339573035407E+003  0.724532436423788E+002
  0.667146334012889E-010  0.123977559677804E+003  0.724307778681266E+002
  0.715719586044626E-010  0.123833005597537E+003  0.724217761207879E+002
  0.720119121761689E-010  0.123816753203073E+003  0.724207629277522E+002
  0.751230104762753E-010  0.123728166482873E+003  0.724152363519677E+002
  0.758162314562129E-010  0.123705799486805E+003  0.724138398987118E+002
  0.824263007925091E-010  0.123534619150818E+003  0.633523493918334E+002
  0.855645768306831E-010  0.123455889535360E+003  0.723982077705708E+002
  0.901043605456367E-010  0.123348499160539E+003  0.633640138477798E+002
  0.924124064930948E-010  0.123293917797486E+003  0.633674402749626E+002
  0.936684856873736E-010  0.123262920668987E+003  0.723861002822973E+002
  0.105449779676838E-009  0.123021978629793E+003  0.723709370032623E+002
  0.107732753840416E-009  0.122975144941574E+003  0.633875039475251E+002
  0.115909121350050E-009  0.122824843359420E+003  0.633969951465306E+002
  0.132387984843539E-009  0.122554986468001E+003  0.634140866333821E+002
  0.136590806223129E-009  0.122488484962609E+003  0.723371790165886E+002
  0.143541740573264E-009  0.122385216502331E+003  0.634248726950114E+002
  0.144760589333557E-009  0.122364309693373E+003  0.723292848251725E+002
  0.156830232612603E-009  0.122200148428917E+003  0.723188270675306E+002
  0.234946036837636E-009  0.121387768507719E+003  0.634887792861718E+002
  0.239155743897077E-009  0.121348254241375E+003  0.634913301419744E+002
  0.247662309432592E-009  0.121274355886150E+003  0.722593829490650E+002
  0.291323822929079E-009  0.120945621322244E+003  0.635174073076462E+002
  0.304991744850422E-009  0.120849926780657E+003  0.722318595195427E+002
  0.344115205804503E-009  0.120604547191883E+003  0.722158674531214E+002
  0.360039430805471E-009  0.120510077079426E+003  0.635457927732101E+002
  0.365235163674547E-009  0.120477425324714E+003  0.635479282648604E+002
  0.398979235681941E-009  0.120296693430433E+003  0.635597676025017E+002
  0.406848595522925E-009  0.120253633944263E+003  0.721928944844812E+002
  0.514989031822584E-009  0.119778228963049E+003  0.721615750059915E+002
  0.541660300588811E-009  0.119673246057198E+003  0.636008597470718E+002
  0.548022884743969E-009  0.119645894065293E+003  0.721528160148183E+002
  0.580444619966091E-009  0.119526943361059E+003  0.636105600538915E+002
  0.582404632154117E-009  0.119516205246933E+003  0.721442147162461E+002
  0.606153838107991E-009  0.119432272518199E+003  0.721386388253103E+002
  0.615105846854657E-009  0.119398955413698E+003  0.636190641572886E+002
  0.712174287868983E-009  0.119101902796202E+003  0.636388674394552E+002
  0.863279523165038E-009  0.118713075055051E+003  0.636649296641781E+002
  0.882804860393020E-009  0.118664347761084E+003  0.720872804884268E+002
  0.928980672480993E-009  0.118558384247909E+003  0.720801444340790E+002
  0.945860350649172E-009  0.118518374235927E+003  0.720774468283558E+002
  0.990165984291315E-009  0.118422822925204E+003  0.636844901824059E+002
  0.108469370627273E-008  0.118236466244320E+003  0.720583903308802E+002
  0.113675867422786E-008  0.118138703647700E+003  0.720517614294754E+002
  0.127933988895010E-008  0.117898381064917E+003  0.720354211662591E+002
  0.129376786744360E-008  0.117871955948848E+003  0.720336205216495E+002
  0.131102286108076E-008  0.117841462235514E+003  0.637239459410308E+002
  0.131701901743257E-008  0.117828339789997E+003  0.637248408606683E+002
  0.134115525530120E-008  0.117788022763187E+003  0.637275915934464E+002
  0.144275025146524E-008  0.117637987126778E+003  0.720176433911055E+002
  0.145482264656941E-008  0.117617325497659E+003  0.720162294974208E+002
  0.145309328330163E-008  0.117615708327917E+003  0.720161188126707E+002
  0.165442370704199E-008  0.117352196018770E+003  0.719980433933958E+002
  0.171694076366976E-008  0.117274017320448E+003  0.637628220931703E+002
  0.181589260975549E-008  0.117157955192294E+003  0.719846686641332E+002
  0.184812050935252E-008  0.117118775109072E+003  0.637735220268556E+002
  0.192860693757880E-008  0.117029521570715E+003  0.637796863972034E+002
  0.198599105268884E-008  0.116966885341143E+003  0.637840179636677E+002
  0.235743410775288E-008  0.116619977886494E+003  0.638080915919782E+002
  0.278469431115842E-008  0.116282853241825E+003  0.638316235718450E+002
  0.282064549002039E-008  0.116253201934154E+003  0.719217877637288E+002
  0.296573846134970E-008  0.116148885318850E+003  0.638410128903439E+002
  0.326530618463279E-008  0.115952434363024E+003  0.638548210434427E+002
  0.338334688996951E-008  0.115877414582635E+003  0.718953810494768E+002
  0.342843169573011E-008  0.115846943574607E+003  0.718932322292253E+002
  0.348900538489765E-008  0.115807920008190E+003  0.638650090072965E+002
  0.350816543605017E-008  0.115792970947962E+003  0.638660643618289E+002
  0.388385354317253E-008  0.115585505724757E+003  0.638807394929709E+002
  0.445357542790967E-008  0.115307750922371E+003  0.639004713563658E+002
  0.458630898002079E-008  0.115245018284503E+003  0.718505461215512E+002
  0.484278201136285E-008  0.115132194690090E+003  0.718424939846723E+002
  0.491406225099655E-008  0.115098975503212E+003  0.718401200375468E+002
  0.498086287403030E-008  0.115067975094295E+003  0.639175842404689E+002
  0.533401388437614E-008  0.114926977319276E+003  0.718278056912429E+002
  0.600186645948121E-008  0.114687048376586E+003  0.639449242277046E+002
  0.607826562412426E-008  0.114657754573941E+003  0.718084530225093E+002
  0.665913091360235E-008  0.114471219395635E+003  0.717949881529775E+002
  0.696699049323655E-008  0.114376834652468E+003  0.639673301955451E+002
  0.701489826488569E-008  0.114359132928276E+003  0.717868749876349E+002
  0.714360226176542E-008  0.114318775009669E+003  0.639715379774278E+002
  0.742379339788865E-008  0.114237833007205E+003  0.639774116982140E+002
  0.783517812249404E-008  0.114125970114668E+003  0.639855438462352E+002
  0.788500284679188E-008  0.114109296165944E+003  0.717687301525890E+002
  0.837082798895676E-008  0.113985719717485E+003  0.639957637624626E+002
  0.838639123684352E-008  0.113978008715739E+003  0.639963264364150E+002
  0.853529248015020E-008  0.113938814064908E+003  0.639991877429950E+002
  0.905340764708415E-008  0.113816954862691E+003  0.717473903268990E+002
  0.904655661337985E-008  0.113814472901025E+003  0.717472086491246E+002
  0.996228076424125E-008  0.113617633221348E+003  0.640227147451552E+002
  0.109149233870354E-007  0.113430987349726E+003  0.717190345592609E+002
  0.111062209840527E-007  0.113392242485570E+003  0.717161765318654E+002
  0.134269838985643E-007  0.113008724469110E+003  0.640677170464209E+002
  0.148126430161456E-007  0.112808299127703E+003  0.640826465084098E+002
  0.168508512539083E-007  0.112546462920188E+003  0.641022393365155E+002
  0.183001055284072E-007  0.112377455612126E+003  0.641149400881636E+002
  0.183964977348695E-007  0.112362952647618E+003  0.641160319710726E+002
  0.185464802580660E-007  0.112342717199198E+003  0.716379316434268E+002
  0.239961372408410E-007  0.111823495510779E+003  0.715986139864012E+002
  0.250328367652863E-007  0.111734908376382E+003  0.641636233773741E+002
  0.262295626721950E-007  0.111637514996461E+003  0.715844293125163E+002
  0.296186718124205E-007  0.111390483299135E+003  0.715655039202191E+002
  0.301984396668610E-007  0.111347716714898E+003  0.715622176499093E+002
  0.314323707685668E-007  0.111263624666181E+003  0.715557472847540E+002
  0.348706866415327E-007  0.111052012113093E+003  0.642160731922779E+002
  0.355047778666658E-007  0.111011974661256E+003  0.642191716014542E+002
  0.384582398557756E-007  0.110848167259303E+003  0.642318757161756E+002
  0.398389549968448E-007  0.110773626796296E+003  0.642376713947784E+002
  0.407834747644979E-007  0.110722767257555E+003  0.642416311332913E+002
  0.425139289985634E-007  0.110635661663637E+003  0.642484228933914E+002
  0.470400214565211E-007  0.110429331665619E+003  0.714909259043163E+002
  0.492260800666598E-007  0.110334486048322E+003  0.642720046140808E+002
  0.495619309583905E-007  0.110316891138345E+003  0.642733870462553E+002
  0.534099248496594E-007  0.110163347994482E+003  0.642854735101675E+002
  0.537714810920814E-007  0.110145858692977E+003  0.642868527972660E+002
  0.576162158346258E-007  0.110003741052465E+003  0.642980805564794E+002
  0.589353237020460E-007  0.109954471884735E+003  0.643019812117392E+002
  0.594036688078675E-007  0.109934645169983E+003  0.643035521000954E+002
  0.623206710609207E-007  0.109834774803482E+003  0.714440121682232E+002
  0.673669848572349E-007  0.109675055019150E+003  0.643241837268017E+002
  0.679277408289036E-007  0.109654480121193E+003  0.714296635101297E+002
  0.698886993209976E-007  0.109593565192603E+003  0.714248025091132E+002
  0.704388762707320E-007  0.109573886460160E+003  0.643322568827284E+002
  0.742129590400593E-007  0.109465503545719E+003  0.643409261831961E+002
  0.747144131459826E-007  0.109448039069322E+003  0.643423251152903E+002
  0.761084975566674E-007  0.109407069261857E+003  0.714098785721363E+002
  0.789793687247452E-007  0.109329019773907E+003  0.643518735288024E+002
  0.818421930765350E-007  0.109253811257722E+003  0.713975670634844E+002
  0.875550032705133E-007  0.109114866679855E+003  0.713863680433233E+002
  0.882761536767886E-007  0.109094465062182E+003  0.643707669589605E+002
  0.899306705652046E-007  0.109053330985715E+003  0.713813967904554E+002
  0.939136046949322E-007  0.108962662551936E+003  0.643814284823687E+002
  0.296128151544444E-006  0.106602831129041E+003  0.643946267383847E+002
  0.308379106107510E-006  0.106521755958982E+003  0.644012260592476E+002
  0.365047165597871E-006  0.106172632368111E+003  0.644297881683444E+002
  0.366171518438943E-006  0.106166481793724E+003  0.644302934734228E+002
  0.366509577825106E-006  0.106164636191801E+003  0.644304451146883E+002
  0.401542234420852E-006  0.105982060061335E+003  0.644454793368762E+002
  0.404578640745245E-006  0.105966993235611E+003  0.644467229564226E+002
  0.441052457524731E-006  0.105770405478766E+003  0.644629908660485E+002
  0.441835935499243E-006  0.105766855865083E+003  0.644632853138794E+002
  0.479995768069384E-006  0.105601178543436E+003  0.644770569573592E+002
  0.559186361772745E-006  0.105283682885598E+003  0.645036053061345E+002
  0.642190021563349E-006  0.104994795373016E+003  0.645279443155121E+002
  0.644778094874249E-006  0.104974666794090E+003  0.645296467582307E+002
  0.672041752221954E-006  0.104891838291630E+003  0.645366613885762E+002
  0.673340275318915E-006  0.104887977608275E+003  0.645369887037211E+002
  0.727780640429767E-006  0.104732479861981E+003  0.645501988245995E+002
  0.843043654865785E-006  0.104413901562613E+003  0.645774283872080E+002
  0.105606590535504E-005  0.103951094846778E+003  0.646173905861310E+002
  0.113052201751026E-005  0.103814837057297E+003  0.646292497777876E+002
  0.119147219671094E-005  0.103709816669020E+003  0.646384198507376E+002
  0.125291171197068E-005  0.103596871669473E+003  0.646483109374888E+002
  0.136665558852066E-005  0.103423078935606E+003  0.646635901784675E+002
  0.164069957661574E-005  0.103057566649728E+003  0.646959641426669E+002
  0.226438269291183E-005  0.102413207733647E+003  0.647538529222852E+002
  0.230368728064692E-005  0.102366171745845E+003  0.647581206726308E+002
  0.245458814102539E-005  0.102239275787631E+003  0.647696636462856E+002
  0.247355343142487E-005  0.102223882249319E+003  0.647710668222048E+002
  0.247491062576570E-005  0.102222785186183E+003  0.647711668476162E+002
  0.265575267587854E-005  0.102068875758143E+003  0.647852316999337E+002
  0.283670944777891E-005  0.101937042504103E+003  0.647973302060960E+002
  0.355380996440433E-005  0.101486291459860E+003  0.648390600932043E+002
  0.355854371176578E-005  0.101483629191769E+003  0.648393082646761E+002
  0.362335405177969E-005  0.101434416912542E+003  0.648438993939536E+002
  0.376660464210169E-005  0.101356869233132E+003  0.648511481331148E+002
  0.413690585077444E-005  0.101169320914823E+003  0.648687513242670E+002
  0.520689314144023E-005  0.100709250469818E+003  0.649123758524597E+002
  0.533125784288584E-005  0.100662042766819E+003  0.649168885132531E+002
  0.536994777103872E-005  0.100647580808744E+003  0.649182723321235E+002
  0.600810817862749E-005  0.100409437959467E+003  0.649411532440456E+002
  0.617738788895988E-005  0.100353866778734E+003  0.649465182592561E+002
  0.622000522624924E-005  0.100340116305626E+003  0.649478472890078E+002
  0.627179956065358E-005  0.100323531150126E+003  0.649494511029355E+002
  0.637341281071460E-005  0.100291387621238E+003  0.649525619427362E+002
  0.637273260231006E-005  0.100277663745855E+003  0.649538911429703E+002
  0.637114320778520E-005  0.100264225280425E+003  0.649551932861619E+002
  0.637700950020203E-005  0.100262384608144E+003  0.649553716864425E+002
  0.669948546381618E-005  0.100163721668324E+003  0.649649502125196E+002
  0.712186208748120E-005  0.100041444681585E+003  0.649768651567028E+002
  0.745186878067397E-005  0.999508534343706E+002  0.649857242274184E+002
  0.754640815764796E-005  0.999256397036257E+002  0.649881947524212E+002
  0.844688468500159E-005  0.997001877282086E+002  0.650103798942481E+002
  0.866019334918822E-005  0.996503090242863E+002  0.650153113347678E+002
  0.986574436490216E-005  0.993896459388037E+002  0.650412222172051E+002
  0.995030718816691E-005  0.993725762745757E+002  0.650429272677809E+002
  0.114018799710844E-004  0.991002266192316E+002  0.650702717283710E+002
  0.121383232387624E-004  0.989750478075808E+002  0.650829296779272E+002
  0.122388017073882E-004  0.989434659659210E+002  0.650861322672811E+002
  0.125980209740147E-004  0.988856092389241E+002  0.650920088393006E+002
  0.126520084941960E-004  0.988770567574280E+002  0.650928785763712E+002
  0.130150468671044E-004  0.988051506866730E+002  0.651002017714365E+002
  0.134220059014050E-004  0.987282460372408E+002  0.651080554699016E+002
  0.137095274284357E-004  0.986858551723451E+002  0.651123940687153E+002
  0.150109288513486E-004  0.985044801682773E+002  0.651310347345451E+002
  0.170855954995951E-004  0.982300014590472E+002  0.651594871438575E+002
  0.174564936306603E-004  0.981870495246764E+002  0.651639665256522E+002
  0.185757989037770E-004  0.980627537405845E+002  0.651769709714491E+002
  0.197619613817659E-004  0.978918940491621E+002  0.651949500469570E+002
  0.205675914535736E-004  0.978119787312511E+002  0.652034007944530E+002
  0.235089923615283E-004  0.975133953052872E+002  0.652352139868618E+002
  0.239393467557907E-004  0.974771144825011E+002  0.652391057372902E+002
  0.248840153053282E-004  0.973840236702038E+002  0.652491177074888E+002
  0.250618455308418E-004  0.973697817711566E+002  0.652506527971624E+002
  0.277154958113553E-004  0.971684916089408E+002  0.652724459651533E+002
  0.287680494798210E-004  0.970939441971467E+002  0.652805634245904E+002
  0.328681124095609E-004  0.968274690334559E+002  0.653097896634164E+002
  0.350692004584924E-004  0.966978284227510E+002  0.653241292256076E+002
  0.358973116256749E-004  0.966511501384200E+002  0.653293120717509E+002
  0.356712815901341E-004  0.966473220997676E+002  0.653297375794285E+002
  0.360120796457604E-004  0.966283050995924E+002  0.653318524784308E+002
  0.366076760493635E-004  0.965954980622857E+002  0.653355051164935E+002
  0.391426808606981E-004  0.964615870478424E+002  0.653504691218580E+002
  0.401273426177631E-004  0.964118980298836E+002  0.653560442529937E+002
  0.426253199088956E-004  0.962740956944951E+002  0.653715706301030E+002
  0.434423439832423E-004  0.962191019301613E+002  0.653777937725544E+002
  0.434982823288006E-004  0.962165282954568E+002  0.653780853868020E+002
  0.440547559908163E-004  0.961911045675713E+002  0.653809679370049E+002
  0.449201982573270E-004  0.961521961098479E+002  0.653853858452401E+002
  0.460934520689425E-004  0.961006293919698E+002  0.653912531466179E+002
  0.460006986207849E-004  0.960695694098323E+002  0.653947938661451E+002
  0.460249325114065E-004  0.960685160558532E+002  0.653949140330066E+002
  0.462024373415778E-004  0.960608174713819E+002  0.653957924659236E+002
  0.551449783716355E-004  0.957069512022984E+002  0.654365108847255E+002
  0.551970986442491E-004  0.957050617951783E+002  0.654367301165829E+002
  0.574712872086602E-004  0.956243116370120E+002  0.654461182001480E+002
  0.577431417073284E-004  0.955785087711603E+002  0.654514594269224E+002
  0.597802398859761E-004  0.955091675999082E+002  0.654595679845773E+002
  0.602453839211629E-004  0.954936660311916E+002  0.654613844149297E+002
  0.628048863291621E-004  0.953920188725473E+002  0.654733291437558E+002
  0.630923916638177E-004  0.953828842561672E+002  0.654744054751173E+002
  0.660293365170594E-004  0.952918863571172E+002  0.654851541900241E+002
  0.681075676352604E-004  0.952299079643888E+002  0.654925028371181E+002
  0.707255300281983E-004  0.951544714062756E+002  0.655014778539825E+002
  0.728055666982138E-004  0.950964997931921E+002  0.655083980917487E+002
  0.750616203658449E-004  0.950354658668569E+002  0.655157057960519E+002
  0.751973619308345E-004  0.950318523297534E+002  0.655161391605306E+002
  0.798219618642523E-004  0.949124872731732E+002  0.655304993530870E+002
  0.830573611029731E-004  0.948330216955707E+002  0.655401083578951E+002
  0.863636362077281E-004  0.947348505373314E+002  0.655520340661124E+002
  0.882323681126293E-004  0.946920361951252E+002  0.655572542917290E+002
  0.899628976783334E-004  0.946531892826849E+002  0.655620009628409E+002
  0.984480129291432E-004  0.944729267146577E+002  0.655841556430269E+002
  0.101189128586695E-003  0.944180013052128E+002  0.655909487635168E+002
  0.107431694958017E-003  0.942982734575555E+002  0.656058269795308E+002
  0.116525039888440E-003  0.941357715881626E+002  0.656261778621441E+002
  0.126686354537554E-003  0.939685551922455E+002  0.656473130031684E+002
  0.129344293205297E-003  0.939270283800275E+002  0.656525928582915E+002
  0.135317057101465E-003  0.938367427653579E+002  0.656641155208009E+002
  0.136665691702378E-003  0.938169084830738E+002  0.656666549072703E+002
  0.147024880280807E-003  0.936707803051775E+002  0.656854543855759E+002
  0.146981577259311E-003  0.936487703384887E+002  0.656882999687070E+002
  0.153746109631292E-003  0.935587796404946E+002  0.656999731956970E+002
  0.155184359063763E-003  0.935172998082737E+002  0.657053749102994E+002
  0.163837443328510E-003  0.934087779810682E+002  0.657195711300614E+002
  0.166552445431445E-003  0.933759069603610E+002  0.657238895965942E+002
  0.172821143801061E-003  0.933020130374693E+002  0.657336292453686E+002
  0.172980793174778E-003  0.933001663227117E+002  0.657338732198344E+002
  0.192107442531971E-003  0.930904178310927E+002  0.657617666935485E+002
  0.197481498994191E-003  0.930109949261444E+002  0.657724252360769E+002
  0.199992553714989E-003  0.929857244652337E+002  0.657758278625060E+002
  0.207127856197994E-003  0.929156122033286E+002  0.657852973364554E+002
  0.212425317961492E-003  0.928651037706812E+002  0.657921457291308E+002
  0.212759147585430E-003  0.928619632072826E+002  0.657925722980371E+002
  0.224469834806412E-003  0.927548020700216E+002  0.658071801810587E+002
  0.226285286904368E-003  0.927386916648193E+002  0.658093852238831E+002
  0.242110087623173E-003  0.925773555104560E+002  0.658315984710497E+002
  0.262039369333770E-003  0.923930068936137E+002  0.658572790718662E+002
  0.274883709457691E-003  0.922973001407630E+002  0.658707410340065E+002
  0.275280191056343E-003  0.922944174967588E+002  0.658711479032821E+002
  0.276332173958427E-003  0.922867890660405E+002  0.658722250123812E+002
  0.276108705993664E-003  0.922611958027732E+002  0.658758429299445E+002
  0.321015280579238E-003  0.919598076536173E+002  0.659189504143745E+002
  0.321117965865960E-003  0.919315813583882E+002  0.659230363006103E+002
  0.326424428227141E-003  0.918988015361045E+002  0.659277920754460E+002
  0.348234643781331E-003  0.917694454268473E+002  0.659466736706738E+002
  0.350197201755344E-003  0.917582056006457E+002  0.659483230285160E+002
  0.371186529389752E-003  0.916417890376597E+002  0.659654899341512E+002
  0.371837571735793E-003  0.916382842118450E+002  0.659660091496963E+002
  0.387526797686937E-003  0.915556284560010E+002  0.659782951661794E+002
  0.406606668611764E-003  0.914294301007706E+002  0.659972082146227E+002
  0.407935783972233E-003  0.914229031651352E+002  0.659981915669926E+002
  0.430938536647137E-003  0.912826568133625E+002  0.660194468861140E+002
  0.436268165502527E-003  0.912580735349169E+002  0.660231977477680E+002
  0.440448760072845E-003  0.912389995276278E+002  0.660261132519016E+002
  0.465324562443651E-003  0.911291174687376E+002  0.660429991857671E+002
  0.473703575493366E-003  0.910934242446304E+002  0.660485178201990E+002
  0.476872747983003E-003  0.910800884012964E+002  0.660505839913793E+002
  0.490682783160704E-003  0.910229920480635E+002  0.660594566836225E+002
  0.499472371890555E-003  0.909538689537675E+002  0.660702565959339E+002
  0.527800657840787E-003  0.908435361829221E+002  0.660876301783056E+002
  0.531794805542675E-003  0.908284581016812E+002  0.660900175663151E+002
  0.544720892312358E-003  0.907804264452537E+002  0.660976440039176E+002
  0.546408806195487E-003  0.907742386740590E+002  0.660986288715937E+002
  0.546546982567524E-003  0.907737329761188E+002  0.660987093843768E+002
  0.580639502042280E-003  0.906527133520986E+002  0.661180829905085E+002
  0.597879374405529E-003  0.905941954866994E+002  0.661275278267450E+002
  0.629596867960577E-003  0.904908140789421E+002  0.661443394423795E+002
  0.645855292294925E-003  0.904398225779161E+002  0.661526918817897E+002
  0.651013804684843E-003  0.904239118291508E+002  0.661553063629169E+002
  0.654705320494354E-003  0.904126030397679E+002  0.661571670576631E+002
  0.671137867255298E-003  0.903630243613751E+002  0.661653483608712E+002
  0.687950271159191E-003  0.903135404137662E+002  0.661735531949445E+002
  0.704856503245791E-003  0.902649850426253E+002  0.661816426435796E+002
  0.716640400260672E-003  0.902318251618587E+002  0.661871894084936E+002
  0.733772064142218E-003  0.900956731165399E+002  0.662101574041349E+002
  0.760359265006449E-003  0.900244879212856E+002  0.662222927531906E+002
  0.795450897875427E-003  0.899342517566533E+002  0.662378048905251E+002
  0.839961505848670E-003  0.898253578698494E+002  0.662567220430735E+002
  0.845282386352364E-003  0.898127284855584E+002  0.662589303380424E+002
  0.860537490824251E-003  0.897769556319756E+002  0.662652017693966E+002
  0.870188523197980E-003  0.897546502356727E+002  0.662691245615878E+002
  0.893998381288119E-003  0.897006620696184E+002  0.662786591539856E+002
  0.980554168500564E-003  0.895158342188749E+002  0.663117402141403E+002
  0.982235560965940E-003  0.895124076819384E+002  0.663123601067539E+002
  0.997984937182001E-003  0.894805936322956E+002  0.663181273296514E+002
  0.101225253640123E-002  0.894522032774518E+002  0.663232919751221E+002
  0.101966334156773E-002  0.894376144096610E+002  0.663259526020659E+002
  0.103585942484376E-002  0.894060965520679E+002  0.663317162641916E+002
  0.108895516634873E-002  0.893061220936326E+002  0.663501424505012E+002
  0.111004012518877E-002  0.892677671137393E+002  0.663572708830045E+002
  0.111543103861684E-002  0.892580776168629E+002  0.663590770104376E+002
  0.112397292281474E-002  0.892428201184008E+002  0.663619253786892E+002
  0.113260731084066E-002  0.892275147815281E+002  0.663647880654454E+002
  0.113580156266683E-002  0.892218821921395E+002  0.663658429407603E+002
  0.116833010290681E-002  0.891654085070633E+002  0.663764603426390E+002
  0.117986318380700E-002  0.891457624690604E+002  0.663801715672475E+002
  0.128425567921364E-002  0.889762008156024E+002  0.664125931670173E+002
  0.131353693143570E-002  0.889311125475933E+002  0.664213358913855E+002
  0.137411837648278E-002  0.888409347512496E+002  0.664389809563749E+002
  0.137978082418079E-002  0.888327101137225E+002  0.664406010494591E+002
  0.538457894545670E-002  0.849631054751713E+002  0.665041455490181E+002
  0.539210166674926E-002  0.849603132526735E+002  0.665047214517992E+002
  0.544548153713770E-002  0.849406113316621E+002  0.665087919074723E+002
  0.545794412430392E-002  0.849360393400769E+002  0.665097382213302E+002
  0.549755560809398E-002  0.849215765926446E+002  0.665127360504857E+002
