  0.804622499087566E-001  0.829695735178288E+002  0.693559075841710E+002
  0.804622499087566E-001  0.831134699739131E+002  0.663722587952120E+002
  0.804622499087566E-001  0.831347825321098E+002  0.693872333263234E+002
  0.804622499087566E-001  0.862512874758610E+002  0.658667614104105E+002
  0.804622499087566E-001  0.831361292620565E+002  0.663680015952922E+002
  0.804622499087566E-001  0.855713870883078E+002  0.659649216826178E+002
  0.804622499087566E-001  0.831548050629907E+002  0.693909857962998E+002
  0.804622499087566E-001  0.853404989793319E+002  0.697560651244279E+002
  0.804622499087566E-001  0.834906229717277E+002  0.663028973801960E+002
  0.804622499087566E-001  0.835068026312088E+002  0.662999900235788E+002
  0.804622499087566E-001  0.850209227975322E+002  0.660482488066441E+002
  0.804622499087566E-001  0.835468577468799E+002  0.694626722269139E+002
  0.804622499087566E-001  0.837161477081525E+002  0.662628443000020E+002
  0.804622499087566E-001  0.847887268057254E+002  0.660845584962623E+002
  0.804622499087566E-001  0.846766182410232E+002  0.696531323111135E+002
  0.804622499087566E-001  0.845486073940412E+002  0.696325903940873E+002
  0.804622499087566E-001  0.844238209176407E+002  0.661431558542736E+002
  0.804622499087566E-001  0.840661939590556E+002  0.695529156329924E+002
  0.804622499087566E-001  0.840768133101169E+002  0.695547102586814E+002
  0.804622499087566E-001  0.841226270580528E+002  0.661930569329334E+002
  0.804622499087566E-001  0.828109755620835E+002  0.664302898839776E+002
  0.804622499087566E-001  0.827429653490981E+002  0.664436603859193E+002
  0.804622499087566E-001  0.826245046778383E+002  0.692882357756950E+002
  0.804622499087566E-001  0.826147836547893E+002  0.664692053171207E+002
  0.804622499087566E-001  0.825681688685832E+002  0.664786106725606E+002
  0.804622499087566E-001  0.825245135598950E+002  0.664874765973371E+002
  0.804622499087566E-001  0.825200932191619E+002  0.692671101325896E+002
  0.804622499087566E-001  0.824984578409093E+002  0.692626923272731E+002
  0.804622499087566E-001  0.824768860347970E+002  0.692582734279700E+002
  0.804622499087566E-001  0.824551189341145E+002  0.665016874682101E+002
  0.804622499087566E-001  0.824047196176851E+002  0.665121011114679E+002
  0.804622499087566E-001  0.823208323427890E+002  0.692258751220906E+002
  0.804622499087566E-001  0.822972626974521E+002  0.692209139015212E+002
  0.804622499087566E-001  0.822679823080811E+002  0.665407626336424E+002
  0.804622499087566E-001  0.822556487381258E+002  0.665433781434423E+002
  0.804622499087566E-001  0.822504943295534E+002  0.665444727296695E+002
  0.804622499087566E-001  0.821913863734239E+002  0.691983979076328E+002
  0.804622499087566E-001  0.821891107660731E+002  0.665575778538319E+002
  0.804622499087566E-001  0.821679981097203E+002  0.691933721229800E+002
  0.804622499087566E-001  0.821629995567333E+002  0.691922955173373E+002
  0.804622499087566E-001  0.821130735301522E+002  0.665739941160764E+002
  0.804622499087566E-001  0.821055438628134E+002  0.691798565920452E+002
  0.804622499087566E-001  0.820963155258737E+002  0.691778476017901E+002
  0.804622499087566E-001  0.820659674277110E+002  0.691712188791396E+002
  0.804622499087566E-001  0.820622555906842E+002  0.691704057955636E+002
  0.804622499087566E-001  0.820197638525757E+002  0.665944263957391E+002
  0.804622499087566E-001  0.819538473590645E+002  0.691464289722903E+002
  0.804622499087566E-001  0.819086335088685E+002  0.666191936329444E+002
  0.804622499087566E-001  0.818670518954839E+002  0.691269005845220E+002
  0.804622499087566E-001  0.818546284096848E+002  0.666314072558135E+002
  0.804622499087566E-001  0.818054437864504E+002  0.691128518301319E+002
  0.804622499087566E-001  0.817752236973625E+002  0.691059018711832E+002
  0.804622499087566E-001  0.817614592584850E+002  0.691027232817143E+002
  0.804622499087566E-001  0.816705041191206E+002  0.690815082667975E+002
  0.804622499087566E-001  0.815905438061126E+002  0.690625440328052E+002
  0.804622499087566E-001  0.815322529724313E+002  0.690485255870525E+002
  0.804622499087566E-001  0.814603117143474E+002  0.667244981855277E+002
  0.804622499087566E-001  0.814489522481775E+002  0.690281960411355E+002
  0.804622499087566E-001  0.813969511958907E+002  0.667401665999173E+002
  0.804622499087566E-001  0.813964678252029E+002  0.667402869621509E+002
  0.804622499087566E-001  0.813931372123148E+002  0.690143709565911E+002
  0.804622499087566E-001  0.813655627017792E+002  0.667480091454387E+002
  0.804622499087566E-001  0.813636223220243E+002  0.690069918630990E+002
  0.804622499087566E-001  0.813405915525971E+002  0.667542873915393E+002
  0.804622499087566E-001  0.813305547946148E+002  0.667568207403529E+002
  0.804622499087566E-001  0.813278038094425E+002  0.689979714991927E+002
  0.804622499087566E-001  0.812909665825393E+002  0.667668694185674E+002
  0.804622499087566E-001  0.812765007385485E+002  0.667705640358699E+002
  0.804622499087566E-001  0.812231952391974E+002  0.689712014477666E+002
  0.804622499087566E-001  0.811980631263099E+002  0.667908158647682E+002
  0.804622499087566E-001  0.811958618197588E+002  0.689640979410033E+002
  0.804622499087566E-001  0.811288374214357E+002  0.668090080220307E+002
  0.804622499087566E-001  0.811226312428759E+002  0.689448334855486E+002
  0.804622499087566E-001  0.811218139916561E+002  0.668108710759743E+002
  0.804622499087566E-001  0.811126283843813E+002  0.668133125961329E+002
  0.804622499087566E-001  0.810931442796140E+002  0.668185100696644E+002
  0.804622499087566E-001  0.810842850595333E+002  0.668208817600755E+002
  0.804622499087566E-001  0.810687882234043E+002  0.689304443618339E+002
  0.804622499087566E-001  0.810495985190649E+002  0.668302193178383E+002
  0.804622499087566E-001  0.810268126414778E+002  0.668363988028286E+002
  0.804622499087566E-001  0.810251514346963E+002  0.668368507536131E+002
  0.804622499087566E-001  0.810018114684354E+002  0.668432215398732E+002
  0.804622499087566E-001  0.809980741779813E+002  0.668442453037097E+002
  0.804622499087566E-001  0.809692876946920E+002  0.668521650963143E+002
  0.804622499087566E-001  0.809520929843305E+002  0.688985625582848E+002
  0.804622499087566E-001  0.809295240168023E+002  0.668632066334901E+002
  0.804622499087566E-001  0.808913563865599E+002  0.668739192119109E+002
  0.804622499087566E-001  0.808734460743584E+002  0.688765018671103E+002
  0.804622499087566E-001  0.808671986422601E+002  0.688747285156910E+002
  0.804622499087566E-001  0.808570745238619E+002  0.688718480388892E+002
  0.804622499087566E-001  0.808512798128299E+002  0.668852920209250E+002
  0.804622499087566E-001  0.808465468402346E+002  0.668866437456639E+002
  0.804622499087566E-001  0.808292306771350E+002  0.668916049870164E+002
  0.804622499087566E-001  0.808227519012287E+002  0.668934676448646E+002
  0.804622499087566E-001  0.808172750931514E+002  0.668950449892195E+002
  0.804622499087566E-001  0.807964914306734E+002  0.688544336587658E+002
  0.804622499087566E-001  0.807846230197195E+002  0.669045019790506E+002
  0.804622499087566E-001  0.807831277767981E+002  0.669049372462584E+002
  0.804622499087566E-001  0.807825740254714E+002  0.688503891145988E+002
  0.804622499087566E-001  0.807686296460035E+002  0.669091678146502E+002
  0.804622499087566E-001  0.807645725768751E+002  0.669103549842772E+002
  0.804622499087566E-001  0.807576254763960E+002  0.688430963898840E+002
  0.804622499087566E-001  0.807442246273662E+002  0.669163312648148E+002
  0.804622499087566E-001  0.807024345277436E+002  0.688267644006449E+002
  0.804622499087566E-001  0.806914382121145E+002  0.688234766996833E+002
  0.804622499087566E-001  0.806762613387678E+002  0.688189202234499E+002
  0.804622499087566E-001  0.806668109916495E+002  0.669394157928324E+002
  0.804622499087566E-001  0.806633142604941E+002  0.688150156791356E+002
  0.804622499087566E-001  0.806515125818686E+002  0.688114423362338E+002
  0.804622499087566E-001  0.806432492191308E+002  0.669465554360901E+002
  0.804622499087566E-001  0.806326136349888E+002  0.669497962046940E+002
  0.804622499087566E-001  0.805862275098430E+002  0.669640649034023E+002
  0.804622499087566E-001  0.805857305491758E+002  0.669642189786494E+002
  0.804622499087566E-001  0.805495491110032E+002  0.687799804250317E+002
  0.804622499087566E-001  0.805343182935806E+002  0.669803014918428E+002
  0.804622499087566E-001  0.805150534258055E+002  0.687690850453558E+002
  0.804622499087566E-001  0.804985966700679E+002  0.669916475896177E+002
  0.804622499087566E-001  0.804879394453429E+002  0.669950608414713E+002
  0.804622499087566E-001  0.804825488671969E+002  0.669967923498957E+002
  0.804622499087566E-001  0.804726450251505E+002  0.669999824668921E+002
  0.804622499087566E-001  0.804592699270520E+002  0.687511784084813E+002
  0.804622499087566E-001  0.804485447693108E+002  0.670077942447872E+002
  0.804622499087566E-001  0.804180728086677E+002  0.687377147063294E+002
  0.804622499087566E-001  0.804055965717070E+002  0.670218920653730E+002
  0.804622499087566E-001  0.804006708992328E+002  0.670235237981123E+002
  0.804622499087566E-001  0.803994498760288E+002  0.687315588379466E+002
  0.804622499087566E-001  0.803977829616402E+002  0.687310056686865E+002
  0.804622499087566E-001  0.803859232773054E+002  0.687270596055881E+002
  0.804622499087566E-001  0.803802887233900E+002  0.670303092216800E+002
  0.804622499087566E-001  0.803587091496580E+002  0.687179346165984E+002
  0.804622499087566E-001  0.803052459703543E+002  0.686997133022128E+002
  0.804622499087566E-001  0.803039413324028E+002  0.686992636042137E+002
  0.804622499087566E-001  0.802998344774939E+002  0.670576412128815E+002
  0.804622499087566E-001  0.802902698530479E+002  0.686945362661920E+002
  0.804622499087566E-001  0.802852875241774E+002  0.670626809533600E+002
  0.804622499087566E-001  0.802780042968214E+002  0.670652159447751E+002
  0.804622499087566E-001  0.802682301147688E+002  0.686868571919357E+002
  0.804622499087566E-001  0.802570600623917E+002  0.670725502432895E+002
  0.804622499087566E-001  0.802456293266838E+002  0.686789062030127E+002
  0.804622499087566E-001  0.802437007655198E+002  0.670772635326081E+002
  0.804622499087566E-001  0.802329074460729E+002  0.670810918857861E+002
  0.804622499087566E-001  0.802302420026509E+002  0.670820401453751E+002
  0.804622499087566E-001  0.802256407338368E+002  0.670836797599282E+002
  0.804622499087566E-001  0.802128447116968E+002  0.686672302158024E+002
  0.804622499087566E-001  0.802088489071737E+002  0.670896922942748E+002
  0.804622499087566E-001  0.801988093845825E+002  0.686621785175394E+002
  0.804622499087566E-001  0.801937091325386E+002  0.686603347194229E+002
  0.804622499087566E-001  0.801926960638220E+002  0.670955196416401E+002
  0.804622499087566E-001  0.801892045116090E+002  0.686587026283977E+002
  0.804622499087566E-001  0.801882675917958E+002  0.686583627397684E+002
  0.804622499087566E-001  0.801877689598353E+002  0.686581817895129E+002
  0.804622499087566E-001  0.801798181517963E+002  0.671001968034509E+002
  0.804622499087566E-001  0.801705594822208E+002  0.686519106639186E+002
  0.804622499087566E-001  0.801576578924168E+002  0.671083117982768E+002
  0.804622499087566E-001  0.801458714748257E+002  0.671126629991556E+002
  0.804622499087566E-001  0.801362560832068E+002  0.686392564728420E+002
  0.804622499087566E-001  0.801274794423212E+002  0.671195026803596E+002
  0.804622499087566E-001  0.801203606209610E+002  0.671221666678636E+002
  0.804622499087566E-001  0.800964519413517E+002  0.686243043218200E+002
  0.804622499087566E-001  0.800958251485856E+002  0.686240664757523E+002
  0.804622499087566E-001  0.800880246120487E+002  0.686211000763563E+002
  0.804622499087566E-001  0.800829613596250E+002  0.671363193446764E+002
  0.804622499087566E-001  0.800796074404234E+002  0.686178858463351E+002
  0.804622499087566E-001  0.800623199253826E+002  0.671442474423468E+002
  0.804622499087566E-001  0.800503653185029E+002  0.686066091278717E+002
  0.804622499087566E-001  0.800460636689169E+002  0.686049355170705E+002
  0.804622499087566E-001  0.800455581319756E+002  0.671507490294597E+002
  0.804622499087566E-001  0.800447423485196E+002  0.686044206669516E+002
  0.804622499087566E-001  0.800427402970263E+002  0.671518477326658E+002
  0.804622499087566E-001  0.800415502640640E+002  0.671523122386929E+002
  0.804622499087566E-001  0.800263277095953E+002  0.671582805177484E+002
  0.804622499087566E-001  0.800237940150545E+002  0.671592787114577E+002
  0.804622499087566E-001  0.800191032848986E+002  0.685943572307380E+002
  0.804622499087566E-001  0.800173943552415E+002  0.685936814405167E+002
  0.804622499087566E-001  0.800057351227690E+002  0.685890537054596E+002
  0.804622499087566E-001  0.800056537973465E+002  0.685890213203633E+002
  0.804622499087566E-001  0.799950854607918E+002  0.671706873908764E+002
  0.804622499087566E-001  0.799833721687062E+002  0.671753954408289E+002
  0.804622499087566E-001  0.799810859309571E+002  0.685791695490597E+002
  0.804622499087566E-001  0.799761963041410E+002  0.671782953673720E+002
  0.804622499087566E-001  0.799626675397904E+002  0.671837956018164E+002
  0.804622499087566E-001  0.799601418245470E+002  0.685706603188470E+002
  0.804622499087566E-001  0.799566697904007E+002  0.685692395730779E+002
  0.804622499087566E-001  0.799532550497165E+002  0.671876481893914E+002
  0.804622499087566E-001  0.799475504909652E+002  0.685654940059915E+002
  0.804622499087566E-001  0.799270339232065E+002  0.685569917414552E+002
  0.804622499087566E-001  0.799221072169017E+002  0.685549341722295E+002
  0.804622499087566E-001  0.799133648351754E+002  0.685512675670300E+002
  0.804622499087566E-001  0.798990441517233E+002  0.672102697362505E+002
  0.804622499087566E-001  0.798981506364087E+002  0.685448385927431E+002
  0.804622499087566E-001  0.798897645662557E+002  0.672142192971397E+002
  0.804622499087566E-001  0.798783479702231E+002  0.685363767068103E+002
  0.804622499087566E-001  0.798762354075859E+002  0.672200200476738E+002
  0.804622499087566E-001  0.798751303726663E+002  0.672204961030826E+002
  0.804622499087566E-001  0.798700992539148E+002  0.672226679112363E+002
  0.804622499087566E-001  0.798619291427247E+002  0.685292774405593E+002
  0.804622499087566E-001  0.798604280508943E+002  0.672268630813724E+002
  0.804622499087566E-001  0.798597582156717E+002  0.685283329641468E+002
  0.804622499087566E-001  0.798543113720416E+002  0.672295303876285E+002
  0.804622499087566E-001  0.798505327996255E+002  0.672311836117725E+002
  0.804622499087566E-001  0.798479833907072E+002  0.672323014371236E+002
  0.804622499087566E-001  0.798453980769538E+002  0.685220506220580E+002
  0.804622499087566E-001  0.798351248382594E+002  0.685175183846399E+002
  0.804622499087566E-001  0.798217856671382E+002  0.685115851957484E+002
  0.804622499087566E-001  0.798214066592737E+002  0.685114158035152E+002
  0.804622499087566E-001  0.798119316294276E+002  0.685071662570051E+002
  0.804622499087566E-001  0.798081444499754E+002  0.685054596612902E+002
  0.804622499087566E-001  0.798065822288978E+002  0.685047543330220E+002
  0.804622499087566E-001  0.798038545591375E+002  0.672519666983412E+002
  0.804622499087566E-001  0.797982348914546E+002  0.685009720603869E+002
  0.804622499087566E-001  0.797978720813681E+002  0.672546804616414E+002
  0.804622499087566E-001  0.797893078092074E+002  0.672585860763418E+002
  0.804622499087566E-001  0.797779291339032E+002  0.684916740143379E+002
  0.804622499087566E-001  0.797674740283047E+002  0.672686563601499E+002
  0.804622499087566E-001  0.797602876353117E+002  0.672720075229484E+002
  0.804622499087566E-001  0.797537867011818E+002  0.684804325136414E+002
  0.804622499087566E-001  0.797400974036245E+002  0.672815234329315E+002
  0.804622499087566E-001  0.797357756959285E+002  0.672835801100331E+002
  0.804622499087566E-001  0.797332942811533E+002  0.684707233825273E+002
  0.804622499087566E-001  0.797290311473364E+002  0.684686835021458E+002
  0.804622499087566E-001  0.797258607283921E+002  0.684671619010589E+002
  0.804622499087566E-001  0.797256906011374E+002  0.672884074683861E+002
  0.804622499087566E-001  0.797252760636638E+002  0.672886067383488E+002
  0.804622499087566E-001  0.797251875107861E+002  0.684668382931941E+002
  0.804622499087566E-001  0.797234650959890E+002  0.684660095380893E+002
  0.804622499087566E-001  0.797202937591566E+002  0.684644805594691E+002
  0.804622499087566E-001  0.797134400339305E+002  0.684611625245853E+002
  0.804622499087566E-001  0.797126786441057E+002  0.672946948538878E+002
  0.804622499087566E-001  0.797074318071600E+002  0.672972493945730E+002
  0.804622499087566E-001  0.796960861860184E+002  0.684526755355241E+002
  0.804622499087566E-001  0.796950075672058E+002  0.673033437158618E+002
  0.804622499087566E-001  0.796927403234183E+002  0.673044628311624E+002
  0.804622499087566E-001  0.796831268948925E+002  0.684462550991889E+002
  0.804622499087566E-001  0.796794875297059E+002  0.673110486458720E+002
  0.804622499087566E-001  0.796715492788032E+002  0.684404572343975E+002
  0.804622499087566E-001  0.796685936175202E+002  0.673165201136241E+002
  0.804622499087566E-001  0.796651678904338E+002  0.684372358643588E+002
  0.804622499087566E-001  0.796645712293098E+002  0.673185538911220E+002
  0.804622499087566E-001  0.796587862657612E+002  0.673214918893450E+002
  0.804622499087566E-001  0.796570699354411E+002  0.673223665483423E+002
  0.804622499087566E-001  0.796519347910596E+002  0.673249917340948E+002
  0.804622499087566E-001  0.796492586010239E+002  0.673263648087415E+002
  0.804622499087566E-001  0.796460415817575E+002  0.684274677017787E+002
  0.804622499087566E-001  0.796417490073188E+002  0.684252514587878E+002
  0.804622499087566E-001  0.796380168745453E+002  0.684233172536761E+002
  0.804622499087566E-001  0.796356732981003E+002  0.673333884427909E+002
  0.804622499087566E-001  0.796333623747146E+002  0.673345922344837E+002
  0.804622499087566E-001  0.796316706306133E+002  0.684200124266165E+002
  0.804622499087566E-001  0.796309542609283E+002  0.684196381088210E+002
  0.804622499087566E-001  0.796303428582422E+002  0.684193184337968E+002
  0.804622499087566E-001  0.796288043129656E+002  0.684185131614227E+002
  0.804622499087566E-001  0.796219958277546E+002  0.684149351196257E+002
  0.804622499087566E-001  0.796217239223516E+002  0.684147917310166E+002
  0.804622499087566E-001  0.796207081218687E+002  0.673412318957742E+002
  0.804622499087566E-001  0.796178157335334E+002  0.684127265117419E+002
  0.804622499087566E-001  0.796168756190008E+002  0.684122285327421E+002
  0.804622499087566E-001  0.796013823974413E+002  0.673515337153729E+002
  0.804622499087566E-001  0.796003252761985E+002  0.684033845568917E+002
  0.804622499087566E-001  0.795840751574138E+002  0.683945537816818E+002
  0.804622499087566E-001  0.795840292502545E+002  0.673609589873534E+002
  0.804622499087566E-001  0.795780157235615E+002  0.683912220413617E+002
  0.804622499087566E-001  0.795749990657950E+002  0.673659323428203E+002
  0.804622499087566E-001  0.795726244471458E+002  0.683882394032232E+002
  0.804622499087566E-001  0.795710772768030E+002  0.673681073757459E+002
  0.804622499087566E-001  0.795698370785258E+002  0.673687971269751E+002
  0.804622499087566E-001  0.795675939878541E+002  0.683854405789820E+002
  0.804622499087566E-001  0.795661914914604E+002  0.673708300984216E+002
  0.804622499087566E-001  0.795644630262613E+002  0.683836907716807E+002
  0.804622499087566E-001  0.795602996417278E+002  0.683813545545774E+002
  0.804622499087566E-001  0.795567371046725E+002  0.673761407532546E+002
  0.804622499087566E-001  0.795542901531152E+002  0.673775244230090E+002
  0.804622499087566E-001  0.795534908975019E+002  0.673779772054871E+002
  0.804622499087566E-001  0.795524577091145E+002  0.683769244873326E+002
  0.804622499087566E-001  0.795520881350500E+002  0.683767147369316E+002
  0.804622499087566E-001  0.795512493880314E+002  0.673792492263223E+002
  0.804622499087566E-001  0.795489604558022E+002  0.673805515171578E+002
  0.804622499087566E-001  0.795468361097286E+002  0.683737243821063E+002
  0.804622499087566E-001  0.795395857641332E+002  0.673859212417103E+002
  0.804622499087566E-001  0.795322643539196E+002  0.673901559926105E+002
  0.804622499087566E-001  0.795307826408472E+002  0.683644701002125E+002
  0.804622499087566E-001  0.795290714111240E+002  0.683634732353127E+002
  0.804622499087566E-001  0.795204259199685E+002  0.683584052578646E+002
  0.804622499087566E-001  0.795203174894654E+002  0.683583413566845E+002
  0.804622499087566E-001  0.795183548109723E+002  0.673983043859403E+002
  0.804622499087566E-001  0.795181855389862E+002  0.673984044007897E+002
  0.804622499087566E-001  0.795164904483692E+002  0.683560805047455E+002
  0.804622499087566E-001  0.795156240303379E+002  0.673999204309932E+002
  0.804622499087566E-001  0.795140689728536E+002  0.674008431435280E+002
  0.804622499087566E-001  0.795118901852784E+002  0.683533486428717E+002
  0.804622499087566E-001  0.795100906300491E+002  0.674032119087742E+002
  0.804622499087566E-001  0.795068766145685E+002  0.683503533559504E+002
  0.804622499087566E-001  0.794968710100341E+002  0.674111694360543E+002
  0.804622499087566E-001  0.794945283982672E+002  0.683428938417986E+002
  0.804622499087566E-001  0.794906481090498E+002  0.683405249449100E+002
  0.804622499087566E-001  0.794881550648269E+002  0.674164910732941E+002
  0.804622499087566E-001  0.794868047491235E+002  0.674173210293543E+002
  0.804622499087566E-001  0.794854482533471E+002  0.683373313150108E+002
  0.804622499087566E-001  0.794846429539505E+002  0.674186528758277E+002
  0.804622499087566E-001  0.794823143220146E+002  0.674200918437993E+002
  0.804622499087566E-001  0.794817281836948E+002  0.674204547587426E+002
  0.804622499087566E-001  0.794766597037152E+002  0.683318825392202E+002
  0.804622499087566E-001  0.794688916818490E+002  0.674284761470848E+002
  0.804622499087566E-001  0.794668974813295E+002  0.683257524182168E+002
  0.804622499087566E-001  0.794619833668927E+002  0.674328529343166E+002
  0.804622499087566E-001  0.794601177498662E+002  0.674340423064150E+002
  0.804622499087566E-001  0.794599500330680E+002  0.674341493858098E+002
  0.804622499087566E-001  0.794539012145565E+002  0.683174589034144E+002
  0.804622499087566E-001  0.794523336084103E+002  0.683164479458055E+002
  0.804622499087566E-001  0.794515543236770E+002  0.683159445129868E+002
  0.804622499087566E-001  0.794508897141191E+002  0.683155147051009E+002
  0.804622499087566E-001  0.794500379270127E+002  0.674405243776887E+002
  0.804622499087566E-001  0.794444963970106E+002  0.674441292688672E+002
  0.804622499087566E-001  0.794407832911388E+002  0.674465615911167E+002
  0.804622499087566E-001  0.794386015863171E+002  0.683074904396951E+002
  0.804622499087566E-001  0.794372481544372E+002  0.683065974566770E+002
  0.804622499087566E-001  0.794351478077243E+002  0.674502796362747E+002
  0.804622499087566E-001  0.794347478397906E+002  0.674505447474197E+002
  0.804622499087566E-001  0.794343241623026E+002  0.683046618544821E+002
  0.804622499087566E-001  0.794333219718899E+002  0.683039964094887E+002
  0.804622499087566E-001  0.794307720198820E+002  0.674531890457123E+002
  0.804622499087566E-001  0.794277077994252E+002  0.683002492717313E+002
  0.804622499087566E-001  0.794265032300842E+002  0.674560466555850E+002
  0.804622499087566E-001  0.794224115486952E+002  0.674588040009142E+002
  0.804622499087566E-001  0.794220803450665E+002  0.682964596177484E+002
  0.804622499087566E-001  0.794219213512307E+002  0.674591355586441E+002
  0.804622499087566E-001  0.794203249852815E+002  0.682952704811618E+002
  0.804622499087566E-001  0.794197203322872E+002  0.682948600849888E+002
  0.804622499087566E-001  0.794173999108160E+002  0.682932813828267E+002
  0.804622499087566E-001  0.794156685592032E+002  0.674633880710691E+002
  0.804622499087566E-001  0.794153269067601E+002  0.682918659215703E+002
  0.804622499087566E-001  0.794093030848859E+002  0.674677625245066E+002
  0.804622499087566E-001  0.794091481349998E+002  0.682876180174770E+002
  0.804622499087566E-001  0.794080947825121E+002  0.674685981703578E+002
  0.804622499087566E-001  0.794074766233452E+002  0.674690263416342E+002
  0.804622499087566E-001  0.794013355066974E+002  0.674733046390144E+002
  0.804622499087566E-001  0.794012148183211E+002  0.674733891718546E+002
  0.804622499087566E-001  0.794009212042486E+002  0.682818927084786E+002
  0.804622499087566E-001  0.793998611950390E+002  0.682811491146476E+002
  0.804622499087566E-001  0.793971485025244E+002  0.682792398958008E+002
  0.804622499087566E-001  0.793959454013665E+002  0.674770973786160E+002
  0.804622499087566E-001  0.793943572522552E+002  0.674782217445047E+002
  0.804622499087566E-001  0.793935852864416E+002  0.682767181885377E+002
  0.804622499087566E-001  0.793931985481422E+002  0.674790440757625E+002
  0.804622499087566E-001  0.793930819196503E+002  0.682763606671653E+002
  0.804622499087566E-001  0.793926375769480E+002  0.674794428064595E+002
  0.804622499087566E-001  0.793839005195915E+002  0.674857053295790E+002
  0.804622499087566E-001  0.793837626095933E+002  0.674858049825142E+002
  0.804622499087566E-001  0.793723840759553E+002  0.674941162092582E+002
  0.804622499087566E-001  0.793722209023080E+002  0.682612509017774E+002
  0.804622499087566E-001  0.793702615165187E+002  0.682598010082616E+002
  0.804622499087566E-001  0.793688355806237E+002  0.674967452232954E+002
  0.804622499087566E-001  0.793640337235211E+002  0.675003319871234E+002
  0.804622499087566E-001  0.793615196073791E+002  0.682532640292748E+002
  0.804622499087566E-001  0.793600567738997E+002  0.682521590125656E+002
  0.804622499087566E-001  0.793574716674242E+002  0.682501982208377E+002
  0.804622499087566E-001  0.793536109426503E+002  0.682472505056224E+002
  0.804622499087566E-001  0.793532532284964E+002  0.675085114131880E+002
  0.804622499087566E-001  0.793444100284536E+002  0.675153587744163E+002
  0.804622499087566E-001  0.793397025809245E+002  0.675190570974551E+002
  0.804622499087566E-001  0.793394976397595E+002  0.682362686355856E+002
  0.804622499087566E-001  0.793335064767288E+002  0.682315037187878E+002
  0.804622499087566E-001  0.793293156824332E+002  0.675273554427154E+002
  0.804622499087566E-001  0.793251887001672E+002  0.682247799397614E+002
  0.804622499087566E-001  0.793162955375096E+002  0.682174438585777E+002
  0.804622499087566E-001  0.793084317773253E+002  0.682108223658075E+002
  0.804622499087566E-001  0.793057297246880E+002  0.682085165702157E+002
  0.804622499087566E-001  0.793050831689095E+002  0.675475251631587E+002
  0.804622499087566E-001  0.793045761285533E+002  0.675479603693385E+002
  0.804622499087566E-001  0.793045090872928E+002  0.682074696524064E+002
  0.804622499087566E-001  0.793042126632755E+002  0.675482726949686E+002
  0.804622499087566E-001  0.793015462967127E+002  0.682049145886164E+002
  0.804622499087566E-001  0.792977801315238E+002  0.682016376137217E+002
  0.804622499087566E-001  0.792967401093906E+002  0.682007268225441E+002
  0.804622499087566E-001  0.792965032430858E+002  0.682005190294291E+002
  0.804622499087566E-001  0.792958318021454E+002  0.675555583346443E+002
  0.804622499087566E-001  0.792945064060754E+002  0.681987619396536E+002
  0.804622499087566E-001  0.792931819162096E+002  0.681975911480783E+002
  0.804622499087566E-001  0.792929235014873E+002  0.681973622206737E+002
  0.804622499087566E-001  0.792898436257926E+002  0.681946210532266E+002
  0.804622499087566E-001  0.792847435134988E+002  0.675654586917685E+002
  0.804622499087566E-001  0.792818466480088E+002  0.681873902554982E+002
  0.804622499087566E-001  0.792756571489644E+002  0.675738119192949E+002
  0.804622499087566E-001  0.792734838940073E+002  0.675758440730933E+002
  0.804622499087566E-001  0.792704133601799E+002  0.681767488181458E+002
  0.804622499087566E-001  0.792697793228153E+002  0.675793400204735E+002
  0.804622499087566E-001  0.792697553438649E+002  0.675793627824641E+002
  0.804622499087566E-001  0.792644946436936E+002  0.681710884165323E+002
  0.804622499087566E-001  0.792619641498667E+002  0.675868528556776E+002
  0.804622499087566E-001  0.792612910662653E+002  0.681679786120549E+002
  0.804622499087566E-001  0.792588558066163E+002  0.681655921596365E+002
  0.804622499087566E-001  0.792576070104678E+002  0.681643606845617E+002
  0.804622499087566E-001  0.792558637109171E+002  0.675928549454029E+002
  0.804622499087566E-001  0.792541320655507E+002  0.681609057530397E+002
  0.804622499087566E-001  0.792518118771791E+002  0.675969123439268E+002
  0.804622499087566E-001  0.792502881509950E+002  0.675984534134917E+002
  0.804622499087566E-001  0.792461675424419E+002  0.676026641633524E+002
  0.804622499087566E-001  0.792460609351504E+002  0.676027739584563E+002
  0.804622499087566E-001  0.792459472002424E+002  0.676028911426659E+002
  0.804622499087566E-001  0.792452694522862E+002  0.681518971244028E+002
  0.804622499087566E-001  0.792419141182677E+002  0.676070793337061E+002
  0.804622499087566E-001  0.792417923156711E+002  0.676072068293736E+002
  0.804622499087566E-001  0.792394552878141E+002  0.681458227750827E+002
  0.804622499087566E-001  0.792353464538650E+002  0.676140419051280E+002
  0.804622499087566E-001  0.792330382610788E+002  0.681389546509306E+002
  0.804622499087566E-001  0.792314908187863E+002  0.676182163783021E+002
  0.804622499087566E-001  0.792296661759171E+002  0.681352721121268E+002
  0.804622499087566E-001  0.792282734374184E+002  0.676217519156514E+002
  0.804622499087566E-001  0.792261343954046E+002  0.676241297558467E+002
  0.804622499087566E-001  0.792257899337677E+002  0.681309728482616E+002
  0.804622499087566E-001  0.792253902478752E+002  0.681305253853844E+002
  0.804622499087566E-001  0.792247524335952E+002  0.676256779240864E+002
  0.804622499087566E-001  0.792235031462929E+002  0.681284019177252E+002
  0.804622499087566E-001  0.792210973351432E+002  0.676298192096359E+002
  0.804622499087566E-001  0.792209755000538E+002  0.681255291652715E+002
  0.804622499087566E-001  0.792152216293501E+002  0.681188621010350E+002
  0.804622499087566E-001  0.792150602036111E+002  0.676368152131121E+002
  0.804622499087566E-001  0.792130876411308E+002  0.681163420744173E+002
  0.804622499087566E-001  0.792123071081399E+002  0.676400739388191E+002
  0.804622499087566E-001  0.792079602117315E+002  0.681101754280206E+002
  0.804622499087566E-001  0.792075833583882E+002  0.676457718801900E+002
  0.804622499087566E-001  0.792069108201624E+002  0.676465945397541E+002
  0.804622499087566E-001  0.792040663396744E+002  0.681053807779763E+002
  0.804622499087566E-001  0.792001510022011E+002  0.681004556444967E+002
  0.804622499087566E-001  0.791998806524533E+002  0.681001115433440E+002
  0.804622499087566E-001  0.791976890488487E+002  0.676581854427187E+002
  0.804622499087566E-001  0.791972679401577E+002  0.680967582261178E+002
  0.804622499087566E-001  0.791964301920040E+002  0.676598155244401E+002
  0.804622499087566E-001  0.791964253343843E+002  0.676598218381417E+002
  0.804622499087566E-001  0.791941797542107E+002  0.676627603903459E+002
  0.804622499087566E-001  0.791939936396003E+002  0.676630057432700E+002
  0.804622499087566E-001  0.791920617594595E+002  0.680899183309768E+002
  0.804622499087566E-001  0.791894015700196E+002  0.676691508036247E+002
  0.804622499087566E-001  0.791891041186495E+002  0.680859325030874E+002
  0.804622499087566E-001  0.791879185892742E+002  0.680843132481655E+002
  0.804622499087566E-001  0.791854954351932E+002  0.676745241566804E+002
  0.804622499087566E-001  0.791852188920165E+002  0.676749099702845E+002
  0.804622499087566E-001  0.791823026318089E+002  0.676790241254865E+002
  0.804622499087566E-001  0.791802950010789E+002  0.680735809641523E+002
  0.804622499087566E-001  0.791800053758962E+002  0.680731616164396E+002
  0.804622499087566E-001  0.791791548541641E+002  0.680719249132048E+002
  0.804622499087566E-001  0.791784780667677E+002  0.680709351727351E+002
  0.804622499087566E-001  0.791782637529729E+002  0.680706206993819E+002
  0.804622499087566E-001  0.791772201515461E+002  0.680690819847269E+002
  0.804622499087566E-001  0.791744047283706E+002  0.676906198615868E+002
  0.804622499087566E-001  0.791724116711829E+002  0.680618261452595E+002
  0.804622499087566E-001  0.791702713999072E+002  0.680585028992353E+002
  0.804622499087566E-001  0.791701979197816E+002  0.676970998885001E+002
  0.804622499087566E-001  0.791672343032915E+002  0.680536794272901E+002
  0.804622499087566E-001  0.791655165876316E+002  0.677045957104959E+002
  0.804622499087566E-001  0.791651890892487E+002  0.677051322883312E+002
  0.804622499087566E-001  0.791626499318224E+002  0.677093504859330E+002
  0.804622499087566E-001  0.791624729991046E+002  0.680458392461680E+002
  0.804622499087566E-001  0.791618647243785E+002  0.680448111308494E+002
  0.804622499087566E-001  0.791610636451402E+002  0.680434474023076E+002
  0.804622499087566E-001  0.791597490716513E+002  0.680411848642878E+002
  0.804622499087566E-001  0.791594433770560E+002  0.677148333837659E+002
  0.804622499087566E-001  0.791593743297308E+002  0.680405341289885E+002
  0.804622499087566E-001  0.791586729578799E+002  0.680393091612550E+002
  0.804622499087566E-001  0.791586006642783E+002  0.677163052382057E+002
  0.804622499087566E-001  0.791576226380267E+002  0.677180304316237E+002
  0.804622499087566E-001  0.791557053370441E+002  0.680340198915416E+002
  0.804622499087566E-001  0.791555629260759E+002  0.680337615597569E+002
  0.804622499087566E-001  0.791552708097765E+002  0.677222572868596E+002
  0.804622499087566E-001  0.791542594670725E+002  0.680313769193531E+002
  0.804622499087566E-001  0.791537215590309E+002  0.677251056348507E+002
  0.804622499087566E-001  0.791531115173060E+002  0.680292456974347E+002
  0.804622499087566E-001  0.791530144835217E+002  0.680290641738765E+002
  0.804622499087566E-001  0.791529485285545E+002  0.677265469421936E+002
  0.804622499087566E-001  0.791526729329412E+002  0.677270641210457E+002
  0.804622499087566E-001  0.791523692646470E+002  0.680278515639690E+002
  0.804622499087566E-001  0.791507148251747E+002  0.680246965315830E+002
  0.804622499087566E-001  0.791505926667230E+002  0.677310267235221E+002
  0.804622499087566E-001  0.791495219520470E+002  0.677331085912963E+002
  0.804622499087566E-001  0.791494181958394E+002  0.680221756812093E+002
  0.804622499087566E-001  0.791486635144687E+002  0.677347996113864E+002
  0.804622499087566E-001  0.791479276584758E+002  0.680192223599508E+002
  0.804622499087566E-001  0.791478162618521E+002  0.677364884469321E+002
  0.804622499087566E-001  0.791468399260612E+002  0.680170276305597E+002
  0.804622499087566E-001  0.791461421765294E+002  0.680156013795268E+002
  0.804622499087566E-001  0.791461198566543E+002  0.680155555124344E+002
  0.804622499087566E-001  0.791456908046152E+002  0.677408167790560E+002
  0.804622499087566E-001  0.791452560920748E+002  0.677417190022582E+002
  0.804622499087566E-001  0.791448408926876E+002  0.680129012580119E+002
  0.804622499087566E-001  0.791447772022478E+002  0.677427198916541E+002
  0.804622499087566E-001  0.791444502696876E+002  0.680120801375381E+002
  0.804622499087566E-001  0.791443216912268E+002  0.677436788527582E+002
  0.804622499087566E-001  0.791434394968378E+002  0.680099317400596E+002
  0.804622499087566E-001  0.791426102036752E+002  0.680081426464788E+002
  0.804622499087566E-001  0.791422109344701E+002  0.680072724618394E+002
  0.804622499087566E-001  0.791421437840963E+002  0.677483620715602E+002
  0.804622499087566E-001  0.791411618469353E+002  0.677505299369898E+002
  0.804622499087566E-001  0.791407816983081E+002  0.677513791934599E+002
  0.804622499087566E-001  0.791407739613599E+002  0.680040910708688E+002
  0.804622499087566E-001  0.791399232460460E+002  0.680021692995182E+002
  0.804622499087566E-001  0.791367046914760E+002  0.677608746398808E+002
  0.804622499087566E-001  0.791366994552924E+002  0.679946002768455E+002
  0.804622499087566E-001  0.791362727324436E+002  0.677619262841437E+002
  0.804622499087566E-001  0.791361307151682E+002  0.677622741304677E+002
  0.804622499087566E-001  0.791358465701577E+002  0.677629732584299E+002
  0.804622499087566E-001  0.791355502922780E+002  0.677637068033470E+002
  0.804622499087566E-001  0.791354995563593E+002  0.677638328925031E+002
  0.804622499087566E-001  0.791351601732309E+002  0.679908076627123E+002
  0.804622499087566E-001  0.791345249244021E+002  0.679892048708085E+002
  0.804622499087566E-001  0.791342309098318E+002  0.679884551898649E+002
  0.804622499087566E-001  0.791329229218374E+002  0.679850566146086E+002
  0.804622499087566E-001  0.791308810985215E+002  0.679795247057876E+002
  0.804622499087566E-001  0.791303924572585E+002  0.679781556460453E+002
  0.804622499087566E-001  0.791300836699846E+002  0.679772807864364E+002
  0.804622499087566E-001  0.791294360973018E+002  0.677800669761260E+002
  0.804622499087566E-001  0.791292400563372E+002  0.677806371305393E+002
  0.804622499087566E-001  0.791291861954206E+002  0.677807943637340E+002
  0.804622499087566E-001  0.791283111929324E+002  0.677833854051175E+002
  0.804622499087566E-001  0.791281023512089E+002  0.677840144106827E+002
  0.804622499087566E-001  0.791268039907851E+002  0.679674638214486E+002
  0.804622499087566E-001  0.791264831720270E+002  0.679664452052152E+002
  0.804622499087566E-001  0.791264790442272E+002  0.679664320230044E+002
  0.804622499087566E-001  0.791250912447442E+002  0.677936045411433E+002
  0.804622499087566E-001  0.791250087442559E+002  0.679616048751686E+002
  0.804622499087566E-001  0.791247889329297E+002  0.677946284821039E+002
  0.804622499087566E-001  0.791244672335999E+002  0.679597554796597E+002
  0.804622499087566E-001  0.791243174064683E+002  0.677962512382240E+002
  0.804622499087566E-001  0.791231635924862E+002  0.679551221330150E+002
  0.804622499087566E-001  0.791216176931630E+002  0.678062479437240E+002
  0.804622499087566E-001  0.791212721007141E+002  0.678076304610842E+002
  0.804622499087566E-001  0.791212207013530E+002  0.679476491919273E+002
  0.804622499087566E-001  0.791205768374771E+002  0.678104978664033E+002
  0.804622499087566E-001  0.791204494471710E+002  0.678110366090245E+002
  0.804622499087566E-001  0.791203070426373E+002  0.679438435625857E+002
  0.804622499087566E-001  0.791199247814378E+002  0.678133029151827E+002
  0.804622499087566E-001  0.791197909618905E+002  0.678138938255958E+002
  0.804622499087566E-001  0.791193128883620E+002  0.678160510784208E+002
  0.804622499087566E-001  0.791192960067916E+002  0.678161286352044E+002
  0.804622499087566E-001  0.791188685816991E+002  0.679373617029733E+002
  0.804622499087566E-001  0.791188459735444E+002  0.679372541931761E+002
  0.804622499087566E-001  0.791184973700025E+002  0.679355711631136E+002
  0.804622499087566E-001  0.791181321483982E+002  0.678217339261807E+002
  0.804622499087566E-001  0.791174344261561E+002  0.678253811392273E+002
  0.804622499087566E-001  0.791174297403926E+002  0.678254064923591E+002
  0.804622499087566E-001  0.791174284052483E+002  0.679300738893970E+002
  0.804622499087566E-001  0.791173116867234E+002  0.679294382631897E+002
  0.804622499087566E-001  0.791172275051206E+002  0.678265126761709E+002
  0.804622499087566E-001  0.791167333023880E+002  0.679261655342335E+002
  0.804622499087566E-001  0.791166697477420E+002  0.679257923255670E+002
  0.804622499087566E-001  0.791165045855222E+002  0.678306789925844E+002
  0.804622499087566E-001  0.791164692161582E+002  0.678308923384396E+002
  0.804622499087566E-001  0.791163689193203E+002  0.679239849322573E+002
  0.804622499087566E-001  0.791163388539076E+002  0.679238003992716E+002
  0.804622499087566E-001  0.791159993939921E+002  0.678338244819800E+002
  0.804622499087566E-001  0.791156317415002E+002  0.678362632939903E+002
  0.804622499087566E-001  0.791153406449979E+002  0.678383010944791E+002
  0.804622499087566E-001  0.791150502177524E+002  0.678404449958389E+002
  0.804622499087566E-001  0.791149854944645E+002  0.679145478190827E+002
  0.804622499087566E-001  0.791147654898890E+002  0.679128137845080E+002
  0.804622499087566E-001  0.791147010254562E+002  0.679122892032172E+002
  0.804622499087566E-001  0.791146262489358E+002  0.678438170607208E+002
  0.804622499087566E-001  0.791145063625978E+002  0.679106544197261E+002
  0.804622499087566E-001  0.791143075983562E+002  0.678465908069784E+002
  0.804622499087566E-001  0.791139377710901E+002  0.679053300883738E+002
  0.804622499087566E-001  0.791137780481263E+002  0.678518493941888E+002
  0.804622499087566E-001  0.791136463402737E+002  0.678533325705315E+002
  0.804622499087566E-001  0.791135113181881E+002  0.679005345625870E+002
  0.804622499087566E-001  0.791133788332096E+002  0.678566638064726E+002
  0.804622499087566E-001  0.791133164714527E+002  0.678979685050242E+002
  0.804622499087566E-001  0.791132704120561E+002  0.678581747977048E+002
  0.804622499087566E-001  0.791131781194932E+002  0.678959279323240E+002
  0.804622499087566E-001  0.791131154954043E+002  0.678605628219035E+002
  0.804622499087566E-001  0.791131102756084E+002  0.678606490929568E+002
  0.804622499087566E-001  0.791129988776340E+002  0.678928805968363E+002
  0.804622499087566E-001  0.791129573034836E+002  0.678920815463003E+002
  0.804622499087566E-001  0.791129457661005E+002  0.678636358290495E+002
  0.804622499087566E-001  0.791129217655700E+002  0.678913613927322E+002
  0.804622499087566E-001  0.791128933947015E+002  0.678907579003220E+002
  0.804622499087566E-001  0.791128309337243E+002  0.678661687131284E+002
  0.804622499087566E-001  0.791127315923044E+002  0.678689286985137E+002
  0.804622499087566E-001  0.791127266818715E+002  0.678690879194203E+002
  0.804622499087566E-001  0.791127131123816E+002  0.678695439711497E+002
  0.804622499087566E-001  0.791644763929185E+002  0.678717238990959E+002
  0.804622499087566E-001  0.791644681873462E+002  0.678833643752380E+002
  0.804622499087566E-001  0.791644545169106E+002  0.678826270976062E+002
  0.804622499087566E-001  0.791644465557718E+002  0.678733464647295E+002
  0.804622499087566E-001  0.791644167994538E+002  0.678793185165793E+002
  0.804622499087566E-001  0.791644164094398E+002  0.678762408809324E+002
