  0.402966820674983E+000  0.845806101516266E+002  0.693559075841710E+002
  0.402966820674983E+000  0.847245066077109E+002  0.663722587952120E+002
  0.402966820674983E+000  0.847458191659076E+002  0.693872333263234E+002
  0.402966820674983E+000  0.878623241096588E+002  0.658667614104105E+002
  0.402966820674983E+000  0.847471658958543E+002  0.663680015952922E+002
  0.402966820674983E+000  0.871824237221056E+002  0.659649216826178E+002
  0.402966820674983E+000  0.847658416967885E+002  0.693909857962998E+002
  0.402966820674983E+000  0.869515356131297E+002  0.697560651244279E+002
  0.402966820674983E+000  0.851016596055255E+002  0.663028973801960E+002
  0.402966820674983E+000  0.851178392650066E+002  0.662999900235788E+002
  0.402966820674983E+000  0.866319594313300E+002  0.660482488066441E+002
  0.402966820674983E+000  0.851578943806777E+002  0.694626722269139E+002
  0.402966820674983E+000  0.853271843419503E+002  0.662628443000020E+002
  0.402966820674983E+000  0.863997634395232E+002  0.660845584962623E+002
  0.402966820674983E+000  0.862876548748210E+002  0.696531323111135E+002
  0.402966820674983E+000  0.861596440278390E+002  0.696325903940873E+002
  0.402966820674983E+000  0.860348575514385E+002  0.661431558542736E+002
  0.402966820674983E+000  0.856772305928534E+002  0.695529156329924E+002
  0.402966820674983E+000  0.856878499439147E+002  0.695547102586814E+002
  0.402966820674983E+000  0.857336636918506E+002  0.661930569329334E+002
  0.402966820674983E+000  0.844220121958813E+002  0.664302898839776E+002
  0.402966820674983E+000  0.843540019828959E+002  0.664436603859193E+002
  0.402966820674983E+000  0.842355413116361E+002  0.692882357756950E+002
  0.402966820674983E+000  0.842258202885871E+002  0.664692053171207E+002
  0.402966820674983E+000  0.841792055023810E+002  0.664786106725606E+002
  0.402966820674983E+000  0.841355501936928E+002  0.664874765973371E+002
  0.402966820674983E+000  0.841311298529597E+002  0.692671101325896E+002
  0.402966820674983E+000  0.841094944747070E+002  0.692626923272731E+002
  0.402966820674983E+000  0.840879226685948E+002  0.692582734279700E+002
  0.402966820674983E+000  0.840661555679123E+002  0.665016874682101E+002
  0.402966820674983E+000  0.840157562514829E+002  0.665121011114679E+002
  0.402966820674983E+000  0.839318689765868E+002  0.692258751220906E+002
  0.402966820674983E+000  0.839082993312499E+002  0.692209139015212E+002
  0.402966820674983E+000  0.838790189418789E+002  0.665407626336424E+002
  0.402966820674983E+000  0.838666853719236E+002  0.665433781434423E+002
  0.402966820674983E+000  0.838615309633512E+002  0.665444727296695E+002
  0.402966820674983E+000  0.838024230072217E+002  0.691983979076328E+002
  0.402966820674983E+000  0.838001473998709E+002  0.665575778538319E+002
  0.402966820674983E+000  0.837790347435181E+002  0.691933721229800E+002
  0.402966820674983E+000  0.837740361905311E+002  0.691922955173373E+002
  0.402966820674983E+000  0.837241101639500E+002  0.665739941160764E+002
  0.402966820674983E+000  0.837165804966112E+002  0.691798565920452E+002
  0.402966820674983E+000  0.837073521596715E+002  0.691778476017901E+002
  0.402966820674983E+000  0.836770040615088E+002  0.691712188791396E+002
  0.402966820674983E+000  0.836732922244820E+002  0.691704057955636E+002
  0.402966820674983E+000  0.836308004863735E+002  0.665944263957391E+002
  0.402966820674983E+000  0.835648839928623E+002  0.691464289722903E+002
  0.402966820674983E+000  0.835196701426663E+002  0.666191936329444E+002
  0.402966820674983E+000  0.834780885292816E+002  0.691269005845220E+002
  0.402966820674983E+000  0.834656650434826E+002  0.666314072558135E+002
  0.402966820674983E+000  0.834164804202482E+002  0.691128518301319E+002
  0.402966820674983E+000  0.833862603311603E+002  0.691059018711832E+002
  0.402966820674983E+000  0.833724958922828E+002  0.691027232817143E+002
  0.402966820674983E+000  0.832815407529184E+002  0.690815082667975E+002
  0.402966820674983E+000  0.832015804399104E+002  0.690625440328052E+002
  0.402966820674983E+000  0.831432896062290E+002  0.690485255870525E+002
  0.402966820674983E+000  0.830713483481452E+002  0.667244981855277E+002
  0.402966820674983E+000  0.830599888819753E+002  0.690281960411355E+002
  0.402966820674983E+000  0.830079878296885E+002  0.667401665999173E+002
  0.402966820674983E+000  0.830075044590007E+002  0.667402869621509E+002
  0.402966820674983E+000  0.830041738461126E+002  0.690143709565911E+002
  0.402966820674983E+000  0.829765993355770E+002  0.667480091454387E+002
  0.402966820674983E+000  0.829746589558221E+002  0.690069918630990E+002
  0.402966820674983E+000  0.829516281863949E+002  0.667542873915393E+002
  0.402966820674983E+000  0.829415914284126E+002  0.667568207403529E+002
  0.402966820674983E+000  0.829388404432403E+002  0.689979714991927E+002
  0.402966820674983E+000  0.829020032163371E+002  0.667668694185674E+002
  0.402966820674983E+000  0.828875373723463E+002  0.667705640358699E+002
  0.402966820674983E+000  0.828342318729952E+002  0.689712014477666E+002
  0.402966820674983E+000  0.828090997601077E+002  0.667908158647682E+002
  0.402966820674983E+000  0.828068984535566E+002  0.689640979410033E+002
  0.402966820674983E+000  0.827398740552335E+002  0.668090080220307E+002
  0.402966820674983E+000  0.827336678766737E+002  0.689448334855486E+002
  0.402966820674983E+000  0.827328506254539E+002  0.668108710759743E+002
  0.402966820674983E+000  0.827236650181791E+002  0.668133125961329E+002
  0.402966820674983E+000  0.827041809134118E+002  0.668185100696644E+002
  0.402966820674983E+000  0.826953216933311E+002  0.668208817600755E+002
  0.402966820674983E+000  0.826798248572021E+002  0.689304443618339E+002
  0.402966820674983E+000  0.826606351528627E+002  0.668302193178383E+002
  0.402966820674983E+000  0.826378492752756E+002  0.668363988028286E+002
  0.402966820674983E+000  0.826361880684941E+002  0.668368507536131E+002
  0.402966820674983E+000  0.826128481022332E+002  0.668432215398732E+002
  0.402966820674983E+000  0.826091108117791E+002  0.668442453037097E+002
  0.402966820674983E+000  0.825803243284898E+002  0.668521650963143E+002
  0.402966820674983E+000  0.825631296181283E+002  0.688985625582848E+002
  0.402966820674983E+000  0.825405606506001E+002  0.668632066334901E+002
  0.402966820674983E+000  0.825023930203577E+002  0.668739192119109E+002
  0.402966820674983E+000  0.824844827081562E+002  0.688765018671103E+002
  0.402966820674983E+000  0.824782352760579E+002  0.688747285156910E+002
  0.402966820674983E+000  0.824681111576596E+002  0.688718480388892E+002
  0.402966820674983E+000  0.824623164466277E+002  0.668852920209250E+002
  0.402966820674983E+000  0.824575834740324E+002  0.668866437456639E+002
  0.402966820674983E+000  0.824402673109328E+002  0.668916049870164E+002
  0.402966820674983E+000  0.824337885350265E+002  0.668934676448646E+002
  0.402966820674983E+000  0.824283117269492E+002  0.668950449892195E+002
  0.402966820674983E+000  0.824075280644712E+002  0.688544336587658E+002
  0.402966820674983E+000  0.823956596535173E+002  0.669045019790506E+002
  0.402966820674983E+000  0.823941644105959E+002  0.669049372462584E+002
  0.402966820674983E+000  0.823936106592692E+002  0.688503891145988E+002
  0.402966820674983E+000  0.823796662798013E+002  0.669091678146502E+002
  0.402966820674983E+000  0.823756092106729E+002  0.669103549842772E+002
  0.402966820674983E+000  0.823686621101938E+002  0.688430963898840E+002
  0.402966820674983E+000  0.823552612611640E+002  0.669163312648148E+002
  0.402966820674983E+000  0.823134711615414E+002  0.688267644006449E+002
  0.402966820674983E+000  0.823024748459123E+002  0.688234766996833E+002
  0.402966820674983E+000  0.822872979725656E+002  0.688189202234499E+002
  0.402966820674983E+000  0.822778476254473E+002  0.669394157928324E+002
  0.402966820674983E+000  0.822743508942919E+002  0.688150156791356E+002
  0.402966820674983E+000  0.822625492156664E+002  0.688114423362338E+002
  0.402966820674983E+000  0.822542858529286E+002  0.669465554360901E+002
  0.402966820674983E+000  0.822436502687866E+002  0.669497962046940E+002
  0.402966820674983E+000  0.821972641436408E+002  0.669640649034023E+002
  0.402966820674983E+000  0.821967671829736E+002  0.669642189786494E+002
  0.402966820674983E+000  0.821605857448010E+002  0.687799804250317E+002
  0.402966820674983E+000  0.821453549273784E+002  0.669803014918428E+002
  0.402966820674983E+000  0.821260900596033E+002  0.687690850453558E+002
  0.402966820674983E+000  0.821096333038657E+002  0.669916475896177E+002
  0.402966820674983E+000  0.820989760791407E+002  0.669950608414713E+002
  0.402966820674983E+000  0.820935855009947E+002  0.669967923498957E+002
  0.402966820674983E+000  0.820836816589483E+002  0.669999824668921E+002
  0.402966820674983E+000  0.820703065608498E+002  0.687511784084813E+002
  0.402966820674983E+000  0.820595814031086E+002  0.670077942447872E+002
  0.402966820674983E+000  0.820291094424655E+002  0.687377147063294E+002
  0.402966820674983E+000  0.820166332055047E+002  0.670218920653730E+002
  0.402966820674983E+000  0.820117075330305E+002  0.670235237981123E+002
  0.402966820674983E+000  0.820104865098266E+002  0.687315588379466E+002
  0.402966820674983E+000  0.820088195954380E+002  0.687310056686865E+002
  0.402966820674983E+000  0.819969599111032E+002  0.687270596055881E+002
  0.402966820674983E+000  0.819913253571878E+002  0.670303092216800E+002
  0.402966820674983E+000  0.819697457834557E+002  0.687179346165984E+002
  0.402966820674983E+000  0.819162826041521E+002  0.686997133022128E+002
  0.402966820674983E+000  0.819149779662006E+002  0.686992636042137E+002
  0.402966820674983E+000  0.819108711112917E+002  0.670576412128815E+002
  0.402966820674983E+000  0.819013064868457E+002  0.686945362661920E+002
  0.402966820674983E+000  0.818963241579752E+002  0.670626809533600E+002
  0.402966820674983E+000  0.818890409306192E+002  0.670652159447751E+002
  0.402966820674983E+000  0.818792667485666E+002  0.686868571919357E+002
  0.402966820674983E+000  0.818680966961895E+002  0.670725502432895E+002
  0.402966820674983E+000  0.818566659604816E+002  0.686789062030127E+002
  0.402966820674983E+000  0.818547373993176E+002  0.670772635326081E+002
  0.402966820674983E+000  0.818439440798707E+002  0.670810918857861E+002
  0.402966820674983E+000  0.818412786364487E+002  0.670820401453751E+002
  0.402966820674983E+000  0.818366773676346E+002  0.670836797599282E+002
  0.402966820674983E+000  0.818238813454946E+002  0.686672302158024E+002
  0.402966820674983E+000  0.818198855409715E+002  0.670896922942748E+002
  0.402966820674983E+000  0.818098460183803E+002  0.686621785175394E+002
  0.402966820674983E+000  0.818047457663364E+002  0.686603347194229E+002
  0.402966820674983E+000  0.818037326976198E+002  0.670955196416401E+002
  0.402966820674983E+000  0.818002411454068E+002  0.686587026283977E+002
  0.402966820674983E+000  0.817993042255936E+002  0.686583627397684E+002
  0.402966820674983E+000  0.817988055936331E+002  0.686581817895129E+002
  0.402966820674983E+000  0.817908547855941E+002  0.671001968034509E+002
  0.402966820674983E+000  0.817815961160186E+002  0.686519106639186E+002
  0.402966820674983E+000  0.817686945262145E+002  0.671083117982768E+002
  0.402966820674983E+000  0.817569081086235E+002  0.671126629991556E+002
  0.402966820674983E+000  0.817472927170046E+002  0.686392564728420E+002
  0.402966820674983E+000  0.817385160761190E+002  0.671195026803596E+002
  0.402966820674983E+000  0.817313972547588E+002  0.671221666678636E+002
  0.402966820674983E+000  0.817074885751495E+002  0.686243043218200E+002
  0.402966820674983E+000  0.817068617823834E+002  0.686240664757523E+002
  0.402966820674983E+000  0.816990612458465E+002  0.686211000763563E+002
  0.402966820674983E+000  0.816939979934228E+002  0.671363193446764E+002
  0.402966820674983E+000  0.816906440742212E+002  0.686178858463351E+002
  0.402966820674983E+000  0.816733565591803E+002  0.671442474423468E+002
  0.402966820674983E+000  0.816614019523007E+002  0.686066091278717E+002
  0.402966820674983E+000  0.816571003027147E+002  0.686049355170705E+002
  0.402966820674983E+000  0.816565947657734E+002  0.671507490294597E+002
  0.402966820674983E+000  0.816557789823174E+002  0.686044206669516E+002
  0.402966820674983E+000  0.816537769308241E+002  0.671518477326658E+002
  0.402966820674983E+000  0.816525868978618E+002  0.671523122386929E+002
  0.402966820674983E+000  0.816373643433931E+002  0.671582805177484E+002
  0.402966820674983E+000  0.816348306488523E+002  0.671592787114577E+002
  0.402966820674983E+000  0.816301399186964E+002  0.685943572307380E+002
  0.402966820674983E+000  0.816284309890393E+002  0.685936814405167E+002
  0.402966820674983E+000  0.816167717565668E+002  0.685890537054596E+002
  0.402966820674983E+000  0.816166904311443E+002  0.685890213203633E+002
  0.402966820674983E+000  0.816061220945896E+002  0.671706873908764E+002
  0.402966820674983E+000  0.815944088025040E+002  0.671753954408289E+002
  0.402966820674983E+000  0.815921225647549E+002  0.685791695490597E+002
  0.402966820674983E+000  0.815872329379388E+002  0.671782953673720E+002
  0.402966820674983E+000  0.815737041735882E+002  0.671837956018164E+002
  0.402966820674983E+000  0.815711784583448E+002  0.685706603188470E+002
  0.402966820674983E+000  0.815677064241985E+002  0.685692395730779E+002
  0.402966820674983E+000  0.815642916835143E+002  0.671876481893914E+002
  0.402966820674983E+000  0.815585871247630E+002  0.685654940059915E+002
  0.402966820674983E+000  0.815380705570043E+002  0.685569917414552E+002
  0.402966820674983E+000  0.815331438506994E+002  0.685549341722295E+002
  0.402966820674983E+000  0.815244014689732E+002  0.685512675670300E+002
  0.402966820674983E+000  0.815100807855211E+002  0.672102697362505E+002
  0.402966820674983E+000  0.815091872702065E+002  0.685448385927431E+002
  0.402966820674983E+000  0.815008012000535E+002  0.672142192971397E+002
  0.402966820674983E+000  0.814893846040209E+002  0.685363767068103E+002
  0.402966820674983E+000  0.814872720413837E+002  0.672200200476738E+002
  0.402966820674983E+000  0.814861670064641E+002  0.672204961030826E+002
  0.402966820674983E+000  0.814811358877126E+002  0.672226679112363E+002
  0.402966820674983E+000  0.814729657765225E+002  0.685292774405593E+002
  0.402966820674983E+000  0.814714646846921E+002  0.672268630813724E+002
  0.402966820674983E+000  0.814707948494695E+002  0.685283329641468E+002
  0.402966820674983E+000  0.814653480058394E+002  0.672295303876285E+002
  0.402966820674983E+000  0.814615694334233E+002  0.672311836117725E+002
  0.402966820674983E+000  0.814590200245050E+002  0.672323014371236E+002
  0.402966820674983E+000  0.814564347107516E+002  0.685220506220580E+002
  0.402966820674983E+000  0.814461614720572E+002  0.685175183846399E+002
  0.402966820674983E+000  0.814328223009360E+002  0.685115851957484E+002
  0.402966820674983E+000  0.814324432930715E+002  0.685114158035152E+002
  0.402966820674983E+000  0.814229682632254E+002  0.685071662570051E+002
  0.402966820674983E+000  0.814191810837732E+002  0.685054596612902E+002
  0.402966820674983E+000  0.814176188626956E+002  0.685047543330220E+002
  0.402966820674983E+000  0.814148911929353E+002  0.672519666983412E+002
  0.402966820674983E+000  0.814092715252524E+002  0.685009720603869E+002
  0.402966820674983E+000  0.814089087151659E+002  0.672546804616414E+002
  0.402966820674983E+000  0.814003444430052E+002  0.672585860763418E+002
  0.402966820674983E+000  0.813889657677010E+002  0.684916740143379E+002
  0.402966820674983E+000  0.813785106621025E+002  0.672686563601499E+002
  0.402966820674983E+000  0.813713242691095E+002  0.672720075229484E+002
  0.402966820674983E+000  0.813648233349796E+002  0.684804325136414E+002
  0.402966820674983E+000  0.813511340374223E+002  0.672815234329315E+002
  0.402966820674983E+000  0.813468123297263E+002  0.672835801100331E+002
  0.402966820674983E+000  0.813443309149511E+002  0.684707233825273E+002
  0.402966820674983E+000  0.813400677811342E+002  0.684686835021458E+002
  0.402966820674983E+000  0.813368973621899E+002  0.684671619010589E+002
  0.402966820674983E+000  0.813367272349352E+002  0.672884074683861E+002
  0.402966820674983E+000  0.813363126974616E+002  0.672886067383488E+002
  0.402966820674983E+000  0.813362241445839E+002  0.684668382931941E+002
  0.402966820674983E+000  0.813345017297868E+002  0.684660095380893E+002
  0.402966820674983E+000  0.813313303929544E+002  0.684644805594691E+002
  0.402966820674983E+000  0.813244766677283E+002  0.684611625245853E+002
  0.402966820674983E+000  0.813237152779035E+002  0.672946948538878E+002
  0.402966820674983E+000  0.813184684409578E+002  0.672972493945730E+002
  0.402966820674983E+000  0.813071228198162E+002  0.684526755355241E+002
  0.402966820674983E+000  0.813060442010036E+002  0.673033437158618E+002
  0.402966820674983E+000  0.813037769572161E+002  0.673044628311624E+002
  0.402966820674983E+000  0.812941635286903E+002  0.684462550991889E+002
  0.402966820674983E+000  0.812905241635037E+002  0.673110486458720E+002
  0.402966820674983E+000  0.812825859126010E+002  0.684404572343975E+002
  0.402966820674983E+000  0.812796302513180E+002  0.673165201136241E+002
  0.402966820674983E+000  0.812762045242316E+002  0.684372358643588E+002
  0.402966820674983E+000  0.812756078631076E+002  0.673185538911220E+002
  0.402966820674983E+000  0.812698228995590E+002  0.673214918893450E+002
  0.402966820674983E+000  0.812681065692389E+002  0.673223665483423E+002
  0.402966820674983E+000  0.812629714248574E+002  0.673249917340948E+002
  0.402966820674983E+000  0.812602952348217E+002  0.673263648087415E+002
  0.402966820674983E+000  0.812570782155553E+002  0.684274677017787E+002
  0.402966820674983E+000  0.812527856411166E+002  0.684252514587878E+002
  0.402966820674983E+000  0.812490535083431E+002  0.684233172536761E+002
  0.402966820674983E+000  0.812467099318981E+002  0.673333884427909E+002
  0.402966820674983E+000  0.812443990085123E+002  0.673345922344837E+002
  0.402966820674983E+000  0.812427072644111E+002  0.684200124266165E+002
  0.402966820674983E+000  0.812419908947261E+002  0.684196381088210E+002
  0.402966820674983E+000  0.812413794920400E+002  0.684193184337968E+002
  0.402966820674983E+000  0.812398409467634E+002  0.684185131614227E+002
  0.402966820674983E+000  0.812330324615524E+002  0.684149351196257E+002
  0.402966820674983E+000  0.812327605561494E+002  0.684147917310166E+002
  0.402966820674983E+000  0.812317447556665E+002  0.673412318957742E+002
  0.402966820674983E+000  0.812288523673312E+002  0.684127265117419E+002
  0.402966820674983E+000  0.812279122527986E+002  0.684122285327421E+002
  0.402966820674983E+000  0.812124190312391E+002  0.673515337153729E+002
  0.402966820674983E+000  0.812113619099963E+002  0.684033845568917E+002
  0.402966820674983E+000  0.811951117912116E+002  0.683945537816818E+002
  0.402966820674983E+000  0.811950658840523E+002  0.673609589873534E+002
  0.402966820674983E+000  0.811890523573593E+002  0.683912220413617E+002
  0.402966820674983E+000  0.811860356995928E+002  0.673659323428203E+002
  0.402966820674983E+000  0.811836610809436E+002  0.683882394032232E+002
  0.402966820674983E+000  0.811821139106007E+002  0.673681073757459E+002
  0.402966820674983E+000  0.811808737123236E+002  0.673687971269751E+002
  0.402966820674983E+000  0.811786306216519E+002  0.683854405789820E+002
  0.402966820674983E+000  0.811772281252582E+002  0.673708300984216E+002
  0.402966820674983E+000  0.811754996600591E+002  0.683836907716807E+002
  0.402966820674983E+000  0.811713362755256E+002  0.683813545545774E+002
  0.402966820674983E+000  0.811677737384703E+002  0.673761407532546E+002
  0.402966820674983E+000  0.811653267869130E+002  0.673775244230090E+002
  0.402966820674983E+000  0.811645275312997E+002  0.673779772054871E+002
  0.402966820674983E+000  0.811634943429123E+002  0.683769244873326E+002
  0.402966820674983E+000  0.811631247688478E+002  0.683767147369316E+002
  0.402966820674983E+000  0.811622860218291E+002  0.673792492263223E+002
  0.402966820674983E+000  0.811599970896000E+002  0.673805515171578E+002
  0.402966820674983E+000  0.811578727435264E+002  0.683737243821063E+002
  0.402966820674983E+000  0.811506223979310E+002  0.673859212417103E+002
  0.402966820674983E+000  0.811433009877174E+002  0.673901559926105E+002
  0.402966820674983E+000  0.811418192746450E+002  0.683644701002125E+002
  0.402966820674983E+000  0.811401080449218E+002  0.683634732353127E+002
  0.402966820674983E+000  0.811314625537663E+002  0.683584052578646E+002
  0.402966820674983E+000  0.811313541232632E+002  0.683583413566845E+002
  0.402966820674983E+000  0.811293914447701E+002  0.673983043859403E+002
  0.402966820674983E+000  0.811292221727840E+002  0.673984044007897E+002
  0.402966820674983E+000  0.811275270821669E+002  0.683560805047455E+002
  0.402966820674983E+000  0.811266606641357E+002  0.673999204309932E+002
  0.402966820674983E+000  0.811251056066513E+002  0.674008431435280E+002
  0.402966820674983E+000  0.811229268190762E+002  0.683533486428717E+002
  0.402966820674983E+000  0.811211272638469E+002  0.674032119087742E+002
  0.402966820674983E+000  0.811179132483663E+002  0.683503533559504E+002
  0.402966820674983E+000  0.811079076438319E+002  0.674111694360543E+002
  0.402966820674983E+000  0.811055650320650E+002  0.683428938417986E+002
  0.402966820674983E+000  0.811016847428476E+002  0.683405249449100E+002
  0.402966820674983E+000  0.810991916986247E+002  0.674164910732941E+002
  0.402966820674983E+000  0.810978413829213E+002  0.674173210293543E+002
  0.402966820674983E+000  0.810964848871449E+002  0.683373313150108E+002
  0.402966820674983E+000  0.810956795877483E+002  0.674186528758277E+002
  0.402966820674983E+000  0.810933509558124E+002  0.674200918437993E+002
  0.402966820674983E+000  0.810927648174926E+002  0.674204547587426E+002
  0.402966820674983E+000  0.810876963375130E+002  0.683318825392202E+002
  0.402966820674983E+000  0.810799283156468E+002  0.674284761470848E+002
  0.402966820674983E+000  0.810779341151273E+002  0.683257524182168E+002
  0.402966820674983E+000  0.810730200006905E+002  0.674328529343166E+002
  0.402966820674983E+000  0.810711543836640E+002  0.674340423064150E+002
  0.402966820674983E+000  0.810709866668658E+002  0.674341493858098E+002
  0.402966820674983E+000  0.810649378483543E+002  0.683174589034144E+002
  0.402966820674983E+000  0.810633702422081E+002  0.683164479458055E+002
  0.402966820674983E+000  0.810625909574748E+002  0.683159445129868E+002
  0.402966820674983E+000  0.810619263479169E+002  0.683155147051009E+002
  0.402966820674983E+000  0.810610745608105E+002  0.674405243776887E+002
  0.402966820674983E+000  0.810555330308084E+002  0.674441292688672E+002
  0.402966820674983E+000  0.810518199249366E+002  0.674465615911167E+002
  0.402966820674983E+000  0.810496382201149E+002  0.683074904396951E+002
  0.402966820674983E+000  0.810482847882350E+002  0.683065974566770E+002
  0.402966820674983E+000  0.810461844415221E+002  0.674502796362747E+002
  0.402966820674983E+000  0.810457844735884E+002  0.674505447474197E+002
  0.402966820674983E+000  0.810453607961004E+002  0.683046618544821E+002
  0.402966820674983E+000  0.810443586056876E+002  0.683039964094887E+002
  0.402966820674983E+000  0.810418086536798E+002  0.674531890457123E+002
  0.402966820674983E+000  0.810387444332230E+002  0.683002492717313E+002
  0.402966820674983E+000  0.810375398638820E+002  0.674560466555850E+002
  0.402966820674983E+000  0.810334481824930E+002  0.674588040009142E+002
  0.402966820674983E+000  0.810331169788643E+002  0.682964596177484E+002
  0.402966820674983E+000  0.810329579850285E+002  0.674591355586441E+002
  0.402966820674983E+000  0.810313616190793E+002  0.682952704811618E+002
  0.402966820674983E+000  0.810307569660850E+002  0.682948600849888E+002
  0.402966820674983E+000  0.810284365446138E+002  0.682932813828267E+002
  0.402966820674983E+000  0.810267051930010E+002  0.674633880710691E+002
  0.402966820674983E+000  0.810263635405579E+002  0.682918659215703E+002
  0.402966820674983E+000  0.810203397186837E+002  0.674677625245066E+002
  0.402966820674983E+000  0.810201847687976E+002  0.682876180174770E+002
  0.402966820674983E+000  0.810191314163098E+002  0.674685981703578E+002
  0.402966820674983E+000  0.810185132571430E+002  0.674690263416342E+002
  0.402966820674983E+000  0.810123721404952E+002  0.674733046390144E+002
  0.402966820674983E+000  0.810122514521188E+002  0.674733891718546E+002
  0.402966820674983E+000  0.810119578380464E+002  0.682818927084786E+002
  0.402966820674983E+000  0.810108978288368E+002  0.682811491146476E+002
  0.402966820674983E+000  0.810081851363222E+002  0.682792398958008E+002
  0.402966820674983E+000  0.810069820351643E+002  0.674770973786160E+002
  0.402966820674983E+000  0.810053938860530E+002  0.674782217445047E+002
  0.402966820674983E+000  0.810046219202394E+002  0.682767181885377E+002
  0.402966820674983E+000  0.810042351819400E+002  0.674790440757625E+002
  0.402966820674983E+000  0.810041185534481E+002  0.682763606671653E+002
  0.402966820674983E+000  0.810036742107458E+002  0.674794428064595E+002
  0.402966820674983E+000  0.809949371533893E+002  0.674857053295790E+002
  0.402966820674983E+000  0.809947992433911E+002  0.674858049825142E+002
  0.402966820674983E+000  0.809834207097531E+002  0.674941162092582E+002
  0.402966820674983E+000  0.809832575361058E+002  0.682612509017774E+002
  0.402966820674983E+000  0.809812981503165E+002  0.682598010082616E+002
  0.402966820674983E+000  0.809798722144214E+002  0.674967452232954E+002
  0.402966820674983E+000  0.809750703573189E+002  0.675003319871234E+002
  0.402966820674983E+000  0.809725562411769E+002  0.682532640292748E+002
  0.402966820674983E+000  0.809710934076975E+002  0.682521590125656E+002
  0.402966820674983E+000  0.809685083012220E+002  0.682501982208377E+002
  0.402966820674983E+000  0.809646475764481E+002  0.682472505056224E+002
  0.402966820674983E+000  0.809642898622942E+002  0.675085114131880E+002
  0.402966820674983E+000  0.809554466622514E+002  0.675153587744163E+002
  0.402966820674983E+000  0.809507392147223E+002  0.675190570974551E+002
  0.402966820674983E+000  0.809505342735573E+002  0.682362686355856E+002
  0.402966820674983E+000  0.809445431105266E+002  0.682315037187878E+002
  0.402966820674983E+000  0.809403523162310E+002  0.675273554427154E+002
  0.402966820674983E+000  0.809362253339650E+002  0.682247799397614E+002
  0.402966820674983E+000  0.809273321713074E+002  0.682174438585777E+002
  0.402966820674983E+000  0.809194684111231E+002  0.682108223658075E+002
  0.402966820674983E+000  0.809167663584858E+002  0.682085165702157E+002
  0.402966820674983E+000  0.809161198027073E+002  0.675475251631587E+002
  0.402966820674983E+000  0.809156127623511E+002  0.675479603693385E+002
  0.402966820674983E+000  0.809155457210906E+002  0.682074696524064E+002
  0.402966820674983E+000  0.809152492970732E+002  0.675482726949686E+002
  0.402966820674983E+000  0.809125829305105E+002  0.682049145886164E+002
  0.402966820674983E+000  0.809088167653216E+002  0.682016376137217E+002
  0.402966820674983E+000  0.809077767431884E+002  0.682007268225441E+002
  0.402966820674983E+000  0.809075398768836E+002  0.682005190294291E+002
  0.402966820674983E+000  0.809068684359432E+002  0.675555583346443E+002
  0.402966820674983E+000  0.809055430398732E+002  0.681987619396536E+002
  0.402966820674983E+000  0.809042185500074E+002  0.681975911480783E+002
  0.402966820674983E+000  0.809039601352851E+002  0.681973622206737E+002
  0.402966820674983E+000  0.809008802595904E+002  0.681946210532266E+002
  0.402966820674983E+000  0.808957801472966E+002  0.675654586917685E+002
  0.402966820674983E+000  0.808928832818066E+002  0.681873902554982E+002
  0.402966820674983E+000  0.808866937827622E+002  0.675738119192949E+002
  0.402966820674983E+000  0.808845205278051E+002  0.675758440730933E+002
  0.402966820674983E+000  0.808814499939777E+002  0.681767488181458E+002
  0.402966820674983E+000  0.808808159566130E+002  0.675793400204735E+002
  0.402966820674983E+000  0.808807919776627E+002  0.675793627824641E+002
  0.402966820674983E+000  0.808755312774914E+002  0.681710884165323E+002
  0.402966820674983E+000  0.808730007836645E+002  0.675868528556776E+002
  0.402966820674983E+000  0.808723277000631E+002  0.681679786120549E+002
  0.402966820674983E+000  0.808698924404140E+002  0.681655921596365E+002
  0.402966820674983E+000  0.808686436442655E+002  0.681643606845617E+002
  0.402966820674983E+000  0.808669003447149E+002  0.675928549454029E+002
  0.402966820674983E+000  0.808651686993485E+002  0.681609057530397E+002
  0.402966820674983E+000  0.808628485109768E+002  0.675969123439268E+002
  0.402966820674983E+000  0.808613247847928E+002  0.675984534134917E+002
  0.402966820674983E+000  0.808572041762397E+002  0.676026641633524E+002
  0.402966820674983E+000  0.808570975689482E+002  0.676027739584563E+002
  0.402966820674983E+000  0.808569838340402E+002  0.676028911426659E+002
  0.402966820674983E+000  0.808563060860840E+002  0.681518971244028E+002
  0.402966820674983E+000  0.808529507520655E+002  0.676070793337061E+002
  0.402966820674983E+000  0.808528289494689E+002  0.676072068293736E+002
  0.402966820674983E+000  0.808504919216119E+002  0.681458227750827E+002
  0.402966820674983E+000  0.808463830876628E+002  0.676140419051280E+002
  0.402966820674983E+000  0.808440748948766E+002  0.681389546509306E+002
  0.402966820674983E+000  0.808425274525841E+002  0.676182163783021E+002
  0.402966820674983E+000  0.808407028097149E+002  0.681352721121268E+002
  0.402966820674983E+000  0.808393100712161E+002  0.676217519156514E+002
  0.402966820674983E+000  0.808371710292024E+002  0.676241297558467E+002
  0.402966820674983E+000  0.808368265675655E+002  0.681309728482616E+002
  0.402966820674983E+000  0.808364268816730E+002  0.681305253853844E+002
  0.402966820674983E+000  0.808357890673930E+002  0.676256779240864E+002
  0.402966820674983E+000  0.808345397800907E+002  0.681284019177252E+002
  0.402966820674983E+000  0.808321339689410E+002  0.676298192096359E+002
  0.402966820674983E+000  0.808320121338516E+002  0.681255291652715E+002
  0.402966820674983E+000  0.808262582631479E+002  0.681188621010350E+002
  0.402966820674983E+000  0.808260968374089E+002  0.676368152131121E+002
  0.402966820674983E+000  0.808241242749286E+002  0.681163420744173E+002
  0.402966820674983E+000  0.808233437419377E+002  0.676400739388191E+002
  0.402966820674983E+000  0.808189968455293E+002  0.681101754280206E+002
  0.402966820674983E+000  0.808186199921860E+002  0.676457718801900E+002
  0.402966820674983E+000  0.808179474539602E+002  0.676465945397541E+002
  0.402966820674983E+000  0.808151029734722E+002  0.681053807779763E+002
  0.402966820674983E+000  0.808111876359989E+002  0.681004556444967E+002
  0.402966820674983E+000  0.808109172862511E+002  0.681001115433440E+002
  0.402966820674983E+000  0.808087256826465E+002  0.676581854427187E+002
  0.402966820674983E+000  0.808083045739555E+002  0.680967582261178E+002
  0.402966820674983E+000  0.808074668258018E+002  0.676598155244401E+002
  0.402966820674983E+000  0.808074619681821E+002  0.676598218381417E+002
  0.402966820674983E+000  0.808052163880085E+002  0.676627603903459E+002
  0.402966820674983E+000  0.808050302733980E+002  0.676630057432700E+002
  0.402966820674983E+000  0.808030983932573E+002  0.680899183309768E+002
  0.402966820674983E+000  0.808004382038174E+002  0.676691508036247E+002
  0.402966820674983E+000  0.808001407524473E+002  0.680859325030874E+002
  0.402966820674983E+000  0.807989552230720E+002  0.680843132481655E+002
  0.402966820674983E+000  0.807965320689910E+002  0.676745241566804E+002
  0.402966820674983E+000  0.807962555258143E+002  0.676749099702845E+002
  0.402966820674983E+000  0.807933392656067E+002  0.676790241254865E+002
  0.402966820674983E+000  0.807913316348767E+002  0.680735809641523E+002
  0.402966820674983E+000  0.807910420096940E+002  0.680731616164396E+002
  0.402966820674983E+000  0.807901914879619E+002  0.680719249132048E+002
  0.402966820674983E+000  0.807895147005655E+002  0.680709351727351E+002
  0.402966820674983E+000  0.807893003867707E+002  0.680706206993819E+002
  0.402966820674983E+000  0.807882567853439E+002  0.680690819847269E+002
  0.402966820674983E+000  0.807854413621684E+002  0.676906198615868E+002
  0.402966820674983E+000  0.807834483049807E+002  0.680618261452595E+002
  0.402966820674983E+000  0.807813080337050E+002  0.680585028992353E+002
  0.402966820674983E+000  0.807812345535794E+002  0.676970998885001E+002
  0.402966820674983E+000  0.807782709370893E+002  0.680536794272901E+002
  0.402966820674983E+000  0.807765532214294E+002  0.677045957104959E+002
  0.402966820674983E+000  0.807762257230465E+002  0.677051322883312E+002
  0.402966820674983E+000  0.807736865656202E+002  0.677093504859330E+002
  0.402966820674983E+000  0.807735096329024E+002  0.680458392461680E+002
  0.402966820674983E+000  0.807729013581763E+002  0.680448111308494E+002
  0.402966820674983E+000  0.807721002789380E+002  0.680434474023076E+002
  0.402966820674983E+000  0.807707857054491E+002  0.680411848642878E+002
  0.402966820674983E+000  0.807704800108538E+002  0.677148333837659E+002
  0.402966820674983E+000  0.807704109635286E+002  0.680405341289885E+002
  0.402966820674983E+000  0.807697095916777E+002  0.680393091612550E+002
  0.402966820674983E+000  0.807696372980761E+002  0.677163052382057E+002
  0.402966820674983E+000  0.807686592718245E+002  0.677180304316237E+002
  0.402966820674983E+000  0.807667419708418E+002  0.680340198915416E+002
  0.402966820674983E+000  0.807665995598737E+002  0.680337615597569E+002
  0.402966820674983E+000  0.807663074435743E+002  0.677222572868596E+002
  0.402966820674983E+000  0.807652961008703E+002  0.680313769193531E+002
  0.402966820674983E+000  0.807647581928287E+002  0.677251056348507E+002
  0.402966820674983E+000  0.807641481511038E+002  0.680292456974347E+002
  0.402966820674983E+000  0.807640511173195E+002  0.680290641738765E+002
  0.402966820674983E+000  0.807639851623523E+002  0.677265469421936E+002
  0.402966820674983E+000  0.807637095667390E+002  0.677270641210457E+002
  0.402966820674983E+000  0.807634058984448E+002  0.680278515639690E+002
  0.402966820674983E+000  0.807617514589725E+002  0.680246965315830E+002
  0.402966820674983E+000  0.807616293005208E+002  0.677310267235221E+002
  0.402966820674983E+000  0.807605585858448E+002  0.677331085912963E+002
  0.402966820674983E+000  0.807604548296372E+002  0.680221756812093E+002
  0.402966820674983E+000  0.807597001482665E+002  0.677347996113864E+002
  0.402966820674983E+000  0.807589642922736E+002  0.680192223599508E+002
  0.402966820674983E+000  0.807588528956499E+002  0.677364884469321E+002
  0.402966820674983E+000  0.807578765598590E+002  0.680170276305597E+002
  0.402966820674983E+000  0.807571788103272E+002  0.680156013795268E+002
  0.402966820674983E+000  0.807571564904520E+002  0.680155555124344E+002
  0.402966820674983E+000  0.807567274384130E+002  0.677408167790560E+002
  0.402966820674983E+000  0.807562927258726E+002  0.677417190022582E+002
  0.402966820674983E+000  0.807558775264854E+002  0.680129012580119E+002
  0.402966820674983E+000  0.807558138360456E+002  0.677427198916541E+002
  0.402966820674983E+000  0.807554869034854E+002  0.680120801375381E+002
  0.402966820674983E+000  0.807553583250246E+002  0.677436788527582E+002
  0.402966820674983E+000  0.807544761306356E+002  0.680099317400596E+002
  0.402966820674983E+000  0.807536468374730E+002  0.680081426464788E+002
  0.402966820674983E+000  0.807532475682679E+002  0.680072724618394E+002
  0.402966820674983E+000  0.807531804178941E+002  0.677483620715602E+002
  0.402966820674983E+000  0.807521984807331E+002  0.677505299369898E+002
  0.402966820674983E+000  0.807518183321059E+002  0.677513791934599E+002
  0.402966820674983E+000  0.807518105951577E+002  0.680040910708688E+002
  0.402966820674983E+000  0.807509598798438E+002  0.680021692995182E+002
  0.402966820674983E+000  0.807477413252738E+002  0.677608746398808E+002
  0.402966820674983E+000  0.807477360890902E+002  0.679946002768455E+002
  0.402966820674983E+000  0.807473093662414E+002  0.677619262841437E+002
  0.402966820674983E+000  0.807471673489660E+002  0.677622741304677E+002
  0.402966820674983E+000  0.807468832039555E+002  0.677629732584299E+002
  0.402966820674983E+000  0.807465869260758E+002  0.677637068033470E+002
  0.402966820674983E+000  0.807465361901571E+002  0.677638328925031E+002
  0.402966820674983E+000  0.807461968070287E+002  0.679908076627123E+002
  0.402966820674983E+000  0.807455615581999E+002  0.679892048708085E+002
  0.402966820674983E+000  0.807452675436296E+002  0.679884551898649E+002
  0.402966820674983E+000  0.807439595556352E+002  0.679850566146086E+002
  0.402966820674983E+000  0.807419177323193E+002  0.679795247057876E+002
  0.402966820674983E+000  0.807414290910563E+002  0.679781556460453E+002
  0.402966820674983E+000  0.807411203037824E+002  0.679772807864364E+002
  0.402966820674983E+000  0.807404727310996E+002  0.677800669761260E+002
  0.402966820674983E+000  0.807402766901350E+002  0.677806371305393E+002
  0.402966820674983E+000  0.807402228292184E+002  0.677807943637340E+002
  0.402966820674983E+000  0.807393478267302E+002  0.677833854051175E+002
  0.402966820674983E+000  0.807391389850067E+002  0.677840144106827E+002
  0.402966820674983E+000  0.807378406245829E+002  0.679674638214486E+002
  0.402966820674983E+000  0.807375198058248E+002  0.679664452052152E+002
  0.402966820674983E+000  0.807375156780250E+002  0.679664320230044E+002
  0.402966820674983E+000  0.807361278785420E+002  0.677936045411433E+002
  0.402966820674983E+000  0.807360453780537E+002  0.679616048751686E+002
  0.402966820674983E+000  0.807358255667275E+002  0.677946284821039E+002
  0.402966820674983E+000  0.807355038673977E+002  0.679597554796597E+002
  0.402966820674983E+000  0.807353540402661E+002  0.677962512382240E+002
  0.402966820674983E+000  0.807342002262840E+002  0.679551221330150E+002
  0.402966820674983E+000  0.807326543269608E+002  0.678062479437240E+002
  0.402966820674983E+000  0.807323087345119E+002  0.678076304610842E+002
  0.402966820674983E+000  0.807322573351508E+002  0.679476491919273E+002
  0.402966820674983E+000  0.807316134712749E+002  0.678104978664033E+002
  0.402966820674983E+000  0.807314860809688E+002  0.678110366090245E+002
  0.402966820674983E+000  0.807313436764350E+002  0.679438435625857E+002
  0.402966820674983E+000  0.807309614152356E+002  0.678133029151827E+002
  0.402966820674983E+000  0.807308275956883E+002  0.678138938255958E+002
  0.402966820674983E+000  0.807303495221598E+002  0.678160510784208E+002
  0.402966820674983E+000  0.807303326405894E+002  0.678161286352044E+002
  0.402966820674983E+000  0.807299052154969E+002  0.679373617029733E+002
  0.402966820674983E+000  0.807298826073422E+002  0.679372541931761E+002
  0.402966820674983E+000  0.807295340038003E+002  0.679355711631136E+002
  0.402966820674983E+000  0.807291687821960E+002  0.678217339261807E+002
  0.402966820674983E+000  0.807284710599539E+002  0.678253811392273E+002
  0.402966820674983E+000  0.807284663741904E+002  0.678254064923591E+002
  0.402966820674983E+000  0.807284650390461E+002  0.679300738893970E+002
  0.402966820674983E+000  0.807283483205212E+002  0.679294382631897E+002
  0.402966820674983E+000  0.807282641389184E+002  0.678265126761709E+002
  0.402966820674983E+000  0.807277699361858E+002  0.679261655342335E+002
  0.402966820674983E+000  0.807277063815397E+002  0.679257923255670E+002
  0.402966820674983E+000  0.807275412193200E+002  0.678306789925844E+002
  0.402966820674983E+000  0.807275058499560E+002  0.678308923384396E+002
  0.402966820674983E+000  0.807274055531181E+002  0.679239849322573E+002
  0.402966820674983E+000  0.807273754877054E+002  0.679238003992716E+002
  0.402966820674983E+000  0.807270360277899E+002  0.678338244819800E+002
  0.402966820674983E+000  0.807266683752980E+002  0.678362632939903E+002
  0.402966820674983E+000  0.807263772787957E+002  0.678383010944791E+002
  0.402966820674983E+000  0.807260868515502E+002  0.678404449958389E+002
  0.402966820674983E+000  0.807260221282623E+002  0.679145478190827E+002
  0.402966820674983E+000  0.807258021236867E+002  0.679128137845080E+002
  0.402966820674983E+000  0.807257376592540E+002  0.679122892032172E+002
  0.402966820674983E+000  0.807256628827336E+002  0.678438170607208E+002
  0.402966820674983E+000  0.807255429963955E+002  0.679106544197261E+002
  0.402966820674983E+000  0.807253442321540E+002  0.678465908069784E+002
  0.402966820674983E+000  0.807249744048879E+002  0.679053300883738E+002
  0.402966820674983E+000  0.807248146819241E+002  0.678518493941888E+002
  0.402966820674983E+000  0.807246829740715E+002  0.678533325705315E+002
  0.402966820674983E+000  0.807245479519859E+002  0.679005345625870E+002
  0.402966820674983E+000  0.807244154670074E+002  0.678566638064726E+002
  0.402966820674983E+000  0.807243531052505E+002  0.678979685050242E+002
  0.402966820674983E+000  0.807243070458539E+002  0.678581747977048E+002
  0.402966820674983E+000  0.807242147532910E+002  0.678959279323240E+002
  0.402966820674983E+000  0.807241521292021E+002  0.678605628219035E+002
  0.402966820674983E+000  0.807241469094062E+002  0.678606490929568E+002
  0.402966820674983E+000  0.807240355114318E+002  0.678928805968363E+002
  0.402966820674983E+000  0.807239939372814E+002  0.678920815463003E+002
  0.402966820674983E+000  0.807239823998983E+002  0.678636358290495E+002
  0.402966820674983E+000  0.807239583993677E+002  0.678913613927322E+002
  0.402966820674983E+000  0.807239300284993E+002  0.678907579003220E+002
  0.402966820674983E+000  0.807238675675221E+002  0.678661687131284E+002
  0.402966820674983E+000  0.807237682261022E+002  0.678689286985137E+002
  0.402966820674983E+000  0.807237633156693E+002  0.678690879194203E+002
  0.402966820674983E+000  0.807237497461794E+002  0.678695439711497E+002
  0.402966820674983E+000  0.807755130267163E+002  0.678717238990959E+002
  0.402966820674983E+000  0.807755048211440E+002  0.678833643752380E+002
  0.402966820674983E+000  0.807754911507084E+002  0.678826270976062E+002
  0.402966820674983E+000  0.807754831895696E+002  0.678733464647295E+002
  0.402966820674983E+000  0.807754534332516E+002  0.678793185165793E+002
  0.402966820674983E+000  0.807754530432376E+002  0.678762408809324E+002
