  0.678780050346030E+002 -0.408162560370516E+002
  0.678783175104505E+002 -0.408162562673242E+002
  0.678776424605863E+002 -0.408162559858855E+002
  0.678774290670149E+002 -0.408162560642520E+002
  0.678773982296154E+002 -0.408162560822241E+002
  0.678767877454412E+002 -0.408162567835746E+002
  0.678777959950047E+002 -0.408162559792247E+002
  0.678771160267756E+002 -0.408162563246636E+002
  0.678775670483198E+002 -0.408162560043958E+002
  0.678767565365802E+002 -0.408162568371045E+002
  0.678785096458137E+002 -0.408162564944873E+002
  0.678770137610182E+002 -0.408162564472224E+002
  0.678776325161820E+002 -0.408162559877517E+002
  0.678768739934842E+002 -0.408162566445822E+002
  0.678767475944229E+002 -0.408162568527590E+002
  0.678782055963044E+002 -0.408162561650404E+002
  0.678778093704428E+002 -0.408162559806149E+002
  0.678785536620314E+002 -0.408162565557024E+002
  0.678783172610988E+002 -0.408162562670717E+002
  0.678773782080583E+002 -0.408162560947915E+002
  0.678784082802800E+002 -0.408162563665212E+002
  0.678775638080935E+002 -0.408162560054160E+002
  0.678775633019426E+002 -0.408162560055771E+002
  0.678783298331586E+002 -0.408162562799378E+002
  0.678783220567405E+002 -0.408162562719466E+002
  0.678776074339719E+002 -0.408162559932344E+002
  0.678768450892735E+002 -0.408162566896997E+002
  0.678775381536897E+002 -0.408162560141482E+002
  0.678784817127933E+002 -0.408162564574136E+002
  0.678768799729369E+002 -0.408162566354328E+002
  0.678778664318457E+002 -0.408162559900930E+002
  0.678771803320027E+002 -0.408162562570520E+002
  0.678787152770244E+002 -0.408162568097988E+002
  0.678771769284730E+002 -0.408162562604476E+002
  0.678783911698642E+002 -0.408162563467098E+002
  0.678777388806776E+002 -0.408162559768419E+002
  0.678786197618288E+002 -0.408162566540542E+002
  0.678782191140008E+002 -0.408162561762210E+002
  0.678774357746139E+002 -0.408162560605651E+002
  0.678776021875030E+002 -0.408162559945216E+002
  0.678782078953205E+002 -0.408162561669192E+002
  0.678773001185874E+002 -0.408162561505696E+002
  0.678774204149471E+002 -0.408162560691250E+002
  0.678768171169716E+002 -0.408162567347667E+002
  0.678779889317871E+002 -0.408162560298549E+002
  0.678775266228635E+002 -0.408162560184515E+002
  0.678784852846769E+002 -0.408162564620776E+002
  0.678782986985324E+002 -0.408162562485852E+002
  0.678786234601732E+002 -0.408162566597849E+002
  0.678784870555930E+002 -0.408162564643983E+002
  0.678783495445427E+002 -0.408162563006717E+002
  0.678775668027891E+002 -0.408162560044724E+002
  0.678769781709753E+002 -0.408162564942052E+002
  0.678772963508611E+002 -0.408162561535331E+002
  0.678767410905277E+002 -0.408162568642338E+002
  0.678771269792102E+002 -0.408162563126323E+002
  0.678769449704564E+002 -0.408162565400493E+002
  0.678786443346899E+002 -0.408162566925835E+002
  0.678786040712557E+002 -0.408162566300097E+002
  0.678777556062711E+002 -0.408162559769435E+002
  0.678781166261983E+002 -0.408162560995011E+002
  0.678774488009493E+002 -0.408162560536319E+002
  0.678776630619261E+002 -0.408162559825746E+002
  0.678786913197447E+002 -0.408162567692216E+002
  0.678772918488466E+002 -0.408162561571069E+002
  0.678785001591603E+002 -0.408162564817419E+002
  0.678774478885599E+002 -0.408162560541077E+002
  0.678785072029766E+002 -0.408162564911902E+002
  0.678774450226060E+002 -0.408162560556120E+002
  0.678771425303037E+002 -0.408162562959131E+002
  0.678782080076470E+002 -0.408162561670112E+002
  0.678783218325245E+002 -0.408162562717178E+002
  0.678777946221332E+002 -0.408162559790999E+002
  0.678781535791414E+002 -0.408162561250257E+002
  0.678776259807470E+002 -0.408162559890733E+002
  0.678775779521053E+002 -0.408162560010986E+002
  0.678786906405353E+002 -0.408162567680859E+002
  0.678781945332952E+002 -0.408162561561302E+002
  0.678780530258506E+002 -0.408162560612147E+002
  0.678775264385834E+002 -0.408162560185222E+002
  0.678779056550427E+002 -0.408162559999414E+002
  0.678777606938146E+002 -0.408162559770723E+002
  0.678782493961361E+002 -0.408162562024380E+002
  0.678778706575552E+002 -0.408162559910235E+002
  0.678769801535307E+002 -0.408162564915292E+002
  0.678769302882929E+002 -0.408162565609432E+002
  0.678767792635168E+002 -0.408162567979528E+002
  0.678777908479174E+002 -0.408162559787739E+002
  0.678787229139130E+002 -0.408162568229466E+002
  0.678768279340501E+002 -0.408162567171752E+002
  0.678779802112368E+002 -0.408162560261486E+002
  0.678784105043610E+002 -0.408162563691343E+002
  0.678787418682151E+002 -0.408162568560235E+002
  0.678769362642462E+002 -0.408162565523930E+002
  0.678775152340926E+002 -0.408162560229322E+002
  0.678769852249465E+002 -0.408162564847155E+002
  0.678768980295465E+002 -0.408162566081867E+002
  0.678771749082413E+002 -0.408162562624728E+002
  0.678773923070722E+002 -0.408162560858679E+002
  0.678783149103090E+002 -0.408162562646969E+002
  0.678773729621883E+002 -0.408162560982012E+002
  0.678775023821171E+002 -0.408162560282635E+002
  0.678779244013624E+002 -0.408162560056074E+002
  0.678776213841878E+002 -0.408162559900480E+002
  0.678770849526919E+002 -0.408162563599513E+002
  0.678769570779605E+002 -0.408162565231055E+002
  0.678768372675701E+002 -0.408162567021624E+002
  0.678772155116292E+002 -0.408162562231526E+002
  0.678770986062794E+002 -0.408162563442364E+002
  0.678779582638509E+002 -0.408162560174148E+002
  0.678781613837322E+002 -0.408162561307249E+002
  0.678783669984363E+002 -0.408162563196036E+002
  0.678786541097847E+002 -0.408162567082068E+002
  0.678769130126228E+002 -0.408162565860153E+002
  0.678772303149587E+002 -0.408162562095410E+002
  0.678769603347026E+002 -0.408162565185920E+002
  0.678781333170531E+002 -0.408162561107315E+002
  0.678774631485618E+002 -0.408162560463420E+002
  0.678783935247148E+002 -0.408162563494057E+002
  0.678784156188541E+002 -0.408162563751765E+002
  0.678775626401155E+002 -0.408162560057883E+002
  0.678767660001700E+002 -0.408162568206908E+002
  0.678777790492979E+002 -0.408162559779170E+002
  0.678785803328567E+002 -0.408162565944586E+002
  0.678786102745692E+002 -0.408162566394638E+002
  0.678779394285986E+002 -0.408162560105974E+002
  0.678771702943602E+002 -0.408162562671250E+002
  0.678779178851899E+002 -0.408162560035676E+002
  0.678770155602421E+002 -0.408162564449066E+002
  0.678773229913257E+002 -0.408162561331173E+002
  0.678780704235634E+002 -0.408162560709784E+002
  0.678783248089138E+002 -0.408162562747626E+002
  0.678768170724053E+002 -0.408162567348396E+002
  0.678782995522350E+002 -0.408162562494221E+002
  0.678770779685143E+002 -0.408162563681171E+002
  0.678772503363148E+002 -0.408162561917469E+002
  0.678772924405199E+002 -0.408162561566352E+002
  0.678769643511142E+002 -0.408162565130516E+002
  0.678782888150958E+002 -0.408162562389904E+002
  0.678782662992856E+002 -0.408162562177761E+002
  0.678776161034300E+002 -0.408162559912138E+002
  0.678779946851168E+002 -0.408162560323736E+002
  0.678783915973682E+002 -0.408162563471985E+002
  0.678768759703883E+002 -0.408162566415503E+002
  0.678776736084815E+002 -0.408162559811696E+002
  0.678786238689959E+002 -0.408162566604199E+002
  0.678776154798569E+002 -0.408162559913547E+002
  0.678769853610483E+002 -0.408162564845333E+002
  0.678780760541902E+002 -0.408162560742528E+002
  0.678780933915627E+002 -0.408162560846864E+002
  0.678785983241904E+002 -0.408162566213115E+002
  0.678780701046626E+002 -0.408162560707946E+002
  0.678770992310469E+002 -0.408162563435251E+002
  0.678775457546078E+002 -0.408162560114399E+002
  0.678787167664811E+002 -0.408162568123550E+002
  0.678777932431689E+002 -0.408162559789779E+002
  0.678782189968820E+002 -0.408162561761227E+002
  0.678784403218250E+002 -0.408162564050106E+002
  0.678781510610221E+002 -0.408162561232098E+002
  0.678784664904705E+002 -0.408162564377898E+002
  0.678768007402882E+002 -0.408162567617927E+002
  0.678775123305220E+002 -0.408162560241111E+002
  0.678777439095061E+002 -0.408162559768206E+002
  0.678775675631717E+002 -0.408162560042354E+002
  0.678784555707434E+002 -0.408162564239647E+002
  0.678771260500354E+002 -0.408162563136447E+002
  0.678771820221142E+002 -0.408162562553734E+002
  0.678772286335175E+002 -0.408162562110676E+002
  0.678778313559982E+002 -0.408162559835861E+002
  0.678775001892031E+002 -0.408162560292022E+002
  0.678779279829989E+002 -0.408162560067606E+002
  0.678769595245743E+002 -0.408162565197130E+002
  0.678780713935242E+002 -0.408162560715385E+002
  0.678770714452673E+002 -0.408162563758218E+002
  0.678771878165749E+002 -0.408162562496568E+002
  0.678783885094569E+002 -0.408162563436759E+002
  0.678769299247551E+002 -0.408162565614654E+002
  0.678787371486438E+002 -0.408162568477281E+002
  0.678779235740177E+002 -0.408162560053443E+002
  0.678776789007662E+002 -0.408162559805385E+002
  0.678774625100271E+002 -0.408162560466588E+002
  0.678773503183411E+002 -0.408162561134770E+002
  0.678775141798623E+002 -0.408162560233585E+002
  0.678772009218827E+002 -0.408162562369463E+002
  0.678773798313179E+002 -0.408162560937462E+002
  0.678769068940231E+002 -0.408162565950215E+002
  0.678770608971526E+002 -0.408162563884393E+002
  0.678785412049344E+002 -0.408162565380308E+002
  0.678774155956776E+002 -0.408162560718967E+002
  0.678778684331512E+002 -0.408162559905297E+002
  0.678774540839197E+002 -0.408162560509054E+002
  0.678781115436244E+002 -0.408162560961789E+002
  0.678781802543371E+002 -0.408162561449492E+002
  0.678776978453552E+002 -0.408162559786848E+002
  0.678772536835159E+002 -0.408162561888411E+002
  0.678768755621789E+002 -0.408162566421758E+002
  0.678769993506256E+002 -0.408162564659763E+002
  0.678786595269133E+002 -0.408162567169374E+002
  0.678785746954815E+002 -0.408162565861621E+002
  0.678787411498948E+002 -0.408162568547584E+002
  0.678779627255147E+002 -0.408162560191214E+002
  0.678785286123527E+002 -0.408162565204455E+002
  0.678775666561542E+002 -0.408162560045183E+002
  0.678769269235061E+002 -0.408162565657852E+002
  0.678778004159753E+002 -0.408162559796493E+002
  0.678774339404543E+002 -0.408162560615654E+002
  0.678772181724968E+002 -0.408162562206774E+002
  0.678777622058104E+002 -0.408162559771194E+002
  0.678773940536944E+002 -0.408162560847869E+002
  0.678785551709318E+002 -0.408162565578615E+002
  0.678775090100231E+002 -0.408162560254776E+002
  0.678768502717523E+002 -0.408162566815017E+002
  0.678779972620719E+002 -0.408162560335207E+002
  0.678776994389448E+002 -0.408162559785578E+002
  0.678769867326018E+002 -0.408162564826986E+002
  0.678773807437195E+002 -0.408162560931607E+002
  0.678785681908271E+002 -0.408162565766589E+002
  0.678770374596858E+002 -0.408162564171777E+002
  0.678769921973656E+002 -0.408162564754218E+002
  0.678784893363065E+002 -0.408162564673952E+002
  0.678772184213905E+002 -0.408162562204465E+002
  0.678776975104645E+002 -0.408162559787121E+002
  0.678772980745380E+002 -0.408162561521742E+002
  0.678772943562913E+002 -0.408162561551120E+002
  0.678767444058324E+002 -0.408162568583753E+002
  0.678770114997433E+002 -0.408162564501410E+002
  0.678782141540084E+002 -0.408162561720811E+002
  0.678768169720166E+002 -0.408162567350038E+002
  0.678777599244502E+002 -0.408162559770499E+002
  0.678775430710493E+002 -0.408162560123845E+002
  0.678787486368236E+002 -0.408162568679890E+002
  0.678778680966653E+002 -0.408162559904558E+002
  0.678770993677293E+002 -0.408162563433696E+002
  0.678778446228886E+002 -0.408162559857919E+002
  0.678767795739129E+002 -0.408162567974244E+002
  0.678775269814126E+002 -0.408162560183142E+002
  0.678777944906588E+002 -0.408162559790881E+002
  0.678782278363912E+002 -0.408162561836065E+002
  0.678777661592535E+002 -0.408162559772616E+002
  0.678774615403110E+002 -0.408162560471411E+002
  0.678767632537746E+002 -0.408162568254378E+002
  0.678769857274915E+002 -0.408162564840428E+002
  0.678787018941728E+002 -0.408162567870069E+002
  0.678775892892229E+002 -0.408162559978929E+002
  0.678780190156667E+002 -0.408162560436712E+002
  0.678773647158631E+002 -0.408162561036595E+002
  0.678771191836253E+002 -0.408162563211740E+002
  0.678786747754481E+002 -0.408162567417914E+002
  0.678782903805491E+002 -0.408162562404987E+002
  0.678783780241302E+002 -0.408162563318400E+002
  0.678769684875744E+002 -0.408162565073752E+002
  0.678781762215409E+002 -0.408162561418566E+002
  0.678785331289101E+002 -0.408162565267206E+002
  0.678787433152848E+002 -0.408162568585748E+002
  0.678778660550917E+002 -0.408162559900115E+002
  0.678775232035713E+002 -0.408162560197727E+002
  0.678779205886846E+002 -0.408162560044048E+002
  0.678769453488768E+002 -0.408162565395158E+002
  0.678767695353955E+002 -0.408162568145998E+002
  0.678769056295728E+002 -0.408162565968910E+002
  0.678779357881092E+002 -0.408162560093519E+002
  0.678778133068098E+002 -0.408162559810841E+002
  0.678776113162121E+002 -0.408162559923131E+002
  0.678778522516062E+002 -0.408162559872009E+002
  0.678785018943681E+002 -0.408162564840613E+002
  0.678777577567477E+002 -0.408162559769924E+002
  0.678780378054368E+002 -0.408162560531111E+002
  0.678785065616959E+002 -0.408162564903263E+002
  0.678776776375328E+002 -0.408162559806846E+002
  0.678772691019363E+002 -0.408162561757112E+002
  0.678782287016882E+002 -0.408162561843465E+002
  0.678770555934822E+002 -0.408162563948576E+002
  0.678770147930852E+002 -0.408162564458934E+002
  0.678775431569868E+002 -0.408162560123540E+002
  0.678781546758416E+002 -0.408162561258201E+002
  0.678786550892834E+002 -0.408162567097816E+002
  0.678781785747726E+002 -0.408162561436577E+002
  0.678770809778167E+002 -0.408162563645881E+002
  0.678774260711854E+002 -0.408162560659244E+002
  0.678782448842368E+002 -0.408162561984292E+002
  0.678785783918999E+002 -0.408162565915957E+002
  0.678783141838420E+002 -0.408162562639650E+002
  0.678787234856079E+002 -0.408162568239350E+002
  0.678774231870880E+002 -0.408162560675493E+002
  0.678779898749482E+002 -0.408162560302638E+002
  0.678772468811414E+002 -0.408162561947672E+002
  0.678778334911441E+002 -0.408162559839201E+002
  0.678779271218702E+002 -0.408162560064813E+002
  0.678779326964058E+002 -0.408162560083126E+002
  0.678777662685290E+002 -0.408162559772660E+002
  0.678772113076882E+002 -0.408162562270886E+002
  0.678783369348024E+002 -0.408162562873288E+002
  0.678780127034598E+002 -0.408162560406398E+002
  0.678772322641411E+002 -0.408162562077776E+002
  0.678770252156880E+002 -0.408162564325767E+002
  0.678778243026097E+002 -0.408162559825399E+002
  0.678773761406771E+002 -0.408162560961294E+002
  0.678785916771242E+002 -0.408162566113239E+002
  0.678767669515057E+002 -0.408162568190495E+002
  0.678787103371088E+002 -0.408162568013490E+002
