  0.100000000000000E+001  0.154590727134750E+003  0.783915945072584E+002
  0.100000000000000E+001  0.159419814547403E+003  0.648551280843206E+002
  0.100000000000000E+001  0.114166149518434E+003  0.674667740793591E+002
  0.100000000000000E+001  0.870330294287091E+002  0.708559560981079E+002
  0.100000000000000E+001  0.203140578929188E+003  0.630478910054478E+002
  0.100000000000000E+001  0.899624163381941E+002  0.701059827312413E+002
  0.100000000000000E+001  0.137001601129004E+003  0.659984108424141E+002
  0.100000000000000E+001  0.185396107347772E+003  0.637320366856193E+002
  0.100000000000000E+001  0.186924404957412E+003  0.636708288792997E+002
  0.100000000000000E+001  0.940594605439863E+002  0.740406892918822E+002
  0.100000000000000E+001  0.932601279233677E+002  0.739260982210816E+002
  0.100000000000000E+001  0.904655330843632E+002  0.700096134709312E+002
  0.100000000000000E+001  0.158068719261807E+003  0.785577727159277E+002
  0.100000000000000E+001  0.903183501028025E+002  0.734391336351303E+002
  0.100000000000000E+001  0.159978068952019E+003  0.648290720092620E+002
  0.100000000000000E+001  0.280927649916543E+003  0.605312344205767E+002
  0.100000000000000E+001  0.864484153478122E+002  0.711041580348577E+002
  0.100000000000000E+001  0.863535158715641E+002  0.711543186277758E+002
  0.100000000000000E+001  0.242865847819052E+003  0.616836390641566E+002
  0.100000000000000E+001  0.104283994846785E+003  0.682909498752039E+002
  0.100000000000000E+001  0.210214418916263E+003  0.627897263249355E+002
  0.100000000000000E+001  0.108258925927915E+003  0.755384845220528E+002
  0.100000000000000E+001  0.159642694430622E+003  0.786316605766554E+002
  0.100000000000000E+001  0.288117245227628E+003  0.603266136520150E+002
  0.100000000000000E+001  0.149973470386686E+003  0.781643464233164E+002
  0.100000000000000E+001  0.184476759139039E+003  0.637690827271785E+002
  0.100000000000000E+001  0.187672730457066E+003  0.636410274319395E+002
  0.100000000000000E+001  0.895103206208118E+002  0.732786608401318E+002
  0.100000000000000E+001  0.124780742362447E+003  0.667303939099740E+002
  0.100000000000000E+001  0.887105223881821E+002  0.731013445917547E+002
  0.100000000000000E+001  0.201316516303162E+003  0.631157149114242E+002
  0.100000000000000E+001  0.859381197254785E+002  0.720092881397015E+002
  0.100000000000000E+001  0.112977848514857E+003  0.759190976692140E+002
  0.100000000000000E+001  0.931955076312021E+002  0.739165710185828E+002
  0.100000000000000E+001  0.103550453993663E+003  0.683601350134369E+002
  0.100000000000000E+001  0.159223281265357E+003  0.648643246233243E+002
  0.100000000000000E+001  0.169884334484257E+003  0.790943352627297E+002
  0.100000000000000E+001  0.121686197467380E+003  0.669334067150043E+002
  0.100000000000000E+001  0.908416420441658E+002  0.699409440277029E+002
  0.100000000000000E+001  0.860389200708549E+002  0.721101882293037E+002
  0.100000000000000E+001  0.122382935412569E+003  0.765894169246638E+002
  0.100000000000000E+001  0.298458308614878E+003  0.600385738378348E+002
  0.100000000000000E+001  0.291463785501630E+003  0.602326099396326E+002
  0.100000000000000E+001  0.171075488487782E+003  0.643301030733104E+002
  0.100000000000000E+001  0.169636547468492E+003  0.643928888057630E+002
  0.100000000000000E+001  0.189303951756238E+003  0.798999316066430E+002
  0.100000000000000E+001  0.196134508434283E+003  0.633113746529255E+002
  0.100000000000000E+001  0.863812055043473E+002  0.711392486388320E+002
  0.100000000000000E+001  0.172117471526580E+003  0.642849680856040E+002
  0.100000000000000E+001  0.102329828481574E+003  0.749978606299250E+002
  0.100000000000000E+001  0.144412951460555E+003  0.778795226941792E+002
  0.100000000000000E+001  0.152677555631097E+003  0.782983889068781E+002
  0.100000000000000E+001  0.192288799861995E+003  0.634595678391446E+002
  0.100000000000000E+001  0.101460394896070E+003  0.749108490030075E+002
  0.100000000000000E+001  0.141914862918699E+003  0.777471709421648E+002
  0.100000000000000E+001  0.204075563374602E+003  0.630133299772161E+002
  0.100000000000000E+001  0.277130269612101E+003  0.606408330017079E+002
  0.100000000000000E+001  0.903725531720843E+002  0.700270143942475E+002
  0.100000000000000E+001  0.897537564807358E+002  0.733287116690331E+002
  0.100000000000000E+001  0.178845589845058E+003  0.794765087487491E+002
  0.100000000000000E+001  0.165773167541115E+003  0.645641784476833E+002
  0.100000000000000E+001  0.943032527972977E+002  0.694018533809526E+002
  0.100000000000000E+001  0.274510802579293E+003  0.607170702837796E+002
  0.100000000000000E+001  0.165459637420682E+003  0.788981149918845E+002
  0.100000000000000E+001  0.112318204984633E+003  0.676083716184464E+002
  0.100000000000000E+001  0.898265783015066E+002  0.733433807400254E+002
  0.100000000000000E+001  0.208803222957703E+003  0.628406307559284E+002
  0.100000000000000E+001  0.131012287392568E+003  0.771316533249563E+002
  0.100000000000000E+001  0.245285716158572E+003  0.616064696284453E+002
  0.100000000000000E+001  0.117493146674938E+003  0.762533487776764E+002
  0.100000000000000E+001  0.131221631287910E+003  0.771441320376997E+002
  0.100000000000000E+001  0.155412059590961E+003  0.650451642596448E+002
  0.100000000000000E+001  0.980579900089895E+002  0.689318505825675E+002
  0.100000000000000E+001  0.162139068180822E+003  0.647291222541958E+002
  0.100000000000000E+001  0.864051113967806E+002  0.723498375872363E+002
  0.100000000000000E+001  0.162980823659808E+003  0.646905732819318E+002
  0.100000000000000E+001  0.127461499732164E+003  0.665609581398764E+002
  0.100000000000000E+001  0.911928934832689E+002  0.735972719426836E+002
  0.100000000000000E+001  0.161943633676478E+003  0.647381027238459E+002
  0.100000000000000E+001  0.864613296404228E+002  0.723787385582593E+002
  0.100000000000000E+001  0.900596596491078E+002  0.700869177766890E+002
  0.100000000000000E+001  0.208496852190905E+003  0.628517206369138E+002
  0.100000000000000E+001  0.126168953984601E+003  0.666419494603974E+002
  0.100000000000000E+001  0.152538629229052E+003  0.651848050246039E+002
  0.100000000000000E+001  0.129092341436897E+003  0.664605422173870E+002
  0.100000000000000E+001  0.903551808140725E+002  0.700302852378297E+002
  0.100000000000000E+001  0.139282810790529E+003  0.658718821076297E+002
  0.100000000000000E+001  0.893409083100337E+002  0.702335268831685E+002
  0.100000000000000E+001  0.126775247335390E+003  0.666037998406325E+002
  0.100000000000000E+001  0.950124542928075E+002  0.741702634177070E+002
  0.100000000000000E+001  0.208565257227458E+003  0.628492433402624E+002
  0.100000000000000E+001  0.197325466291452E+003  0.632660071212336E+002
  0.100000000000000E+001  0.138444899698299E+003  0.775583363668765E+002
  0.100000000000000E+001  0.921602613685116E+002  0.737578228364240E+002
  0.100000000000000E+001  0.103077160618329E+003  0.684055367027903E+002
  0.100000000000000E+001  0.102287957537850E+003  0.749937235501766E+002
  0.100000000000000E+001  0.862243288934560E+002  0.722458677556828E+002
  0.100000000000000E+001  0.120582832944705E+003  0.670078978716878E+002
  0.100000000000000E+001  0.113398689166772E+003  0.675250023997849E+002
  0.100000000000000E+001  0.264601600012851E+003  0.610103690813758E+002
  0.100000000000000E+001  0.117549791459821E+003  0.672189891382724E+002
  0.100000000000000E+001  0.102038782779666E+003  0.749689941454682E+002
  0.100000000000000E+001  0.128763238501648E+003  0.664806516284136E+002
  0.100000000000000E+001  0.193429402577132E+003  0.634153398173221E+002
  0.100000000000000E+001  0.936407673036931E+002  0.694949778499765E+002
  0.100000000000000E+001  0.150889037861244E+003  0.782100423046086E+002
  0.100000000000000E+001  0.130295548680245E+003  0.663876650238984E+002
  0.100000000000000E+001  0.283432682388706E+003  0.604595180952769E+002
  0.100000000000000E+001  0.150133626416994E+003  0.653040108964586E+002
  0.100000000000000E+001  0.115564709824896E+003  0.673626555337430E+002
  0.100000000000000E+001  0.154154400610187E+003  0.651059211918599E+002
  0.100000000000000E+001  0.163830742837739E+003  0.788245109049485E+002
  0.100000000000000E+001  0.272238367423106E+003  0.607836372875366E+002
  0.100000000000000E+001  0.177142869810607E+003  0.794053583708415E+002
  0.100000000000000E+001  0.181448003451025E+003  0.638923667171766E+002
  0.100000000000000E+001  0.942446119759754E+002  0.694099461578943E+002
  0.100000000000000E+001  0.875145371649604E+002  0.727814016013264E+002
  0.100000000000000E+001  0.103374340851664E+003  0.750994167063953E+002
  0.100000000000000E+001  0.186245086631758E+003  0.797783962876397E+002
  0.100000000000000E+001  0.136782199432577E+003  0.774656466693340E+002
  0.100000000000000E+001  0.147435315577414E+003  0.780359339494348E+002
  0.100000000000000E+001  0.151889482529049E+003  0.782596083145289E+002
  0.100000000000000E+001  0.916296016234603E+002  0.698049714660920E+002
  0.100000000000000E+001  0.860819914896371E+002  0.721457549751142E+002
  0.100000000000000E+001  0.104251224075368E+003  0.682940110486784E+002
  0.100000000000000E+001  0.109384905165956E+003  0.678436913038639E+002
  0.100000000000000E+001  0.106944175787502E+003  0.754254496431157E+002
  0.100000000000000E+001  0.292055780743131E+003  0.602160607339200E+002
  0.100000000000000E+001  0.126634813000424E+003  0.768637630294491E+002
  0.100000000000000E+001  0.907694804592587E+002  0.735224598207906E+002
  0.100000000000000E+001  0.110891132179780E+003  0.757552399131151E+002
  0.100000000000000E+001  0.187272285181819E+003  0.636569611658498E+002
  0.100000000000000E+001  0.208311700909037E+003  0.628584293798919E+002
  0.100000000000000E+001  0.143093979027936E+003  0.778100014408444E+002
  0.100000000000000E+001  0.164983202817198E+003  0.645997090173012E+002
  0.100000000000000E+001  0.141503476889519E+003  0.657512794833923E+002
  0.100000000000000E+001  0.105641825822254E+003  0.753099558634510E+002
  0.100000000000000E+001  0.245098903398217E+003  0.616124061259780E+002
  0.100000000000000E+001  0.273717833686887E+003  0.607402531498324E+002
  0.100000000000000E+001  0.293480433963977E+003  0.601763316995314E+002
  0.100000000000000E+001  0.863438351081763E+002  0.711596799599477E+002
  0.100000000000000E+001  0.111935979378920E+003  0.758381043909498E+002
  0.100000000000000E+001  0.115145521128778E+003  0.760827731281061E+002
  0.100000000000000E+001  0.860567428058445E+002  0.721253020980636E+002
  0.100000000000000E+001  0.151221867516027E+003  0.652498000701550E+002
  0.100000000000000E+001  0.103834452076819E+003  0.683331824837369E+002
  0.100000000000000E+001  0.192348719047628E+003  0.634572385335354E+002
  0.100000000000000E+001  0.191561245355454E+003  0.634879033516756E+002
  0.100000000000000E+001  0.934717762774736E+002  0.739570159106374E+002
  0.100000000000000E+001  0.291795305618165E+003  0.602233393764244E+002
  0.100000000000000E+001  0.860470483285750E+002  0.713592182614085E+002
  0.100000000000000E+001  0.295734576447212E+003  0.601137482368146E+002
  0.100000000000000E+001  0.181166976777141E+003  0.639039041235832E+002
  0.100000000000000E+001  0.862040044801058E+002  0.712435598386046E+002
  0.100000000000000E+001  0.127718879087687E+003  0.665449814677586E+002
  0.100000000000000E+001  0.899206242562940E+002  0.701142450063817E+002
  0.100000000000000E+001  0.120951597656268E+003  0.764935023813177E+002
  0.100000000000000E+001  0.179929954645138E+003  0.639548927571908E+002
  0.100000000000000E+001  0.125633806639681E+003  0.666758612450555E+002
  0.100000000000000E+001  0.143729627563754E+003  0.778436044403223E+002
  0.100000000000000E+001  0.264077899802753E+003  0.610260933089860E+002
  0.100000000000000E+001  0.198042567266022E+003  0.632388071703476E+002
  0.100000000000000E+001  0.120954301894101E+003  0.764936854174274E+002
  0.100000000000000E+001  0.866217840139350E+002  0.710215302999029E+002
  0.100000000000000E+001  0.147744628106980E+003  0.780517227021689E+002
  0.100000000000000E+001  0.180809637136250E+003  0.795577750066576E+002
  0.100000000000000E+001  0.881474026461927E+002  0.705152003253219E+002
  0.100000000000000E+001  0.108827680606330E+003  0.755863541760242E+002
  0.100000000000000E+001  0.121263572667240E+003  0.765145721123982E+002
  0.100000000000000E+001  0.163036977996441E+003  0.787883649691252E+002
  0.100000000000000E+001  0.100464855719096E+003  0.686681843167294E+002
  0.100000000000000E+001  0.234949861541720E+003  0.619403245738912E+002
  0.100000000000000E+001  0.200485463601843E+003  0.631467933877527E+002
  0.100000000000000E+001  0.156950604828543E+003  0.785047944133190E+002
  0.100000000000000E+001  0.144690428861550E+003  0.778940481932118E+002
  0.100000000000000E+001  0.942901075790431E+002  0.740727090522185E+002
  0.100000000000000E+001  0.168993752790984E+003  0.790552639728430E+002
  0.100000000000000E+001  0.891999196328180E+002  0.732123791653443E+002
  0.100000000000000E+001  0.956215556571141E+002  0.692267935168772E+002
  0.100000000000000E+001  0.213069571089010E+003  0.626876113183935E+002
  0.100000000000000E+001  0.999332160639260E+002  0.747519355246868E+002
  0.100000000000000E+001  0.257408876153691E+003  0.612283895152522E+002
  0.100000000000000E+001  0.222904321129442E+003  0.623443630409395E+002
  0.100000000000000E+001  0.165599566340492E+003  0.645719714777157E+002
  0.100000000000000E+001  0.965903249141002E+002  0.743708153414057E+002
  0.100000000000000E+001  0.877402582557993E+002  0.728488634137110E+002
  0.100000000000000E+001  0.138954858752820E+003  0.658899036878431E+002
  0.100000000000000E+001  0.230363332265994E+003  0.620921732067325E+002
  0.100000000000000E+001  0.197047017141958E+003  0.632765923850693E+002
  0.100000000000000E+001  0.249402156755355E+003  0.614765297906640E+002
  0.100000000000000E+001  0.883960715374653E+002  0.730249559979248E+002
  0.100000000000000E+001  0.168702106483697E+003  0.644339505707434E+002
  0.100000000000000E+001  0.173965245613087E+003  0.642055941049739E+002
  0.100000000000000E+001  0.881788237400168E+002  0.729694155125040E+002
  0.100000000000000E+001  0.160678287971397E+003  0.786798459887981E+002
  0.100000000000000E+001  0.897076081975538E+002  0.701570288993788E+002
  0.100000000000000E+001  0.170542734981752E+003  0.643532866310473E+002
  0.100000000000000E+001  0.880785360311486E+002  0.729429129337747E+002
  0.100000000000000E+001  0.909421936110456E+002  0.735533485985493E+002
  0.100000000000000E+001  0.219663740277789E+003  0.624560621606785E+002
  0.100000000000000E+001  0.161502083473678E+003  0.787179390373446E+002
  0.100000000000000E+001  0.106703653545936E+003  0.680719803053155E+002
  0.100000000000000E+001  0.170488472669070E+003  0.791207220895921E+002
  0.100000000000000E+001  0.892016401183535E+002  0.732127547615467E+002
  0.100000000000000E+001  0.138022882513290E+003  0.659414233680798E+002
  0.100000000000000E+001  0.941866065897729E+002  0.694179790109763E+002
  0.100000000000000E+001  0.132257379904272E+003  0.772054526003660E+002
  0.100000000000000E+001  0.218851240989609E+003  0.624842794813706E+002
  0.100000000000000E+001  0.858939282620626E+002  0.715259418054439E+002
  0.100000000000000E+001  0.131373939242861E+003  0.771531928416169E+002
  0.100000000000000E+001  0.169138218664228E+003  0.644147580171607E+002
  0.100000000000000E+001  0.204281728524560E+003  0.630057276364063E+002
  0.100000000000000E+001  0.108529090378005E+003  0.755612978471491E+002
  0.100000000000000E+001  0.290438690180204E+003  0.602613228792953E+002
  0.100000000000000E+001  0.176291941363587E+003  0.793695526261235E+002
  0.100000000000000E+001  0.174966004190458E+003  0.793134219365581E+002
  0.100000000000000E+001  0.876820409153711E+002  0.728318621544948E+002
  0.100000000000000E+001  0.871540653033451E+002  0.726635231722776E+002
  0.100000000000000E+001  0.111891178355071E+003  0.758345857187340E+002
  0.100000000000000E+001  0.980024225391329E+002  0.745381430322337E+002
  0.100000000000000E+001  0.133320524020682E+003  0.772676878889433E+002
  0.100000000000000E+001  0.864380631258638E+002  0.711094353764414E+002
  0.100000000000000E+001  0.897382488498206E+002  0.701508037728768E+002
  0.100000000000000E+001  0.188656431963167E+003  0.798743557249970E+002
  0.100000000000000E+001  0.163425308498111E+003  0.646703025092649E+002
  0.100000000000000E+001  0.120552964513271E+003  0.670099306855912E+002
  0.100000000000000E+001  0.118374756995128E+003  0.763157641428322E+002
  0.100000000000000E+001  0.107446260783464E+003  0.680073537846027E+002
  0.100000000000000E+001  0.119824989073168E+003  0.764166250844393E+002
  0.100000000000000E+001  0.152984214626669E+003  0.651629565216761E+002
  0.100000000000000E+001  0.877834063712393E+002  0.728612979498830E+002
  0.100000000000000E+001  0.880113720987051E+002  0.705515411837545E+002
  0.100000000000000E+001  0.105939029979333E+003  0.753366386964307E+002
  0.100000000000000E+001  0.223651601730706E+003  0.623187930727963E+002
  0.100000000000000E+001  0.123429431909672E+003  0.766583599647499E+002
  0.100000000000000E+001  0.194717941450100E+003  0.633656564709552E+002
  0.100000000000000E+001  0.142917196841863E+003  0.656757512074554E+002
  0.100000000000000E+001  0.140122151889684E+003  0.776503651669842E+002
  0.100000000000000E+001  0.182645122513143E+003  0.638434084925992E+002
  0.100000000000000E+001  0.146463897174241E+003  0.654902852958712E+002
  0.100000000000000E+001  0.190930644977615E+003  0.635125418300465E+002
  0.100000000000000E+001  0.978777651224085E+002  0.745237761633777E+002
  0.100000000000000E+001  0.119006890880678E+003  0.763599984955264E+002
  0.100000000000000E+001  0.102420130549998E+003  0.684696089636848E+002
  0.100000000000000E+001  0.149107104445016E+003  0.653555691752419E+002
  0.100000000000000E+001  0.951996017790972E+002  0.692814678005495E+002
  0.100000000000000E+001  0.880002212796292E+002  0.729218044816673E+002
  0.100000000000000E+001  0.111822918869738E+003  0.676471553099880E+002
  0.100000000000000E+001  0.997429685150646E+002  0.747315480662199E+002
  0.100000000000000E+001  0.114093329471448E+003  0.760041091989803E+002
  0.100000000000000E+001  0.862621921213429E+002  0.722693308359355E+002
  0.100000000000000E+001  0.944336273017681E+002  0.693839606129630E+002
  0.100000000000000E+001  0.161568860215283E+003  0.787210177491168E+002
  0.100000000000000E+001  0.213081522518563E+003  0.626871862948162E+002
  0.100000000000000E+001  0.144720927348219E+003  0.778956426501906E+002
  0.100000000000000E+001  0.127660854526599E+003  0.665485790138919E+002
  0.100000000000000E+001  0.111494454102865E+003  0.758032941001590E+002
  0.100000000000000E+001  0.106159680346452E+003  0.753563212950617E+002
  0.100000000000000E+001  0.188871542395070E+003  0.798828611135341E+002
  0.100000000000000E+001  0.130615795028925E+003  0.771079394661589E+002
  0.100000000000000E+001  0.119668440338241E+003  0.764058423473630E+002
  0.100000000000000E+001  0.117224458445874E+003  0.762341541802641E+002
  0.100000000000000E+001  0.160361410490671E+003  0.648112366098722E+002
  0.100000000000000E+001  0.147665813802148E+003  0.654286707069708E+002
  0.100000000000000E+001  0.134302670524823E+003  0.773245655876689E+002
  0.100000000000000E+001  0.929294082282851E+002  0.695994822538877E+002
  0.100000000000000E+001  0.121009818550776E+003  0.669789326088074E+002
  0.100000000000000E+001  0.125642359083690E+003  0.768010566121363E+002
  0.100000000000000E+001  0.859803740181608E+002  0.714208599086275E+002
  0.100000000000000E+001  0.137605225788245E+003  0.659646606215999E+002
  0.100000000000000E+001  0.858362548737549E+002  0.716491844791134E+002
  0.100000000000000E+001  0.254526927185684E+003  0.613170248132984E+002
  0.100000000000000E+001  0.105538934904010E+003  0.753006718006573E+002
  0.100000000000000E+001  0.143622769008622E+003  0.778379684010740E+002
  0.100000000000000E+001  0.149557125415569E+003  0.653329152513483E+002
  0.100000000000000E+001  0.207284868294468E+003  0.628957278633575E+002
  0.100000000000000E+001  0.909465940055931E+002  0.735541287206669E+002
  0.100000000000000E+001  0.105238277121454E+003  0.682029710035201E+002
  0.100000000000000E+001  0.151536956541827E+003  0.782421858750201E+002
  0.100000000000000E+001  0.873222259131718E+002  0.707560982566978E+002
  0.100000000000000E+001  0.150265576527444E+003  0.652974134817812E+002
  0.100000000000000E+001  0.168266792965531E+003  0.790232157100554E+002
  0.100000000000000E+001  0.130912731570024E+003  0.663506653178233E+002
  0.100000000000000E+001  0.939300777575556E+002  0.694538429805433E+002
  0.100000000000000E+001  0.144835841721068E+003  0.779016466538639E+002
  0.100000000000000E+001  0.137993601759710E+003  0.775333246805621E+002
  0.100000000000000E+001  0.175053643350746E+003  0.793171447816993E+002
  0.100000000000000E+001  0.183625779014041E+003  0.796728461546015E+002
  0.100000000000000E+001  0.102656728592069E+003  0.750299814048805E+002
  0.100000000000000E+001  0.193550007068785E+003  0.634106769882971E+002
  0.100000000000000E+001  0.112621228010061E+003  0.675848217730939E+002
  0.100000000000000E+001  0.916195905733388E+002  0.698066389676919E+002
  0.100000000000000E+001  0.108105497497756E+003  0.755254674818762E+002
  0.100000000000000E+001  0.202132436757441E+003  0.630853109218291E+002
  0.100000000000000E+001  0.196927434582775E+003  0.632811423911542E+002
  0.100000000000000E+001  0.929732792095022E+002  0.695928899493965E+002
  0.100000000000000E+001  0.118385494212732E+003  0.671598550498412E+002
  0.100000000000000E+001  0.102035461674237E+003  0.749686632632371E+002
  0.100000000000000E+001  0.906544584707165E+002  0.735015886559598E+002
  0.100000000000000E+001  0.274595122744632E+003  0.607146080067981E+002
