  0.100000000000000E+001  0.140746542738775E+003  0.736646201261797E+002
  0.100000000000000E+001  0.134977601134068E+003  0.733750020159283E+002
  0.100000000000000E+001  0.298295035741970E+003  0.789564950921780E+002
  0.100000000000000E+001  0.114377331588579E+003  0.635707899834978E+002
  0.100000000000000E+001  0.100519574957038E+003  0.711487482051968E+002
  0.100000000000000E+001  0.833871161729848E+002  0.688747285156910E+002
  0.100000000000000E+001  0.819139059984307E+002  0.674784832868188E+002
  0.100000000000000E+001  0.973009447326447E+002  0.648984612511963E+002
  0.100000000000000E+001  0.188280208703699E+003  0.756504929946154E+002
  0.100000000000000E+001  0.253317591790204E+003  0.777397481898906E+002
  0.100000000000000E+001  0.263478842830938E+003  0.780273965847251E+002
  0.100000000000000E+001  0.122363720470540E+003  0.726812965287933E+002
  0.100000000000000E+001  0.978170069790026E+002  0.648497952595892E+002
  0.100000000000000E+001  0.104168090730689E+003  0.643047416980397E+002
  0.100000000000000E+001  0.823961529383106E+002  0.672200200476738E+002
  0.100000000000000E+001  0.825614677947887E+002  0.671523122386929E+002
  0.100000000000000E+001  0.103270830909049E+003  0.713788934440835E+002
  0.100000000000000E+001  0.239045908797922E+003  0.773209562304395E+002
  0.100000000000000E+001  0.100467909177823E+003  0.711442712062004E+002
  0.100000000000000E+001  0.827327622424215E+002  0.686672302158024E+002
  0.100000000000000E+001  0.279975920018775E+003  0.784777910162242E+002
  0.100000000000000E+001  0.905132910460544E+002  0.701207188791955E+002
  0.100000000000000E+001  0.276665214851654E+003  0.783889518903188E+002
  0.100000000000000E+001  0.294108232065288E+003  0.788489295747518E+002
  0.100000000000000E+001  0.117150431783862E+003  0.723633658262169E+002
  0.100000000000000E+001  0.134450372957216E+003  0.733477688972892E+002
  0.100000000000000E+001  0.120335752806242E+003  0.725601876762650E+002
  0.100000000000000E+001  0.887325009708993E+002  0.658722203171170E+002
  0.100000000000000E+001  0.269877330336012E+003  0.782044169046744E+002
  0.100000000000000E+001  0.168850149424632E+003  0.608486219331890E+002
  0.100000000000000E+001  0.820861090221851E+002  0.673708300984216E+002
  0.100000000000000E+001  0.894221936450764E+002  0.699784183336643E+002
  0.100000000000000E+001  0.261047701025098E+003  0.779593218725531E+002
  0.100000000000000E+001  0.126206129793366E+003  0.628527230872002E+002
  0.100000000000000E+001  0.270707934162335E+003  0.782271743262759E+002
  0.100000000000000E+001  0.180328486677601E+003  0.604003778846683E+002
  0.100000000000000E+001  0.197985214176526E+003  0.759964560891821E+002
  0.100000000000000E+001  0.327667532122536E+003  0.796835969866880E+002
  0.100000000000000E+001  0.156531858868400E+003  0.613638911654013E+002
  0.100000000000000E+001  0.149765625978667E+003  0.616650774135643E+002
  0.100000000000000E+001  0.953390654650489E+002  0.650912181422890E+002
  0.100000000000000E+001  0.241888419491460E+003  0.774058357170328E+002
  0.100000000000000E+001  0.101970366522409E+003  0.712720536405177E+002
  0.100000000000000E+001  0.114204924855457E+003  0.635821433492545E+002
  0.100000000000000E+001  0.145378396192777E+003  0.738870590682267E+002
  0.100000000000000E+001  0.188767653063152E+003  0.756682358220513E+002
  0.100000000000000E+001  0.921271786733067E+002  0.703160219129922E+002
  0.100000000000000E+001  0.321846084297781E+003  0.795430914208021E+002
  0.100000000000000E+001  0.970637812385215E+002  0.708343925920079E+002
  0.100000000000000E+001  0.184337330702082E+003  0.602500311506644E+002
  0.100000000000000E+001  0.818256472554127E+002  0.682085165702157E+002
  0.100000000000000E+001  0.115791730916199E+003  0.634787547631050E+002
  0.100000000000000E+001  0.158825104564149E+003  0.612649234039571E+002
  0.100000000000000E+001  0.836325459151061E+002  0.668133125961329E+002
  0.100000000000000E+001  0.169340180075899E+003  0.749265845104965E+002
  0.100000000000000E+001  0.220328755009920E+003  0.767417747293993E+002
  0.100000000000000E+001  0.124258111792301E+003  0.629637549651884E+002
  0.100000000000000E+001  0.266378408216210E+003  0.781079953878673E+002
  0.100000000000000E+001  0.816520805691869E+002  0.679830318254296E+002
  0.100000000000000E+001  0.173716783344356E+003  0.606551757602729E+002
  0.100000000000000E+001  0.825462452403200E+002  0.671582805177484E+002
  0.100000000000000E+001  0.241381268937040E+003  0.773907473304511E+002
  0.100000000000000E+001  0.278472472013824E+003  0.784375402839531E+002
  0.100000000000000E+001  0.838984977958160E+002  0.690107375431796E+002
  0.100000000000000E+001  0.306710598520177E+003  0.791696047452806E+002
  0.100000000000000E+001  0.901436769320540E+002  0.656819405801021E+002
  0.100000000000000E+001  0.116035146460022E+003  0.722923784236888E+002
  0.100000000000000E+001  0.230932307116282E+003  0.770743696884427E+002
  0.100000000000000E+001  0.155703136101677E+003  0.743554599914947E+002
  0.100000000000000E+001  0.176261727850383E+003  0.605560504695884E+002
  0.100000000000000E+001  0.193587602752368E+003  0.758415528339398E+002
  0.100000000000000E+001  0.825654756627004E+002  0.671507490294597E+002
  0.100000000000000E+001  0.317362454965540E+003  0.794337107131674E+002
  0.100000000000000E+001  0.833164089613981E+002  0.688544336587658E+002
  0.100000000000000E+001  0.840269213440458E+002  0.667130865997004E+002
  0.100000000000000E+001  0.102976453076012E+003  0.713549962482374E+002
  0.100000000000000E+001  0.823177896120928E+002  0.672546804616414E+002
  0.100000000000000E+001  0.130384610356232E+003  0.626224673058614E+002
  0.100000000000000E+001  0.189789006042943E+003  0.600502052658409E+002
  0.100000000000000E+001  0.107135844842784E+003  0.716787395521632E+002
  0.100000000000000E+001  0.924485282060825E+002  0.703530708071645E+002
  0.100000000000000E+001  0.158223746088226E+003  0.612907319091315E+002
  0.100000000000000E+001  0.158941873914053E+003  0.744955639256570E+002
  0.100000000000000E+001  0.154807085131143E+003  0.614393281161936E+002
  0.100000000000000E+001  0.122222607959128E+003  0.726729684000095E+002
  0.100000000000000E+001  0.134426770258996E+003  0.624089410413707E+002
  0.100000000000000E+001  0.953858036605247E+002  0.650864712762954E+002
  0.100000000000000E+001  0.147940643333647E+003  0.617488470046633E+002
  0.100000000000000E+001  0.193703494918135E+003  0.758456737021524E+002
  0.100000000000000E+001  0.240317379217338E+003  0.773590172133743E+002
  0.100000000000000E+001  0.136223157062384E+003  0.734388095195238E+002
  0.100000000000000E+001  0.296174662325736E+003  0.789021505606173E+002
  0.100000000000000E+001  0.227170708513384E+003  0.769577764188421E+002
  0.100000000000000E+001  0.164308315924734E+003  0.747213991107449E+002
  0.100000000000000E+001  0.124046896485600E+003  0.727795428014948E+002
  0.100000000000000E+001  0.961837843788435E+002  0.650066366605387E+002
  0.100000000000000E+001  0.116436992942984E+003  0.634374010510041E+002
  0.100000000000000E+001  0.323139901317386E+003  0.795744646624914E+002
  0.100000000000000E+001  0.336465121762812E+003  0.798928168358554E+002
  0.100000000000000E+001  0.830024663979216E+002  0.669967923498957E+002
  0.100000000000000E+001  0.165545087062011E+003  0.747723971992825E+002
  0.100000000000000E+001  0.860105405024524E+002  0.663028973801960E+002
  0.100000000000000E+001  0.127054646779764E+003  0.628051196539252E+002
  0.100000000000000E+001  0.104859791245181E+003  0.642503217844006E+002
  0.100000000000000E+001  0.169476667399615E+003  0.749320669467979E+002
  0.100000000000000E+001  0.249336846638060E+003  0.776247458667757E+002
  0.100000000000000E+001  0.149083998269153E+003  0.616962323839362E+002
  0.100000000000000E+001  0.933684053658842E+002  0.704561835803552E+002
  0.100000000000000E+001  0.119695647668565E+003  0.725213052387595E+002
  0.100000000000000E+001  0.816331567802158E+002  0.678586311773062E+002
  0.100000000000000E+001  0.106065353264519E+003  0.715981118115605E+002
  0.100000000000000E+001  0.116408405731663E+003  0.723162626095206E+002
  0.100000000000000E+001  0.142442843124840E+003  0.620084263717729E+002
  0.100000000000000E+001  0.212056282410745E+003  0.764733654238445E+002
  0.100000000000000E+001  0.816367493533333E+002  0.678287491574311E+002
  0.100000000000000E+001  0.266482121497751E+003  0.781108665317390E+002
  0.100000000000000E+001  0.114642413410544E+003  0.722020957026062E+002
  0.100000000000000E+001  0.296129843592531E+003  0.789009989786278E+002
  0.100000000000000E+001  0.817162820275889E+002  0.680955866806988E+002
  0.100000000000000E+001  0.151437936747437E+003  0.741661921959944E+002
  0.100000000000000E+001  0.231297038455090E+003  0.770855962663966E+002
  0.100000000000000E+001  0.322907691944153E+003  0.795688401111673E+002
  0.100000000000000E+001  0.195610018249485E+003  0.759131620968276E+002
  0.100000000000000E+001  0.817330051718555E+002  0.681163420744173E+002
  0.100000000000000E+001  0.194643111988655E+003  0.758790060403766E+002
  0.100000000000000E+001  0.191030194894349E+003  0.600054195174288E+002
  0.100000000000000E+001  0.224244174517287E+003  0.768660205432875E+002
  0.100000000000000E+001  0.999931914453939E+002  0.646526430357173E+002
  0.100000000000000E+001  0.895550457046428E+002  0.657592316351315E+002
  0.100000000000000E+001  0.847755662688506E+002  0.665433781434423E+002
  0.100000000000000E+001  0.132303599486018E+003  0.625200359740032E+002
  0.100000000000000E+001  0.113220992269524E+003  0.636475206261362E+002
  0.100000000000000E+001  0.121737691060189E+003  0.631112487791151E+002
  0.100000000000000E+001  0.105147735211514E+003  0.715275807841729E+002
  0.100000000000000E+001  0.829925625558752E+002  0.669999824668921E+002
  0.100000000000000E+001  0.130823248535678E+003  0.625988785464999E+002
  0.100000000000000E+001  0.116742988329139E+003  0.723375632306029E+002
  0.100000000000000E+001  0.194196784542703E+003  0.758631901967673E+002
  0.100000000000000E+001  0.143947556473601E+003  0.738192337802444E+002
  0.100000000000000E+001  0.112776101211036E+003  0.720780721912692E+002
  0.100000000000000E+001  0.138798370847635E+003  0.621870229803072E+002
  0.100000000000000E+001  0.818176976622485E+002  0.682016376137217E+002
  0.100000000000000E+001  0.172208167447972E+003  0.607145837229683E+002
  0.100000000000000E+001  0.832885471767283E+002  0.669091678146502E+002
  0.100000000000000E+001  0.170152477143565E+003  0.607963372076127E+002
  0.100000000000000E+001  0.818157493328701E+002  0.675555583346443E+002
  0.100000000000000E+001  0.829255141024317E+002  0.670218920653730E+002
  0.100000000000000E+001  0.170474139262484E+003  0.749720048718512E+002
  0.100000000000000E+001  0.885332557265897E+002  0.659005608160697E+002
  0.100000000000000E+001  0.165692999188542E+003  0.609770165048105E+002
  0.100000000000000E+001  0.820382723416970E+002  0.673983043859403E+002
  0.100000000000000E+001  0.819197787257637E+002  0.682811491146476E+002
  0.100000000000000E+001  0.816775401687514E+002  0.677180304316237E+002
  0.100000000000000E+001  0.185308821223369E+003  0.755414470249551E+002
  0.100000000000000E+001  0.827881476454935E+002  0.686868571919357E+002
  0.100000000000000E+001  0.161424731696981E+003  0.746009926719091E+002
  0.100000000000000E+001  0.314105888887692E+003  0.793536113261102E+002
  0.100000000000000E+001  0.111833264997442E+003  0.637414840912355E+002
  0.100000000000000E+001  0.295197722618170E+003  0.788770215370894E+002
  0.100000000000000E+001  0.281519155553310E+003  0.785189486057115E+002
  0.100000000000000E+001  0.221824923050561E+003  0.767894562864479E+002
  0.100000000000000E+001  0.155084081139662E+003  0.743283340137740E+002
  0.100000000000000E+001  0.170502250156588E+003  0.607823604568249E+002
  0.100000000000000E+001  0.821616665380435E+002  0.684252514587878E+002
  0.100000000000000E+001  0.850444310906197E+002  0.664874765973371E+002
  0.100000000000000E+001  0.232887816775075E+003  0.771344018704095E+002
  0.100000000000000E+001  0.294667750894331E+003  0.788633654573402E+002
  0.100000000000000E+001  0.844504210034688E+002  0.691412064303435E+002
  0.100000000000000E+001  0.142828260086586E+003  0.619898558312030E+002
  0.100000000000000E+001  0.818023169461919E+002  0.675675921214868E+002
  0.100000000000000E+001  0.816825674625471E+002  0.677093504859330E+002
  0.100000000000000E+001  0.128016487708383E+003  0.627516930788854E+002
  0.100000000000000E+001  0.173013253459851E+003  0.606828191079890E+002
  0.100000000000000E+001  0.153105822939909E+003  0.615146128005206E+002
  0.100000000000000E+001  0.122748815388026E+003  0.630515368044696E+002
  0.100000000000000E+001  0.156856243641436E+003  0.744056867639960E+002
  0.100000000000000E+001  0.109168148643445E+003  0.718272834290654E+002
  0.100000000000000E+001  0.174888146316182E+003  0.751461042162637E+002
  0.100000000000000E+001  0.161148430723420E+003  0.745893420928011E+002
  0.100000000000000E+001  0.832755285146742E+002  0.669129824809153E+002
  0.100000000000000E+001  0.117738316646388E+003  0.633551516158117E+002
  0.100000000000000E+001  0.817334591552098E+002  0.681168804071809E+002
  0.100000000000000E+001  0.100206139940041E+003  0.711214931328624E+002
  0.100000000000000E+001  0.133164457621464E+003  0.732807713796258E+002
  0.100000000000000E+001  0.831143170651507E+002  0.687939526028800E+002
  0.100000000000000E+001  0.817248490586546E+002  0.681064547978620E+002
  0.100000000000000E+001  0.267606913818354E+003  0.781419531037758E+002
  0.100000000000000E+001  0.210014348693317E+003  0.764058128197557E+002
  0.100000000000000E+001  0.238379802668503E+003  0.773009552322379E+002
  0.100000000000000E+001  0.282875871559681E+003  0.785550007343842E+002
  0.100000000000000E+001  0.202126409805136E+003  0.761396724664499E+002
  0.100000000000000E+001  0.139317884896090E+003  0.735942643181102E+002
  0.100000000000000E+001  0.895500654799557E+002  0.699955900038106E+002
  0.100000000000000E+001  0.112664530871038E+003  0.636849458996600E+002
  0.100000000000000E+001  0.207327706963392E+003  0.763161077395542E+002
  0.100000000000000E+001  0.930336105022983E+002  0.704191393460540E+002
  0.100000000000000E+001  0.223085873912702E+003  0.768294444581604E+002
  0.100000000000000E+001  0.106836495899106E+003  0.640991212619415E+002
  0.100000000000000E+001  0.184187566884383E+003  0.602555945318659E+002
  0.100000000000000E+001  0.978569936948088E+002  0.709094305875390E+002
  0.100000000000000E+001  0.189198783956558E+003  0.756838952476478E+002
  0.100000000000000E+001  0.842579668768420E+002  0.690972982591893E+002
  0.100000000000000E+001  0.103337862014478E+003  0.643711754329521E+002
  0.100000000000000E+001  0.215312070017198E+003  0.765799909764470E+002
  0.100000000000000E+001  0.145969790860963E+003  0.739148700586833E+002
  0.100000000000000E+001  0.818128410322120E+002  0.681973622206737E+002
  0.100000000000000E+001  0.128710340011311E+003  0.730419921983127E+002
  0.100000000000000E+001  0.329314663603954E+003  0.797230494088773E+002
  0.100000000000000E+001  0.203075890465480E+003  0.761721602050254E+002
  0.100000000000000E+001  0.120660878555563E+003  0.725798139299245E+002
  0.100000000000000E+001  0.866425445887775E+002  0.661930569329334E+002
  0.100000000000000E+001  0.119011335659074E+003  0.632761134508560E+002
  0.100000000000000E+001  0.118272391927665E+003  0.633218254230276E+002
  0.100000000000000E+001  0.150432379317868E+003  0.616347527235149E+002
  0.100000000000000E+001  0.899169918964031E+002  0.657113792588965E+002
  0.100000000000000E+001  0.186132094722880E+003  0.601836727583571E+002
  0.100000000000000E+001  0.107716034802727E+003  0.717217319297551E+002
  0.100000000000000E+001  0.159338728496863E+003  0.612429596927166E+002
  0.100000000000000E+001  0.235687220179982E+003  0.772196693533215E+002
  0.100000000000000E+001  0.991956937450157E+002  0.710320257648937E+002
  0.100000000000000E+001  0.261722200729370E+003  0.779782546128271E+002
  0.100000000000000E+001  0.336842160050302E+003  0.799017020176923E+002
  0.100000000000000E+001  0.179559272814159E+003  0.604295733218435E+002
  0.100000000000000E+001  0.823900167846395E+002  0.672226679112363E+002
  0.100000000000000E+001  0.266102307320080E+003  0.781003480251824E+002
  0.100000000000000E+001  0.314302390282797E+003  0.793584603709481E+002
  0.100000000000000E+001  0.139111791516150E+003  0.735840434324251E+002
  0.100000000000000E+001  0.817054129659179E+002  0.676745241566804E+002
  0.100000000000000E+001  0.299999628537557E+003  0.789999907570739E+002
  0.100000000000000E+001  0.249668229744190E+003  0.776343711331316E+002
  0.100000000000000E+001  0.134124509660737E+003  0.624246186587100E+002
  0.100000000000000E+001  0.144462990834558E+003  0.738437554785278E+002
  0.100000000000000E+001  0.186809392467652E+003  0.755967085393217E+002
  0.100000000000000E+001  0.874885768086720E+002  0.660563583962034E+002
  0.100000000000000E+001  0.102744567664054E+003  0.713360558353425E+002
  0.100000000000000E+001  0.981927036680873E+002  0.709406351732382E+002
  0.100000000000000E+001  0.968588332565079E+002  0.649407947779929E+002
  0.100000000000000E+001  0.300337708410622E+003  0.790085972579455E+002
  0.100000000000000E+001  0.299164583710897E+003  0.789787044229434E+002
  0.100000000000000E+001  0.821515881613380E+002  0.684200124266165E+002
  0.100000000000000E+001  0.107227903513980E+003  0.716855935468681E+002
  0.100000000000000E+001  0.270949817523677E+003  0.782337922010171E+002
  0.100000000000000E+001  0.104995503288100E+003  0.642397400916237E+002
  0.100000000000000E+001  0.106539437198472E+003  0.716340325801862E+002
  0.100000000000000E+001  0.189545936687904E+003  0.600590059622368E+002
  0.100000000000000E+001  0.865967308408416E+002  0.695547102586814E+002
  0.100000000000000E+001  0.225761044942996E+003  0.769136954257276E+002
  0.100000000000000E+001  0.102288318160359E+003  0.644570044097044E+002
  0.100000000000000E+001  0.105099709257676E+003  0.642316358229545E+002
  0.100000000000000E+001  0.135715140404470E+003  0.623426140098754E+002
  0.100000000000000E+001  0.155200222989304E+003  0.743334318460439E+002
  0.100000000000000E+001  0.124412456259941E+003  0.629548663904488E+002
  0.100000000000000E+001  0.106538120721086E+003  0.716339333079050E+002
  0.100000000000000E+001  0.995976000785925E+002  0.646875755431021E+002
  0.100000000000000E+001  0.107222945954249E+003  0.716852247586687E+002
  0.100000000000000E+001  0.103025277907948E+003  0.713589711300125E+002
  0.100000000000000E+001  0.180257845557105E+003  0.604030543061638E+002
  0.100000000000000E+001  0.254471106901441E+003  0.777728230699124E+002
  0.100000000000000E+001  0.151104569534659E+003  0.616043291389598E+002
  0.100000000000000E+001  0.224761606817076E+003  0.768823116854543E+002
  0.100000000000000E+001  0.855282274047369E+002  0.663921758313805E+002
  0.100000000000000E+001  0.126228163426961E+003  0.628514812563672E+002
  0.100000000000000E+001  0.176142096870167E+003  0.751948076043861E+002
  0.100000000000000E+001  0.156905753314094E+003  0.744078346443933E+002
  0.100000000000000E+001  0.137638560127252E+003  0.735104406604600E+002
  0.100000000000000E+001  0.816590650798291E+002  0.680003907514891E+002
  0.100000000000000E+001  0.277021481763379E+003  0.783985479400843E+002
  0.100000000000000E+001  0.816407835856585E+002  0.679461971240792E+002
  0.100000000000000E+001  0.293981975281659E+003  0.788456694552804E+002
  0.100000000000000E+001  0.236217677355596E+003  0.772357390762512E+002
  0.100000000000000E+001  0.270877118925374E+003  0.782318036282072E+002
  0.100000000000000E+001  0.227643604456620E+003  0.769725162888679E+002
  0.100000000000000E+001  0.109004075888387E+003  0.639399885449133E+002
  0.100000000000000E+001  0.156545378086555E+003  0.743921842863518E+002
  0.100000000000000E+001  0.905508096271662E+002  0.656300357798347E+002
  0.100000000000000E+001  0.860152943220168E+002  0.663020425999595E+002
  0.100000000000000E+001  0.111468254862454E+003  0.637665557563306E+002
  0.100000000000000E+001  0.113363087213199E+003  0.721174707449378E+002
  0.100000000000000E+001  0.156336226556929E+003  0.743830839969301E+002
  0.100000000000000E+001  0.127736376093210E+003  0.729882930473869E+002
  0.100000000000000E+001  0.339726225154840E+003  0.799694511341376E+002
  0.100000000000000E+001  0.144985154115673E+003  0.738684949570984E+002
  0.100000000000000E+001  0.156120566619796E+003  0.613818004346480E+002
  0.100000000000000E+001  0.823417031978629E+002  0.685115851957484E+002
  0.100000000000000E+001  0.818534240074535E+002  0.682315037187878E+002
  0.100000000000000E+001  0.256985755545593E+003  0.778445454621192E+002
  0.100000000000000E+001  0.183247114232813E+003  0.754648641839211E+002
  0.100000000000000E+001  0.177541952865541E+003  0.605066897904770E+002
  0.100000000000000E+001  0.174870981295655E+003  0.751454352631324E+002
  0.100000000000000E+001  0.211417111950167E+003  0.764522771851845E+002
  0.100000000000000E+001  0.323825495340360E+003  0.795910552909247E+002
  0.100000000000000E+001  0.836417315223809E+002  0.668108710759743E+002
  0.100000000000000E+001  0.986847602243057E+002  0.709858062615095E+002
  0.100000000000000E+001  0.151769382792151E+003  0.741811037382825E+002
  0.100000000000000E+001  0.903300653573164E+002  0.700974600772890E+002
  0.100000000000000E+001  0.310125573127067E+003  0.792549445730196E+002
  0.100000000000000E+001  0.989800342202754E+002  0.647428874827730E+002
  0.100000000000000E+001  0.130330418354293E+003  0.626253889559089E+002
  0.100000000000000E+001  0.326946778793948E+003  0.796662918304527E+002
  0.100000000000000E+001  0.115042472301815E+003  0.722282209750897E+002
