  0.100000000000000E+001  0.946917128416417E+002  0.705976705978841E+002
  0.100000000000000E+001  0.855317784406925E+002  0.693639886874483E+002
  0.100000000000000E+001  0.918522825728846E+002  0.654716115873838E+002
  0.100000000000000E+001  0.855501877481513E+002  0.693674930030779E+002
  0.100000000000000E+001  0.856333875046378E+002  0.663722587952120E+002
  0.100000000000000E+001  0.856547000628345E+002  0.693872333263234E+002
  0.100000000000000E+001  0.857178938252879E+002  0.663564424819867E+002
  0.100000000000000E+001  0.857657542121670E+002  0.663475573802987E+002
  0.100000000000000E+001  0.888157441708367E+002  0.698949898234038E+002
  0.100000000000000E+001  0.887320960125838E+002  0.658722775119234E+002
  0.100000000000000E+001  0.885682481350716E+002  0.658955541884642E+002
  0.100000000000000E+001  0.883838210563424E+002  0.659220857986895E+002
  0.100000000000000E+001  0.858811910385936E+002  0.663263363335712E+002
  0.100000000000000E+001  0.859130260714067E+002  0.694349527170423E+002
  0.100000000000000E+001  0.862299985298481E+002  0.662639087337844E+002
  0.100000000000000E+001  0.862360652388772E+002  0.662628443000020E+002
  0.100000000000000E+001  0.864665379722411E+002  0.695325738811886E+002
  0.100000000000000E+001  0.875408403282569E+002  0.660482488066441E+002
  0.100000000000000E+001  0.865452020424629E+002  0.695459840642965E+002
  0.100000000000000E+001  0.865793228583719E+002  0.662037202332818E+002
  0.100000000000000E+001  0.870685249247659E+002  0.696325903940873E+002
  0.100000000000000E+001  0.868171734353348E+002  0.695915397720195E+002
  0.100000000000000E+001  0.853821614184621E+002  0.693351957646652E+002
  0.100000000000000E+001  0.853308930928083E+002  0.664302898839776E+002
  0.100000000000000E+001  0.853243236391354E+002  0.693239115926941E+002
  0.100000000000000E+001  0.851347011855140E+002  0.664692053171207E+002
  0.100000000000000E+001  0.850880863993080E+002  0.664786106725606E+002
  0.100000000000000E+001  0.850444310906197E+002  0.664874765973371E+002
  0.100000000000000E+001  0.850400107498866E+002  0.692671101325896E+002
  0.100000000000000E+001  0.850183753716340E+002  0.692626923272731E+002
  0.100000000000000E+001  0.849968035655217E+002  0.692582734279700E+002
  0.100000000000000E+001  0.849846845081675E+002  0.664997029375679E+002
  0.100000000000000E+001  0.848834381897043E+002  0.692348144969883E+002
  0.100000000000000E+001  0.848407498735137E+002  0.692258751220906E+002
  0.100000000000000E+001  0.847878998388058E+002  0.665407626336424E+002
  0.100000000000000E+001  0.847755662688506E+002  0.665433781434423E+002
  0.100000000000000E+001  0.847704118602781E+002  0.665444727296695E+002
  0.100000000000000E+001  0.846329910608770E+002  0.665739941160764E+002
  0.100000000000000E+001  0.846254613935381E+002  0.691798565920452E+002
  0.100000000000000E+001  0.846162330565984E+002  0.691778476017901E+002
  0.100000000000000E+001  0.845858849584357E+002  0.691712188791396E+002
  0.100000000000000E+001  0.845821731214089E+002  0.691704057955636E+002
  0.100000000000000E+001  0.844913732660461E+002  0.666051334341750E+002
  0.100000000000000E+001  0.844737648897892E+002  0.691464289722903E+002
  0.100000000000000E+001  0.844504210034688E+002  0.691412064303435E+002
  0.100000000000000E+001  0.844371972150179E+002  0.691382383767754E+002
  0.100000000000000E+001  0.844147247235941E+002  0.666223092327549E+002
  0.100000000000000E+001  0.843926648646195E+002  0.691281913689481E+002
  0.100000000000000E+001  0.843869694262086E+002  0.691269005845220E+002
  0.100000000000000E+001  0.843253613171751E+002  0.691128518301319E+002
  0.100000000000000E+001  0.842951412280872E+002  0.691059018711832E+002
  0.100000000000000E+001  0.841904216498453E+002  0.690815082667975E+002
  0.100000000000000E+001  0.841104613368373E+002  0.690625440328052E+002
  0.100000000000000E+001  0.840521705031560E+002  0.690485255870525E+002
  0.100000000000000E+001  0.840387844927118E+002  0.667102050059458E+002
  0.100000000000000E+001  0.840269213440458E+002  0.667130865997004E+002
  0.100000000000000E+001  0.839802292450721E+002  0.667244981855277E+002
  0.100000000000000E+001  0.839688697789023E+002  0.690281960411355E+002
  0.100000000000000E+001  0.839168687266154E+002  0.667401665999173E+002
  0.100000000000000E+001  0.839163853559276E+002  0.667402869621509E+002
  0.100000000000000E+001  0.839130547430395E+002  0.690143709565911E+002
  0.100000000000000E+001  0.838854802325040E+002  0.667480091454387E+002
  0.100000000000000E+001  0.838835398527490E+002  0.690069918630990E+002
  0.100000000000000E+001  0.838605090833218E+002  0.667542873915393E+002
  0.100000000000000E+001  0.838504723253395E+002  0.667568207403529E+002
  0.100000000000000E+001  0.838477213401673E+002  0.689979714991927E+002
  0.100000000000000E+001  0.838302644308888E+002  0.689935488037545E+002
  0.100000000000000E+001  0.838108841132640E+002  0.667668694185674E+002
  0.100000000000000E+001  0.837964182692733E+002  0.667705640358699E+002
  0.100000000000000E+001  0.837179806570346E+002  0.667908158647682E+002
  0.100000000000000E+001  0.837157793504835E+002  0.689640979410033E+002
  0.100000000000000E+001  0.836425487736006E+002  0.689448334855486E+002
  0.100000000000000E+001  0.836417315223809E+002  0.668108710759743E+002
  0.100000000000000E+001  0.836325459151061E+002  0.668133125961329E+002
  0.100000000000000E+001  0.835961956587296E+002  0.668230298736059E+002
  0.100000000000000E+001  0.835887057541291E+002  0.689304443618339E+002
  0.100000000000000E+001  0.835695160497896E+002  0.668302193178383E+002
  0.100000000000000E+001  0.835625985467169E+002  0.668320914705531E+002
  0.100000000000000E+001  0.835467301722025E+002  0.668363988028286E+002
  0.100000000000000E+001  0.835450689654210E+002  0.668368507536131E+002
  0.100000000000000E+001  0.835270841684601E+002  0.668417563505002E+002
  0.100000000000000E+001  0.835217289991601E+002  0.668432215398732E+002
  0.100000000000000E+001  0.834892052254167E+002  0.668521650963143E+002
  0.100000000000000E+001  0.834720105150552E+002  0.688985625582848E+002
  0.100000000000000E+001  0.834494415475270E+002  0.668632066334901E+002
  0.100000000000000E+001  0.834414244059305E+002  0.668654474138802E+002
  0.100000000000000E+001  0.834247924629718E+002  0.668701119113798E+002
  0.100000000000000E+001  0.834112739172846E+002  0.668739192119109E+002
  0.100000000000000E+001  0.833933636050832E+002  0.688765018671103E+002
  0.100000000000000E+001  0.833871161729848E+002  0.688747285156910E+002
  0.100000000000000E+001  0.833769920545866E+002  0.688718480388892E+002
  0.100000000000000E+001  0.833664643709593E+002  0.668866437456639E+002
  0.100000000000000E+001  0.833491482078597E+002  0.668916049870164E+002
  0.100000000000000E+001  0.833426694319534E+002  0.668934676448646E+002
  0.100000000000000E+001  0.833371926238761E+002  0.668950449892195E+002
  0.100000000000000E+001  0.833045405504442E+002  0.669045019790506E+002
  0.100000000000000E+001  0.833024915561961E+002  0.688503891145988E+002
  0.100000000000000E+001  0.832885471767283E+002  0.669091678146502E+002
  0.100000000000000E+001  0.832844901075998E+002  0.669103549842772E+002
  0.100000000000000E+001  0.832775430071207E+002  0.688430963898840E+002
  0.100000000000000E+001  0.832755285146742E+002  0.669129824809153E+002
  0.100000000000000E+001  0.832641421580910E+002  0.669163312648148E+002
  0.100000000000000E+001  0.832223520584683E+002  0.688267644006449E+002
  0.100000000000000E+001  0.832113557428393E+002  0.688234766996833E+002
  0.100000000000000E+001  0.831961788694925E+002  0.688189202234499E+002
  0.100000000000000E+001  0.831867285223743E+002  0.669394157928324E+002
  0.100000000000000E+001  0.831832317912188E+002  0.688150156791356E+002
  0.100000000000000E+001  0.831714301125933E+002  0.688114423362338E+002
  0.100000000000000E+001  0.831631667498555E+002  0.669465554360901E+002
  0.100000000000000E+001  0.831525311657135E+002  0.669497962046940E+002
  0.100000000000000E+001  0.831143170651507E+002  0.687939526028800E+002
  0.100000000000000E+001  0.831061450405677E+002  0.669640649034023E+002
  0.100000000000000E+001  0.831056480799005E+002  0.669642189786494E+002
  0.100000000000000E+001  0.830694666417280E+002  0.687799804250317E+002
  0.100000000000000E+001  0.830542358243053E+002  0.669803014918428E+002
  0.100000000000000E+001  0.830349709565302E+002  0.687690850453558E+002
  0.100000000000000E+001  0.830185142007927E+002  0.669916475896177E+002
  0.100000000000000E+001  0.830078569760676E+002  0.669950608414713E+002
  0.100000000000000E+001  0.830024663979216E+002  0.669967923498957E+002
  0.100000000000000E+001  0.829925625558752E+002  0.669999824668921E+002
  0.100000000000000E+001  0.829791874577767E+002  0.687511784084813E+002
  0.100000000000000E+001  0.829684623000356E+002  0.670077942447872E+002
  0.100000000000000E+001  0.829379903393924E+002  0.687377147063294E+002
  0.100000000000000E+001  0.829255141024317E+002  0.670218920653730E+002
  0.100000000000000E+001  0.829205884299575E+002  0.670235237981123E+002
  0.100000000000000E+001  0.829193674067536E+002  0.687315588379466E+002
  0.100000000000000E+001  0.829177004923649E+002  0.687310056686865E+002
  0.100000000000000E+001  0.829058408080301E+002  0.687270596055881E+002
  0.100000000000000E+001  0.829002062541147E+002  0.670303092216800E+002
  0.100000000000000E+001  0.828786266803827E+002  0.687179346165984E+002
  0.100000000000000E+001  0.828251635010790E+002  0.686997133022128E+002
  0.100000000000000E+001  0.828238588631276E+002  0.686992636042137E+002
  0.100000000000000E+001  0.828197520082186E+002  0.670576412128815E+002
  0.100000000000000E+001  0.828153159247452E+002  0.686963128180715E+002
  0.100000000000000E+001  0.828101873837726E+002  0.686945362661920E+002
  0.100000000000000E+001  0.828052050549021E+002  0.670626809533600E+002
  0.100000000000000E+001  0.827979218275461E+002  0.670652159447751E+002
  0.100000000000000E+001  0.827881476454935E+002  0.686868571919357E+002
  0.100000000000000E+001  0.827769775931164E+002  0.670725502432895E+002
  0.100000000000000E+001  0.827655468574085E+002  0.686789062030127E+002
  0.100000000000000E+001  0.827636182962445E+002  0.670772635326081E+002
  0.100000000000000E+001  0.827528249767977E+002  0.670810918857861E+002
  0.100000000000000E+001  0.827501595333756E+002  0.670820401453751E+002
  0.100000000000000E+001  0.827455582645615E+002  0.670836797599282E+002
  0.100000000000000E+001  0.827327622424215E+002  0.686672302158024E+002
  0.100000000000000E+001  0.827287664378985E+002  0.670896922942748E+002
  0.100000000000000E+001  0.827187269153072E+002  0.686621785175394E+002
  0.100000000000000E+001  0.827136266632633E+002  0.686603347194229E+002
  0.100000000000000E+001  0.827126135945467E+002  0.670955196416401E+002
  0.100000000000000E+001  0.827091220423337E+002  0.686587026283977E+002
  0.100000000000000E+001  0.827081851225205E+002  0.686583627397684E+002
  0.100000000000000E+001  0.827076864905600E+002  0.686581817895129E+002
  0.100000000000000E+001  0.826997356825210E+002  0.671001968034509E+002
  0.100000000000000E+001  0.826904770129455E+002  0.686519106639186E+002
  0.100000000000000E+001  0.826775754231415E+002  0.671083117982768E+002
  0.100000000000000E+001  0.826561736139315E+002  0.686392564728420E+002
  0.100000000000000E+001  0.826473969730459E+002  0.671195026803596E+002
  0.100000000000000E+001  0.826402781516858E+002  0.671221666678636E+002
  0.100000000000000E+001  0.826163694720764E+002  0.686243043218200E+002
  0.100000000000000E+001  0.826157426793103E+002  0.686240664757523E+002
  0.100000000000000E+001  0.826079421427734E+002  0.686211000763563E+002
  0.100000000000000E+001  0.826028788903497E+002  0.671363193446764E+002
  0.100000000000000E+001  0.825995249711481E+002  0.686178858463351E+002
  0.100000000000000E+001  0.825822374561073E+002  0.671442474423468E+002
  0.100000000000000E+001  0.825702828492277E+002  0.686066091278717E+002
  0.100000000000000E+001  0.825659811996417E+002  0.686049355170705E+002
  0.100000000000000E+001  0.825654756627004E+002  0.671507490294597E+002
  0.100000000000000E+001  0.825646598792443E+002  0.686044206669516E+002
  0.100000000000000E+001  0.825626578277511E+002  0.671518477326658E+002
  0.100000000000000E+001  0.825614677947887E+002  0.671523122386929E+002
  0.100000000000000E+001  0.825437115457792E+002  0.671592787114577E+002
  0.100000000000000E+001  0.825390208156233E+002  0.685943572307380E+002
  0.100000000000000E+001  0.825373118859662E+002  0.685936814405167E+002
  0.100000000000000E+001  0.825256526534938E+002  0.685890537054596E+002
  0.100000000000000E+001  0.825255713280713E+002  0.685890213203633E+002
  0.100000000000000E+001  0.825150029915165E+002  0.671706873908764E+002
  0.100000000000000E+001  0.825032896994309E+002  0.671753954408289E+002
  0.100000000000000E+001  0.825010034616818E+002  0.685791695490597E+002
  0.100000000000000E+001  0.824961138348657E+002  0.671782953673720E+002
  0.100000000000000E+001  0.824860956226324E+002  0.685731234309526E+002
  0.100000000000000E+001  0.824825850705151E+002  0.671837956018164E+002
  0.100000000000000E+001  0.824800593552717E+002  0.685706603188470E+002
  0.100000000000000E+001  0.824765873211255E+002  0.685692395730779E+002
  0.100000000000000E+001  0.824731725804413E+002  0.671876481893914E+002
  0.100000000000000E+001  0.824674680216899E+002  0.685654940059915E+002
  0.100000000000000E+001  0.824469514539312E+002  0.685569917414552E+002
  0.100000000000000E+001  0.824420247476264E+002  0.685549341722295E+002
  0.100000000000000E+001  0.824332823659001E+002  0.685512675670300E+002
  0.100000000000000E+001  0.824189616824480E+002  0.672102697362505E+002
  0.100000000000000E+001  0.824180681671334E+002  0.685448385927431E+002
  0.100000000000000E+001  0.824096820969804E+002  0.672142192971397E+002
  0.100000000000000E+001  0.823982655009479E+002  0.685363767068103E+002
  0.100000000000000E+001  0.823961529383106E+002  0.672200200476738E+002
  0.100000000000000E+001  0.823950479033911E+002  0.672204961030826E+002
  0.100000000000000E+001  0.823900167846395E+002  0.672226679112363E+002
  0.100000000000000E+001  0.823818466734495E+002  0.685292774405593E+002
  0.100000000000000E+001  0.823803455816191E+002  0.672268630813724E+002
  0.100000000000000E+001  0.823796757463964E+002  0.685283329641468E+002
  0.100000000000000E+001  0.823742289027663E+002  0.672295303876285E+002
  0.100000000000000E+001  0.823704503303502E+002  0.672311836117725E+002
  0.100000000000000E+001  0.823679009214319E+002  0.672323014371236E+002
  0.100000000000000E+001  0.823653156076786E+002  0.685220506220580E+002
  0.100000000000000E+001  0.823550423689842E+002  0.685175183846399E+002
  0.100000000000000E+001  0.823417031978629E+002  0.685115851957484E+002
  0.100000000000000E+001  0.823413241899984E+002  0.685114158035152E+002
  0.100000000000000E+001  0.823318491601524E+002  0.685071662570051E+002
  0.100000000000000E+001  0.823280619807002E+002  0.685054596612902E+002
  0.100000000000000E+001  0.823264997596226E+002  0.685047543330220E+002
  0.100000000000000E+001  0.823237720898622E+002  0.672519666983412E+002
  0.100000000000000E+001  0.823181524221793E+002  0.685009720603869E+002
  0.100000000000000E+001  0.823177896120928E+002  0.672546804616414E+002
  0.100000000000000E+001  0.823092253399322E+002  0.672585860763418E+002
  0.100000000000000E+001  0.822978466646279E+002  0.684916740143379E+002
  0.100000000000000E+001  0.822873915590294E+002  0.672686563601499E+002
  0.100000000000000E+001  0.822802051660364E+002  0.672720075229484E+002
  0.100000000000000E+001  0.822737042319065E+002  0.684804325136414E+002
  0.100000000000000E+001  0.822600149343492E+002  0.672815234329315E+002
  0.100000000000000E+001  0.822556932266532E+002  0.672835801100331E+002
  0.100000000000000E+001  0.822532118118780E+002  0.684707233825273E+002
  0.100000000000000E+001  0.822489486780611E+002  0.684686835021458E+002
  0.100000000000000E+001  0.822457782591168E+002  0.684671619010589E+002
  0.100000000000000E+001  0.822456081318622E+002  0.672884074683861E+002
  0.100000000000000E+001  0.822451935943885E+002  0.672886067383488E+002
  0.100000000000000E+001  0.822451050415108E+002  0.684668382931941E+002
  0.100000000000000E+001  0.822433826267138E+002  0.684660095380893E+002
  0.100000000000000E+001  0.822402112898813E+002  0.684644805594691E+002
  0.100000000000000E+001  0.822333575646553E+002  0.684611625245853E+002
  0.100000000000000E+001  0.822325961748304E+002  0.672946948538878E+002
  0.100000000000000E+001  0.822168536412840E+002  0.673023934969568E+002
  0.100000000000000E+001  0.822160037167431E+002  0.684526755355241E+002
  0.100000000000000E+001  0.822149250979305E+002  0.673033437158618E+002
  0.100000000000000E+001  0.822126578541430E+002  0.673044628311624E+002
  0.100000000000000E+001  0.822030444256172E+002  0.684462550991889E+002
  0.100000000000000E+001  0.821994050604307E+002  0.673110486458720E+002
  0.100000000000000E+001  0.821914668095279E+002  0.684404572343975E+002
  0.100000000000000E+001  0.821885111482449E+002  0.673165201136241E+002
  0.100000000000000E+001  0.821850854211585E+002  0.684372358643588E+002
  0.100000000000000E+001  0.821844887600345E+002  0.673185538911220E+002
  0.100000000000000E+001  0.821787037964859E+002  0.673214918893450E+002
  0.100000000000000E+001  0.821769874661658E+002  0.673223665483423E+002
  0.100000000000000E+001  0.821718523217843E+002  0.673249917340948E+002
  0.100000000000000E+001  0.821691761317486E+002  0.673263648087415E+002
  0.100000000000000E+001  0.821659591124822E+002  0.684274677017787E+002
  0.100000000000000E+001  0.821616665380435E+002  0.684252514587878E+002
  0.100000000000000E+001  0.821579344052700E+002  0.684233172536761E+002
  0.100000000000000E+001  0.821560453938567E+002  0.684223356412199E+002
  0.100000000000000E+001  0.821555908288250E+002  0.673333884427909E+002
  0.100000000000000E+001  0.821532799054393E+002  0.673345922344837E+002
  0.100000000000000E+001  0.821515881613380E+002  0.684200124266165E+002
  0.100000000000000E+001  0.821508717916531E+002  0.684196381088210E+002
  0.100000000000000E+001  0.821502603889670E+002  0.684193184337968E+002
  0.100000000000000E+001  0.821487218436903E+002  0.684185131614227E+002
  0.100000000000000E+001  0.821419133584793E+002  0.684149351196257E+002
  0.100000000000000E+001  0.821416414530763E+002  0.684147917310166E+002
  0.100000000000000E+001  0.821406256525935E+002  0.673412318957742E+002
  0.100000000000000E+001  0.821377332642581E+002  0.684127265117419E+002
  0.100000000000000E+001  0.821367931497255E+002  0.684122285327421E+002
  0.100000000000000E+001  0.821212999281661E+002  0.673515337153729E+002
  0.100000000000000E+001  0.821039926881386E+002  0.683945537816818E+002
  0.100000000000000E+001  0.821039467809792E+002  0.673609589873534E+002
  0.100000000000000E+001  0.820949165965197E+002  0.673659323428203E+002
  0.100000000000000E+001  0.820925419778706E+002  0.683882394032232E+002
  0.100000000000000E+001  0.820897546092506E+002  0.673687971269751E+002
  0.100000000000000E+001  0.820887898801978E+002  0.683861532882795E+002
  0.100000000000000E+001  0.820875115185788E+002  0.683854405789820E+002
  0.100000000000000E+001  0.820861090221851E+002  0.673708300984216E+002
  0.100000000000000E+001  0.820843805569860E+002  0.683836907716807E+002
  0.100000000000000E+001  0.820802171724525E+002  0.683813545545774E+002
  0.100000000000000E+001  0.820766546353972E+002  0.673761407532546E+002
  0.100000000000000E+001  0.820754260665791E+002  0.673768349903173E+002
  0.100000000000000E+001  0.820742076838400E+002  0.673775244230090E+002
  0.100000000000000E+001  0.820736643013962E+002  0.683776554006613E+002
  0.100000000000000E+001  0.820720056657748E+002  0.683767147369316E+002
  0.100000000000000E+001  0.820711669187561E+002  0.673792492263223E+002
  0.100000000000000E+001  0.820688779865269E+002  0.673805515171578E+002
  0.100000000000000E+001  0.820667536404533E+002  0.683737243821063E+002
  0.100000000000000E+001  0.820507001715719E+002  0.683644701002125E+002
  0.100000000000000E+001  0.820489889418487E+002  0.683634732353127E+002
  0.100000000000000E+001  0.820403434506932E+002  0.683584052578646E+002
  0.100000000000000E+001  0.820402350201901E+002  0.683583413566845E+002
  0.100000000000000E+001  0.820382723416970E+002  0.673983043859403E+002
  0.100000000000000E+001  0.820381030697109E+002  0.673984044007897E+002
  0.100000000000000E+001  0.820364079790939E+002  0.683560805047455E+002
  0.100000000000000E+001  0.820355415610627E+002  0.673999204309932E+002
  0.100000000000000E+001  0.820339865035783E+002  0.674008431435280E+002
  0.100000000000000E+001  0.820331595905717E+002  0.674013345303804E+002
  0.100000000000000E+001  0.820300081607738E+002  0.674032119087742E+002
  0.100000000000000E+001  0.820267941452933E+002  0.683503533559504E+002
  0.100000000000000E+001  0.820167885407588E+002  0.674111694360543E+002
  0.100000000000000E+001  0.820144459289919E+002  0.683428938417986E+002
  0.100000000000000E+001  0.820130155124951E+002  0.683420219863554E+002
  0.100000000000000E+001  0.820105656397745E+002  0.683405249449100E+002
  0.100000000000000E+001  0.820080725955516E+002  0.674164910732941E+002
  0.100000000000000E+001  0.820067222798482E+002  0.674173210293543E+002
  0.100000000000000E+001  0.820053657840718E+002  0.683373313150108E+002
  0.100000000000000E+001  0.820045604846752E+002  0.674186528758277E+002
  0.100000000000000E+001  0.820040009439501E+002  0.674189982295995E+002
  0.100000000000000E+001  0.820022318527394E+002  0.674200918437993E+002
  0.100000000000000E+001  0.820016457144195E+002  0.674204547587426E+002
  0.100000000000000E+001  0.819965772344399E+002  0.683318825392202E+002
  0.100000000000000E+001  0.819868150120542E+002  0.683257524182168E+002
  0.100000000000000E+001  0.819819008976174E+002  0.674328529343166E+002
  0.100000000000000E+001  0.819800352805909E+002  0.674340423064150E+002
  0.100000000000000E+001  0.819798675637927E+002  0.674341493858098E+002
  0.100000000000000E+001  0.819738187452812E+002  0.683174589034144E+002
  0.100000000000000E+001  0.819722511391350E+002  0.683164479458055E+002
  0.100000000000000E+001  0.819708072448438E+002  0.683155147051009E+002
  0.100000000000000E+001  0.819699554577374E+002  0.674405243776887E+002
  0.100000000000000E+001  0.819659647836106E+002  0.683123702191431E+002
  0.100000000000000E+001  0.819644139277353E+002  0.674441292688672E+002
  0.100000000000000E+001  0.819585191170419E+002  0.683074904396951E+002
  0.100000000000000E+001  0.819571656851619E+002  0.683065974566770E+002
  0.100000000000000E+001  0.819550653384491E+002  0.674502796362747E+002
  0.100000000000000E+001  0.819546653705153E+002  0.674505447474197E+002
  0.100000000000000E+001  0.819542416930274E+002  0.683046618544821E+002
  0.100000000000000E+001  0.819532395026146E+002  0.683039964094887E+002
  0.100000000000000E+001  0.819506895506068E+002  0.674531890457123E+002
  0.100000000000000E+001  0.819476253301499E+002  0.683002492717313E+002
  0.100000000000000E+001  0.819464207608089E+002  0.674560466555850E+002
  0.100000000000000E+001  0.819457275631152E+002  0.674565125250400E+002
  0.100000000000000E+001  0.819423290794199E+002  0.674588040009142E+002
  0.100000000000000E+001  0.819418388819554E+002  0.674591355586441E+002
  0.100000000000000E+001  0.819398797477749E+002  0.674604633001440E+002
  0.100000000000000E+001  0.819396378630119E+002  0.682948600849888E+002
  0.100000000000000E+001  0.819355860899279E+002  0.674633880710691E+002
  0.100000000000000E+001  0.819352702785616E+002  0.682918835958102E+002
  0.100000000000000E+001  0.819352444374848E+002  0.682918659215703E+002
  0.100000000000000E+001  0.819292206156106E+002  0.674677625245066E+002
  0.100000000000000E+001  0.819290656657245E+002  0.682876180174770E+002
  0.100000000000000E+001  0.819273941540699E+002  0.674690263416342E+002
  0.100000000000000E+001  0.819212530374221E+002  0.674733046390144E+002
  0.100000000000000E+001  0.819211323490458E+002  0.674733891718546E+002
  0.100000000000000E+001  0.819208387349733E+002  0.682818927084786E+002
  0.100000000000000E+001  0.819197787257637E+002  0.682811491146476E+002
  0.100000000000000E+001  0.819158629320913E+002  0.674770973786160E+002
  0.100000000000000E+001  0.819142747829799E+002  0.674782217445047E+002
  0.100000000000000E+001  0.819135028171663E+002  0.682767181885377E+002
  0.100000000000000E+001  0.819131160788669E+002  0.674790440757625E+002
  0.100000000000000E+001  0.819129994503750E+002  0.682763606671653E+002
  0.100000000000000E+001  0.819125551076727E+002  0.674794428064595E+002
  0.100000000000000E+001  0.819103322215402E+002  0.682744608640357E+002
  0.100000000000000E+001  0.819049407702262E+002  0.682705926085368E+002
  0.100000000000000E+001  0.819036801403180E+002  0.674858049825142E+002
  0.100000000000000E+001  0.819019859453833E+002  0.674870312716085E+002
  0.100000000000000E+001  0.818994434687456E+002  0.674888788185981E+002
  0.100000000000000E+001  0.818959988832316E+002  0.682640916117816E+002
  0.100000000000000E+001  0.818945706220061E+002  0.674924445404986E+002
  0.100000000000000E+001  0.818923016066800E+002  0.674941162092582E+002
  0.100000000000000E+001  0.818919372978276E+002  0.674943852884119E+002
  0.100000000000000E+001  0.818905198833859E+002  0.682600536130232E+002
  0.100000000000000E+001  0.818887531113484E+002  0.674967452232954E+002
  0.100000000000000E+001  0.818862877584837E+002  0.674985824889766E+002
  0.100000000000000E+001  0.818837724483382E+002  0.682550214027029E+002
  0.100000000000000E+001  0.818832609215004E+002  0.682546371681250E+002
  0.100000000000000E+001  0.818814371381038E+002  0.682532640292748E+002
  0.100000000000000E+001  0.818783222155009E+002  0.682509070985678E+002
  0.100000000000000E+001  0.818773891981490E+002  0.682501982208377E+002
  0.100000000000000E+001  0.818735284733750E+002  0.682472505056224E+002
  0.100000000000000E+001  0.818731707592212E+002  0.675085114131880E+002
  0.100000000000000E+001  0.818687441155174E+002  0.675119229778935E+002
  0.100000000000000E+001  0.818643275591783E+002  0.675153587744163E+002
  0.100000000000000E+001  0.818617567078609E+002  0.675173738144179E+002
  0.100000000000000E+001  0.818602485650314E+002  0.682369264464071E+002
  0.100000000000000E+001  0.818594151704842E+002  0.682362686355856E+002
  0.100000000000000E+001  0.818571525190352E+002  0.675210110343369E+002
  0.100000000000000E+001  0.818567540958892E+002  0.682341600821737E+002
  0.100000000000000E+001  0.818538336088794E+002  0.682318315267521E+002
  0.100000000000000E+001  0.818534240074535E+002  0.682315037187878E+002
  0.100000000000000E+001  0.818492332131580E+002  0.675273554427154E+002
  0.100000000000000E+001  0.818474984272116E+002  0.675287606350560E+002
  0.100000000000000E+001  0.818451062308919E+002  0.682247799397614E+002
  0.100000000000000E+001  0.818350550484361E+002  0.682164769024946E+002
  0.100000000000000E+001  0.818345734228877E+002  0.675394136805542E+002
  0.100000000000000E+001  0.818312179711333E+002  0.675422346116616E+002
  0.100000000000000E+001  0.818283493080500E+002  0.682108223658075E+002
  0.100000000000000E+001  0.818272414279851E+002  0.675456087151101E+002
  0.100000000000000E+001  0.818256472554127E+002  0.682085165702157E+002
  0.100000000000000E+001  0.818250006996342E+002  0.675475251631587E+002
  0.100000000000000E+001  0.818244936592780E+002  0.675479603693385E+002
  0.100000000000000E+001  0.818225709422627E+002  0.675496159328575E+002
  0.100000000000000E+001  0.818214638274375E+002  0.682049145886164E+002
  0.100000000000000E+001  0.818176976622485E+002  0.682016376137217E+002
  0.100000000000000E+001  0.818166576401153E+002  0.682007268225441E+002
  0.100000000000000E+001  0.818164207738105E+002  0.682005190294291E+002
  0.100000000000000E+001  0.818144239368001E+002  0.681987619396536E+002
  0.100000000000000E+001  0.818132728447842E+002  0.681977446679426E+002
  0.100000000000000E+001  0.818130994469343E+002  0.681975911480783E+002
  0.100000000000000E+001  0.818128410322120E+002  0.681973622206737E+002
  0.100000000000000E+001  0.818097611565174E+002  0.681946210532266E+002
  0.100000000000000E+001  0.818088270985749E+002  0.681937850193421E+002
  0.100000000000000E+001  0.818086153211282E+002  0.675618924490453E+002
  0.100000000000000E+001  0.818058073660835E+002  0.681910669272390E+002
  0.100000000000000E+001  0.818046610442235E+002  0.675654586917685E+002
  0.100000000000000E+001  0.818023169461919E+002  0.675675921214868E+002
  0.100000000000000E+001  0.818017641787335E+002  0.681873902554982E+002
  0.100000000000000E+001  0.818014233643458E+002  0.675684092691001E+002
  0.100000000000000E+001  0.817970907180642E+002  0.675724023195041E+002
  0.100000000000000E+001  0.817955746796891E+002  0.675738119192949E+002
  0.100000000000000E+001  0.817937000180867E+002  0.675755640564252E+002
  0.100000000000000E+001  0.817934014247320E+002  0.675758440730933E+002
  0.100000000000000E+001  0.817932776836518E+002  0.681795274161401E+002
  0.100000000000000E+001  0.817924271290573E+002  0.681787280422804E+002
  0.100000000000000E+001  0.817921126993701E+002  0.681784319948740E+002
  0.100000000000000E+001  0.817903308909046E+002  0.681767488181458E+002
  0.100000000000000E+001  0.817896728745896E+002  0.675793627824641E+002
  0.100000000000000E+001  0.817856514174744E+002  0.675832050298105E+002
  0.100000000000000E+001  0.817827730198956E+002  0.681695013833794E+002
  0.100000000000000E+001  0.817812085969900E+002  0.681679786120549E+002
  0.100000000000000E+001  0.817795806292359E+002  0.681663854581392E+002
  0.100000000000000E+001  0.817793543860058E+002  0.681661633566139E+002
  0.100000000000000E+001  0.817787733373410E+002  0.681655921596365E+002
  0.100000000000000E+001  0.817760187771315E+002  0.681628687327244E+002
  0.100000000000000E+001  0.817757812416419E+002  0.675928549454029E+002
  0.100000000000000E+001  0.817742876973798E+002  0.675943437810768E+002
  0.100000000000000E+001  0.817740495962754E+002  0.681609057530397E+002
  0.100000000000000E+001  0.817680245333166E+002  0.676006743044232E+002
  0.100000000000000E+001  0.817666596320788E+002  0.676020731766946E+002
  0.100000000000000E+001  0.817659784658751E+002  0.676027739584563E+002
  0.100000000000000E+001  0.817651869830109E+002  0.681518971244028E+002
  0.100000000000000E+001  0.817631810646117E+002  0.681498167643865E+002
  0.100000000000000E+001  0.817618316489924E+002  0.676070793337061E+002
  0.100000000000000E+001  0.817617098463959E+002  0.676072068293736E+002
  0.100000000000000E+001  0.817612149550021E+002  0.681477621367668E+002
  0.100000000000000E+001  0.817528461867560E+002  0.676166518363416E+002
  0.100000000000000E+001  0.817514083495110E+002  0.676182163783021E+002
  0.100000000000000E+001  0.817481909681431E+002  0.676217519156514E+002
  0.100000000000000E+001  0.817462535167555E+002  0.681315828986616E+002
  0.100000000000000E+001  0.817460519261293E+002  0.676241297558467E+002
  0.100000000000000E+001  0.817460332890150E+002  0.676241505715466E+002
  0.100000000000000E+001  0.817454720165074E+002  0.676247782565472E+002
  0.100000000000000E+001  0.817453077785999E+002  0.681305253853844E+002
  0.100000000000000E+001  0.817446699643199E+002  0.676256779240864E+002
  0.100000000000000E+001  0.817434206770176E+002  0.681284019177252E+002
  0.100000000000000E+001  0.817408930307786E+002  0.681255291652715E+002
  0.100000000000000E+001  0.817400234591306E+002  0.676309544702112E+002
  0.100000000000000E+001  0.817392850531066E+002  0.681236841835336E+002
  0.100000000000000E+001  0.817381225930121E+002  0.681223417185558E+002
  0.100000000000000E+001  0.817351391600749E+002  0.681188621010350E+002
  0.100000000000000E+001  0.817334591552098E+002  0.681168804071809E+002
  0.100000000000000E+001  0.817320029383631E+002  0.676403383026225E+002
  0.100000000000000E+001  0.817300513340323E+002  0.681128093130770E+002
  0.100000000000000E+001  0.817275008891129E+002  0.676457718801900E+002
  0.100000000000000E+001  0.817272906396162E+002  0.681094588610932E+002
  0.100000000000000E+001  0.817267616704354E+002  0.676466762639452E+002
  0.100000000000000E+001  0.817239838703991E+002  0.681053807779763E+002
  0.100000000000000E+001  0.817238886272415E+002  0.681052622360697E+002
  0.100000000000000E+001  0.817209793686896E+002  0.676538765445268E+002
  0.100000000000000E+001  0.817200685329259E+002  0.681004556444967E+002
  0.100000000000000E+001  0.817193860032816E+002  0.680995858935849E+002
  0.100000000000000E+001  0.817176065795734E+002  0.676581854427187E+002
  0.100000000000000E+001  0.817165310366100E+002  0.676595773953878E+002
  0.100000000000000E+001  0.817162820275889E+002  0.680955866806988E+002
  0.100000000000000E+001  0.817156081385468E+002  0.680947086919887E+002
  0.100000000000000E+001  0.817139111703250E+002  0.676630057432700E+002
  0.100000000000000E+001  0.817126635717159E+002  0.680908298746931E+002
  0.100000000000000E+001  0.817119792901842E+002  0.680899183309768E+002
  0.100000000000000E+001  0.817093191007443E+002  0.676691508036247E+002
  0.100000000000000E+001  0.817090216493742E+002  0.680859325030874E+002
  0.100000000000000E+001  0.817078361199989E+002  0.680843132481655E+002
  0.100000000000000E+001  0.817054129659179E+002  0.676745241566804E+002
  0.100000000000000E+001  0.817049600426248E+002  0.676751564271875E+002
  0.100000000000000E+001  0.817036183486634E+002  0.676770410903513E+002
  0.100000000000000E+001  0.817009823463430E+002  0.680746912364233E+002
  0.100000000000000E+001  0.816999264118363E+002  0.680731666970132E+002
  0.100000000000000E+001  0.816992160396974E+002  0.676833532609757E+002
  0.100000000000000E+001  0.816983955974924E+002  0.680709351727351E+002
  0.100000000000000E+001  0.816970592512890E+002  0.680689658436976E+002
  0.100000000000000E+001  0.816965125219275E+002  0.680681542757989E+002
  0.100000000000000E+001  0.816958485756395E+002  0.676883235727870E+002
  0.100000000000000E+001  0.816949020279230E+002  0.680657432914987E+002
  0.100000000000000E+001  0.816943222590953E+002  0.676906198615868E+002
  0.100000000000000E+001  0.816924997074822E+002  0.676933992914823E+002
  0.100000000000000E+001  0.816917677624428E+002  0.680609602182063E+002
  0.100000000000000E+001  0.816901889306319E+002  0.680585028992353E+002
  0.100000000000000E+001  0.816877185372902E+002  0.677008981668097E+002
  0.100000000000000E+001  0.816872472507693E+002  0.680538329770727E+002
  0.100000000000000E+001  0.816860883188211E+002  0.680519588007097E+002
  0.100000000000000E+001  0.816845283830645E+002  0.677060837745634E+002
  0.100000000000000E+001  0.816830441966510E+002  0.680469371199238E+002
  0.100000000000000E+001  0.816823986259344E+002  0.680458528879280E+002
  0.100000000000000E+001  0.816817822551032E+002  0.680448111308494E+002
  0.100000000000000E+001  0.816810019007183E+002  0.677120047830840E+002
  0.100000000000000E+001  0.816809811758649E+002  0.680434474023076E+002
  0.100000000000000E+001  0.816792918604556E+002  0.680405341289885E+002
  0.100000000000000E+001  0.816789076530511E+002  0.677156233628149E+002
  0.100000000000000E+001  0.816785904886046E+002  0.680393091612550E+002
  0.100000000000000E+001  0.816778983064072E+002  0.677173965392177E+002
  0.100000000000000E+001  0.816771061548568E+002  0.677188020107999E+002
  0.100000000000000E+001  0.816756228677688E+002  0.680340198915416E+002
  0.100000000000000E+001  0.816751883405013E+002  0.677222572868596E+002
  0.100000000000000E+001  0.816740877187867E+002  0.677242753779104E+002
  0.100000000000000E+001  0.816737187427661E+002  0.680305297127253E+002
  0.100000000000000E+001  0.816731252442696E+002  0.677260621682895E+002
  0.100000000000000E+001  0.816728660592792E+002  0.677265469421936E+002
  0.100000000000000E+001  0.816722867953718E+002  0.680278515639690E+002
  0.100000000000000E+001  0.816706323558994E+002  0.680246965315830E+002
  0.100000000000000E+001  0.816705101974478E+002  0.677310267235221E+002
  0.100000000000000E+001  0.816698961955949E+002  0.677322169290755E+002
  0.100000000000000E+001  0.816693357265641E+002  0.680221756812093E+002
  0.100000000000000E+001  0.816688402957640E+002  0.677342868176082E+002
  0.100000000000000E+001  0.816688284149461E+002  0.677343102776066E+002
  0.100000000000000E+001  0.816678451892005E+002  0.680192223599508E+002
  0.100000000000000E+001  0.816677337925768E+002  0.677364884469321E+002
  0.100000000000000E+001  0.816647584234123E+002  0.680129012580119E+002
  0.100000000000000E+001  0.816646947329725E+002  0.677427198916541E+002
  0.100000000000000E+001  0.816627573950549E+002  0.680086405581839E+002
  0.100000000000000E+001  0.816618314321424E+002  0.680066212837466E+002
  0.100000000000000E+001  0.816606992290328E+002  0.677513791934599E+002
  0.100000000000000E+001  0.816587039747552E+002  0.679995539377605E+002
  0.100000000000000E+001  0.816583178226954E+002  0.679986526729704E+002
  0.100000000000000E+001  0.816566169860171E+002  0.679946002768455E+002
  0.100000000000000E+001  0.816564288754928E+002  0.677613441857099E+002
  0.100000000000000E+001  0.816558452808714E+002  0.679927145236678E+002
  0.100000000000000E+001  0.816554170870840E+002  0.677638328925031E+002
  0.100000000000000E+001  0.816548422251398E+002  0.677652714161390E+002
  0.100000000000000E+001  0.816543358438891E+002  0.679889336166541E+002
  0.100000000000000E+001  0.816542330092702E+002  0.677668162650434E+002
  0.100000000000000E+001  0.816541484405565E+002  0.679884551898649E+002
  0.100000000000000E+001  0.816531447836127E+002  0.679858569023402E+002
  0.100000000000000E+001  0.816524612707283E+002  0.679840510654817E+002
  0.100000000000000E+001  0.816516896235242E+002  0.679819747869296E+002
  0.100000000000000E+001  0.816514309301559E+002  0.677742182095487E+002
  0.100000000000000E+001  0.816512257369006E+002  0.677747811540449E+002
  0.100000000000000E+001  0.816507986292463E+002  0.679795247057876E+002
  0.100000000000000E+001  0.816501806144875E+002  0.679777900347619E+002
  0.100000000000000E+001  0.816485296130911E+002  0.679730011422552E+002
  0.100000000000000E+001  0.816484569546047E+002  0.677827027620744E+002
  0.100000000000000E+001  0.816482287236571E+002  0.677833854051175E+002
  0.100000000000000E+001  0.816469350148321E+002  0.677873522949348E+002
  0.100000000000000E+001  0.816467215215098E+002  0.679674638214486E+002
  0.100000000000000E+001  0.816465685659209E+002  0.679669796297994E+002
  0.100000000000000E+001  0.816464276005054E+002  0.679665310557979E+002
  0.100000000000000E+001  0.816459641832646E+002  0.679650401468557E+002
  0.100000000000000E+001  0.816457550348065E+002  0.677911287392719E+002
  0.100000000000000E+001  0.816454441182774E+002  0.679633360704497E+002
  0.100000000000000E+001  0.816452406662043E+002  0.679626601218087E+002
  0.100000000000000E+001  0.816447064636544E+002  0.677946284821039E+002
  0.100000000000000E+001  0.816442678199088E+002  0.677961370258147E+002
  0.100000000000000E+001  0.816437247965259E+002  0.679574435215811E+002
  0.100000000000000E+001  0.816436310407851E+002  0.679571096191249E+002
  0.100000000000000E+001  0.816412512302646E+002  0.679481055580051E+002
  0.100000000000000E+001  0.816411702025671E+002  0.678077089951411E+002
  0.100000000000000E+001  0.816411382320777E+002  0.679476491919273E+002
  0.100000000000000E+001  0.816406153845753E+002  0.678099900471340E+002
  0.100000000000000E+001  0.816401963996681E+002  0.678117648849437E+002
  0.100000000000000E+001  0.816398423121625E+002  0.678133029151827E+002
  0.100000000000000E+001  0.816397479518402E+002  0.678137190175045E+002
  0.100000000000000E+001  0.816396926325711E+002  0.679415233859570E+002
  0.100000000000000E+001  0.816395299259548E+002  0.678146909514469E+002
  0.100000000000000E+001  0.816392135375163E+002  0.678161286352044E+002
  0.100000000000000E+001  0.816380496791229E+002  0.678217339261807E+002
  0.100000000000000E+001  0.816378934526029E+002  0.678225296344878E+002
  0.100000000000000E+001  0.816378826145818E+002  0.679329023464855E+002
  0.100000000000000E+001  0.816378193595361E+002  0.679325765587903E+002
  0.100000000000000E+001  0.816377979390698E+002  0.679324657955755E+002
  0.100000000000000E+001  0.816373026036175E+002  0.679298388150490E+002
  0.100000000000000E+001  0.816370774330856E+002  0.679285997936433E+002
  0.100000000000000E+001  0.816369847329538E+002  0.678274067668715E+002
  0.100000000000000E+001  0.816365146638537E+002  0.679253623344702E+002
  0.100000000000000E+001  0.816363867468829E+002  0.678308923384396E+002
  0.100000000000000E+001  0.816362846433377E+002  0.678315137440315E+002
  0.100000000000000E+001  0.816362479101313E+002  0.679237482514621E+002
  0.100000000000000E+001  0.816361166743078E+002  0.678325545968110E+002
  0.100000000000000E+001  0.816359383608742E+002  0.678336864507938E+002
  0.100000000000000E+001  0.816359320184842E+002  0.678337272454695E+002
  0.100000000000000E+001  0.816358178383265E+002  0.679210193707688E+002
  0.100000000000000E+001  0.816353471107393E+002  0.678376675170055E+002
  0.100000000000000E+001  0.816345489848053E+002  0.679117139763884E+002
  0.100000000000000E+001  0.816343992653671E+002  0.679104417696516E+002
  0.100000000000000E+001  0.816343273360185E+002  0.678456749846359E+002
  0.100000000000000E+001  0.816342930719792E+002  0.679095085437672E+002
  0.100000000000000E+001  0.816342794586549E+002  0.679093869198595E+002
  0.100000000000000E+001  0.816342208331140E+002  0.678466298911981E+002
  0.100000000000000E+001  0.816340650010327E+002  0.679074051782416E+002
  0.100000000000000E+001  0.816340098412642E+002  0.678486139351155E+002
  0.100000000000000E+001  0.816339962763343E+002  0.678487461357258E+002
  0.100000000000000E+001  0.816338203226668E+002  0.678505190452023E+002
  0.100000000000000E+001  0.816338009820315E+002  0.678507210159438E+002
  0.100000000000000E+001  0.816337794153558E+002  0.679045395800296E+002
  0.100000000000000E+001  0.816336513055332E+002  0.678523382977966E+002
  0.100000000000000E+001  0.816336387771696E+002  0.678524783639381E+002
  0.100000000000000E+001  0.816335661387974E+002  0.678533062709533E+002
  0.100000000000000E+001  0.816334246803900E+002  0.678550049117971E+002
  0.100000000000000E+001  0.816332963303950E+002  0.678988233508922E+002
  0.100000000000000E+001  0.816332528580173E+002  0.678572567272883E+002
  0.100000000000000E+001  0.816331705216066E+002  0.678970590042545E+002
  0.100000000000000E+001  0.816331567802158E+002  0.678586311773062E+002
  0.100000000000000E+001  0.816330950578526E+002  0.678959187028876E+002
  0.100000000000000E+001  0.816330700268495E+002  0.678955243257698E+002
  0.100000000000000E+001  0.816330628478481E+002  0.678600780159192E+002
  0.100000000000000E+001  0.816329413619215E+002  0.678621470536421E+002
  0.100000000000000E+001  0.816327386270526E+002  0.678664119960952E+002
  0.100000000000000E+001  0.816327253832284E+002  0.678887395886812E+002
  0.100000000000000E+001  0.816326710056750E+002  0.678872360400208E+002
  0.100000000000000E+001  0.816326697938141E+002  0.678682877991275E+002
  0.100000000000000E+001  0.816326089075521E+002  0.678851548853633E+002
  0.100000000000000E+001  0.816325803123605E+002  0.678715208602981E+002
  0.100000000000000E+001  0.816325496030301E+002  0.678731255493216E+002
  0.100000000000000E+001  0.816325466235303E+002  0.678821755528677E+002
  0.100000000000000E+001  0.816325217740197E+002  0.678801024514542E+002
  0.100000000000000E+001  0.816325128651533E+002  0.678770252156880E+002
