  0.100000000000000E+001  0.147037189235173E+003  0.624622030498521E+002
  0.100000000000000E+001  0.122312323201691E+003  0.641268424981759E+002
  0.100000000000000E+001  0.131388508176345E+003  0.769765350898527E+002
  0.100000000000000E+001  0.106722153182912E+003  0.749773189464889E+002
  0.100000000000000E+001  0.870836609915903E+002  0.722937689257645E+002
  0.100000000000000E+001  0.858777564736732E+002  0.720016549677542E+002
  0.100000000000000E+001  0.888909472428849E+002  0.726670587356336E+002
  0.100000000000000E+001  0.135890417964665E+003  0.772805724514425E+002
  0.100000000000000E+001  0.117006966682045E+003  0.758971713852226E+002
  0.100000000000000E+001  0.847342682368848E+002  0.716712491159275E+002
  0.100000000000000E+001  0.120014565182756E+003  0.643052784501703E+002
  0.100000000000000E+001  0.944448746936835E+002  0.668818735917094E+002
  0.100000000000000E+001  0.827535884266882E+002  0.697202733181553E+002
  0.100000000000000E+001  0.144147663009200E+003  0.626378670779723E+002
  0.100000000000000E+001  0.174240523973104E+003  0.794739702346701E+002
  0.100000000000000E+001  0.168440823263508E+003  0.791768102451348E+002
  0.100000000000000E+001  0.168645690761437E+003  0.612570064669323E+002
  0.100000000000000E+001  0.100457975019364E+003  0.661274509040896E+002
  0.100000000000000E+001  0.890788770593163E+002  0.677418287156545E+002
  0.100000000000000E+001  0.168701080144601E+003  0.612541252793171E+002
  0.100000000000000E+001  0.119235786399193E+003  0.643669894251640E+002
  0.100000000000000E+001  0.990617003829575E+002  0.741547722595912E+002
  0.100000000000000E+001  0.124138716872835E+003  0.764558278574790E+002
  0.100000000000000E+001  0.114765632982210E+003  0.757098664251345E+002
  0.100000000000000E+001  0.146988651383687E+003  0.624651209794602E+002
  0.100000000000000E+001  0.125426468282668E+003  0.638930327374674E+002
  0.100000000000000E+001  0.103034703414101E+003  0.658437735326372E+002
  0.100000000000000E+001  0.887906588194250E+002  0.726478503828584E+002
  0.100000000000000E+001  0.928887267112520E+002  0.671067282575171E+002
  0.100000000000000E+001  0.880951931324334E+002  0.725102147440039E+002
  0.100000000000000E+001  0.828358438786938E+002  0.707955663038091E+002
  0.100000000000000E+001  0.143581358621041E+003  0.626727736496016E+002
  0.100000000000000E+001  0.839885786029758E+002  0.714071531273287E+002
  0.100000000000000E+001  0.106939006017999E+003  0.749985423849569E+002
  0.100000000000000E+001  0.825150004640889E+002  0.703937259829491E+002
  0.100000000000000E+001  0.949546953187254E+002  0.668114295517798E+002
  0.100000000000000E+001  0.127275788937566E+003  0.637581869563497E+002
  0.100000000000000E+001  0.857342407971850E+002  0.684808509204104E+002
  0.100000000000000E+001  0.827504531507203E+002  0.707212862886347E+002
  0.100000000000000E+001  0.125497616674928E+003  0.638877917589164E+002
  0.100000000000000E+001  0.898651734156915E+002  0.675981349340036E+002
  0.100000000000000E+001  0.149187208621772E+003  0.781104473585903E+002
  0.100000000000000E+001  0.831575667309062E+002  0.694292604039453E+002
  0.100000000000000E+001  0.827570681109296E+002  0.707274309495995E+002
  0.100000000000000E+001  0.117653082116073E+003  0.759500290673809E+002
  0.100000000000000E+001  0.837654459135787E+002  0.691286819125649E+002
  0.100000000000000E+001  0.114145041411785E+003  0.647876179025212E+002
  0.100000000000000E+001  0.829746463984636E+002  0.695453488103956E+002
  0.100000000000000E+001  0.834893224268871E+002  0.711908955028687E+002
  0.100000000000000E+001  0.161690009949762E+003  0.616264918365125E+002
  0.100000000000000E+001  0.133775896221440E+003  0.633050490268155E+002
  0.100000000000000E+001  0.114830488602361E+003  0.757153760445240E+002
  0.100000000000000E+001  0.848990038444007E+002  0.717233393280534E+002
  0.100000000000000E+001  0.150364693181323E+003  0.622647154646458E+002
  0.100000000000000E+001  0.906002631178719E+002  0.729739039672736E+002
  0.100000000000000E+001  0.892582533999606E+002  0.677083248787744E+002
  0.100000000000000E+001  0.151964326701163E+003  0.782729802143471E+002
  0.100000000000000E+001  0.854880702101760E+002  0.685480839034680E+002
  0.100000000000000E+001  0.916337904412839E+002  0.731438438089015E+002
  0.100000000000000E+001  0.128052405623301E+003  0.767420910107518E+002
  0.100000000000000E+001  0.111670425153880E+003  0.754401624439030E+002
  0.100000000000000E+001  0.966302565308287E+002  0.665895198772143E+002
  0.100000000000000E+001  0.825255865084643E+002  0.704204382528202E+002
  0.100000000000000E+001  0.126762720678134E+003  0.637953144507304E+002
  0.100000000000000E+001  0.136531230992230E+003  0.631216898205373E+002
  0.100000000000000E+001  0.916005365692817E+002  0.673059511892273E+002
  0.100000000000000E+001  0.850082163160307E+002  0.686875828151867E+002
  0.100000000000000E+001  0.113046624890219E+003  0.755617612131344E+002
  0.100000000000000E+001  0.162477368928099E+003  0.615838741163776E+002
  0.100000000000000E+001  0.824842183315133E+002  0.701959261492607E+002
  0.100000000000000E+001  0.107673399888298E+003  0.750697275335533E+002
  0.100000000000000E+001  0.182107238663780E+003  0.605820708888239E+002
  0.100000000000000E+001  0.933856208353126E+002  0.734112749446817E+002
  0.100000000000000E+001  0.825945159550048E+002  0.699003986106020E+002
  0.100000000000000E+001  0.103603879557154E+003  0.746609256062180E+002
  0.100000000000000E+001  0.831752303221089E+002  0.710255432280079E+002
  0.100000000000000E+001  0.103916055967324E+003  0.746936089296362E+002
  0.100000000000000E+001  0.177526774295006E+003  0.796381867459128E+002
  0.100000000000000E+001  0.970836363943911E+002  0.739127136221129E+002
  0.100000000000000E+001  0.143292844253216E+003  0.777538616908056E+002
  0.100000000000000E+001  0.858889210737030E+002  0.720045790247924E+002
  0.100000000000000E+001  0.830691766445463E+002  0.709614050993672E+002
  0.100000000000000E+001  0.124153838499280E+003  0.764569592088010E+002
  0.100000000000000E+001  0.905363825556729E+002  0.729630545379202E+002
  0.100000000000000E+001  0.137896054983084E+003  0.774118848065335E+002
  0.100000000000000E+001  0.102914754638549E+003  0.745879114959359E+002
  0.100000000000000E+001  0.117997875301365E+003  0.644664439305051E+002
  0.100000000000000E+001  0.983662682658750E+002  0.663730746820224E+002
  0.100000000000000E+001  0.898762991127738E+002  0.728483232010391E+002
  0.100000000000000E+001  0.876341807774503E+002  0.724142204427898E+002
  0.100000000000000E+001  0.851962537380405E+002  0.686314599614696E+002
  0.100000000000000E+001  0.914642146773751E+002  0.673278360615492E+002
  0.100000000000000E+001  0.893168222669515E+002  0.727469996605787E+002
  0.100000000000000E+001  0.149446532660212E+003  0.781257659713402E+002
  0.100000000000000E+001  0.102377165911162E+003  0.745300937709698E+002
  0.100000000000000E+001  0.963396743752593E+002  0.738174589183242E+002
  0.100000000000000E+001  0.109686335899724E+003  0.651847936165849E+002
  0.100000000000000E+001  0.128169596155305E+003  0.636940121103766E+002
  0.100000000000000E+001  0.837280571789140E+002  0.712997345846069E+002
  0.100000000000000E+001  0.189748862732367E+003  0.602191774420285E+002
  0.100000000000000E+001  0.100980960174808E+003  0.743761742252760E+002
  0.100000000000000E+001  0.124708456397332E+003  0.639461683329538E+002
  0.100000000000000E+001  0.840518793747480E+002  0.690126676493126E+002
  0.100000000000000E+001  0.100863807187688E+003  0.743629989548845E+002
  0.100000000000000E+001  0.182973663581803E+003  0.605402415033681E+002
  0.100000000000000E+001  0.184132412163343E+003  0.604845801162412E+002
  0.100000000000000E+001  0.139868146171894E+003  0.629057780647840E+002
  0.100000000000000E+001  0.897904390456377E+002  0.728330290356263E+002
  0.100000000000000E+001  0.865422695595596E+002  0.682764250227888E+002
  0.100000000000000E+001  0.132892271090907E+003  0.770795915386426E+002
  0.100000000000000E+001  0.868115729974650E+002  0.722315726929709E+002
  0.100000000000000E+001  0.131179952324495E+003  0.769621178349139E+002
  0.100000000000000E+001  0.102822664368071E+003  0.658664197021272E+002
  0.100000000000000E+001  0.107252617543195E+003  0.750290698694809E+002
  0.100000000000000E+001  0.139648232068780E+003  0.629198108874699E+002
  0.100000000000000E+001  0.851987996757565E+002  0.686307136639005E+002
  0.100000000000000E+001  0.902707310076563E+002  0.729174680606179E+002
  0.100000000000000E+001  0.910031982365811E+002  0.674031053080037E+002
  0.100000000000000E+001  0.874415513654494E+002  0.723728413319220E+002
  0.100000000000000E+001  0.108866104869805E+003  0.652613204128968E+002
  0.100000000000000E+001  0.160568654208174E+003  0.616875553044625E+002
  0.100000000000000E+001  0.106482741664781E+003  0.654907042357000E+002
  0.100000000000000E+001  0.827365460004881E+002  0.697363668257109E+002
  0.100000000000000E+001  0.839196249415129E+002  0.713796925724240E+002
  0.100000000000000E+001  0.975555605870562E+002  0.664725980827003E+002
  0.100000000000000E+001  0.145105545145517E+003  0.778652945257842E+002
  0.100000000000000E+001  0.117562022423163E+003  0.759426091847754E+002
  0.100000000000000E+001  0.184375342475544E+003  0.799715302873673E+002
  0.100000000000000E+001  0.126259712753215E+003  0.766125580076648E+002
  0.100000000000000E+001  0.106975632758467E+003  0.750021177503367E+002
  0.100000000000000E+001  0.870877792537459E+002  0.722946959741292E+002
  0.100000000000000E+001  0.901102877697163E+002  0.675549231035406E+002
  0.100000000000000E+001  0.902655855737930E+002  0.675279038761887E+002
  0.100000000000000E+001  0.831119452684452E+002  0.694565643352103E+002
  0.100000000000000E+001  0.931000092812770E+002  0.733692249682093E+002
  0.100000000000000E+001  0.898229643219165E+002  0.728388332476788E+002
  0.100000000000000E+001  0.115620509916753E+003  0.646624296718593E+002
  0.100000000000000E+001  0.149046933643688E+003  0.623423326332776E+002
  0.100000000000000E+001  0.103278273238654E+003  0.746265778367278E+002
  0.100000000000000E+001  0.824940440005929E+002  0.703215292256251E+002
  0.100000000000000E+001  0.193173819294386E+003  0.600607346292869E+002
  0.100000000000000E+001  0.838232898906294E+002  0.691042827817418E+002
  0.100000000000000E+001  0.182614201142537E+003  0.798869076451321E+002
  0.100000000000000E+001  0.156892553285663E+003  0.785536058837506E+002
  0.100000000000000E+001  0.122913188427242E+003  0.640810364687611E+002
  0.100000000000000E+001  0.870399146535269E+002  0.681605857532904E+002
  0.100000000000000E+001  0.120563575860987E+003  0.761823229110797E+002
  0.100000000000000E+001  0.113781332464626E+003  0.648189228980312E+002
  0.100000000000000E+001  0.825493610478059E+002  0.704701521183981E+002
  0.100000000000000E+001  0.109198553292855E+003  0.752143194543757E+002
  0.100000000000000E+001  0.900746257172732E+002  0.728833149149367E+002
  0.100000000000000E+001  0.844669885776894E+002  0.715824968001817E+002
  0.100000000000000E+001  0.951635693628381E+002  0.667829851956990E+002
  0.100000000000000E+001  0.163082111020919E+003  0.615512832041893E+002
  0.100000000000000E+001  0.138914728494390E+003  0.629668123289209E+002
  0.100000000000000E+001  0.963284700476242E+002  0.738160050509457E+002
  0.100000000000000E+001  0.895013549754159E+002  0.676636185613597E+002
  0.100000000000000E+001  0.177754984923222E+003  0.607949969635284E+002
  0.100000000000000E+001  0.992908745479683E+002  0.662626211091433E+002
  0.100000000000000E+001  0.119058522923452E+003  0.760633543576124E+002
  0.100000000000000E+001  0.141180271591567E+003  0.628226037830719E+002
  0.100000000000000E+001  0.140980675675153E+003  0.776092857836708E+002
  0.100000000000000E+001  0.159684996265483E+003  0.787084968781121E+002
  0.100000000000000E+001  0.855222416608542E+002  0.685385906704665E+002
  0.100000000000000E+001  0.123018177991519E+003  0.763714135819428E+002
  0.100000000000000E+001  0.179146830734002E+003  0.797180972083874E+002
  0.100000000000000E+001  0.120819966022848E+003  0.642421277313663E+002
  0.100000000000000E+001  0.117396036230021E+003  0.759290591922743E+002
  0.100000000000000E+001  0.112168654108759E+003  0.754845096436664E+002
  0.100000000000000E+001  0.167507689673410E+003  0.791280732200538E+002
  0.100000000000000E+001  0.853223534867597E+002  0.685949072829016E+002
  0.100000000000000E+001  0.107971976105737E+003  0.653461098131518E+002
  0.100000000000000E+001  0.142733104137858E+003  0.627253634588390E+002
  0.100000000000000E+001  0.161512838913901E+003  0.616361108049787E+002
  0.100000000000000E+001  0.180370281134585E+003  0.606664794397058E+002
  0.100000000000000E+001  0.112500883539964E+003  0.755138747399202E+002
  0.100000000000000E+001  0.164959106851009E+003  0.614508988569805E+002
  0.100000000000000E+001  0.108993763677638E+003  0.652493325833738E+002
  0.100000000000000E+001  0.870788162626347E+002  0.722926778134802E+002
  0.100000000000000E+001  0.159198413648590E+003  0.617627701636183E+002
  0.100000000000000E+001  0.163163796082433E+003  0.788975909547936E+002
  0.100000000000000E+001  0.168750947474031E+003  0.791929492292671E+002
  0.100000000000000E+001  0.867392972851543E+002  0.682297564003113E+002
  0.100000000000000E+001  0.182479219776482E+003  0.605640901387724E+002
  0.100000000000000E+001  0.836085165112177E+002  0.691977988801454E+002
  0.100000000000000E+001  0.104609707234615E+003  0.747653892112446E+002
  0.100000000000000E+001  0.826971275218713E+002  0.706686735690177E+002
  0.100000000000000E+001  0.123780308298370E+003  0.640155288374170E+002
  0.100000000000000E+001  0.182525834013403E+003  0.605618392686589E+002
  0.100000000000000E+001  0.125391253830366E+003  0.638956283332790E+002
  0.100000000000000E+001  0.887269760531472E+002  0.726355737899298E+002
  0.100000000000000E+001  0.154891235026935E+003  0.784408013564609E+002
  0.100000000000000E+001  0.151530739116831E+003  0.621966603269086E+002
  0.100000000000000E+001  0.994043523966320E+002  0.662492765921578E+002
  0.100000000000000E+001  0.170106267208887E+003  0.792631425265067E+002
  0.100000000000000E+001  0.130021821509294E+003  0.768814895221575E+002
  0.100000000000000E+001  0.896131179942460E+002  0.676433254072041E+002
  0.100000000000000E+001  0.149501952197365E+003  0.623154455255409E+002
  0.100000000000000E+001  0.857610101474244E+002  0.719707857177176E+002
  0.100000000000000E+001  0.166048178021672E+003  0.613931770371817E+002
  0.100000000000000E+001  0.825933928936887E+002  0.699020303071555E+002
  0.100000000000000E+001  0.166910669659235E+003  0.613477305443688E+002
  0.100000000000000E+001  0.103913542304804E+003  0.657511346372885E+002
  0.100000000000000E+001  0.102848313584149E+003  0.658636740617701E+002
  0.100000000000000E+001  0.876793024375055E+002  0.680206806582767E+002
  0.100000000000000E+001  0.127264535039527E+003  0.637589990418015E+002
  0.100000000000000E+001  0.115026135820421E+003  0.647125180507023E+002
  0.100000000000000E+001  0.835447602579773E+002  0.712172314862672E+002
  0.100000000000000E+001  0.929473547837074E+002  0.733465178971770E+002
  0.100000000000000E+001  0.124571890752583E+003  0.764881556441086E+002
  0.100000000000000E+001  0.151963636805450E+003  0.782729402451727E+002
  0.100000000000000E+001  0.110111275856011E+003  0.651456007247492E+002
  0.100000000000000E+001  0.171246512373810E+003  0.793217775197569E+002
  0.100000000000000E+001  0.827200569439335E+002  0.697524622464028E+002
  0.100000000000000E+001  0.825105389593846E+002  0.700633528314371E+002
  0.100000000000000E+001  0.828111470101172E+002  0.696693717164561E+002
  0.100000000000000E+001  0.994731576194152E+002  0.662412071711250E+002
  0.100000000000000E+001  0.831364654051224E+002  0.694417705712331E+002
  0.100000000000000E+001  0.100864251342644E+003  0.660814323683870E+002
  0.100000000000000E+001  0.159773489913238E+003  0.617311221051011E+002
  0.100000000000000E+001  0.872051852540447E+002  0.681235287409114E+002
  0.100000000000000E+001  0.158578860666569E+003  0.617969989273141E+002
  0.100000000000000E+001  0.825267841884289E+002  0.700212443553049E+002
  0.100000000000000E+001  0.851224401396800E+002  0.717912298806702E+002
  0.100000000000000E+001  0.147152120977286E+003  0.624552981176844E+002
  0.100000000000000E+001  0.100728985997579E+003  0.743477846083684E+002
  0.100000000000000E+001  0.151489487361950E+003  0.621990580956398E+002
  0.100000000000000E+001  0.154842772981180E+003  0.620064307717276E+002
  0.100000000000000E+001  0.996191740401427E+002  0.742203449145964E+002
  0.100000000000000E+001  0.908214017880373E+002  0.730111360696461E+002
  0.100000000000000E+001  0.890903913912257E+002  0.677396644930337E+002
  0.100000000000000E+001  0.969158243416875E+002  0.738914434552878E+002
  0.100000000000000E+001  0.135565513440997E+003  0.631854115595234E+002
  0.100000000000000E+001  0.118366581012669E+003  0.760078382286555E+002
  0.100000000000000E+001  0.846238647572643E+002  0.716352646854322E+002
  0.100000000000000E+001  0.122305180191698E+003  0.763170922479953E+002
  0.100000000000000E+001  0.136881186774254E+003  0.630987391037071E+002
  0.100000000000000E+001  0.140016508355971E+003  0.628963261878976E+002
  0.100000000000000E+001  0.176301706437061E+003  0.795773061500627E+002
  0.100000000000000E+001  0.172097098689638E+003  0.610792088840471E+002
  0.100000000000000E+001  0.829061756229398E+002  0.708501820975337E+002
  0.100000000000000E+001  0.113663600346030E+003  0.648290952147692E+002
  0.100000000000000E+001  0.130534979892273E+003  0.635271462750631E+002
  0.100000000000000E+001  0.132753177208283E+003  0.633743571547037E+002
  0.100000000000000E+001  0.885567195786563E+002  0.726024412847213E+002
  0.100000000000000E+001  0.137670150376006E+003  0.630472667937007E+002
  0.100000000000000E+001  0.144303903879954E+003  0.778162166028434E+002
  0.100000000000000E+001  0.896039858769977E+002  0.727995037939441E+002
  0.100000000000000E+001  0.875699083913513E+002  0.680439800069634E+002
  0.100000000000000E+001  0.111117595457951E+003  0.753905099022229E+002
  0.100000000000000E+001  0.829261059537588E+002  0.695796660064748E+002
  0.100000000000000E+001  0.138777593289100E+003  0.629756335035983E+002
  0.100000000000000E+001  0.128797311446580E+003  0.636493170383216E+002
  0.100000000000000E+001  0.145743400927407E+003  0.625403601434807E+002
  0.100000000000000E+001  0.132686490252130E+003  0.633789008067329E+002
  0.100000000000000E+001  0.826196182446325E+002  0.698658719129626E+002
  0.100000000000000E+001  0.904540387072309E+002  0.674954757219931E+002
  0.100000000000000E+001  0.119367995697457E+003  0.643564673149187E+002
  0.100000000000000E+001  0.118500474172311E+003  0.760186222822318E+002
  0.100000000000000E+001  0.831358302943634E+002  0.694421502141195E+002
  0.100000000000000E+001  0.912346577431397E+002  0.730794138506272E+002
  0.100000000000000E+001  0.836537001776968E+002  0.691774296628444E+002
  0.100000000000000E+001  0.144452379649439E+003  0.626191508919532E+002
  0.100000000000000E+001  0.112759773725497E+003  0.649078363097874E+002
  0.100000000000000E+001  0.829223582717660E+002  0.708620892717512E+002
  0.100000000000000E+001  0.912108248215683E+002  0.673689607600163E+002
  0.100000000000000E+001  0.830516520302831E+002  0.709502629361301E+002
  0.100000000000000E+001  0.120172737989702E+003  0.642928231958831E+002
  0.100000000000000E+001  0.132188061834946E+003  0.770315245885894E+002
  0.100000000000000E+001  0.165472352471640E+003  0.614236491670767E+002
  0.100000000000000E+001  0.108248384958386E+003  0.751247397325690E+002
  0.100000000000000E+001  0.122790653949509E+003  0.640903499197837E+002
  0.100000000000000E+001  0.134086591029465E+003  0.771603505324603E+002
  0.100000000000000E+001  0.109400391305467E+003  0.752331420702316E+002
  0.100000000000000E+001  0.173971641158626E+003  0.609840765950098E+002
  0.100000000000000E+001  0.933336750700451E+002  0.734036684311308E+002
  0.100000000000000E+001  0.981076733577796E+002  0.664045382801574E+002
  0.100000000000000E+001  0.150629368025327E+003  0.781952643414376E+002
  0.100000000000000E+001  0.852461461787240E+002  0.718275832782698E+002
  0.100000000000000E+001  0.833440567479760E+002  0.711182221305264E+002
  0.100000000000000E+001  0.172146430992971E+003  0.610766926105939E+002
  0.100000000000000E+001  0.152322544477479E+003  0.782937068637205E+002
  0.100000000000000E+001  0.174649211842093E+003  0.794945510447047E+002
  0.100000000000000E+001  0.170619111541390E+003  0.792895615134019E+002
  0.100000000000000E+001  0.101541686631044E+003  0.744386646483338E+002
  0.100000000000000E+001  0.103437662968794E+003  0.746434249845006E+002
  0.100000000000000E+001  0.909470626763917E+002  0.674124081515046E+002
  0.100000000000000E+001  0.896842648687722E+002  0.728139915334584E+002
  0.100000000000000E+001  0.119178155093469E+003  0.643715820366560E+002
  0.100000000000000E+001  0.833222070209595E+002  0.711067747352495E+002
  0.100000000000000E+001  0.893096928036905E+002  0.727456822332688E+002
  0.100000000000000E+001  0.901435221508742E+002  0.675491179066495E+002
  0.100000000000000E+001  0.116252981681110E+003  0.758348597060013E+002
  0.100000000000000E+001  0.117966609844014E+003  0.759755032779893E+002
  0.100000000000000E+001  0.850249025672522E+002  0.717619615368032E+002
  0.100000000000000E+001  0.826053443481889E+002  0.698850709023629E+002
  0.100000000000000E+001  0.924745976780462E+002  0.671693564404045E+002
  0.100000000000000E+001  0.150361551817068E+003  0.781795817595853E+002
  0.100000000000000E+001  0.874604282360154E+002  0.680675499216334E+002
  0.100000000000000E+001  0.183146714769419E+003  0.799125728063065E+002
