  0.100000000000000E+001  0.969158243416875E+002  0.738914434552878E+002
  0.100000000000000E+001  0.924745976780462E+002  0.671693564404045E+002
  0.100000000000000E+001  0.909470626763917E+002  0.674124081515046E+002
  0.100000000000000E+001  0.840951258939773E+002  0.689961049079762E+002
  0.100000000000000E+001  0.899309764761317E+002  0.675864647810822E+002
  0.100000000000000E+001  0.898229643219165E+002  0.728388332476788E+002
  0.100000000000000E+001  0.887269760531472E+002  0.726355737899298E+002
  0.100000000000000E+001  0.841015008117071E+002  0.689936822973219E+002
  0.100000000000000E+001  0.879233189309831E+002  0.679695768146346E+002
  0.100000000000000E+001  0.877634854955531E+002  0.680029174226979E+002
  0.100000000000000E+001  0.877225744683425E+002  0.680115321188648E+002
  0.100000000000000E+001  0.876007915102478E+002  0.724071041744089E+002
  0.100000000000000E+001  0.875699083913513E+002  0.680439800069634E+002
  0.100000000000000E+001  0.873159254942829E+002  0.723454209655193E+002
  0.100000000000000E+001  0.871856791788603E+002  0.681278682711747E+002
  0.100000000000000E+001  0.870877792537459E+002  0.722946959741292E+002
  0.100000000000000E+001  0.870777404973987E+002  0.722924354555103E+002
  0.100000000000000E+001  0.870399146535269E+002  0.681605857532904E+002
  0.100000000000000E+001  0.869681604645540E+002  0.681768835052505E+002
  0.100000000000000E+001  0.841110655160529E+002  0.714544249219927E+002
  0.100000000000000E+001  0.841462935690657E+002  0.714676884257947E+002
  0.100000000000000E+001  0.868583753012549E+002  0.722424075358530E+002
  0.100000000000000E+001  0.867737465188382E+002  0.682217084574024E+002
  0.100000000000000E+001  0.867599520698585E+002  0.722195541641038E+002
  0.100000000000000E+001  0.867500270644306E+002  0.722172350978863E+002
  0.100000000000000E+001  0.867392972851543E+002  0.682297564003113E+002
  0.100000000000000E+001  0.866726225406388E+002  0.682454258578083E+002
  0.100000000000000E+001  0.841871740690385E+002  0.689615761702876E+002
  0.100000000000000E+001  0.842133922540115E+002  0.714925683222698E+002
  0.100000000000000E+001  0.864688205518273E+002  0.682941114013324E+002
  0.100000000000000E+001  0.863507144982744E+002  0.721215849415722E+002
  0.100000000000000E+001  0.862721084628731E+002  0.683422986808224E+002
  0.100000000000000E+001  0.862582224217536E+002  0.720987343414382E+002
  0.100000000000000E+001  0.862270153182850E+002  0.720909614393210E+002
  0.100000000000000E+001  0.861363016302025E+002  0.683763002452757E+002
  0.100000000000000E+001  0.861122520735292E+002  0.720620944003749E+002
  0.100000000000000E+001  0.860669680116911E+002  0.720505784495795E+002
  0.100000000000000E+001  0.859978125437077E+002  0.720328505557514E+002
  0.100000000000000E+001  0.859969230195112E+002  0.720326213968168E+002
  0.100000000000000E+001  0.859791833890224E+002  0.684164361069353E+002
  0.100000000000000E+001  0.859687338992075E+002  0.684191371137861E+002
  0.100000000000000E+001  0.842328280189296E+002  0.714996845131847E+002
  0.100000000000000E+001  0.858777564736732E+002  0.720016549677542E+002
  0.100000000000000E+001  0.858461323186994E+002  0.684511350915681E+002
  0.100000000000000E+001  0.857803207683001E+002  0.719759292036542E+002
  0.100000000000000E+001  0.857610101474244E+002  0.719707857177176E+002
  0.100000000000000E+001  0.857124521868537E+002  0.719577846920329E+002
  0.100000000000000E+001  0.856801233383876E+002  0.719490746111515E+002
  0.100000000000000E+001  0.842555898013169E+002  0.715079684163610E+002
  0.100000000000000E+001  0.856222837955254E+002  0.719333807905675E+002
  0.100000000000000E+001  0.856153262941480E+002  0.719314832764152E+002
  0.100000000000000E+001  0.855448202136475E+002  0.719121340117401E+002
  0.100000000000000E+001  0.855341534413294E+002  0.685352939940829E+002
  0.100000000000000E+001  0.855222416608542E+002  0.685385906704665E+002
  0.100000000000000E+001  0.855064150843846E+002  0.719015005445105E+002
  0.100000000000000E+001  0.854880702101760E+002  0.685480839034680E+002
  0.100000000000000E+001  0.854819514958170E+002  0.685497894428786E+002
  0.100000000000000E+001  0.843037142023366E+002  0.689191719479721E+002
  0.100000000000000E+001  0.854484871021804E+002  0.718853330542112E+002
  0.100000000000000E+001  0.854398527436022E+002  0.718829097571329E+002
  0.100000000000000E+001  0.854369888867781E+002  0.685623761399858E+002
  0.100000000000000E+001  0.854258760602564E+002  0.685655017688802E+002
  0.100000000000000E+001  0.853878826214754E+002  0.718682485952701E+002
  0.100000000000000E+001  0.853565445952233E+002  0.685851369065496E+002
  0.100000000000000E+001  0.853043807806235E+002  0.718444146323996E+002
  0.100000000000000E+001  0.852872496623282E+002  0.718394814680463E+002
  0.100000000000000E+001  0.852591384778839E+002  0.718313536572766E+002
  0.100000000000000E+001  0.852461461787240E+002  0.718275832782698E+002
  0.100000000000000E+001  0.852378229279753E+002  0.686193181515929E+002
  0.100000000000000E+001  0.852318100551810E+002  0.718234126167342E+002
  0.100000000000000E+001  0.843098220583381E+002  0.689169875385909E+002
  0.100000000000000E+001  0.843135849137003E+002  0.715288377414622E+002
  0.100000000000000E+001  0.851962537380405E+002  0.686314599614696E+002
  0.100000000000000E+001  0.851806311647290E+002  0.686360471363930E+002
  0.100000000000000E+001  0.851353924951749E+002  0.686494057908373E+002
  0.100000000000000E+001  0.851350635512438E+002  0.686495033411448E+002
  0.100000000000000E+001  0.843175081117720E+002  0.689142438875215E+002
  0.100000000000000E+001  0.851224401396800E+002  0.717912298806702E+002
  0.100000000000000E+001  0.851182383080931E+002  0.717899802890810E+002
  0.100000000000000E+001  0.851093762766469E+002  0.717873415197128E+002
  0.100000000000000E+001  0.850717365238825E+002  0.686683974277303E+002
  0.100000000000000E+001  0.850593354786713E+002  0.686721243356076E+002
  0.100000000000000E+001  0.843358108767826E+002  0.689077334979694E+002
  0.100000000000000E+001  0.850249025672522E+002  0.717619615368032E+002
  0.100000000000000E+001  0.850225594040715E+002  0.686832297815077E+002
  0.100000000000000E+001  0.850082163160307E+002  0.686875828151867E+002
  0.100000000000000E+001  0.849943709595085E+002  0.717526848182000E+002
  0.100000000000000E+001  0.849749836593527E+002  0.717467648817456E+002
  0.100000000000000E+001  0.849698673614564E+002  0.717451987760955E+002
  0.100000000000000E+001  0.849479921821889E+002  0.687059968421145E+002
  0.100000000000000E+001  0.849471913944549E+002  0.687062431963748E+002
  0.100000000000000E+001  0.843485089009651E+002  0.715412457285518E+002
  0.100000000000000E+001  0.849370585324886E+002  0.687093639344026E+002
  0.100000000000000E+001  0.849050306619597E+002  0.687192705475302E+002
  0.100000000000000E+001  0.848990667337725E+002  0.717233588688213E+002
  0.100000000000000E+001  0.848990038444007E+002  0.717233393280534E+002
  0.100000000000000E+001  0.848821078708293E+002  0.687264011302017E+002
  0.100000000000000E+001  0.848718149344614E+002  0.717148673216633E+002
  0.100000000000000E+001  0.848599507730390E+002  0.687333259858171E+002
  0.100000000000000E+001  0.848476024405653E+002  0.717072820756713E+002
  0.100000000000000E+001  0.848457557559563E+002  0.687377793941501E+002
  0.100000000000000E+001  0.847721121049120E+002  0.716833798456640E+002
  0.100000000000000E+001  0.847649335110627E+002  0.716810865228822E+002
  0.100000000000000E+001  0.847526353703686E+002  0.716771492734049E+002
  0.100000000000000E+001  0.847430058853434E+002  0.687704224125171E+002
  0.100000000000000E+001  0.847342682368848E+002  0.716712491159275E+002
  0.100000000000000E+001  0.846760326770415E+002  0.687921004422269E+002
  0.100000000000000E+001  0.846739832465007E+002  0.716517123629043E+002
  0.100000000000000E+001  0.846486371280516E+002  0.716434181703738E+002
  0.100000000000000E+001  0.846238647572643E+002  0.716352646854322E+002
  0.100000000000000E+001  0.846234546683809E+002  0.688093520386178E+002
  0.100000000000000E+001  0.844132941668087E+002  0.715639591687692E+002
  0.100000000000000E+001  0.846198312676633E+002  0.688105486932229E+002
  0.100000000000000E+001  0.846090672848521E+002  0.688141095750364E+002
  0.100000000000000E+001  0.844574904558128E+002  0.715792360740568E+002
  0.100000000000000E+001  0.845847401241752E+002  0.688221907171300E+002
  0.100000000000000E+001  0.845833920370540E+002  0.716218414557808E+002
  0.100000000000000E+001  0.845675266769443E+002  0.716165442746716E+002
  0.100000000000000E+001  0.845666168473545E+002  0.688282414656748E+002
  0.100000000000000E+001  0.845638916163106E+002  0.688291536011329E+002
  0.100000000000000E+001  0.844591641442438E+002  0.715798112234202E+002
  0.100000000000000E+001  0.845235339230718E+002  0.716017494270239E+002
  0.100000000000000E+001  0.845159539731314E+002  0.688452971322187E+002
  0.100000000000000E+001  0.845087046341133E+002  0.688477549318785E+002
  0.100000000000000E+001  0.844759274221418E+002  0.715855584015983E+002
  0.100000000000000E+001  0.844751800103799E+002  0.715853026725804E+002
  0.100000000000000E+001  0.844692055980462E+002  0.715832567835997E+002
  0.100000000000000E+001  0.844669885776894E+002  0.715824968001817E+002
  0.100000000000000E+001  0.840734671581783E+002  0.690043717090292E+002
  0.100000000000000E+001  0.840518793747480E+002  0.690126676493126E+002
  0.100000000000000E+001  0.840518385219935E+002  0.690126834025025E+002
  0.100000000000000E+001  0.840457098614081E+002  0.690150489978463E+002
  0.100000000000000E+001  0.840390247053764E+002  0.690176346917035E+002
  0.100000000000000E+001  0.839944761087677E+002  0.690350090495436E+002
  0.100000000000000E+001  0.839149429083052E+002  0.690666770431025E+002
  0.100000000000000E+001  0.838826923597583E+002  0.690797684623887E+002
  0.100000000000000E+001  0.838232898906294E+002  0.691042827817418E+002
  0.100000000000000E+001  0.838220240159894E+002  0.691048110375739E+002
  0.100000000000000E+001  0.838205936068825E+002  0.691054082551509E+002
  0.100000000000000E+001  0.837654459135787E+002  0.691286819125649E+002
  0.100000000000000E+001  0.837393998567453E+002  0.691398479531210E+002
  0.100000000000000E+001  0.837328625313564E+002  0.691426686597618E+002
  0.100000000000000E+001  0.837251016187109E+002  0.691460269143604E+002
  0.100000000000000E+001  0.837202867499522E+002  0.691481156524717E+002
  0.100000000000000E+001  0.837084055821344E+002  0.691532872830326E+002
  0.100000000000000E+001  0.836994003503781E+002  0.691572238075142E+002
  0.100000000000000E+001  0.836972429083553E+002  0.691581690687535E+002
  0.100000000000000E+001  0.836961951671467E+002  0.691586284289415E+002
  0.100000000000000E+001  0.836537001776968E+002  0.691774296628444E+002
  0.100000000000000E+001  0.836085165112177E+002  0.691977988801454E+002
  0.100000000000000E+001  0.835962479213784E+002  0.692033999715158E+002
  0.100000000000000E+001  0.835925878375645E+002  0.692050769161726E+002
  0.100000000000000E+001  0.835899273011085E+002  0.692062976344478E+002
  0.100000000000000E+001  0.835730537663161E+002  0.692140740319788E+002
  0.100000000000000E+001  0.835668425584169E+002  0.692169516982704E+002
  0.100000000000000E+001  0.835605896932526E+002  0.692198570089968E+002
  0.100000000000000E+001  0.835555442972392E+002  0.692222074382415E+002
  0.100000000000000E+001  0.835432783223907E+002  0.692279447924694E+002
  0.100000000000000E+001  0.835154936639303E+002  0.692410650000553E+002
  0.100000000000000E+001  0.835117289527579E+002  0.692428562571746E+002
  0.100000000000000E+001  0.835108434959362E+002  0.692432780353981E+002
  0.100000000000000E+001  0.834960176020500E+002  0.692503673878374E+002
  0.100000000000000E+001  0.834559321787215E+002  0.692697993574815E+002
  0.100000000000000E+001  0.834464972611250E+002  0.692744309843510E+002
  0.100000000000000E+001  0.834171464206513E+002  0.692889863591672E+002
  0.100000000000000E+001  0.833981801608621E+002  0.692985138960245E+002
  0.100000000000000E+001  0.833825917740590E+002  0.693064187948980E+002
  0.100000000000000E+001  0.833791370020936E+002  0.693081799702050E+002
  0.100000000000000E+001  0.833498652990601E+002  0.693232405621918E+002
  0.100000000000000E+001  0.833473063075553E+002  0.693245691998845E+002
  0.100000000000000E+001  0.833271471648233E+002  0.693351054799068E+002
  0.100000000000000E+001  0.833268137464352E+002  0.693352807949093E+002
  0.100000000000000E+001  0.832871954282907E+002  0.693563651992100E+002
  0.100000000000000E+001  0.832807463652842E+002  0.693598460983550E+002
  0.100000000000000E+001  0.832655588908947E+002  0.693680996174409E+002
  0.100000000000000E+001  0.832613003376801E+002  0.693704282518959E+002
  0.100000000000000E+001  0.832416494192937E+002  0.693812571600076E+002
  0.100000000000000E+001  0.832236700732754E+002  0.693912885417509E+002
  0.100000000000000E+001  0.832029114533451E+002  0.694030233597971E+002
  0.100000000000000E+001  0.831957459390702E+002  0.694071132355701E+002
  0.100000000000000E+001  0.831849468437171E+002  0.694133161226082E+002
  0.100000000000000E+001  0.831809333621176E+002  0.694156335825272E+002
  0.100000000000000E+001  0.831773984467930E+002  0.694176802379909E+002
  0.100000000000000E+001  0.831652505934036E+002  0.694247536767140E+002
  0.100000000000000E+001  0.831575667309062E+002  0.694292604039453E+002
  0.100000000000000E+001  0.831518581492923E+002  0.694326252458019E+002
  0.100000000000000E+001  0.831408650364200E+002  0.694391457075900E+002
  0.100000000000000E+001  0.831404912746828E+002  0.694393683554776E+002
  0.100000000000000E+001  0.831364654051224E+002  0.694417705712331E+002
  0.100000000000000E+001  0.831358302943634E+002  0.694421502141195E+002
  0.100000000000000E+001  0.831341504784331E+002  0.694431552301879E+002
  0.100000000000000E+001  0.831329474376920E+002  0.694438757941801E+002
  0.100000000000000E+001  0.831289302677376E+002  0.694462867348593E+002
  0.100000000000000E+001  0.831119452684452E+002  0.694565643352103E+002
  0.100000000000000E+001  0.831068281367601E+002  0.694596878569757E+002
  0.100000000000000E+001  0.831042630893372E+002  0.694612583982739E+002
  0.100000000000000E+001  0.831034850438295E+002  0.694617354253475E+002
  0.100000000000000E+001  0.830957358118556E+002  0.694665029867527E+002
  0.100000000000000E+001  0.830934202849438E+002  0.694679334160059E+002
  0.100000000000000E+001  0.830726261732157E+002  0.694809027664595E+002
  0.100000000000000E+001  0.830689035253006E+002  0.694832486143933E+002
  0.100000000000000E+001  0.830579479213062E+002  0.694901959650822E+002
  0.100000000000000E+001  0.830453850862787E+002  0.694982445685601E+002
  0.100000000000000E+001  0.830428322151677E+002  0.694998910741235E+002
  0.100000000000000E+001  0.830320197478887E+002  0.695069067243215E+002
  0.100000000000000E+001  0.830118026622981E+002  0.695202126222742E+002
  0.100000000000000E+001  0.830110100550301E+002  0.695207394189053E+002
  0.100000000000000E+001  0.830099632979076E+002  0.695214357399131E+002
  0.100000000000000E+001  0.830097681980082E+002  0.695215656002612E+002
  0.100000000000000E+001  0.829998824725551E+002  0.695281774387972E+002
  0.100000000000000E+001  0.829865621354622E+002  0.695371873532494E+002
  0.100000000000000E+001  0.829746463984636E+002  0.695453488103956E+002
  0.100000000000000E+001  0.829729395715550E+002  0.695465259403293E+002
  0.100000000000000E+001  0.829729194447847E+002  0.695465398331873E+002
  0.100000000000000E+001  0.829575160229848E+002  0.695572574241028E+002
  0.100000000000000E+001  0.829461124562825E+002  0.695653045754967E+002
  0.100000000000000E+001  0.829407835090996E+002  0.695690990424569E+002
  0.100000000000000E+001  0.829261059537588E+002  0.695796660064748E+002
  0.100000000000000E+001  0.829085585014178E+002  0.695925318002670E+002
  0.100000000000000E+001  0.828963157488129E+002  0.696016661372333E+002
  0.100000000000000E+001  0.828945631151521E+002  0.696029848046928E+002
  0.100000000000000E+001  0.828868444185521E+002  0.696088260222802E+002
  0.100000000000000E+001  0.828775939320068E+002  0.696159005667099E+002
  0.100000000000000E+001  0.828712115694406E+002  0.696208301547134E+002
  0.100000000000000E+001  0.828655059169610E+002  0.696252715283355E+002
  0.100000000000000E+001  0.828553295219234E+002  0.696332761346369E+002
  0.100000000000000E+001  0.828508133645816E+002  0.696368635446578E+002
  0.100000000000000E+001  0.828506949609503E+002  0.696369578943961E+002
  0.100000000000000E+001  0.828493632653002E+002  0.696380201032928E+002
  0.100000000000000E+001  0.828489641191829E+002  0.696383388531390E+002
  0.100000000000000E+001  0.828373139725664E+002  0.696477203244332E+002
  0.100000000000000E+001  0.828256836482971E+002  0.696572411883582E+002
  0.100000000000000E+001  0.828167534207428E+002  0.696646620163802E+002
  0.100000000000000E+001  0.828111470101172E+002  0.696693717164561E+002
  0.100000000000000E+001  0.828083926622335E+002  0.696717002824809E+002
  0.100000000000000E+001  0.827979071768415E+002  0.696806564616265E+002
  0.100000000000000E+001  0.827910830130145E+002  0.696865657568104E+002
  0.100000000000000E+001  0.827908232599618E+002  0.696867919749826E+002
  0.100000000000000E+001  0.827887817315162E+002  0.696885732746634E+002
  0.100000000000000E+001  0.827867894995388E+002  0.696903173124248E+002
  0.100000000000000E+001  0.827639217825373E+002  0.697107618595315E+002
  0.100000000000000E+001  0.827586385068622E+002  0.697156026028578E+002
  0.100000000000000E+001  0.827556417094724E+002  0.697183690560292E+002
  0.100000000000000E+001  0.827527584583410E+002  0.697210451034147E+002
  0.100000000000000E+001  0.827390223293838E+002  0.697339954372811E+002
  0.100000000000000E+001  0.827365460004881E+002  0.697363668257109E+002
  0.100000000000000E+001  0.827323832183580E+002  0.697403794975621E+002
  0.100000000000000E+001  0.827313142434611E+002  0.697414153288825E+002
  0.100000000000000E+001  0.827259559666093E+002  0.697466414666724E+002
  0.100000000000000E+001  0.827249923088267E+002  0.697475874647934E+002
  0.100000000000000E+001  0.827236709988783E+002  0.697488876341561E+002
  0.100000000000000E+001  0.827200569439335E+002  0.697524622464028E+002
  0.100000000000000E+001  0.827197356437448E+002  0.697527813574706E+002
  0.100000000000000E+001  0.827178359964283E+002  0.697546725122516E+002
  0.100000000000000E+001  0.827156673162462E+002  0.697568408913477E+002
  0.100000000000000E+001  0.827134715311995E+002  0.697590467134976E+002
  0.100000000000000E+001  0.840466320759003E+002  0.714297886160055E+002
  0.100000000000000E+001  0.840402544847425E+002  0.714273227335119E+002
  0.100000000000000E+001  0.840360208740745E+002  0.714256830263602E+002
  0.100000000000000E+001  0.839885786029758E+002  0.714071531273287E+002
  0.100000000000000E+001  0.839339485284388E+002  0.713854502378446E+002
  0.100000000000000E+001  0.839196249415129E+002  0.713796925724240E+002
  0.100000000000000E+001  0.838919893813631E+002  0.713685021558565E+002
  0.100000000000000E+001  0.838653209243346E+002  0.713575987775785E+002
  0.100000000000000E+001  0.838338835722268E+002  0.713446096210776E+002
  0.100000000000000E+001  0.838288923274829E+002  0.713425335055771E+002
  0.100000000000000E+001  0.838102629344715E+002  0.713347503660316E+002
  0.100000000000000E+001  0.837557056827140E+002  0.713116371647737E+002
  0.100000000000000E+001  0.837502466609206E+002  0.713092974015091E+002
  0.100000000000000E+001  0.837332009218804E+002  0.713019588819033E+002
  0.100000000000000E+001  0.837280571789140E+002  0.712997345846069E+002
  0.100000000000000E+001  0.836928795041637E+002  0.712843979319962E+002
  0.100000000000000E+001  0.836700596625432E+002  0.712743294609452E+002
  0.100000000000000E+001  0.836631397868721E+002  0.712712572085213E+002
  0.100000000000000E+001  0.836246123312719E+002  0.712539847307924E+002
  0.100000000000000E+001  0.835613963129303E+002  0.712249996020510E+002
  0.100000000000000E+001  0.835481919093291E+002  0.712188388341108E+002
  0.100000000000000E+001  0.835447602579773E+002  0.712172314862672E+002
  0.100000000000000E+001  0.835423891779471E+002  0.712161193798474E+002
  0.100000000000000E+001  0.835319487897562E+002  0.712112076535636E+002
  0.100000000000000E+001  0.835292370462375E+002  0.712099279059291E+002
  0.100000000000000E+001  0.835130850584847E+002  0.712022707109427E+002
  0.100000000000000E+001  0.835127777206484E+002  0.712021244307624E+002
  0.100000000000000E+001  0.835029658186590E+002  0.711974428364129E+002
  0.100000000000000E+001  0.834893224268871E+002  0.711908955028687E+002
  0.100000000000000E+001  0.834848674218945E+002  0.711887479826389E+002
  0.100000000000000E+001  0.834846334469005E+002  0.711886350638781E+002
  0.100000000000000E+001  0.834688377017222E+002  0.711809811178861E+002
  0.100000000000000E+001  0.834442824042221E+002  0.711689598053746E+002
  0.100000000000000E+001  0.834318594171621E+002  0.711628194713553E+002
  0.100000000000000E+001  0.833713417562452E+002  0.711323149976507E+002
  0.100000000000000E+001  0.833619648942659E+002  0.711274965369536E+002
  0.100000000000000E+001  0.833554084486708E+002  0.711241121022158E+002
  0.100000000000000E+001  0.833440567479760E+002  0.711182221305264E+002
  0.100000000000000E+001  0.833374693530290E+002  0.711147863564804E+002
  0.100000000000000E+001  0.833367772670525E+002  0.711144246185554E+002
  0.100000000000000E+001  0.833222070209595E+002  0.711067747352495E+002
  0.100000000000000E+001  0.833194316977126E+002  0.711053100808673E+002
  0.100000000000000E+001  0.833080968212117E+002  0.710993027978009E+002
  0.100000000000000E+001  0.833063351417513E+002  0.710983654406363E+002
  0.100000000000000E+001  0.832986895816013E+002  0.710942857040457E+002
  0.100000000000000E+001  0.832938000314691E+002  0.710916665616894E+002
  0.100000000000000E+001  0.832841274329161E+002  0.710864619434603E+002
  0.100000000000000E+001  0.832525935614072E+002  0.710692721938169E+002
  0.100000000000000E+001  0.832343666989352E+002  0.710591753655298E+002
  0.100000000000000E+001  0.832238305478967E+002  0.710532828819219E+002
  0.100000000000000E+001  0.831858413292688E+002  0.710316808190888E+002
  0.100000000000000E+001  0.831851954468389E+002  0.710313085602325E+002
  0.100000000000000E+001  0.831752303221089E+002  0.710255432280079E+002
  0.100000000000000E+001  0.831550097258267E+002  0.710137155277310E+002
  0.100000000000000E+001  0.831446625495791E+002  0.710075942252714E+002
  0.100000000000000E+001  0.831341505208939E+002  0.710013261482661E+002
  0.100000000000000E+001  0.831110630203493E+002  0.709873793990469E+002
  0.100000000000000E+001  0.830809426745864E+002  0.709687926498606E+002
  0.100000000000000E+001  0.830799062738617E+002  0.709681448623792E+002
  0.100000000000000E+001  0.830691766445463E+002  0.709614050993672E+002
  0.100000000000000E+001  0.830641118903652E+002  0.709582022561592E+002
  0.100000000000000E+001  0.830553053035110E+002  0.709525997143369E+002
  0.100000000000000E+001  0.830526766195565E+002  0.709509190601220E+002
  0.100000000000000E+001  0.830516520302831E+002  0.709502629361301E+002
  0.100000000000000E+001  0.830414468233717E+002  0.709436951805440E+002
  0.100000000000000E+001  0.830026935857866E+002  0.709181904537170E+002
  0.100000000000000E+001  0.829967310400641E+002  0.709141828710982E+002
  0.100000000000000E+001  0.829906549019907E+002  0.709100749193325E+002
  0.100000000000000E+001  0.829846501568201E+002  0.709059909880929E+002
  0.100000000000000E+001  0.829842768360583E+002  0.709057362804749E+002
  0.100000000000000E+001  0.829746240307356E+002  0.708991171297526E+002
  0.100000000000000E+001  0.829706750296957E+002  0.708963904766699E+002
  0.100000000000000E+001  0.829646684911670E+002  0.708922218875397E+002
  0.100000000000000E+001  0.829558601426865E+002  0.708860614785612E+002
  0.100000000000000E+001  0.829451851326649E+002  0.708785180551636E+002
  0.100000000000000E+001  0.829343120471197E+002  0.708707444666070E+002
  0.100000000000000E+001  0.829286828589644E+002  0.708666831043297E+002
  0.100000000000000E+001  0.829223582717660E+002  0.708620892717512E+002
  0.100000000000000E+001  0.829206794854546E+002  0.708608643438279E+002
  0.100000000000000E+001  0.829072913660423E+002  0.708510102974939E+002
  0.100000000000000E+001  0.828913990631785E+002  0.708391088030548E+002
  0.100000000000000E+001  0.828871538389444E+002  0.708358905581781E+002
  0.100000000000000E+001  0.828765969265995E+002  0.708278133672897E+002
  0.100000000000000E+001  0.828714259591380E+002  0.708238174435905E+002
  0.100000000000000E+001  0.828693319179967E+002  0.708221916783904E+002
  0.100000000000000E+001  0.828679746384563E+002  0.708211355605694E+002
  0.100000000000000E+001  0.828667846214120E+002  0.708202080573350E+002
  0.100000000000000E+001  0.828658379051060E+002  0.708194691547207E+002
  0.100000000000000E+001  0.828518051619276E+002  0.708084075240737E+002
  0.100000000000000E+001  0.828469500290159E+002  0.708045314274746E+002
  0.100000000000000E+001  0.828358438786938E+002  0.707955663038091E+002
  0.100000000000000E+001  0.828301999287451E+002  0.707909562306790E+002
  0.100000000000000E+001  0.828285716999619E+002  0.707896193042226E+002
  0.100000000000000E+001  0.828190204780042E+002  0.707817125349316E+002
  0.100000000000000E+001  0.828071351245788E+002  0.707717146486246E+002
  0.100000000000000E+001  0.828059099759791E+002  0.707706736991709E+002
  0.100000000000000E+001  0.827920338123922E+002  0.707587428310267E+002
  0.100000000000000E+001  0.827805366437965E+002  0.707486526455900E+002
  0.100000000000000E+001  0.827793953635199E+002  0.707476404586743E+002
  0.100000000000000E+001  0.827752490017203E+002  0.707439465759401E+002
  0.100000000000000E+001  0.827736485745539E+002  0.707425137832027E+002
  0.100000000000000E+001  0.827573148227331E+002  0.707276586760646E+002
  0.100000000000000E+001  0.827552356608317E+002  0.707257362893673E+002
  0.100000000000000E+001  0.827529274154279E+002  0.707235934586569E+002
  0.100000000000000E+001  0.827520653744802E+002  0.707227908410780E+002
  0.100000000000000E+001  0.827504531507203E+002  0.707212862886347E+002
  0.100000000000000E+001  0.827482232389559E+002  0.707191977929793E+002
  0.100000000000000E+001  0.827422369589037E+002  0.707135472443186E+002
  0.100000000000000E+001  0.827385909370970E+002  0.707100736339279E+002
  0.100000000000000E+001  0.827375207023526E+002  0.707090493024124E+002
  0.100000000000000E+001  0.827321085303009E+002  0.707038358968108E+002
  0.100000000000000E+001  0.827287537113046E+002  0.707005757600633E+002
  0.100000000000000E+001  0.827266307360496E+002  0.706985011716921E+002
  0.100000000000000E+001  0.827233418716277E+002  0.706952693016201E+002
  0.100000000000000E+001  0.827212068602910E+002  0.706931594163869E+002
  0.100000000000000E+001  0.827198466159582E+002  0.706918102362030E+002
  0.100000000000000E+001  0.827163039367786E+002  0.706882780399636E+002
  0.100000000000000E+001  0.827155858670377E+002  0.706875588269090E+002
  0.100000000000000E+001  0.827146020096237E+002  0.706865715941681E+002
  0.100000000000000E+001  0.827143310825653E+002  0.706862993688362E+002
  0.100000000000000E+001  0.827136498464027E+002  0.706856141615699E+002
  0.100000000000000E+001  0.827043598749683E+002  0.697683145323513E+002
  0.100000000000000E+001  0.827041225952605E+002  0.697685584080416E+002
  0.100000000000000E+001  0.827041003740292E+002  0.697685812537001E+002
  0.100000000000000E+001  0.827025677945394E+002  0.697701596850146E+002
  0.100000000000000E+001  0.826988075620551E+002  0.697740559673393E+002
  0.100000000000000E+001  0.826926379609901E+002  0.697805232412500E+002
  0.100000000000000E+001  0.826855183883599E+002  0.697881060410394E+002
  0.100000000000000E+001  0.826829927191567E+002  0.697908280660762E+002
  0.100000000000000E+001  0.826722201273193E+002  0.698026363952270E+002
  0.100000000000000E+001  0.826703753211295E+002  0.698046920604471E+002
  0.100000000000000E+001  0.826633598755118E+002  0.698126035571512E+002
  0.100000000000000E+001  0.826603277781318E+002  0.698160706226886E+002
  0.100000000000000E+001  0.826583336293046E+002  0.698183670651214E+002
  0.100000000000000E+001  0.826396170186768E+002  0.698405938234465E+002
  0.100000000000000E+001  0.826395645031965E+002  0.698406580091946E+002
  0.100000000000000E+001  0.826196182446325E+002  0.698658719129626E+002
  0.100000000000000E+001  0.826160737155563E+002  0.698705416251576E+002
  0.100000000000000E+001  0.826107402415631E+002  0.698776874102960E+002
  0.100000000000000E+001  0.826053443481889E+002  0.698850709023629E+002
  0.100000000000000E+001  0.826048543296794E+002  0.698857494455615E+002
  0.100000000000000E+001  0.826002064616182E+002  0.698922548607580E+002
  0.100000000000000E+001  0.825955487425304E+002  0.698989053408697E+002
  0.100000000000000E+001  0.825953724316186E+002  0.698991597738233E+002
  0.100000000000000E+001  0.825952408430338E+002  0.698993497989785E+002
  0.100000000000000E+001  0.825933928936887E+002  0.699020303071555E+002
  0.100000000000000E+001  0.825900711892419E+002  0.699069058273295E+002
  0.100000000000000E+001  0.827089191251795E+002  0.706808276237030E+002
  0.100000000000000E+001  0.827059065547336E+002  0.706777532961758E+002
  0.100000000000000E+001  0.826987912546536E+002  0.706704084145011E+002
  0.100000000000000E+001  0.826982165824868E+002  0.706698099394167E+002
  0.100000000000000E+001  0.826975369318797E+002  0.706691011031523E+002
  0.100000000000000E+001  0.826971275218713E+002  0.706686735690177E+002
  0.100000000000000E+001  0.826953270451031E+002  0.706667885070137E+002
  0.100000000000000E+001  0.826921312257503E+002  0.706634227143622E+002
  0.100000000000000E+001  0.826860846387996E+002  0.706569832461921E+002
  0.100000000000000E+001  0.826812379615941E+002  0.706517519513066E+002
  0.100000000000000E+001  0.826791527095615E+002  0.706494815125285E+002
  0.100000000000000E+001  0.826729292014270E+002  0.706426324038955E+002
  0.100000000000000E+001  0.826704194404509E+002  0.706398385727998E+002
  0.100000000000000E+001  0.826700314021400E+002  0.706394049438437E+002
  0.100000000000000E+001  0.826688827606002E+002  0.706381186982647E+002
  0.100000000000000E+001  0.826679111900026E+002  0.706370276225382E+002
  0.100000000000000E+001  0.826604376355646E+002  0.706285368638743E+002
  0.100000000000000E+001  0.826594222943338E+002  0.706273695974168E+002
  0.100000000000000E+001  0.826567891164699E+002  0.706243266288531E+002
  0.100000000000000E+001  0.826427073400426E+002  0.706076457763338E+002
  0.100000000000000E+001  0.826340484419119E+002  0.705970202625356E+002
  0.100000000000000E+001  0.826339348834439E+002  0.705968789105431E+002
  0.100000000000000E+001  0.826254547084343E+002  0.705861681051618E+002
  0.100000000000000E+001  0.826136743009686E+002  0.705707431250151E+002
  0.100000000000000E+001  0.826116509341201E+002  0.705680245429295E+002
  0.100000000000000E+001  0.826088968906274E+002  0.705642895102898E+002
  0.100000000000000E+001  0.826060714370649E+002  0.705604147634051E+002
  0.100000000000000E+001  0.826039462440296E+002  0.705574708233194E+002
  0.100000000000000E+001  0.826034456048995E+002  0.705567735387429E+002
  0.100000000000000E+001  0.826019637036761E+002  0.705547009922094E+002
  0.100000000000000E+001  0.825999534055086E+002  0.705518686154724E+002
  0.100000000000000E+001  0.825997389314888E+002  0.705515649977169E+002
  0.100000000000000E+001  0.825991539889248E+002  0.705507355039274E+002
  0.100000000000000E+001  0.825810347903915E+002  0.699205677293243E+002
  0.100000000000000E+001  0.825707637177648E+002  0.699368894615438E+002
  0.100000000000000E+001  0.825704323814409E+002  0.699374315603828E+002
  0.100000000000000E+001  0.825661770113622E+002  0.699444878008813E+002
  0.100000000000000E+001  0.825634366501325E+002  0.699491283449047E+002
  0.100000000000000E+001  0.825595781894698E+002  0.699557992658414E+002
  0.100000000000000E+001  0.825543326903192E+002  0.699651457092918E+002
  0.100000000000000E+001  0.825533323145278E+002  0.699669670327583E+002
  0.100000000000000E+001  0.825425758365005E+002  0.699874416620203E+002
  0.100000000000000E+001  0.825415607239289E+002  0.699894668781649E+002
  0.100000000000000E+001  0.825410845513105E+002  0.699904229699343E+002
  0.100000000000000E+001  0.825400960596109E+002  0.699924204292627E+002
  0.100000000000000E+001  0.825382530881174E+002  0.699961916742447E+002
  0.100000000000000E+001  0.825377081406863E+002  0.699973189045015E+002
  0.100000000000000E+001  0.825358952466912E+002  0.700011102481428E+002
  0.100000000000000E+001  0.825314822698531E+002  0.700106229267819E+002
  0.100000000000000E+001  0.825304459328926E+002  0.700129195426866E+002
  0.100000000000000E+001  0.825304435854024E+002  0.700129247735401E+002
  0.100000000000000E+001  0.825293832138456E+002  0.700153010913495E+002
  0.100000000000000E+001  0.825277296447318E+002  0.700190622349774E+002
  0.100000000000000E+001  0.825237198878486E+002  0.700284856151046E+002
  0.100000000000000E+001  0.825235121978253E+002  0.700289862261431E+002
  0.100000000000000E+001  0.825220565010706E+002  0.700325320770130E+002
  0.100000000000000E+001  0.825216453999710E+002  0.700335455207106E+002
  0.100000000000000E+001  0.825216400047588E+002  0.700335588571396E+002
  0.100000000000000E+001  0.825202964547284E+002  0.700369098537342E+002
  0.100000000000000E+001  0.825181996848562E+002  0.700422641047793E+002
  0.100000000000000E+001  0.825171877359107E+002  0.700449060168563E+002
  0.100000000000000E+001  0.825171254233922E+002  0.700450699847942E+002
  0.100000000000000E+001  0.825896668986587E+002  0.705369769618771E+002
  0.100000000000000E+001  0.825890482216498E+002  0.705360587824917E+002
  0.100000000000000E+001  0.825888721440507E+002  0.705357969739946E+002
  0.100000000000000E+001  0.825831396078631E+002  0.705271505347975E+002
  0.100000000000000E+001  0.825782305012284E+002  0.705195462741603E+002
  0.100000000000000E+001  0.825742412963621E+002  0.705132206325579E+002
  0.100000000000000E+001  0.825727896077342E+002  0.705108843043502E+002
  0.100000000000000E+001  0.825715435907252E+002  0.705088637937777E+002
  0.100000000000000E+001  0.825694935570914E+002  0.705055081494259E+002
  0.100000000000000E+001  0.825656788017214E+002  0.704991556649676E+002
  0.100000000000000E+001  0.825652840445589E+002  0.704984899591949E+002
  0.100000000000000E+001  0.825620321869344E+002  0.704929438505750E+002
  0.100000000000000E+001  0.825579002227748E+002  0.704857283489397E+002
  0.100000000000000E+001  0.825550262145212E+002  0.704805907649524E+002
  0.100000000000000E+001  0.825492998359245E+002  0.704700369279429E+002
  0.100000000000000E+001  0.825457273085189E+002  0.704632186659540E+002
  0.100000000000000E+001  0.825453716040192E+002  0.704625292042685E+002
  0.100000000000000E+001  0.825390447226796E+002  0.704499172422061E+002
  0.100000000000000E+001  0.825341215987071E+002  0.704395978465531E+002
  0.100000000000000E+001  0.825341063983360E+002  0.704395652261563E+002
  0.100000000000000E+001  0.825339912512536E+002  0.704393179582700E+002
  0.100000000000000E+001  0.825284699275466E+002  0.704271114732624E+002
  0.100000000000000E+001  0.825272687727505E+002  0.704243583650416E+002
  0.100000000000000E+001  0.825255865084643E+002  0.704204382528202E+002
  0.100000000000000E+001  0.825243072866237E+002  0.704174046382756E+002
  0.100000000000000E+001  0.825227296091187E+002  0.704135970293646E+002
  0.100000000000000E+001  0.825226368788071E+002  0.704133708713518E+002
  0.100000000000000E+001  0.825184667092411E+002  0.704029079313813E+002
  0.100000000000000E+001  0.825184649923145E+002  0.704029034988271E+002
  0.100000000000000E+001  0.825169098717216E+002  0.703988429956558E+002
  0.100000000000000E+001  0.825157944093880E+002  0.703958719899433E+002
  0.100000000000000E+001  0.825145614706894E+002  0.703925277882197E+002
  0.100000000000000E+001  0.825144578869458E+002  0.703922438338881E+002
  0.100000000000000E+001  0.825142951783522E+002  0.703917968403345E+002
  0.100000000000000E+001  0.825140645586109E+002  0.703911612546978E+002
  0.100000000000000E+001  0.825125753158655E+002  0.703869978884392E+002
  0.100000000000000E+001  0.825099353061920E+002  0.703793464893390E+002
  0.100000000000000E+001  0.825096407208294E+002  0.700660118831473E+002
  0.100000000000000E+001  0.825080446894440E+002  0.700708517849868E+002
  0.100000000000000E+001  0.825070840052547E+002  0.703706402498165E+002
  0.100000000000000E+001  0.825069661652397E+002  0.703702694158273E+002
  0.100000000000000E+001  0.825061213211335E+002  0.703675830468672E+002
  0.100000000000000E+001  0.825053673280852E+002  0.703651429190943E+002
  0.100000000000000E+001  0.825052297649684E+002  0.700797881343393E+002
  0.100000000000000E+001  0.825027658359349E+002  0.703563834329420E+002
  0.100000000000000E+001  0.825023923567931E+002  0.703550784851709E+002
  0.100000000000000E+001  0.825000787776568E+002  0.703466902160795E+002
  0.100000000000000E+001  0.825015909774525E+002  0.700922471152590E+002
  0.100000000000000E+001  0.824998203900071E+002  0.700987633345874E+002
  0.100000000000000E+001  0.824981729704833E+002  0.703393298636392E+002
  0.100000000000000E+001  0.824963096279043E+002  0.703316558500076E+002
  0.100000000000000E+001  0.824941646515640E+002  0.703220943887435E+002
  0.100000000000000E+001  0.824970429595287E+002  0.701097428538478E+002
  0.100000000000000E+001  0.824962098713422E+002  0.701132515787317E+002
  0.100000000000000E+001  0.824949756754782E+002  0.701186679092764E+002
  0.100000000000000E+001  0.824937413534673E+002  0.701243841738361E+002
  0.100000000000000E+001  0.824921702051682E+002  0.701321836522663E+002
  0.100000000000000E+001  0.824907568446205E+002  0.701398281131914E+002
  0.100000000000000E+001  0.824890592847572E+002  0.701500722517753E+002
  0.100000000000000E+001  0.824889861470769E+002  0.701505464934097E+002
  0.100000000000000E+001  0.824878653795778E+002  0.701582519204257E+002
  0.100000000000000E+001  0.824927747852881E+002  0.703153762936666E+002
  0.100000000000000E+001  0.824923560818525E+002  0.703132552936381E+002
  0.100000000000000E+001  0.824919605265239E+002  0.703112051150370E+002
  0.100000000000000E+001  0.824913344648923E+002  0.703078599323926E+002
  0.100000000000000E+001  0.824911177841868E+002  0.703066712923460E+002
  0.100000000000000E+001  0.824901047665318E+002  0.703008762098244E+002
  0.100000000000000E+001  0.824887693410122E+002  0.702925102351047E+002
  0.100000000000000E+001  0.824878232925040E+002  0.702859219176059E+002
  0.100000000000000E+001  0.824873963119319E+002  0.701617675702335E+002
  0.100000000000000E+001  0.824868830661816E+002  0.701658649616414E+002
  0.100000000000000E+001  0.824866552096947E+002  0.701677827299704E+002
  0.100000000000000E+001  0.824859271876783E+002  0.701744228865942E+002
  0.100000000000000E+001  0.824862626267716E+002  0.702732254929581E+002
  0.100000000000000E+001  0.824859505801663E+002  0.702702860971595E+002
  0.100000000000000E+001  0.824857877928081E+002  0.701758024579639E+002
  0.100000000000000E+001  0.824857229791056E+002  0.702680232870848E+002
  0.100000000000000E+001  0.824855781586250E+002  0.702665233291221E+002
  0.100000000000000E+001  0.824852606857493E+002  0.702630426669751E+002
  0.100000000000000E+001  0.824851513540342E+002  0.702617731138410E+002
  0.100000000000000E+001  0.824846680125189E+002  0.701888950011688E+002
  0.100000000000000E+001  0.824846558725653E+002  0.701890652420922E+002
  0.100000000000000E+001  0.824844929871649E+002  0.701914402919520E+002
  0.100000000000000E+001  0.824841720459875E+002  0.702477215993398E+002
  0.100000000000000E+001  0.824839692476332E+002  0.702436906026484E+002
  0.100000000000000E+001  0.824839158542671E+002  0.702019850119334E+002
  0.100000000000000E+001  0.824839131329180E+002  0.702424335804369E+002
  0.100000000000000E+001  0.824837986370891E+002  0.702395885080904E+002
  0.100000000000000E+001  0.824837891959165E+002  0.702051485680520E+002
  0.100000000000000E+001  0.824837485175901E+002  0.702062972181101E+002
  0.100000000000000E+001  0.824836556365618E+002  0.702092965321234E+002
  0.100000000000000E+001  0.824835962027635E+002  0.702328288181609E+002
  0.100000000000000E+001  0.824835862325037E+002  0.702323801095416E+002
  0.100000000000000E+001  0.824835131444594E+002  0.702163560553635E+002
  0.100000000000000E+001  0.824835102423981E+002  0.702165907551183E+002
  0.100000000000000E+001  0.824834951137057E+002  0.702180206070534E+002
  0.100000000000000E+001  0.824834796424800E+002  0.702240782925251E+002
  0.100000000000000E+001  0.824834762086318E+002  0.702218240147560E+002
