  0.100000000000000E+001  0.244871503081606E+003  0.795046415909029E+002
  0.100000000000000E+001  0.129566039338649E+003  0.750967471653361E+002
  0.100000000000000E+001  0.967650303154678E+002  0.728417178893698E+002
  0.100000000000000E+001  0.116455229286934E+003  0.743319622631246E+002
  0.100000000000000E+001  0.171452201629151E+003  0.625767836163991E+002
  0.100000000000000E+001  0.228489164103030E+003  0.605851656049247E+002
  0.100000000000000E+001  0.129154783184651E+003  0.750744414295448E+002
  0.100000000000000E+001  0.139801081907092E+003  0.639685673640504E+002
  0.100000000000000E+001  0.107187244449053E+003  0.737020088702411E+002
  0.100000000000000E+001  0.152959460408397E+003  0.762396646319800E+002
  0.100000000000000E+001  0.991417040947366E+002  0.665350735675074E+002
  0.100000000000000E+001  0.169325254978854E+003  0.626617967307449E+002
  0.100000000000000E+001  0.924931627763270E+002  0.671845328713822E+002
  0.100000000000000E+001  0.977707151816118E+002  0.729350274120780E+002
  0.100000000000000E+001  0.947353867882453E+002  0.669489002346383E+002
  0.100000000000000E+001  0.850770334103090E+002  0.713988327493006E+002
  0.100000000000000E+001  0.200032860530678E+003  0.780743184411781E+002
  0.100000000000000E+001  0.131339453422748E+003  0.751918775914315E+002
  0.100000000000000E+001  0.238437433995987E+003  0.602803873367478E+002
  0.100000000000000E+001  0.132920138852151E+003  0.643177292890704E+002
  0.100000000000000E+001  0.252038646004649E+003  0.797141656303336E+002
  0.100000000000000E+001  0.217881284032677E+003  0.786713316997459E+002
  0.100000000000000E+001  0.211089927919683E+003  0.611439832364231E+002
  0.100000000000000E+001  0.154155868497307E+003  0.633002926156834E+002
  0.100000000000000E+001  0.153735652179666E+003  0.762741309727258E+002
  0.100000000000000E+001  0.175278419996160E+003  0.624263196501455E+002
  0.100000000000000E+001  0.908125317762612E+002  0.673761429503158E+002
  0.100000000000000E+001  0.110499255816830E+003  0.739381463781435E+002
  0.100000000000000E+001  0.100391546638172E+003  0.731660744339830E+002
  0.100000000000000E+001  0.118080351696264E+003  0.651593938064713E+002
  0.100000000000000E+001  0.100566664800444E+003  0.664120563852779E+002
  0.100000000000000E+001  0.155005324714433E+003  0.632628886566221E+002
  0.100000000000000E+001  0.205984380601085E+003  0.613149440999005E+002
  0.100000000000000E+001  0.844596907537418E+002  0.683087986957500E+002
  0.100000000000000E+001  0.953699094113078E+002  0.727073270884789E+002
  0.100000000000000E+001  0.117963414945770E+003  0.744263731196344E+002
  0.100000000000000E+001  0.175204422832906E+003  0.771638063415480E+002
  0.100000000000000E+001  0.180815703396899E+003  0.773791526108257E+002
  0.100000000000000E+001  0.857997230997821E+002  0.715233778486189E+002
  0.100000000000000E+001  0.875377303436256E+002  0.678016951577651E+002
  0.100000000000000E+001  0.242754614174217E+003  0.601511208705789E+002
  0.100000000000000E+001  0.204436191171833E+003  0.782255359081255E+002
  0.100000000000000E+001  0.238460642211083E+003  0.793133190155111E+002
  0.100000000000000E+001  0.213468290250481E+003  0.785275208694261E+002
  0.100000000000000E+001  0.127056424801407E+003  0.646338763452016E+002
  0.100000000000000E+001  0.872991236535456E+002  0.678363090970029E+002
  0.100000000000000E+001  0.846737142658544E+002  0.682680861954379E+002
  0.100000000000000E+001  0.221468054985604E+003  0.787865229503954E+002
  0.100000000000000E+001  0.809407139785157E+002  0.702372836782297E+002
  0.100000000000000E+001  0.193394269435046E+003  0.617520396492820E+002
  0.100000000000000E+001  0.189423544418106E+003  0.618949065341460E+002
  0.100000000000000E+001  0.107193417481326E+003  0.658905444799882E+002
  0.100000000000000E+001  0.186285383697221E+003  0.620096719190500E+002
  0.100000000000000E+001  0.218701822351534E+003  0.786978152724588E+002
  0.100000000000000E+001  0.177062000404483E+003  0.772357855758160E+002
  0.100000000000000E+001  0.119999020159526E+003  0.745508279436834E+002
  0.100000000000000E+001  0.185112565972917E+003  0.620529995417891E+002
  0.100000000000000E+001  0.851416201653816E+002  0.714103544933831E+002
  0.100000000000000E+001  0.923624693387414E+002  0.723940802942095E+002
  0.100000000000000E+001  0.815550900979996E+002  0.690570579978476E+002
  0.100000000000000E+001  0.104718105824310E+003  0.660767816868322E+002
  0.100000000000000E+001  0.155369936272587E+003  0.763461074503650E+002
  0.100000000000000E+001  0.807835947460432E+002  0.694737934769643E+002
  0.100000000000000E+001  0.943862297691485E+002  0.726087121646589E+002
  0.100000000000000E+001  0.196963005351058E+003  0.779672391670199E+002
  0.100000000000000E+001  0.123287150596361E+003  0.648477525982712E+002
  0.100000000000000E+001  0.866004030401233E+002  0.679413813836844E+002
  0.100000000000000E+001  0.883173926597525E+002  0.676925586690891E+002
  0.100000000000000E+001  0.813137117446831E+002  0.704354799281424E+002
  0.100000000000000E+001  0.960640510226723E+002  0.668180555344160E+002
  0.100000000000000E+001  0.833908222627114E+002  0.710614193971960E+002
  0.100000000000000E+001  0.235772201899387E+003  0.603610747129048E+002
  0.100000000000000E+001  0.107498702812563E+003  0.658681870291620E+002
  0.100000000000000E+001  0.184892859157789E+003  0.775318635484953E+002
  0.100000000000000E+001  0.162750654834609E+003  0.629312337200144E+002
  0.100000000000000E+001  0.214053585672700E+003  0.785467304530302E+002
  0.100000000000000E+001  0.196151213344743E+003  0.616543190371644E+002
  0.100000000000000E+001  0.238858440768781E+003  0.793253025072511E+002
  0.100000000000000E+001  0.818568210185586E+002  0.689480373583171E+002
  0.100000000000000E+001  0.111637278156925E+003  0.740162350925589E+002
  0.100000000000000E+001  0.961535451357460E+002  0.668094483208290E+002
  0.100000000000000E+001  0.227422865201715E+003  0.789745731677705E+002
  0.100000000000000E+001  0.187216161422330E+003  0.776175498898997E+002
  0.100000000000000E+001  0.247930737310129E+003  0.795946232375468E+002
  0.100000000000000E+001  0.806153365268988E+002  0.697092955887755E+002
  0.100000000000000E+001  0.962752314754590E+002  0.667977846112317E+002
  0.100000000000000E+001  0.862531183694989E+002  0.715971217342560E+002
  0.100000000000000E+001  0.807237437776026E+002  0.700607055328326E+002
  0.100000000000000E+001  0.864270920564176E+002  0.679683780650366E+002
  0.100000000000000E+001  0.245137742611872E+003  0.795125056342856E+002
  0.100000000000000E+001  0.119199955814124E+003  0.650906403424258E+002
  0.100000000000000E+001  0.162708729568599E+003  0.766600209302089E+002
  0.100000000000000E+001  0.149773920335694E+003  0.760962378963434E+002
  0.100000000000000E+001  0.125805096014422E+003  0.647038831850804E+002
  0.100000000000000E+001  0.893644959931317E+002  0.675543284371118E+002
  0.100000000000000E+001  0.121901266697602E+003  0.746642541022105E+002
  0.100000000000000E+001  0.822529148476991E+002  0.707697194238066E+002
  0.100000000000000E+001  0.144986689234458E+003  0.637186724466834E+002
  0.100000000000000E+001  0.873006170103034E+002  0.717569161901865E+002
  0.100000000000000E+001  0.126166126081529E+003  0.749094201364809E+002
  0.100000000000000E+001  0.173349275964941E+003  0.770912124802670E+002
  0.100000000000000E+001  0.180178916109911E+003  0.773550230090953E+002
  0.100000000000000E+001  0.245750027686370E+003  0.795305668829193E+002
  0.100000000000000E+001  0.228410651982350E+003  0.605876110439000E+002
  0.100000000000000E+001  0.131273156275033E+003  0.751883514446327E+002
  0.100000000000000E+001  0.195472208050380E+003  0.616782773831496E+002
  0.100000000000000E+001  0.158722406785587E+003  0.631016725206065E+002
  0.100000000000000E+001  0.239845352124940E+003  0.793549678688862E+002
  0.100000000000000E+001  0.119283592607126E+003  0.745074621584574E+002
  0.100000000000000E+001  0.970136720620686E+002  0.728650514304304E+002
  0.100000000000000E+001  0.179159771647746E+003  0.622767630166268E+002
  0.100000000000000E+001  0.875980039783978E+002  0.717999606922593E+002
  0.100000000000000E+001  0.226060606017148E+003  0.606611116231971E+002
  0.100000000000000E+001  0.151851024095057E+003  0.634028836905102E+002
  0.100000000000000E+001  0.153469297939151E+003  0.633306823754641E+002
  0.100000000000000E+001  0.820494235114465E+002  0.688852414221095E+002
  0.100000000000000E+001  0.231397803118100E+003  0.604950225128052E+002
  0.100000000000000E+001  0.874266110004384E+002  0.678177395676665E+002
  0.100000000000000E+001  0.844918172654292E+002  0.683026166726959E+002
  0.100000000000000E+001  0.114756922784633E+003  0.653697663310668E+002
  0.100000000000000E+001  0.192483927153143E+003  0.617845687271542E+002
  0.100000000000000E+001  0.823922268451414E+002  0.687830546337565E+002
  0.100000000000000E+001  0.178007669870638E+003  0.772721630861650E+002
  0.100000000000000E+001  0.129115426065112E+003  0.750723018313087E+002
  0.100000000000000E+001  0.126821887048319E+003  0.749460814299996E+002
  0.100000000000000E+001  0.128029352607259E+003  0.645800941211217E+002
  0.100000000000000E+001  0.110442102667512E+003  0.739341857835857E+002
  0.100000000000000E+001  0.806244706972196E+002  0.699098428534486E+002
  0.100000000000000E+001  0.127274012363389E+003  0.749712068977862E+002
  0.100000000000000E+001  0.198681540610724E+003  0.780273548438005E+002
  0.100000000000000E+001  0.157410200218408E+003  0.764348687383517E+002
  0.100000000000000E+001  0.810438714267652E+002  0.702999642334481E+002
  0.100000000000000E+001  0.831139183810861E+002  0.709969789866984E+002
  0.100000000000000E+001  0.226341921718678E+003  0.789407247494530E+002
  0.100000000000000E+001  0.251378565909533E+003  0.796950542901205E+002
  0.100000000000000E+001  0.863437808497657E+002  0.716115083811414E+002
  0.100000000000000E+001  0.255883333706007E+003  0.798247572585625E+002
  0.100000000000000E+001  0.875804880932082E+002  0.677955556852174E+002
  0.100000000000000E+001  0.190622650101896E+003  0.618514918835547E+002
  0.100000000000000E+001  0.952943432231199E+002  0.668931364774122E+002
  0.100000000000000E+001  0.148496462246592E+003  0.635552113483022E+002
  0.100000000000000E+001  0.235111583172439E+003  0.603811812556462E+002
  0.100000000000000E+001  0.198699457685212E+003  0.615650274657007E+002
  0.100000000000000E+001  0.207552904046170E+003  0.612620571440845E+002
  0.100000000000000E+001  0.883336312359127E+002  0.676903457248825E+002
  0.100000000000000E+001  0.831777389584749E+002  0.710121341232184E+002
  0.100000000000000E+001  0.146050889712850E+003  0.636686486739874E+002
  0.100000000000000E+001  0.153686257078265E+003  0.762719430779474E+002
  0.100000000000000E+001  0.237723336886820E+003  0.603019387016143E+002
  0.100000000000000E+001  0.813314843119902E+002  0.691495969912806E+002
  0.100000000000000E+001  0.125826256440540E+003  0.748903154035809E+002
  0.100000000000000E+001  0.810418560201037E+002  0.702988145499262E+002
  0.100000000000000E+001  0.228236183899972E+003  0.605930475763230E+002
  0.100000000000000E+001  0.102685173170316E+003  0.733559913353185E+002
  0.100000000000000E+001  0.874844876254972E+002  0.678093666551455E+002
  0.100000000000000E+001  0.220746839364204E+003  0.787634795472667E+002
  0.100000000000000E+001  0.144137796002621E+003  0.637588726524674E+002
  0.100000000000000E+001  0.125261526626092E+003  0.748584114012664E+002
  0.100000000000000E+001  0.115068542474525E+003  0.742433887518199E+002
  0.100000000000000E+001  0.131826298529215E+003  0.752177011646628E+002
  0.100000000000000E+001  0.840500919158615E+002  0.683899963711362E+002
  0.100000000000000E+001  0.892664875784747E+002  0.675669031645035E+002
  0.100000000000000E+001  0.832743754040930E+002  0.710347288455285E+002
  0.100000000000000E+001  0.145293002380313E+003  0.637042318023371E+002
  0.100000000000000E+001  0.939826859103476E+002  0.725672413633235E+002
  0.100000000000000E+001  0.228604569527569E+003  0.790114345320227E+002
  0.100000000000000E+001  0.195630659522753E+003  0.779203265643018E+002
  0.100000000000000E+001  0.242546197108546E+003  0.601573215405610E+002
  0.100000000000000E+001  0.219372998826584E+003  0.787194196205521E+002
  0.100000000000000E+001  0.241984190258574E+003  0.601740618659527E+002
  0.100000000000000E+001  0.215492433761376E+003  0.609992311442094E+002
  0.100000000000000E+001  0.229531510506855E+003  0.790402460909833E+002
  0.100000000000000E+001  0.144209066676166E+003  0.637554872699066E+002
  0.100000000000000E+001  0.817104058501027E+002  0.705939306972429E+002
  0.100000000000000E+001  0.157894624175776E+003  0.631372370395168E+002
  0.100000000000000E+001  0.240565630951441E+003  0.793765605927893E+002
  0.100000000000000E+001  0.249453545331816E+003  0.796391071363301E+002
  0.100000000000000E+001  0.954765526102069E+002  0.668751885740570E+002
  0.100000000000000E+001  0.889531292514340E+002  0.676075924873408E+002
  0.100000000000000E+001  0.219795516433219E+003  0.787329931557251E+002
  0.100000000000000E+001  0.130137970078079E+003  0.644653943147184E+002
  0.100000000000000E+001  0.112488994555752E+003  0.655192613215279E+002
  0.100000000000000E+001  0.229538190306195E+003  0.790404533893473E+002
  0.100000000000000E+001  0.845922859085716E+002  0.713095600045733E+002
  0.100000000000000E+001  0.235184255779810E+003  0.792140394538508E+002
  0.100000000000000E+001  0.142858110047414E+003  0.757730222319855E+002
  0.100000000000000E+001  0.105379485510252E+003  0.660261201774484E+002
  0.100000000000000E+001  0.182568351072524E+003  0.621478346272994E+002
  0.100000000000000E+001  0.951329363908357E+002  0.669091284812956E+002
  0.100000000000000E+001  0.929726763974949E+002  0.671323888721517E+002
  0.100000000000000E+001  0.141637670166742E+003  0.638788549906186E+002
  0.100000000000000E+001  0.148411523024458E+003  0.635591166523138E+002
  0.100000000000000E+001  0.103162897938631E+003  0.661987201163977E+002
  0.100000000000000E+001  0.958464939824010E+002  0.668390838325080E+002
  0.100000000000000E+001  0.834378198421455E+002  0.685209733137245E+002
  0.100000000000000E+001  0.234065132659782E+003  0.604131191222887E+002
  0.100000000000000E+001  0.153885479507911E+003  0.762807628727932E+002
  0.100000000000000E+001  0.102333715362724E+003  0.662654540809216E+002
  0.100000000000000E+001  0.126798367320699E+003  0.646482357115020E+002
  0.100000000000000E+001  0.245527886972200E+003  0.600689887206396E+002
  0.100000000000000E+001  0.160791708137759E+003  0.630135835578829E+002
  0.100000000000000E+001  0.227976617716370E+003  0.789918649840119E+002
  0.100000000000000E+001  0.806179680855061E+002  0.697010307162710E+002
  0.100000000000000E+001  0.806056092812748E+002  0.697515112922032E+002
  0.100000000000000E+001  0.865373606297769E+002  0.716418509429137E+002
  0.100000000000000E+001  0.860614002576527E+002  0.680266926180754E+002
  0.100000000000000E+001  0.114062923343194E+003  0.654149710429515E+002
  0.100000000000000E+001  0.816993184492092E+002  0.690030747088362E+002
  0.100000000000000E+001  0.120585422256985E+003  0.745860800240807E+002
  0.100000000000000E+001  0.142929902656333E+003  0.638165395002028E+002
  0.100000000000000E+001  0.950005503820291E+002  0.669223115545908E+002
  0.100000000000000E+001  0.216408084970991E+003  0.786235835536069E+002
  0.100000000000000E+001  0.158399503065484E+003  0.631155231048567E+002
  0.100000000000000E+001  0.117134771615402E+003  0.652182648512113E+002
  0.100000000000000E+001  0.239840516138046E+003  0.793548227294413E+002
  0.100000000000000E+001  0.233443950006928E+003  0.604321292547959E+002
  0.100000000000000E+001  0.105847950931072E+003  0.736023629143851E+002
  0.100000000000000E+001  0.843883270174436E+002  0.683226238078357E+002
  0.100000000000000E+001  0.104336738728167E+003  0.734866963045837E+002
  0.100000000000000E+001  0.832796314854955E+002  0.710359459675838E+002
  0.100000000000000E+001  0.104696172835236E+003  0.660784735737455E+002
  0.100000000000000E+001  0.130376526246388E+003  0.751404338612558E+002
  0.100000000000000E+001  0.253068099790868E+003  0.797438981839550E+002
  0.100000000000000E+001  0.826827339774509E+002  0.687039129074017E+002
  0.100000000000000E+001  0.101683015593436E+003  0.732742866623842E+002
  0.100000000000000E+001  0.108252999518731E+003  0.737795222737963E+002
  0.100000000000000E+001  0.932430314961628E+002  0.671034345615260E+002
  0.100000000000000E+001  0.829376690335108E+002  0.686389108803903E+002
  0.100000000000000E+001  0.809122220522146E+002  0.693746736506858E+002
  0.100000000000000E+001  0.129837106873437E+003  0.644816085933203E+002
  0.100000000000000E+001  0.138683574007496E+003  0.640238368246696E+002
  0.100000000000000E+001  0.188155194394773E+003  0.619410893553415E+002
  0.100000000000000E+001  0.807627792644006E+002  0.694928604882763E+002
  0.100000000000000E+001  0.251481001287414E+003  0.796980225260603E+002
  0.100000000000000E+001  0.179215379264582E+003  0.622746419448340E+002
  0.100000000000000E+001  0.119011598259614E+003  0.651021366863807E+002
  0.100000000000000E+001  0.881555512978568E+002  0.718782642770074E+002
  0.100000000000000E+001  0.114465156386086E+003  0.653887144978088E+002
  0.100000000000000E+001  0.807081160606805E+002  0.695498527455301E+002
  0.100000000000000E+001  0.135484005621419E+003  0.754079166151329E+002
  0.100000000000000E+001  0.100649169088033E+003  0.731879363229877E+002
  0.100000000000000E+001  0.220538502911283E+003  0.787568120028068E+002
  0.100000000000000E+001  0.811881471438189E+002  0.692166330496637E+002
  0.100000000000000E+001  0.169450023248531E+003  0.769362248999113E+002
  0.100000000000000E+001  0.145512349831423E+003  0.758990947371864E+002
  0.100000000000000E+001  0.126219269240590E+003  0.749124009667193E+002
  0.100000000000000E+001  0.176392566564509E+003  0.623830805046823E+002
  0.100000000000000E+001  0.169586172967187E+003  0.769416932255689E+002
  0.100000000000000E+001  0.166000704142728E+003  0.767962612930752E+002
  0.100000000000000E+001  0.980843838856201E+002  0.729635678567475E+002
  0.100000000000000E+001  0.122559129602277E+003  0.648901361401444E+002
  0.100000000000000E+001  0.151868851537628E+003  0.634020838557771E+002
  0.100000000000000E+001  0.934642074289612E+002  0.725130300408526E+002
  0.100000000000000E+001  0.110633927471761E+003  0.656455428489527E+002
  0.100000000000000E+001  0.833766180590799E+002  0.710581939165362E+002
  0.100000000000000E+001  0.125530144543383E+003  0.647193949729655E+002
  0.100000000000000E+001  0.834826186300018E+002  0.685109374310157E+002
  0.100000000000000E+001  0.851522468990363E+002  0.681807644062319E+002
  0.100000000000000E+001  0.145348858318090E+003  0.637016022516002E+002
  0.100000000000000E+001  0.135901628930263E+003  0.754292261422513E+002
  0.100000000000000E+001  0.125895993745644E+003  0.748942413113739E+002
  0.100000000000000E+001  0.155126331732883E+003  0.763354289642275E+002
  0.100000000000000E+001  0.867219994742898E+002  0.716703343032448E+002
  0.100000000000000E+001  0.212720328449978E+003  0.610900959159927E+002
  0.100000000000000E+001  0.254306177826734E+003  0.797795389077697E+002
  0.100000000000000E+001  0.167967699198193E+003  0.627165913156517E+002
  0.100000000000000E+001  0.148427629726893E+003  0.760346308334835E+002
  0.100000000000000E+001  0.167130242270205E+003  0.768424009176633E+002
  0.100000000000000E+001  0.105803365376137E+003  0.659940059963095E+002
  0.100000000000000E+001  0.118002110743512E+003  0.651642366316205E+002
  0.100000000000000E+001  0.180313343527096E+003  0.622328835105714E+002
  0.100000000000000E+001  0.261822616387378E+003  0.799932420859551E+002
  0.100000000000000E+001  0.212439742800678E+003  0.784936608195404E+002
  0.100000000000000E+001  0.238526487058711E+003  0.602777031479337E+002
  0.100000000000000E+001  0.190514826136772E+003  0.618553860309947E+002
  0.100000000000000E+001  0.202019070789379E+003  0.614501394566108E+002
  0.100000000000000E+001  0.918252809461617E+002  0.672589456215261E+002
  0.100000000000000E+001  0.863853162039295E+002  0.716180614083326E+002
  0.100000000000000E+001  0.813415298091234E+002  0.691451575579423E+002
  0.100000000000000E+001  0.106194139414182E+003  0.659646384199222E+002
  0.100000000000000E+001  0.988609538952829E+002  0.665598620983583E+002
  0.100000000000000E+001  0.195986098240206E+003  0.616601385453144E+002
  0.100000000000000E+001  0.134226031512961E+003  0.753432328991784E+002
  0.100000000000000E+001  0.970300417167850E+002  0.728665814025298E+002
  0.100000000000000E+001  0.234571045451197E+003  0.791953417323366E+002
  0.100000000000000E+001  0.851394425409780E+002  0.681830393865364E+002
  0.100000000000000E+001  0.142098763777469E+003  0.757364621522498E+002
  0.100000000000000E+001  0.130128495586179E+003  0.644659041669287E+002
  0.100000000000000E+001  0.142331434013177E+003  0.638453184081028E+002
  0.100000000000000E+001  0.859793268363344E+002  0.715529604071382E+002
  0.100000000000000E+001  0.128105498939249E+003  0.750170985234928E+002
  0.100000000000000E+001  0.828468034855373E+002  0.709313545453258E+002
  0.100000000000000E+001  0.909892879169105E+002  0.722377236976017E+002
  0.100000000000000E+001  0.806259782088152E+002  0.696794104325467E+002
  0.100000000000000E+001  0.844065071740817E+002  0.683190895322948E+002
  0.100000000000000E+001  0.213959710583212E+003  0.785436522829508E+002
  0.100000000000000E+001  0.806740177818930E+002  0.699996609113471E+002
  0.100000000000000E+001  0.121062808316593E+003  0.746145880548954E+002
  0.100000000000000E+001  0.207834350208738E+003  0.612526020760708E+002
  0.100000000000000E+001  0.924259488628167E+002  0.671919253674955E+002
