  0.697961276487204E+002 -0.403010406481144E+002
  0.697956260433535E+002 -0.403010411958717E+002
  0.697956235734687E+002 -0.403010411996538E+002
  0.697953071015694E+002 -0.403010417722297E+002
  0.697956726812748E+002 -0.403010411264511E+002
  0.697965170299424E+002 -0.403010405252506E+002
  0.697961156264152E+002 -0.403010406561135E+002
  0.697954165441082E+002 -0.403010415544754E+002
  0.697965510529943E+002 -0.403010405270692E+002
  0.697961899748850E+002 -0.403010406106841E+002
  0.697956345630062E+002 -0.403010411829072E+002
  0.697962661504150E+002 -0.403010405741308E+002
  0.697961485352496E+002 -0.403010406348166E+002
  0.697958171550825E+002 -0.403010409354637E+002
  0.697967317765856E+002 -0.403010405705506E+002
  0.697953158187123E+002 -0.403010417541202E+002
  0.697961481250135E+002 -0.403010406350705E+002
  0.697952738753727E+002 -0.403010418424698E+002
  0.697959696167824E+002 -0.403010407733694E+002
  0.697953405503913E+002 -0.403010417034624E+002
  0.697953565758380E+002 -0.403010416712067E+002
  0.697957496212606E+002 -0.403010410202119E+002
  0.697954252234252E+002 -0.403010415380998E+002
  0.697964683733934E+002 -0.403010405261558E+002
  0.697955711401821E+002 -0.403010412824535E+002
  0.697966136798127E+002 -0.403010405356915E+002
  0.697957934714865E+002 -0.403010409642792E+002
  0.697962776232419E+002 -0.403010405695019E+002
  0.697968196541313E+002 -0.403010406122640E+002
  0.697961713978999E+002 -0.403010406211323E+002
  0.697959281233958E+002 -0.403010408134717E+002
  0.697955453560127E+002 -0.403010413249280E+002
  0.697957448422023E+002 -0.403010410265103E+002
  0.697954529555289E+002 -0.403010414866569E+002
  0.697959395349682E+002 -0.403010408021435E+002
  0.697952932145752E+002 -0.403010418013527E+002
  0.697955073572021E+002 -0.403010413896360E+002
  0.697954078672698E+002 -0.403010415709774E+002
  0.697964030077876E+002 -0.403010405338670E+002
  0.697956927708712E+002 -0.403010410977160E+002
  0.697966815694081E+002 -0.403010405527603E+002
  0.697962855360820E+002 -0.403010405664429E+002
  0.697962517495476E+002 -0.403010405802659E+002
  0.697961877259561E+002 -0.403010406119169E+002
  0.697954966458691E+002 -0.403010414083309E+002
  0.697962385617038E+002 -0.403010405862013E+002
  0.697964191758674E+002 -0.403010405312665E+002
  0.697953689909465E+002 -0.403010416465256E+002
  0.697966004362266E+002 -0.403010405332982E+002
  0.697958412217617E+002 -0.403010409071836E+002
  0.697953506373516E+002 -0.403010416831074E+002
  0.697967131755192E+002 -0.403010405634472E+002
  0.697957735926695E+002 -0.403010409892201E+002
  0.697956806785133E+002 -0.403010411149280E+002
  0.697964315543938E+002 -0.403010405295834E+002
  0.697967204029925E+002 -0.403010405661356E+002
  0.697967363248510E+002 -0.403010405723793E+002
  0.697957703505630E+002 -0.403010409933532E+002
  0.697958129242961E+002 -0.403010409405395E+002
  0.697953008849770E+002 -0.403010417852252E+002
  0.697956552341487E+002 -0.403010411519773E+002
  0.697958761322713E+002 -0.403010408679555E+002
  0.697965372540392E+002 -0.403010405260884E+002
  0.697959898117582E+002 -0.403010407549372E+002
  0.697963153902110E+002 -0.403010405558846E+002
  0.697959794299536E+002 -0.403010407643240E+002
  0.697961052825687E+002 -0.403010406631974E+002
  0.697955162850505E+002 -0.403010413742066E+002
  0.697953792436051E+002 -0.403010416263459E+002
  0.697959130997298E+002 -0.403010408287316E+002
  0.697952771415725E+002 -0.403010418354798E+002
  0.697953696149075E+002 -0.403010416452922E+002
  0.697967470574889E+002 -0.403010405768373E+002
  0.697955886602256E+002 -0.403010412542538E+002
  0.697957941547020E+002 -0.403010409634342E+002
  0.697952822286487E+002 -0.403010418246299E+002
  0.697954010199672E+002 -0.403010415840926E+002
  0.697959246543379E+002 -0.403010408169604E+002
  0.697957408770224E+002 -0.403010410317663E+002
  0.697952979081276E+002 -0.403010417914720E+002
  0.697962509188881E+002 -0.403010405806308E+002
  0.697953367478347E+002 -0.403010417111818E+002
  0.697963805623967E+002 -0.403010405382325E+002
  0.697958096608090E+002 -0.403010409444761E+002
  0.697954865517336E+002 -0.403010414261317E+002
  0.697965401113424E+002 -0.403010405262643E+002
  0.697965780513796E+002 -0.403010405299480E+002
  0.697953988466702E+002 -0.403010415882724E+002
  0.697957221015125E+002 -0.403010410570261E+002
  0.697954235567204E+002 -0.403010415412343E+002
  0.697964686986820E+002 -0.403010405261360E+002
  0.697967588326855E+002 -0.403010405819594E+002
  0.697954285368190E+002 -0.403010415318830E+002
  0.697953541570771E+002 -0.403010416760465E+002
  0.697956948547534E+002 -0.403010410947755E+002
  0.697963067984674E+002 -0.403010405587640E+002
  0.697958360177263E+002 -0.403010409132131E+002
  0.697963269353440E+002 -0.403010405522180E+002
  0.697952647562931E+002 -0.403010418620841E+002
  0.697967491725390E+002 -0.403010405777396E+002
  0.697956949265114E+002 -0.403010410946744E+002
  0.697957698969807E+002 -0.403010409939329E+002
  0.697967892040163E+002 -0.403010405962861E+002
  0.697963081062806E+002 -0.403010405583174E+002
  0.697963741342633E+002 -0.403010405396445E+002
  0.697961115271679E+002 -0.403010406588985E+002
  0.697953039325305E+002 -0.403010417788460E+002
  0.697954226053486E+002 -0.403010415430256E+002
  0.697957597997571E+002 -0.403010410069301E+002
  0.697966635084788E+002 -0.403010405474352E+002
  0.697956165915885E+002 -0.403010412104027E+002
  0.697967586670536E+002 -0.403010405818857E+002
  0.697960924513387E+002 -0.403010406722439E+002
  0.697958819716027E+002 -0.403010408616013E+002
  0.697955747975569E+002 -0.403010412765226E+002
  0.697965833186136E+002 -0.403010405306577E+002
  0.697958348850379E+002 -0.403010409145318E+002
  0.697963530820214E+002 -0.403010405447730E+002
  0.697954999205962E+002 -0.403010414025942E+002
  0.697957138368601E+002 -0.403010410683398E+002
  0.697963805417608E+002 -0.403010405382370E+002
  0.697966649656755E+002 -0.403010405478437E+002
  0.697957603214275E+002 -0.403010410062543E+002
  0.697967589853310E+002 -0.403010405820274E+002
  0.697953446639234E+002 -0.403010416951401E+002
  0.697954401932404E+002 -0.403010415101644E+002
  0.697956864412134E+002 -0.403010411066937E+002
  0.697966214960878E+002 -0.403010405372475E+002
  0.697954435436661E+002 -0.403010415039656E+002
  0.697959506595655E+002 -0.403010407913188E+002
  0.697956924617309E+002 -0.403010410981528E+002
  0.697954075227186E+002 -0.403010415716354E+002
  0.697962258472072E+002 -0.403010405922106E+002
  0.697961588773000E+002 -0.403010406285136E+002
  0.697956840222377E+002 -0.403010411101431E+002
  0.697964053760982E+002 -0.403010405334576E+002
  0.697956429568975E+002 -0.403010411702577E+002
  0.697963527744339E+002 -0.403010405448537E+002
  0.697967432622463E+002 -0.403010405752379E+002
  0.697955918430363E+002 -0.403010412491883E+002
  0.697965594331323E+002 -0.403010405278268E+002
  0.697960124662492E+002 -0.403010407351061E+002
  0.697962909155224E+002 -0.403010405644257E+002
  0.697959916811506E+002 -0.403010407532669E+002
  0.697961003229226E+002 -0.403010406666601E+002
  0.697957774201861E+002 -0.403010409843644E+002
  0.697956725848482E+002 -0.403010411265907E+002
  0.697963584227719E+002 -0.403010405433988E+002
  0.697955399978506E+002 -0.403010413339000E+002
  0.697962884752351E+002 -0.403010405653345E+002
  0.697956931690969E+002 -0.403010410971535E+002
  0.697964959684236E+002 -0.403010405251360E+002
  0.697962513756975E+002 -0.403010405804300E+002
  0.697961298070102E+002 -0.403010406467051E+002
  0.697958822932767E+002 -0.403010408612530E+002
  0.697962235552777E+002 -0.403010405933238E+002
  0.697954774879042E+002 -0.403010414422668E+002
  0.697959497792132E+002 -0.403010407921675E+002
  0.697964077763735E+002 -0.403010405330526E+002
  0.697967642791663E+002 -0.403010405844103E+002
  0.697964757660019E+002 -0.403010405257524E+002
  0.697960346482587E+002 -0.403010407165553E+002
  0.697966658567058E+002 -0.403010405480954E+002
  0.697963999480445E+002 -0.403010405344104E+002
  0.697955307368604E+002 -0.403010413495250E+002
  0.697961212295967E+002 -0.403010406523541E+002
  0.697958872225481E+002 -0.403010408559382E+002
  0.697960424190175E+002 -0.403010407102595E+002
  0.697964399448329E+002 -0.403010405285944E+002
  0.697954722308314E+002 -0.403010414516909E+002
  0.697967219059821E+002 -0.403010405667061E+002
  0.697953368063054E+002 -0.403010417110629E+002
  0.697953951875744E+002 -0.403010415953283E+002
  0.697957789436345E+002 -0.403010409824388E+002
  0.697962241476169E+002 -0.403010405930352E+002
  0.697965031563034E+002 -0.403010405250882E+002
  0.697955102973429E+002 -0.403010413845394E+002
  0.697962519925807E+002 -0.403010405801594E+002
  0.697964216201863E+002 -0.403010405309129E+002
  0.697957410333181E+002 -0.403010410315586E+002
  0.697962613042647E+002 -0.403010405761550E+002
  0.697959571550353E+002 -0.403010407850981E+002
  0.697952638117776E+002 -0.403010418641239E+002
  0.697960424821689E+002 -0.403010407102087E+002
  0.697960183829435E+002 -0.403010407300741E+002
  0.697954067132727E+002 -0.403010415731820E+002
  0.697962226095357E+002 -0.403010405937858E+002
  0.697966351891675E+002 -0.403010405402300E+002
  0.697952747690489E+002 -0.403010418405554E+002
  0.697956322599825E+002 -0.403010411863993E+002
  0.697968165080175E+002 -0.403010406105383E+002
  0.697966174535240E+002 -0.403010405364294E+002
  0.697959671423182E+002 -0.403010407756768E+002
  0.697965981731990E+002 -0.403010405329198E+002
  0.697957727572526E+002 -0.403010409902834E+002
  0.697967321910009E+002 -0.403010405707158E+002
  0.697959093533355E+002 -0.403010408325982E+002
  0.697967426641756E+002 -0.403010405749882E+002
  0.697964174795037E+002 -0.403010405315179E+002
