  0.404109570716393E-040  0.267395079384666E+003  0.799932420859551E+002
  0.784788703027762E-039  0.261455796703294E+003  0.798247572585625E+002
  0.172100665471555E-038  0.259878640824021E+003  0.797795389077697E+002
  0.318553615327381E-038  0.258640562788155E+003  0.797438981839550E+002
  0.531227252681156E-038  0.257611109001936E+003  0.797141656303336E+002
  0.699722948865926E-038  0.257053464284701E+003  0.796980225260603E+002
  0.734047960831454E-038  0.256951028906820E+003  0.796950542901205E+002
  0.191554387088753E-037  0.255026008329103E+003  0.796391071363301E+002
  0.408808975648029E-037  0.253503200307416E+003  0.795946232375468E+002
  0.121230043129866E-036  0.251322490683658E+003  0.795305668829193E+002
  0.135021292810018E-036  0.251100349969487E+003  0.600689887206396E+002
  0.163559506882834E-036  0.250710205609159E+003  0.795125056342856E+002
  0.186227464810231E-036  0.250443966078893E+003  0.795046415909029E+002
  0.534903051985705E-036  0.248327077171504E+003  0.601511208705789E+002
  0.591680185655821E-036  0.248118660105833E+003  0.601573215405610E+002
  0.781052131170084E-036  0.247556653255861E+003  0.601740618659527E+002
  0.158223512167960E-035  0.246138093948728E+003  0.793765605927893E+002
  0.226064485017191E-035  0.245417815122227E+003  0.793549678688862E+002
  0.225858905838747E-035  0.245412979135333E+003  0.793548227294413E+002
  0.367829821046687E-035  0.244430903766068E+003  0.793253025072511E+002
  0.432797284539781E-035  0.244098950055998E+003  0.602777031479337E+002
  0.445797176362161E-035  0.244033105208370E+003  0.793133190155111E+002
  0.449502045503266E-035  0.244009896993274E+003  0.602803873367478E+002
  0.640251564729057E-035  0.243295799884107E+003  0.603019387016143E+002
  0.169273505015365E-034  0.241344664896674E+003  0.603610747129048E+002
  0.226367786252920E-034  0.240756718777097E+003  0.792140394538508E+002
  0.233964539418976E-034  0.240684046169726E+003  0.603811812556462E+002
  0.305549145108094E-034  0.240143508448484E+003  0.791953417323366E+002
  0.392187185196167E-034  0.239637595657069E+003  0.604131191222887E+002
  0.533256621969122E-034  0.239016413004216E+003  0.604321292547959E+002
  0.147844838711010E-033  0.236970266115387E+003  0.604950225128052E+002
  0.373396908815780E-033  0.235110653303482E+003  0.790404533893473E+002
  0.373401430521872E-033  0.235103973504143E+003  0.790402460909833E+002
  0.591579904212966E-033  0.234177032524856E+003  0.790114345320227E+002
  0.624637626443762E-033  0.234061627100317E+003  0.605851656049247E+002
  0.647487801585371E-033  0.233983114979637E+003  0.605876110439000E+002
  0.704160424030661E-033  0.233808646897260E+003  0.605930475763230E+002
  0.799080352426293E-033  0.233549080713657E+003  0.789918649840119E+002
  0.105048787089241E-032  0.232995328199002E+003  0.789745731677705E+002
  0.179750330024141E-032  0.231914384715966E+003  0.789407247494530E+002
  0.206210789018195E-032  0.231633069014435E+003  0.606611116231971E+002
  0.717693459374943E-032  0.229132126138667E+003  0.607399868620189E+002
  0.139348008572971E-031  0.227798436528662E+003  0.788106755608370E+002
  0.202878229786501E-031  0.227040517982891E+003  0.787865229503954E+002
  0.290001462594332E-031  0.226319302361492E+003  0.787634795472667E+002
  0.320770656730665E-031  0.226110965908570E+003  0.787568120028068E+002
  0.463539615507477E-031  0.225367979430506E+003  0.787329931557251E+002
  0.570676708716493E-031  0.224945461823871E+003  0.787194196205521E+002
  0.795589470606956E-031  0.224274285348821E+003  0.786978152724588E+002
  0.897839119541645E-031  0.224025814597224E+003  0.786898039924630E+002
  0.119117666489958E-030  0.223453747029964E+003  0.786713316997459E+002
  0.247988788965871E-030  0.221980547968278E+003  0.786235835536069E+002
  0.390677086903984E-030  0.221064896758663E+003  0.609992311442094E+002
  0.501075097916514E-030  0.220560491914843E+003  0.610156946742816E+002
  0.796836742855058E-030  0.219626048669987E+003  0.785467304530302E+002
  0.832355449778814E-030  0.219532173580499E+003  0.785436522829508E+002
  0.106065503007446E-029  0.219040753247768E+003  0.785275208694261E+002
  0.153655021016823E-029  0.218292791447265E+003  0.610900959159927E+002
  0.176209741904239E-029  0.218012205797965E+003  0.784936608195404E+002
  0.344900045297793E-029  0.216662390916971E+003  0.611439832364231E+002
  0.175060324099492E-028  0.213406813206025E+003  0.612526020760708E+002
  0.200843483336811E-028  0.213125367043457E+003  0.612620571440845E+002
  0.201831188001972E-028  0.213108900002892E+003  0.612626106719254E+002
  0.437086911386783E-028  0.211556843598372E+003  0.613149440999005E+002
  0.944729819899210E-028  0.210008654169120E+003  0.782255359081255E+002
  0.153827622390438E-027  0.209026961085714E+003  0.781920589134085E+002
  0.314259318380933E-027  0.207591533786666E+003  0.614501394566108E+002
  0.845557217524069E-027  0.205605323527965E+003  0.780743184411781E+002
  0.164150613060498E-026  0.204271920682499E+003  0.615650274657007E+002
  0.165077510771741E-026  0.204254003608011E+003  0.780273548438005E+002
  0.388524008403137E-026  0.202535468348346E+003  0.779672391670199E+002
  0.391821718485309E-026  0.202511908826229E+003  0.779664119633151E+002
  0.579169620303264E-026  0.201723676342030E+003  0.616543190371644E+002
  0.626923893155404E-026  0.201558561237493E+003  0.616601385453144E+002
  0.746366464880845E-026  0.201203122520040E+003  0.779203265643018E+002
  0.805219302244242E-026  0.201044671047667E+003  0.616782773831496E+002
  0.226823252317932E-025  0.198966732432333E+003  0.617520396492820E+002
  0.346238892550688E-025  0.198114161076818E+003  0.617825004865571E+002
  0.355202003224941E-025  0.198056390150430E+003  0.617845687271542E+002
  0.897844944988452E-025  0.196195113099183E+003  0.618514918835547E+002
  0.944430007465457E-025  0.196087289134059E+003  0.618553860309947E+002
  0.162440138437981E-024  0.194996007415393E+003  0.618949065341460E+002
  0.305257833927078E-024  0.193727657392060E+003  0.619410893553415E+002
  0.486552822724614E-024  0.192788624419617E+003  0.776175498898997E+002
  0.772325849041617E-024  0.191857846694508E+003  0.620096719190500E+002
  0.138366024355858E-023  0.190685028970205E+003  0.620529995417891E+002
  0.153919254235085E-023  0.190465322155076E+003  0.775318635484953E+002
  0.290193450373199E-023  0.189190427316729E+003  0.774844379985522E+002
  0.488835779684928E-023  0.188140814069811E+003  0.621478346272994E+002
  0.117030848089740E-022  0.186388166394186E+003  0.773791526108257E+002
  0.128894154932417E-022  0.186188402805538E+003  0.773715912992922E+002
  0.149450003724092E-022  0.185885806524383E+003  0.622328835105714E+002
  0.159309337680220E-022  0.185751379107198E+003  0.773550230090953E+002
  0.248135674433870E-022  0.184858467849501E+003  0.622719488962738E+002
  0.256200585459880E-022  0.184787842261870E+003  0.622746419448340E+002
  0.262548727388817E-022  0.184732234645033E+003  0.622767630166268E+002
  0.323141291491588E-022  0.184310273125685E+003  0.622928776626507E+002
  0.463975617020816E-022  0.183580132867926E+003  0.772721630861650E+002
  0.741992358284470E-022  0.182634463401770E+003  0.772357855758160E+002
  0.103352242210710E-021  0.181965029561796E+003  0.623830805046823E+002
  0.178366435546725E-021  0.180866979822243E+003  0.771673136108610E+002
  0.178376331786603E-021  0.180860213279865E+003  0.624259564958888E+002
  0.178615043515171E-021  0.180850882993447E+003  0.624263196501455E+002
  0.184731549349371E-021  0.180776885830193E+003  0.771638063415480E+002
  0.361183950717867E-021  0.179429262848628E+003  0.771111440164916E+002
  0.463970763449725E-021  0.178921738962229E+003  0.770912124802670E+002
  0.119396015006080E-020  0.177024664626438E+003  0.625767836163991E+002
  0.302515454714891E-020  0.175158635964474E+003  0.769416932255689E+002
  0.322750453670833E-020  0.175022486245819E+003  0.769362248999113E+002
  0.342384981242917E-020  0.174897717976142E+003  0.626617967307449E+002
  0.672758134097509E-020  0.173540162195480E+003  0.627165913156517E+002
  0.101921352429774E-019  0.172702705267492E+003  0.768424009176633E+002
  0.147082086249150E-019  0.171962470928256E+003  0.768121979300283E+002
  0.178094613360754E-019  0.171573167140015E+003  0.767962612930752E+002
  0.255717590855109E-019  0.170842994099798E+003  0.767662724809086E+002
  0.679365642316000E-019  0.168882166901626E+003  0.766850936720435E+002
  0.895476723653734E-019  0.168323117831896E+003  0.629312337200144E+002
  0.911408378242977E-019  0.168281192565886E+003  0.766600209302089E+002
  0.972657767956080E-019  0.168144454545520E+003  0.629387033522892E+002
  0.114147361971184E-018  0.167817712837512E+003  0.629523849989639E+002
  0.148769878755434E-018  0.167281236433975E+003  0.629749083751004E+002
  0.182955821601562E-018  0.166860892778801E+003  0.766003986085664E+002
  0.233755978302643E-018  0.166364171135046E+003  0.630135835578829E+002
  0.546862566770766E-018  0.164657675998185E+003  0.765068622795040E+002
  0.653454456757150E-018  0.164294869782874E+003  0.631016725206065E+002
  0.765398726632508E-018  0.163971966062771E+003  0.631155231048567E+002
  0.769088006948332E-018  0.163955693488594E+003  0.631162218582971E+002
  0.978656559959352E-018  0.163467087173064E+003  0.631372370395168E+002
  0.124272889531750E-017  0.162982663215695E+003  0.764348687383517E+002
  0.343533300761396E-017  0.160942399269874E+003  0.763461074503650E+002
  0.386742281598041E-017  0.160698794730170E+003  0.763354289642275E+002
  0.409498914011546E-017  0.160577787711720E+003  0.632628886566221E+002
  0.514262121430061E-017  0.160115534435462E+003  0.763097904150829E+002
  0.622041480660491E-017  0.159728331494595E+003  0.633002926156834E+002
  0.709722099518484E-017  0.159457942505198E+003  0.762807628727932E+002
  0.762390855810888E-017  0.159308115176953E+003  0.762741309727258E+002
  0.778858291798827E-017  0.159258720075552E+003  0.762719430779474E+002
  0.865217480944739E-017  0.159041760936438E+003  0.633306823754641E+002
  0.870715448376198E-017  0.159022436696717E+003  0.762614669562726E+002
  0.108793051107830E-016  0.158570346459079E+003  0.633516316285060E+002
  0.110534888095037E-016  0.158531923405684E+003  0.762396646319800E+002
  0.190053924639415E-016  0.157441314534915E+003  0.634020838557771E+002
  0.191118523404920E-016  0.157423487092344E+003  0.634028836905102E+002
  0.288549061606164E-016  0.156592888808013E+003  0.761527463818518E+002
  0.536351685981468E-016  0.155346383332981E+003  0.760962378963434E+002
  0.593125814565321E-016  0.155138494820326E+003  0.635062425638198E+002
  0.883462218366106E-016  0.154334955271052E+003  0.760500110503080E+002
  0.100579721092945E-015  0.154068925243879E+003  0.635552113483022E+002
  0.103755703128115E-015  0.154000092724180E+003  0.760346308334835E+002
  0.104247167352820E-015  0.153983986021745E+003  0.635591166523138E+002
  0.199140309063411E-015  0.152682840524929E+003  0.759737579298915E+002
  0.231506558371773E-015  0.152374987832593E+003  0.636335619981088E+002
  0.335995569599373E-015  0.151623352710137E+003  0.636686486739874E+002
  0.382259988530172E-015  0.151358691127570E+003  0.636810511198387E+002
  0.407948676904774E-015  0.151221954748903E+003  0.636874686601357E+002
  0.435451988032742E-015  0.151084812828710E+003  0.758990947371864E+002
  0.470973821206531E-015  0.150921321315378E+003  0.637016022516002E+002
  0.482703546554131E-015  0.150865465377600E+003  0.637042318023371E+002
  0.560725495423763E-015  0.150559152231746E+003  0.637186724466834E+002
  0.824448734063495E-015  0.149781529673453E+003  0.637554872699066E+002
  0.851519591904123E-015  0.149710258999908E+003  0.637588726524674E+002
  0.155253039479623E-014  0.148502365653620E+003  0.638165395002028E+002
  0.160392640619815E-014  0.148430573044701E+003  0.757730222319855E+002
  0.207613760929007E-014  0.147907808220670E+003  0.638451298756982E+002
  0.207329071810374E-014  0.147903897010464E+003  0.638453184081028E+002
  0.232133950443434E-014  0.147671226774756E+003  0.757364621522498E+002
  0.291352418020906E-014  0.147210133164029E+003  0.638788549906186E+002
  0.668920951563962E-014  0.145541212981590E+003  0.756326867202654E+002
  0.725000353588287E-014  0.145373544904379E+003  0.639685673640504E+002
  0.833946065561524E-014  0.145086896147964E+003  0.756103124769029E+002
  0.114400730690835E-013  0.144447992910979E+003  0.755787012178217E+002
  0.125506509918660E-013  0.144256037004783E+003  0.640238368246696E+002
  0.502704427255040E-013  0.141474091927550E+003  0.754292261422513E+002
  0.617380941077888E-013  0.141056468618706E+003  0.754079166151329E+002
  0.657980466758350E-013  0.140922435032189E+003  0.641919464688464E+002
  0.737527102031806E-013  0.140687524270105E+003  0.753890234151795E+002
  0.114652387449972E-012  0.139798494510248E+003  0.753432328991784E+002
  0.130612455055812E-012  0.139531179435346E+003  0.753293904195712E+002
  0.218808207904270E-012  0.138492601849438E+003  0.643177292890704E+002
  0.244054606064707E-012  0.138267553444285E+003  0.752634811689360E+002
  0.375575743433406E-012  0.137398761526503E+003  0.752177011646628E+002
  0.405505001053484E-012  0.137238759862051E+003  0.752092278378287E+002
  0.448902125324287E-012  0.137028760934347E+003  0.643949201520870E+002
  0.474328133688709E-012  0.136911916420035E+003  0.751918775914315E+002
  0.488685987629900E-012  0.136845619272320E+003  0.751883514446327E+002
  0.560190655748510E-012  0.136565849589415E+003  0.644195608857726E+002
  0.760046461723191E-012  0.135948989243675E+003  0.751404338612558E+002
  0.853486614737560E-012  0.135710433075366E+003  0.644653943147184E+002
  0.854690414597804E-012  0.135700958583466E+003  0.644659041669287E+002
  0.953683445443951E-012  0.135475118037252E+003  0.644780718252712E+002
  0.982183438045151E-012  0.135409569870724E+003  0.644816085933203E+002
  0.112100857074161E-011  0.135138502335936E+003  0.750967471653361E+002
  0.137235614509072E-011  0.134727246181938E+003  0.750744414295448E+002
  0.139497967638203E-011  0.134687889062399E+003  0.750723018313087E+002
  0.152941243243618E-011  0.134497225913628E+003  0.750619243710531E+002
  0.229604442930164E-011  0.133677961936536E+003  0.750170985234928E+002
  0.237722348781050E-011  0.133601815604546E+003  0.645800941211217E+002
  0.345656574447535E-011  0.132846475360676E+003  0.749712068977862E+002
  0.354170078408113E-011  0.132791156735506E+003  0.646248674599418E+002
  0.382827280820062E-011  0.132628887798695E+003  0.646338763452016E+002
  0.385034470879427E-011  0.132610734335545E+003  0.749581215785729E+002
  0.427603865845465E-011  0.132394350045606E+003  0.749460814299996E+002
  0.431224697269392E-011  0.132370830317986E+003  0.646482357115020E+002
  0.496949999019108E-011  0.132080454494172E+003  0.749285653088477E+002
  0.572219554055555E-011  0.131791732237877E+003  0.749124009667193E+002
  0.585675887131870E-011  0.131738589078816E+003  0.749094201364809E+002
  0.668144802852607E-011  0.131468456742931E+003  0.748942413113739E+002
  0.689554531959226E-011  0.131398719437827E+003  0.748903154035809E+002
  0.694573651472654E-011  0.131377559011709E+003  0.647038831850804E+002
  0.794288028397408E-011  0.131102607540670E+003  0.647193949729655E+002
  0.905445710441175E-011  0.130833989623379E+003  0.748584114012664E+002
  0.109149212277163E-010  0.130453586765409E+003  0.647561997622025E+002
  0.109935582402116E-010  0.130432573757942E+003  0.647573958642328E+002
  0.240578603970171E-010  0.128859613593648E+003  0.648477525982712E+002
  0.256556971722887E-010  0.128724350253170E+003  0.648555997882611E+002
  0.262227876123039E-010  0.128673968412966E+003  0.747344809137516E+002
  0.280541629524083E-010  0.128532296345052E+003  0.747262436554655E+002
  0.341636124927489E-010  0.128131592599564E+003  0.648901361401444E+002
  0.473120385400484E-010  0.127473729694889E+003  0.746642541022105E+002
  0.527338123648272E-010  0.127250089968790E+003  0.746510565030415E+002
  0.535889122343333E-010  0.127211263719169E+003  0.649442451482945E+002
  0.539719095619750E-010  0.127190365073900E+003  0.746475258969388E+002
  0.609435119338379E-010  0.126940742127019E+003  0.649602650821909E+002
  0.663415390631226E-010  0.126764348883620E+003  0.746222672476847E+002
  0.705292295649426E-010  0.126635271313880E+003  0.746145880548954E+002
  0.865541390031327E-010  0.126219129983832E+003  0.650032598977286E+002
  0.889491339121854E-010  0.126157885254272E+003  0.745860800240807E+002
  0.118859002289629E-009  0.125571483156813E+003  0.745508279436834E+002
  0.138646303406844E-009  0.125256851227686E+003  0.745318053889502E+002
  0.168847532290555E-009  0.124856055604413E+003  0.745074621584574E+002
  0.175473272582351E-009  0.124772418811411E+003  0.650906403424258E+002
  0.192161800002081E-009  0.124584061256901E+003  0.651021366863807E+002
  0.305098055101211E-009  0.123652814693551E+003  0.651593938064713E+002
  0.305589958233025E-009  0.123642937152381E+003  0.744330018392701E+002
  0.315165567945653E-009  0.123574573740799E+003  0.651642366316205E+002
  0.320255214118153E-009  0.123535877943058E+003  0.744263731196344E+002
  0.377660509149978E-009  0.123199467470714E+003  0.744054817529685E+002
  0.379718139633401E-009  0.123181944747394E+003  0.651886157677964E+002
  0.402844900453337E-009  0.123057044395650E+003  0.651963981734154E+002
  0.478247665445968E-009  0.122707234612689E+003  0.652182648512113E+002
  0.488756593405658E-009  0.122657107283113E+003  0.652214068816180E+002
  0.600240701511996E-009  0.122239519418121E+003  0.743453407031337E+002
  0.665086109879135E-009  0.122027692284222E+003  0.743319622631246E+002
  0.752211711556849E-009  0.121774834114356E+003  0.743159405595381E+002
  0.750315742153312E-009  0.121773225950523E+003  0.743158384806296E+002
  0.963370794629950E-009  0.121266681827609E+003  0.742835698045103E+002
  0.111723092787747E-008  0.120963685970961E+003  0.653288502681689E+002
  0.127463575728644E-008  0.120693415952484E+003  0.653462382652484E+002
  0.130413228965320E-008  0.120641005471812E+003  0.742433887518199E+002
  0.134997383078830E-008  0.120565255291263E+003  0.653545073549712E+002
  0.143946336715630E-008  0.120430229361530E+003  0.742297706641413E+002
  0.150887506353584E-008  0.120329385781921E+003  0.653697663310668E+002
  0.174006034094344E-008  0.120037619383373E+003  0.653887144978088E+002
  0.175129682728791E-008  0.120018090270520E+003  0.742030210648832E+002
  0.211357480139509E-008  0.119635386340481E+003  0.654149710429515E+002
  0.210677158338561E-008  0.119635178784493E+003  0.741780221177758E+002
  0.273329275546327E-008  0.119107822605429E+003  0.654496492102996E+002
  0.281505715136593E-008  0.119042215937454E+003  0.654539810715770E+002
  0.306932577929928E-008  0.118862609641685E+003  0.741271445087105E+002
  0.430086353036020E-008  0.118181238257629E+003  0.740817714613644E+002
  0.455114288871207E-008  0.118061457553040E+003  0.655192613215279E+002
  0.460585310374739E-008  0.118030902927320E+003  0.740716956713743E+002
  0.474695102463044E-008  0.117963898119385E+003  0.655258095403956E+002
  0.492275694467051E-008  0.117884510127647E+003  0.655311455051379E+002
  0.635400147856453E-008  0.117367422466715E+003  0.655660655898828E+002
  0.669263840793840E-008  0.117256920069120E+003  0.655735655111648E+002
  0.682962552839102E-008  0.117209741154212E+003  0.740162350925589E+002
  0.729921620393770E-008  0.117070091317117E+003  0.740067305734570E+002
  0.773721058053696E-008  0.116946887217996E+003  0.739983274950376E+002
  0.817731313002154E-008  0.116829586845990E+003  0.739903114313572E+002
  0.111298871594587E-007  0.116206390469048E+003  0.656455428489527E+002
  0.113767952153020E-007  0.116155851395488E+003  0.656490370402555E+002
  0.118261629244251E-007  0.116071718814117E+003  0.739381463781435E+002
  0.121285606875986E-007  0.116014565664799E+003  0.739341857835857E+002
  0.161935886236424E-007  0.115429805402091E+003  0.656995636234370E+002
  0.180855274935281E-007  0.115202156556888E+003  0.657155348543629E+002
  0.208003290806698E-007  0.114915787426045E+003  0.657357149509531E+002
  0.224099834874097E-007  0.114760056359451E+003  0.657467313476147E+002
  0.255701411599470E-007  0.114489563261575E+003  0.657659375650548E+002
  0.288285721613448E-007  0.114243024332460E+003  0.738094837498194E+002
  0.315562682892802E-007  0.114055558226436E+003  0.657969465652345E+002
  0.352862126909722E-007  0.113825462516018E+003  0.737795222737963E+002
  0.359046608998761E-007  0.113784057326175E+003  0.658164677303794E+002
  0.366667684641368E-007  0.113735394273454E+003  0.737730299736176E+002
  0.379790479464565E-007  0.113658411124426E+003  0.737674724598928E+002
  0.507712122026716E-007  0.113071165809850E+003  0.658681870291620E+002
  0.589473327835223E-007  0.112765880478613E+003  0.658905444799882E+002
  0.589331120429692E-007  0.112759707446340E+003  0.737020088702411E+002
  0.689698884582005E-007  0.112438518058975E+003  0.659146618073804E+002
  0.835539645792967E-007  0.112048217088186E+003  0.736493935440107E+002
  0.838727353643458E-007  0.112033945729386E+003  0.736483308119762E+002
  0.955495024705282E-007  0.111766602411469E+003  0.659646384199222E+002
  0.113228841300985E-006  0.111420413928359E+003  0.736023629143851E+002
  0.115396716735440E-006  0.111375828373424E+003  0.659940059963095E+002
  0.116857846869096E-006  0.111344008174082E+003  0.659964073509563E+002
  0.118807946011761E-006  0.111304252437434E+003  0.735935970442505E+002
  0.125284870702830E-006  0.111191433217831E+003  0.735850639760114E+002
  0.132493189831759E-006  0.111072895364471E+003  0.735760776251966E+002
  0.133069956086540E-006  0.111057552326398E+003  0.735749129077539E+002
  0.139819051157513E-006  0.110951948507540E+003  0.660261201774484E+002
  0.187073818874948E-006  0.110362984532529E+003  0.660712010743041E+002
  0.193327058377059E-006  0.110290568821597E+003  0.660767816868322E+002
  0.194809481324174E-006  0.110268635832524E+003  0.660784735737455E+002
  0.217190758242730E-006  0.110044472301322E+003  0.660958096554705E+002
  0.231616627107490E-006  0.109909201725454E+003  0.734866963045837E+002
  0.236871604697525E-006  0.109857676732200E+003  0.734826886531655E+002
  0.237076233220817E-006  0.109849294138874E+003  0.661109705131677E+002
  0.264381618902193E-006  0.109624614884788E+003  0.661285005141072E+002
  0.263680880636951E-006  0.109623267302631E+003  0.661286059083778E+002
  0.374588182094084E-006  0.108914436412574E+003  0.661844697165011E+002
  0.382526543569429E-006  0.108865839223656E+003  0.661883314006934E+002
  0.406957761349183E-006  0.108735360935918E+003  0.661987201163977E+002
  0.515039704419918E-006  0.108257636167603E+003  0.733559913353185E+002
  0.573938801750733E-006  0.108034423027770E+003  0.662550505346747E+002
  0.609913605777100E-006  0.107906178360012E+003  0.662654540809216E+002
  0.659202599934281E-006  0.107744095569028E+003  0.733143600700870E+002
  0.680491758526396E-006  0.107673870411949E+003  0.662843779868962E+002
  0.690612586159055E-006  0.107637688234478E+003  0.662873345877820E+002
  0.731283316439068E-006  0.107516588756896E+003  0.732957584322552E+002
  0.784378864283915E-006  0.107369750795841E+003  0.663093069171314E+002
  0.796126687067155E-006  0.107333362857851E+003  0.732807051369389E+002
  0.824991160109799E-006  0.107255478590723E+003  0.732742866623842E+002
  0.855114750715442E-006  0.107177097010467E+003  0.663251915276001E+002
  0.856531579144393E-006  0.107167130398726E+003  0.732669914814865E+002
  0.100455804790128E-005  0.106841651251802E+003  0.663530244258732E+002
  0.109067286397434E-005  0.106670501430166E+003  0.732256944989177E+002
  0.119168506292778E-005  0.106486698824788E+003  0.663827229416326E+002
  0.127391151413389E-005  0.106346595694996E+003  0.663945165923217E+002
  0.135154193444534E-005  0.106221632085320E+003  0.731879363229877E+002
  0.140378262487750E-005  0.106139127797731E+003  0.664120563852779E+002
  0.152714771818811E-005  0.105964009635459E+003  0.731660744339830E+002
  0.154456383350599E-005  0.105934674449257E+003  0.664294307071835E+002
  0.155428013412972E-005  0.105915476988853E+003  0.664310667022451E+002
  0.159827369394452E-005  0.105852998202082E+003  0.731566101315455E+002
  0.161195207945346E-005  0.105829299000354E+003  0.731545861961978E+002
  0.175008485972747E-005  0.105658206696616E+003  0.664530683560267E+002
  0.175837057371453E-005  0.105642104532829E+003  0.731385565268048E+002
  0.177498959789412E-005  0.105616634967173E+003  0.664566371561731E+002
  0.195014210005441E-005  0.105421764028639E+003  0.664734172948319E+002
  0.210038201687972E-005  0.105266674449970E+003  0.664868326976599E+002
  0.244514764874409E-005  0.104956046333479E+003  0.665138672088875E+002
  0.252956079432685E-005  0.104881510394391E+003  0.730726193596490E+002
  0.274118291950074E-005  0.104714167092024E+003  0.665350735675074E+002
  0.314381446152068E-005  0.104433416892570E+003  0.665598620983583E+002
  0.358078302776707E-005  0.104166472032341E+003  0.665836090732466E+002
  0.374964447179522E-005  0.104067657394895E+003  0.730005626563271E+002
  0.382174849280066E-005  0.104022907793593E+003  0.729965535682690E+002
  0.390263758596035E-005  0.103974363033182E+003  0.666008079630370E+002
  0.429999530333398E-005  0.103773784849370E+003  0.666188644044191E+002
  0.442147071409453E-005  0.103711412367109E+003  0.729685065016665E+002
  0.452866563139553E-005  0.103656846882907E+003  0.729635678567475E+002
  0.454191527473805E-005  0.103644348390166E+003  0.666305711985589E+002
  0.497615646707550E-005  0.103455074790950E+003  0.729452384702300E+002
  0.524501611987601E-005  0.103343178178899E+003  0.729350274120780E+002
  0.543243770863946E-005  0.103266303295847E+003  0.666650138042488E+002
  0.572697243856049E-005  0.103154049607262E+003  0.666753140994201E+002
  0.752049287241474E-005  0.102602504714072E+003  0.728665814025298E+002
  0.755710903760698E-005  0.102586135059356E+003  0.728650514304304E+002
  0.791279550782321E-005  0.102487494640952E+003  0.728558159136551E+002
  0.794938188760513E-005  0.102471612976920E+003  0.728543263362487E+002
  0.847250502544269E-005  0.102337493312755E+003  0.728417178893698E+002
  0.862355766594482E-005  0.102295494724269E+003  0.728377588996085E+002
  0.866344967310774E-005  0.102279608609917E+003  0.667567466962485E+002
  0.923750636257401E-005  0.102144635057390E+003  0.667695113148445E+002
  0.934602186094707E-005  0.102114621860616E+003  0.667723570228858E+002
  0.964410667584629E-005  0.102045173803867E+003  0.728140547045935E+002
  0.106095962384975E-004  0.101847694472746E+003  0.667977846112317E+002
  0.106211971822324E-004  0.101838853209782E+003  0.667986305228837E+002
  0.108689097627784E-004  0.101786088309984E+003  0.668036839182303E+002
  0.111558431806716E-004  0.101727318700946E+003  0.668093224594949E+002
  0.111260689249766E-004  0.101726008133033E+003  0.668094483208290E+002
  0.115965793734235E-004  0.101636514019959E+003  0.668180555344160E+002
  0.126321042759794E-004  0.101458795722172E+003  0.668352219914243E+002
  0.128434392014318E-004  0.101418956979688E+003  0.668390838325080E+002
  0.139027590294225E-004  0.101253793001922E+003  0.727378583620817E+002
  0.146029018737866E-004  0.101148871510382E+003  0.668653992319065E+002
  0.152995042940843E-004  0.101049015607494E+003  0.668751885740570E+002
  0.155036278976951E-004  0.101015852775989E+003  0.727145598037133E+002
  0.160303924422359E-004  0.100942372408595E+003  0.727073270884789E+002
  0.165923501043910E-004  0.100866806220407E+003  0.668931364774122E+002
  0.179271689060549E-004  0.100705399388123E+003  0.669091284812956E+002
  0.182513156487390E-004  0.100662904228612E+003  0.669133536040830E+002
  0.183731668870183E-004  0.100642940426227E+003  0.669153406637994E+002
  0.189637073345330E-004  0.100573013379316E+003  0.669223115545908E+002
  0.202499105118685E-004  0.100435111074848E+003  0.726568981981373E+002
  0.215086080396128E-004  0.100307849785532E+003  0.669489002346383E+002
  0.223197141096085E-004  0.100227160005785E+003  0.726359661210029E+002
  0.233969318733423E-004  0.100126235288557E+003  0.726257513550977E+002
  0.235828384449968E-004  0.100103750976917E+003  0.726234706515415E+002
  0.249045957785988E-004  0.999880292109498E+002  0.669813036005276E+002
  0.251886321612271E-004  0.999586927664357E+002  0.726087121646589E+002
  0.260747436596621E-004  0.998828884223958E+002  0.669920379556851E+002
  0.306155832920589E-004  0.995551489076347E+002  0.725672413633235E+002
  0.333527918561410E-004  0.993772286365610E+002  0.670442481154720E+002
  0.348315710973784E-004  0.992838076398437E+002  0.725390039940323E+002
  0.348516473145362E-004  0.992759996319622E+002  0.670548196079156E+002
  0.349446696886898E-004  0.992640129722457E+002  0.670560740925954E+002
  0.374182522027133E-004  0.991205720568206E+002  0.725218757995735E+002
  0.388917302238826E-004  0.990366704262483E+002  0.725130300408526E+002
  0.432952017025595E-004  0.988154944934500E+002  0.671034345615260E+002
  0.456945397745859E-004  0.987009649186468E+002  0.671156621955774E+002
  0.460107656941961E-004  0.986805161485743E+002  0.671178512604518E+002
  0.466570858759972E-004  0.986459617598501E+002  0.671215544196357E+002
  0.483705563060764E-004  0.985671732244284E+002  0.724629894099880E+002
  0.487439171162132E-004  0.985451393947820E+002  0.671323888721517E+002
  0.552890478440825E-004  0.982864949615509E+002  0.724326201046125E+002
  0.615396475651162E-004  0.980656257736141E+002  0.671845328713822E+002
  0.634315143440244E-004  0.979984118601038E+002  0.671919253674955E+002
  0.645824493285464E-004  0.979557925158398E+002  0.723963830206704E+002
  0.650427659647485E-004  0.979349323360285E+002  0.723940802942095E+002
  0.667026029863560E-004  0.978778787838947E+002  0.723877717792639E+002
  0.666131881771062E-004  0.978739060013548E+002  0.672056748205343E+002
  0.815685787446619E-004  0.974621673315895E+002  0.672516730013556E+002
  0.839589532297930E-004  0.973977439434488E+002  0.672589456215261E+002
  0.873652642087289E-004  0.973115488800776E+002  0.723242980247759E+002
  0.904680974977609E-004  0.972350942884108E+002  0.723156065347827E+002
  0.946243951087112E-004  0.971386026192145E+002  0.723045942014670E+002
  0.959556583688262E-004  0.971040052919399E+002  0.672923728429694E+002
  0.960861195441145E-004  0.970946323614619E+002  0.722995599256202E+002
  0.993820326980907E-004  0.970205238375933E+002  0.722910520449737E+002
  0.109233404737310E-003  0.968248370954879E+002  0.673245608707334E+002
  0.113037427543492E-003  0.967497173945993E+002  0.673332939720253E+002
  0.114211511091065E-003  0.967223955969817E+002  0.722565287718198E+002
  0.115948404830132E-003  0.966855535839456E+002  0.673407779802343E+002
  0.119236791061792E-003  0.966229659024736E+002  0.673481001903633E+002
  0.120492199604120E-003  0.965953630014808E+002  0.673513364554340E+002
  0.122127217864557E-003  0.965617509141977E+002  0.722377236976017E+002
  0.125056397145154E-003  0.965076922502020E+002  0.722313629279315E+002
  0.125756605746805E-003  0.964898696186643E+002  0.722292621967621E+002
  0.132086626784051E-003  0.963849947735484E+002  0.673761429503158E+002
  0.133309298841534E-003  0.963599111680677E+002  0.722138889702167E+002
  0.134190778576399E-003  0.963400745386062E+002  0.722115338193291E+002
  0.138521870161113E-003  0.962698875337791E+002  0.673898245532564E+002
  0.140868313568691E-003  0.962296373792029E+002  0.673946270615664E+002
  0.140532454176706E-003  0.962277559089697E+002  0.721981549629757E+002
  0.146403624363592E-003  0.961392425185413E+002  0.674054478188718E+002
  0.162215815458890E-003  0.959274663682819E+002  0.674309923917466E+002
  0.165009029393586E-003  0.958866656817743E+002  0.721570611954124E+002
  0.173964978158498E-003  0.957743024855809E+002  0.674496403715324E+002
  0.193267338741025E-003  0.955572061028868E+002  0.721166777360819E+002
  0.205044459614754E-003  0.954322456696325E+002  0.721011756423037E+002
  0.209806053887316E-003  0.953796766509102E+002  0.674983838593912E+002
  0.222047398508115E-003  0.952596064410967E+002  0.675134211997475E+002
  0.224581543292892E-003  0.952302548666081E+002  0.675171122183696E+002
  0.230376938229778E-003  0.951726433538322E+002  0.720686323352751E+002
  0.237800910833677E-003  0.951025538032925E+002  0.675332409444515E+002
  0.241233204354532E-003  0.950672376150283E+002  0.675377217304732E+002
  0.243030010240146E-003  0.950457404026308E+002  0.720525531762277E+002
  0.243498689859186E-003  0.950352315676309E+002  0.675417902300121E+002
  0.254912426469986E-003  0.949369589904188E+002  0.675543284371118E+002
  0.263435192840495E-003  0.948645287508524E+002  0.675636145908708E+002
  0.265236292894432E-003  0.948442457512145E+002  0.720267847816298E+002
  0.265055939885597E-003  0.948389505757618E+002  0.675669031645035E+002
  0.272262459748665E-003  0.947786437376080E+002  0.675746760527573E+002
  0.279487490272635E-003  0.947196061424817E+002  0.720106949693511E+002
  0.279983644691269E-003  0.947094032511470E+002  0.720093726908511E+002
  0.282360402963430E-003  0.946858414909488E+002  0.720063161008634E+002
  0.288335107628713E-003  0.946373077263281E+002  0.720000066126855E+002
  0.303886209531010E-003  0.945255922487212E+002  0.676075924873408E+002
  0.303826002133162E-003  0.945193329574166E+002  0.719845937908211E+002
  0.304124657400896E-003  0.945107123803219E+002  0.676095434536562E+002
  0.330141452993674E-003  0.943398897332202E+002  0.676320667503293E+002
  0.337739655744634E-003  0.942877258703174E+002  0.676389915199870E+002
  0.340449719373923E-003  0.942650860936593E+002  0.719510028662073E+002
  0.362843824544779E-003  0.941310203962251E+002  0.676599292019777E+002
  0.375655528872074E-003  0.940549646748776E+002  0.719228413026936E+002
  0.382713878328012E-003  0.940110789363550E+002  0.719169122923108E+002
  0.387077974778227E-003  0.939817463523166E+002  0.719129401678579E+002
  0.388079800210116E-003  0.939699211097889E+002  0.676816700286145E+002
  0.399279082115243E-003  0.939063662552270E+002  0.676903086743416E+002
  0.398006703150693E-003  0.939060942331999E+002  0.676903457248825E+002
  0.398741080634513E-003  0.938957517764057E+002  0.719012518552814E+002
  0.398589695265256E-003  0.938898556570396E+002  0.676925586690891E+002
  0.405047080276723E-003  0.938510585712090E+002  0.718951514834579E+002
  0.429317893878761E-003  0.937280142951439E+002  0.718782642770074E+002
  0.458914961157786E-003  0.935880241805582E+002  0.718588831937420E+002
  0.464222397905218E-003  0.935583709600951E+002  0.677382523513178E+002
  0.472301676122275E-003  0.935172070148686E+002  0.677439976205152E+002
  0.488465852758075E-003  0.934432481525680E+002  0.677543606987176E+002
  0.492596952493250E-003  0.934197491078063E+002  0.718353423502165E+002
  0.501774182799102E-003  0.933761757589578E+002  0.718292022191956E+002
  0.503682419291932E-003  0.933619286476015E+002  0.718271905623106E+002
  0.513710233036444E-003  0.933158462503699E+002  0.677723365993568E+002
  0.514635889920873E-003  0.933055901037458E+002  0.677737906486186E+002
  0.519960460978919E-003  0.932783482608534E+002  0.677776579037067E+002
  0.519253233108557E-003  0.932744148464115E+002  0.677782169038731E+002
  0.526548706010356E-003  0.932398549720201E+002  0.718098716709353E+002
  0.541494751356127E-003  0.931772203172933E+002  0.677920792969113E+002
  0.541521220651758E-003  0.931704669756849E+002  0.717999606922593E+002
  0.544469761731704E-003  0.931529510904953E+002  0.677955556852174E+002
  0.546686097525150E-003  0.931381707724089E+002  0.677976758194817E+002
  0.552545454959217E-003  0.931101933409127E+002  0.678016951577651E+002
  0.565567284275941E-003  0.930569506227843E+002  0.678093666551455E+002
  0.564668803964766E-003  0.930534748401998E+002  0.678098684946823E+002
  0.578311125198696E-003  0.929990739977256E+002  0.678177395676665E+002
  0.581843165904970E-003  0.929802405489725E+002  0.717725349286718E+002
  0.598356890902935E-003  0.929176120759167E+002  0.717634218373119E+002
  0.609796702806959E-003  0.928730800075905E+002  0.717569161901865E+002
  0.608224778922575E-003  0.928715866508328E+002  0.678363090970029E+002
  0.614668654847385E-003  0.928438534022632E+002  0.717526347437303E+002
  0.614435182213554E-003  0.928379576362762E+002  0.717517699283413E+002
  0.625304766412897E-003  0.927962306276216E+002  0.678473684801268E+002
  0.659190403982191E-003  0.926840285188813E+002  0.678639527303578E+002
  0.659124170925870E-003  0.926775739015242E+002  0.717280956511906E+002
  0.662889265090225E-003  0.926595262908450E+002  0.678675932981982E+002
  0.663793214711720E-003  0.926501452664780E+002  0.717240177886412E+002
  0.668720706718068E-003  0.926286980525620E+002  0.717208231740594E+002
  0.667108485120111E-003  0.926268701027072E+002  0.717205506511857E+002
  0.670547802372729E-003  0.926099298930137E+002  0.717180232536680E+002
  0.673701212039526E-003  0.925938908863428E+002  0.678773795062403E+002
  0.677519793844056E-003  0.925759311835793E+002  0.717129407526921E+002
  0.710525580974791E-003  0.924741432379083E+002  0.716976431386228E+002
  0.714917129003760E-003  0.924551642949039E+002  0.678982295746455E+002
  0.751188698205901E-003  0.923495282141013E+002  0.716787455937171E+002
  0.753122978318555E-003  0.923377293349338E+002  0.716769464824379E+002
  0.758378288127613E-003  0.923171661753041E+002  0.679191998907289E+002
  0.764391533525728E-003  0.922947149664711E+002  0.716703729579971E+002
  0.761948214714888E-003  0.922944624715769E+002  0.716703343032448E+002
  0.765622242734186E-003  0.922781862939630E+002  0.716678408786505E+002
  0.775197604084959E-003  0.922466725588451E+002  0.716630036724483E+002
  0.791039297660750E-003  0.921995576233507E+002  0.716557482847904E+002
  0.799003759009661E-003  0.921728660374104E+002  0.679413813836844E+002
  0.807386627670335E-003  0.921453364658811E+002  0.716473633871525E+002
  0.811520883682607E-003  0.921284659352541E+002  0.679482600237325E+002
  0.811750835114356E-003  0.921212437181203E+002  0.716436254094370E+002
  0.813686938183954E-003  0.921098236270640E+002  0.716418509429137E+002
  0.815590698376978E-003  0.920984941692860E+002  0.679529178785343E+002
  0.813084560810424E-003  0.920979936271425E+002  0.679529957667433E+002
  0.817495174202725E-003  0.920805182776331E+002  0.679557171316599E+002
  0.827246838003985E-003  0.920501464477310E+002  0.716325503401160E+002
  0.830964811767025E-003  0.920345222175087E+002  0.679628992161108E+002
  0.832978209357013E-003  0.920230265711743E+002  0.716283081404105E+002
  0.840011389968294E-003  0.919995550537048E+002  0.679683780650366E+002
  0.837407534994363E-003  0.919991086727281E+002  0.679684481126291E+002
  0.837782288123329E-003  0.919915582610913E+002  0.679696333553554E+002
  0.837458347873526E-003  0.919856761584515E+002  0.716224495052685E+002
  0.846400132039122E-003  0.919577792012166E+002  0.716180614083326E+002
  0.850073005005561E-003  0.919424635871650E+002  0.716156478133319E+002
  0.858429291412476E-003  0.919162438470529E+002  0.716115083811414E+002
  0.891586578095836E-003  0.918337917995301E+002  0.715984293251553E+002
  0.892279990435539E-003  0.918255813667861E+002  0.715971217342560E+002
  0.951604291028727E-003  0.916901871591068E+002  0.680175864586337E+002
  0.975532474568785E-003  0.916338632549399E+002  0.680266926180754E+002
  0.977555056651129E-003  0.916230653457026E+002  0.680284437260456E+002
  0.100965561875445E-002  0.915517898336215E+002  0.715529604071382E+002
  0.102904866080805E-002  0.915070833654963E+002  0.715456435678265E+002
  0.103591973388980E-002  0.914871179478177E+002  0.680506407073199E+002
  0.105011359843731E-002  0.914532450008126E+002  0.715367913361488E+002
  0.105706477549339E-002  0.914333941404235E+002  0.715335160272111E+002
  0.105523252764076E-002  0.914302082390745E+002  0.715329897915085E+002
  0.107214920891025E-002  0.913917444741088E+002  0.680663828959229E+002
  0.107908843040374E-002  0.913721860970692E+002  0.715233778486189E+002
  0.109099372372001E-002  0.913435858863823E+002  0.715186202006296E+002
  0.111036758606714E-002  0.913017259760664E+002  0.715116330067687E+002
  0.113712089485585E-002  0.912474535600348E+002  0.680904754166115E+002
  0.115091578676586E-002  0.912166811303690E+002  0.680956576973322E+002
  0.119869392932390E-002  0.911286763300853E+002  0.714824405446359E+002
  0.124061640184104E-002  0.910532691848429E+002  0.714695604691015E+002
  0.124848333834494E-002  0.910339713427641E+002  0.714662482941724E+002
  0.127633594183028E-002  0.909831878780637E+002  0.681355062084557E+002
  0.127981665248572E-002  0.909710854981615E+002  0.681375977215258E+002
  0.127827168538643E-002  0.909668457333555E+002  0.681383310545744E+002
  0.129091421359709E-002  0.909405066724822E+002  0.681428940892468E+002
  0.130083647348221E-002  0.909185374150814E+002  0.714462970065832E+002
  0.131533487307015E-002  0.908897142531975E+002  0.681517292189607E+002
  0.132634872322726E-002  0.908663815599923E+002  0.681558037913965E+002
  0.133100275210984E-002  0.908527204576782E+002  0.714348126259953E+002
  0.133813332186124E-002  0.908353788929389E+002  0.714317732767437E+002
  0.133562195171668E-002  0.908324803819332E+002  0.714312647213983E+002
  0.134457426456972E-002  0.908124640692884E+002  0.714277484514104E+002
  0.135745405553480E-002  0.907867414964737E+002  0.714232186017410E+002
  0.135773040184070E-002  0.907796788039006E+002  0.681710341260191E+002
  0.137270160553634E-002  0.907510906450015E+002  0.714169194040933E+002
  0.137065897137599E-002  0.907474133602032E+002  0.681767384840777E+002
  0.137597769727953E-002  0.907330119684041E+002  0.714137156821491E+002
  0.137711093174423E-002  0.907247098963234E+002  0.681807644062319E+002
  0.137984800760921E-002  0.907140831626687E+002  0.714103544933831E+002
  0.137676201445181E-002  0.907119055382651E+002  0.681830393865364E+002
  0.141568165635930E-002  0.906494964075961E+002  0.713988327493006E+002
  0.141399860951393E-002  0.906452199612856E+002  0.713980669407678E+002
  0.149120728287774E-002  0.905322354516241E+002  0.682153069557492E+002
  0.152713152369478E-002  0.904779696598954E+002  0.713678237298870E+002
  0.153167406720359E-002  0.904653737913024E+002  0.682274842854339E+002
  0.153585164509037E-002  0.904532707190843E+002  0.713633080488393E+002
  0.156000133278520E-002  0.904154118773442E+002  0.682366457686647E+002
  0.160943901237793E-002  0.903463582908592E+002  0.713436093646667E+002
  0.164405232130520E-002  0.902971458247167E+002  0.713344571389719E+002
  0.165463291121795E-002  0.902776601313776E+002  0.713308182244691E+002
  0.165890528941988E-002  0.902658470665812E+002  0.682643987999352E+002
  0.166973516872009E-002  0.902461772631415E+002  0.682680861954379E+002
  0.167751400145634E-002  0.902302258745540E+002  0.682710830643390E+002
  0.172758353363214E-002  0.901647489058587E+002  0.713095600045733E+002
  0.172487129586686E-002  0.901612357138664E+002  0.682841129804834E+002
  0.174171005228949E-002  0.901351501683413E+002  0.682890690039443E+002
  0.179853884414234E-002  0.900642802627163E+002  0.683026166726959E+002
  0.182159054952982E-002  0.900321537510289E+002  0.683087986957500E+002
  0.182668155640101E-002  0.900199163391951E+002  0.712818464731396E+002
  0.184255135903230E-002  0.899959602474813E+002  0.712772125124599E+002
  0.185209691969020E-002  0.899789701713689E+002  0.683190895322948E+002
  0.185142916376710E-002  0.899730358021757E+002  0.712727644891640E+002
  0.185661133912784E-002  0.899607900147307E+002  0.683226238078357E+002
  0.186664935762041E-002  0.899433502927611E+002  0.712669846266038E+002
  0.188496962303758E-002  0.899171613738877E+002  0.683311401164173E+002
  0.188999655613333E-002  0.899051791912073E+002  0.683334877149930E+002
  0.191331586213795E-002  0.898739980441886E+002  0.683396145843415E+002
  0.192242535380310E-002  0.898578428567267E+002  0.683427991168494E+002
  0.193629704221494E-002  0.898368076485253E+002  0.683469560909817E+002
  0.194111422397710E-002  0.898251825833822E+002  0.712437481929080E+002
  0.198108185621772E-002  0.897777651290813E+002  0.712343184778597E+002
  0.198065594126044E-002  0.897715395773135E+002  0.683599309188798E+002
  0.201162974627827E-002  0.897338497185889E+002  0.683674770491486E+002
  0.205282879697960E-002  0.896866470777058E+002  0.712160223759256E+002
  0.211263722160738E-002  0.896225549131486E+002  0.683899963711362E+002
  0.212954075453474E-002  0.895999607066405E+002  0.711983945086055E+002
  0.212327428471107E-002  0.895991990807428E+002  0.683947681020995E+002
  0.214149698877379E-002  0.895754520189338E+002  0.683996364755823E+002
  0.231953646133310E-002  0.894090719335026E+002  0.711587728838833E+002
  0.231235882087977E-002  0.894086148062280E+002  0.711586766175078E+002
  0.232119077830224E-002  0.893943348612403E+002  0.711556659723915E+002
  0.232714553164125E-002  0.893825550764369E+002  0.684398293419936E+002
  0.232348181703516E-002  0.893790506542260E+002  0.711524361920448E+002
  0.235907494684519E-002  0.893419896206659E+002  0.684484342354850E+002
  0.237735949158009E-002  0.893198923526006E+002  0.684531447791422E+002
  0.241175279428961E-002  0.892845100339711E+002  0.711322848179956E+002
  0.242561746752042E-002  0.892663897856326E+002  0.684646190890264E+002
  0.245035138357634E-002  0.892394435686848E+002  0.684704356440127E+002
  0.244909068490688E-002  0.892338172474883E+002  0.711213533971637E+002
  0.246195966455672E-002  0.892166799917432E+002  0.711176374526519E+002
  0.245570653838205E-002  0.892151106693776E+002  0.684757101027120E+002
  0.247419759898202E-002  0.891934518381763E+002  0.684804227053352E+002
  0.248697155253064E-002  0.891764970874632E+002  0.711088831635242E+002
  0.250011290357496E-002  0.891593011752852E+002  0.684878877989889E+002
  0.249760905897507E-002  0.891546495839797E+002  0.684889079018064E+002
  0.250651589278816E-002  0.891408744028214E+002  0.711010732459526E+002
  0.251537537160221E-002  0.891271621282245E+002  0.684949522745532E+002
  0.252877178525189E-002  0.891098831901313E+002  0.710942405009430E+002
  0.259038552456895E-002  0.890550816272889E+002  0.685109374310157E+002
  0.262659710891086E-002  0.890206612117980E+002  0.685186413225179E+002
  0.263149079963485E-002  0.890102828394326E+002  0.685209733137245E+002
  0.264759077684367E-002  0.889914281470406E+002  0.710677858946761E+002
  0.264540446074125E-002  0.889864248005178E+002  0.685263503824036E+002
  0.263715657723979E-002  0.889860145927148E+002  0.710665637168202E+002
  0.263008803245485E-002  0.889847269417236E+002  0.710662728402617E+002
  0.264960446088835E-002  0.889632852599985E+002  0.710614193971960E+002
  0.265962379020851E-002  0.889490810563670E+002  0.710581939165362E+002
  0.265658767029807E-002  0.889447099001653E+002  0.685358070930668E+002
  0.266212944262906E-002  0.889338865673292E+002  0.710547344092659E+002
  0.265999737091648E-002  0.889288334080567E+002  0.685394249622560E+002
  0.265183733716390E-002  0.889283226276401E+002  0.710534652202895E+002
  0.272394889158415E-002  0.888680072648296E+002  0.710396235384578E+002
  0.273658618789817E-002  0.888520944827826E+002  0.710359459675838E+002
  0.272821950254567E-002  0.888515629570385E+002  0.710358229393981E+002
  0.272558664439138E-002  0.888468384013801E+002  0.710347288455285E+002
  0.272324272726757E-002  0.888419034970380E+002  0.685594217432345E+002
  0.272554109243184E-002  0.888335606667237E+002  0.685613578986659E+002
  0.271706106730349E-002  0.888331374230139E+002  0.685614562034967E+002
  0.271403845329561E-002  0.888287079956055E+002  0.685624854756554E+002
  0.272963150196723E-002  0.888105946367914E+002  0.710263032840469E+002
  0.275384126061578E-002  0.887862787767052E+002  0.685723886608426E+002
  0.277779983965114E-002  0.887622983351145E+002  0.685780214122765E+002
  0.278536685316167E-002  0.887502019557620E+002  0.710121341232184E+002
  0.277777769148934E-002  0.887490031213572E+002  0.710118511839394E+002
  0.280368921323272E-002  0.887237777219203E+002  0.710058823373497E+002
  0.284711587377429E-002  0.886863813783733E+002  0.709969789866984E+002
  0.287757257029597E-002  0.886584446513222E+002  0.709902844583239E+002
  0.291208209684448E-002  0.886279465884826E+002  0.686100737248892E+002
  0.291729542150438E-002  0.886177137302546E+002  0.709804562093277E+002
  0.292756970917249E-002  0.886040268170815E+002  0.709771352327624E+002
  0.294369370097238E-002  0.885863861856668E+002  0.686201656485090E+002
  0.295673561338840E-002  0.885708892599045E+002  0.686239509285439E+002
  0.298182309442830E-002  0.885473355524012E+002  0.686297276749634E+002
  0.300214200511699E-002  0.885270976812483E+002  0.686347141269694E+002
  0.300453983739223E-002  0.885188453243630E+002  0.709562531536357E+002
  0.299474528242873E-002  0.885187202313742E+002  0.686367845391316E+002
  0.299226314411395E-002  0.885137230009222E+002  0.709549854279041E+002
  0.298768159530708E-002  0.885101320307980E+002  0.686389108803903E+002
  0.297798488433516E-002  0.885099781345700E+002  0.709540577309873E+002
  0.298594480805415E-002  0.884979838405795E+002  0.709510814278588E+002
  0.298472688741346E-002  0.884921441958330E+002  0.686433771711039E+002
  0.298889926183764E-002  0.884826947514195E+002  0.686457303663958E+002
  0.300964036502769E-002  0.884622083476414E+002  0.686508486945430E+002
  0.301048466854443E-002  0.884549917800895E+002  0.686526571384054E+002
  0.301770795328568E-002  0.884435431956646E+002  0.686555319899570E+002
  0.301540283046700E-002  0.884384159301503E+002  0.686568218476088E+002
  0.301215499713421E-002  0.884339156730594E+002  0.709350515760155E+002
  0.301382697068900E-002  0.884261502497934E+002  0.709330933061738E+002
  0.300471072817549E-002  0.884255534499573E+002  0.686600640832854E+002
  0.300415699140918E-002  0.884192664828244E+002  0.709313545453258E+002
  0.301891531124913E-002  0.884028096924695E+002  0.686658198388031E+002
  0.304999734850157E-002  0.883756678665533E+002  0.709202795565371E+002
  0.308350175600853E-002  0.883471619590489E+002  0.709129790465591E+002
  0.310767777706284E-002  0.883248866451389E+002  0.709072408261122E+002
  0.311748988820789E-002  0.883119262585301E+002  0.709038884897396E+002
  0.311229003822522E-002  0.883086093845281E+002  0.686899778357810E+002
  0.315778016001786E-002  0.882729328087041E+002  0.686992660769264E+002
  0.316593742159895E-002  0.882611174369878E+002  0.687023595379121E+002
  0.316477396674042E-002  0.882551969747380E+002  0.687039129074017E+002
  0.315794551624618E-002  0.882528613414789E+002  0.687045263223443E+002
  0.318825596346761E-002  0.882271009926859E+002  0.687113148478158E+002
  0.320889104435440E-002  0.882075426904397E+002  0.687164974684980E+002
  0.324430263253882E-002  0.881789370833974E+002  0.708688841727480E+002
  0.324715392039232E-002  0.881705245551289E+002  0.708666313911399E+002
  0.324668919862829E-002  0.881641552287112E+002  0.687280841533001E+002
  0.324677628684892E-002  0.881574460018431E+002  0.687298870985961E+002
  0.328762422814446E-002  0.881257852366861E+002  0.687384366323642E+002
  0.328437771036241E-002  0.881211056255139E+002  0.708533005889515E+002
  0.327616250122272E-002  0.881194589093359E+002  0.708528534894892E+002
  0.326819058121424E-002  0.881176758804027E+002  0.687406375836550E+002
  0.327777026152151E-002  0.881051664997585E+002  0.687440417668811E+002
  0.328615552982182E-002  0.880934010063119E+002  0.708457531553697E+002
  0.331130510729481E-002  0.880714973173908E+002  0.687532593585107E+002
  0.330141074216498E-002  0.880708267955318E+002  0.687534437541293E+002
  0.332665474005904E-002  0.880489365318482E+002  0.708335250967960E+002
  0.332310764965076E-002  0.880444146163184E+002  0.708322734495829E+002
  0.344676110872472E-002  0.879646898424285E+002  0.687830546337565E+002
  0.344357016901032E-002  0.879598866782237E+002  0.708085916040349E+002
  0.343673845074162E-002  0.879572028504067E+002  0.687851761461092E+002
  0.342878835019350E-002  0.879551791677186E+002  0.708072564091303E+002
  0.342069533593749E-002  0.879532497937076E+002  0.687862980805581E+002
  0.345858216616424E-002  0.879245644504988E+002  0.707985297251476E+002
  0.345284711272328E-002  0.879212280418051E+002  0.687954326606422E+002
  0.344399040241785E-002  0.879197091435581E+002  0.707971387343131E+002
  0.346203250406039E-002  0.879026034719472E+002  0.688007840805370E+002
  0.345302192032878E-002  0.879011600496298E+002  0.688012000221659E+002
  0.350331729502709E-002  0.878655833662224E+002  0.707814993119026E+002
  0.349764390187383E-002  0.878621692805893E+002  0.707805044918834E+002
  0.351852169474349E-002  0.878436109856211E+002  0.707750791568423E+002
  0.351471878160662E-002  0.878391182284020E+002  0.707737612150932E+002
  0.352719140557441E-002  0.878253778449862E+002  0.707697194238066E+002
  0.352987834605954E-002  0.878171992867324E+002  0.688257010721387E+002
  0.353405145012480E-002  0.878081806567030E+002  0.688283697262044E+002
  0.352335242398176E-002  0.878075890822230E+002  0.688285450329448E+002
  0.353690336770937E-002  0.877932561822537E+002  0.707602045698920E+002
  0.352538719989696E-002  0.877931232325999E+002  0.707601649932531E+002
  0.354101320968798E-002  0.877776223935245E+002  0.688374672639692E+002
  0.355874254154730E-002  0.877609780929756E+002  0.707505477975729E+002
  0.360462290631117E-002  0.877287027157910E+002  0.688522136506296E+002
  0.359741149118133E-002  0.877260523469901E+002  0.688530191616696E+002
  0.360299956768541E-002  0.877162924564645E+002  0.707370153741727E+002
  0.360435282851876E-002  0.877088858316376E+002  0.707347535246056E+002
  0.359805326219400E-002  0.877057288422575E+002  0.688592189720399E+002
  0.359018559748561E-002  0.877034513402099E+002  0.707330904546736E+002
  0.359954528240847E-002  0.876915885051960E+002  0.688635568737282E+002
  0.359581980044930E-002  0.876870039706069E+002  0.688649676305988E+002
  0.358628468267014E-002  0.876856588803503E+002  0.688653819484738E+002
  0.358028271716305E-002  0.876823532815859E+002  0.707266058190600E+002
  0.360291598410005E-002  0.876630942121868E+002  0.707206466847009E+002
  0.359533839313361E-002  0.876606494272128E+002  0.707198874694015E+002
  0.362736173208918E-002  0.876362589012379E+002  0.707122786553073E+002
  0.361575503523870E-002  0.876360131068716E+002  0.707122016560665E+002
  0.360409231939360E-002  0.876358190073334E+002  0.688808659034361E+002
  0.361722954741802E-002  0.876218865087336E+002  0.688852414221095E+002
  0.364408517722716E-002  0.876004370498763E+002  0.688920190285183E+002
  0.363898343642673E-002  0.875965834433674E+002  0.706997646686177E+002
  0.363642284434517E-002  0.875913356703002E+002  0.688949102810878E+002
  0.362541332414701E-002  0.875907444123484E+002  0.688950984279207E+002
  0.361464380817773E-002  0.875900387984218E+002  0.706976837340744E+002
  0.360832242193626E-002  0.875868839339558E+002  0.688963278546016E+002
  0.360418730555501E-002  0.875825216563741E+002  0.688977191104879E+002
  0.360828795684010E-002  0.875735918767897E+002  0.689005738119854E+002
  0.361082512670848E-002  0.875655304895787E+002  0.706898480123378E+002
  0.363053434380050E-002  0.875479878565736E+002  0.689088098863139E+002
  0.365572667569481E-002  0.875275021749335E+002  0.689154549803609E+002
  0.368207165330106E-002  0.875064852892860E+002  0.689223248780562E+002
  0.367837961777169E-002  0.875018361272960E+002  0.689238518786671E+002
  0.368401103371084E-002  0.874921209881690E+002  0.689270514386793E+002
  0.367776387059906E-002  0.874888597875688E+002  0.706648786326460E+002
  0.370080262142771E-002  0.874697146129753E+002  0.689344759771856E+002
  0.370935888823031E-002  0.874584403639018E+002  0.706547706679877E+002
  0.369752723748323E-002  0.874581743302058E+002  0.689383250065448E+002
  0.369438286987347E-002  0.874532202684393E+002  0.706530241093330E+002
  0.368968639771959E-002  0.874491087991592E+002  0.706516459676252E+002
  0.368938644636028E-002  0.874426158146634E+002  0.706494650203422E+002
  0.368401884556117E-002  0.874388721057423E+002  0.689448017531199E+002
  0.368942451816010E-002  0.874292840158457E+002  0.689480373583171E+002
  0.370605532493829E-002  0.874136333007049E+002  0.706396612126580E+002
  0.370301908276637E-002  0.874086169224899E+002  0.706379527448846E+002
  0.369215119396101E-002  0.874078397176346E+002  0.689553190143633E+002
  0.372509502619985E-002  0.873834179488169E+002  0.706293175088132E+002
  0.371617879831676E-002  0.873815552212320E+002  0.706286756288318E+002
  0.375451701494995E-002  0.873543722073784E+002  0.706192516208931E+002
  0.378180707622360E-002  0.873332320162735E+002  0.706118472911871E+002
  0.377661398935069E-002  0.873293246755128E+002  0.689825353757470E+002
  0.376414533130078E-002  0.873292831079928E+002  0.706104567242773E+002
  0.375222413750232E-002  0.873289716564956E+002  0.689826598011747E+002
  0.376258214992800E-002  0.873168026839011E+002  0.706060461691534E+002
  0.378818723508028E-002  0.872965828259613E+002  0.705988490568053E+002
  0.377695209037040E-002  0.872958677327844E+002  0.705985933422177E+002
  0.378895028730374E-002  0.872828688473898E+002  0.705939306972429E+002
  0.379386140807129E-002  0.872736226073535E+002  0.690024093024707E+002
  0.378473977147606E-002  0.872717814464963E+002  0.690030747088362E+002
  0.378391173787667E-002  0.872655634785338E+002  0.705876806945306E+002
  0.377821719173456E-002  0.872619200380628E+002  0.690066482216649E+002
  0.377268598511202E-002  0.872581945484811E+002  0.705850042948400E+002
  0.377755574711435E-002  0.872489590441819E+002  0.690113696781833E+002
  0.378138507173254E-002  0.872402770822388E+002  0.690145483043382E+002
  0.379100034043667E-002  0.872285423766004E+002  0.705741415053621E+002
  0.379318408910655E-002  0.872207350582154E+002  0.705712560390775E+002
  0.378403299727302E-002  0.872189103261783E+002  0.690224266548452E+002
  0.377999570196111E-002  0.872143897435483E+002  0.705689029667232E+002
  0.377232120060293E-002  0.872117988783895E+002  0.705679401165215E+002
  0.375999219218688E-002  0.872116905666374E+002  0.690251069118033E+002
  0.375783067199935E-002  0.872061850642265E+002  0.705658497054062E+002
  0.374536371595903E-002  0.872061757026347E+002  0.690271605352705E+002
  0.375827737711065E-002  0.871926361717163E+002  0.690322257855097E+002
  0.374627932182790E-002  0.871923756744049E+002  0.705606831810674E+002
  0.379405390436507E-002  0.871603762690089E+002  0.690444319453028E+002
  0.378228719318561E-002  0.871599330388161E+002  0.690446010299774E+002
  0.380071675711571E-002  0.871435559285684E+002  0.705421312528488E+002
  0.380882124448129E-002  0.871326401736244E+002  0.690550870773578E+002
  0.380583534390224E-002  0.871275530952867E+002  0.690570579978476E+002
  0.379362342574142E-002  0.871273253037334E+002  0.705358603744269E+002
  0.378428031992351E-002  0.871256014887780E+002  0.690578155174026E+002
  0.378159145739393E-002  0.871203674831168E+002  0.705331557979255E+002
  0.376902949621890E-002  0.871203667054131E+002  0.690598512548960E+002
  0.375904842507205E-002  0.871190145118822E+002  0.690603780198738E+002
  0.376579881873308E-002  0.871087706087698E+002  0.690643809802461E+002
  0.376606340383189E-002  0.871019745134815E+002  0.705259579717698E+002
  0.375987043831631E-002  0.870986104673667E+002  0.705246338033834E+002
  0.375131612825251E-002  0.870965103931251E+002  0.690692008079258E+002
  0.374348723740271E-002  0.870940331179948E+002  0.690701785770636E+002
  0.375581279183834E-002  0.870808032892871E+002  0.690754227765816E+002
  0.376206689936395E-002  0.870708201171608E+002  0.690794054153969E+002
  0.375470470902003E-002  0.870680822788368E+002  0.705125052437823E+002
  0.374475371962479E-002  0.870667342793681E+002  0.690810417933219E+002
  0.373558154720146E-002  0.870649833868434E+002  0.705112625775499E+002
  0.375410624148383E-002  0.870484343464337E+002  0.690884173136448E+002
  0.374915095010279E-002  0.870444204414435E+002  0.690900453562854E+002
  0.374495092773615E-002  0.870400066363900E+002  0.705011668091246E+002
  0.373708517110026E-002  0.870375562000611E+002  0.705001685239966E+002
  0.373298080856591E-002  0.870330983851745E+002  0.704983488102232E+002
  0.372614406889872E-002  0.870301090482517E+002  0.704971258929126E+002
  0.371421119920840E-002  0.870298686885721E+002  0.690959792792840E+002
  0.373909744502884E-002  0.870098572475248E+002  0.691042226202884E+002
  0.373190484055230E-002  0.870070526133967E+002  0.704876209571452E+002
  0.372646669660844E-002  0.870033135652615E+002  0.691069395485801E+002
  0.371508502244880E-002  0.870027758935256E+002  0.691071632652616E+002
  0.372922218629371E-002  0.869885240761386E+002  0.704798868312829E+002
  0.372137453284653E-002  0.869860816652578E+002  0.704788607882097E+002
  0.375372479637288E-002  0.869621150292216E+002  0.704687094596410E+002
  0.376129511937548E-002  0.869514300116438E+002  0.691288727902623E+002
  0.375000468580986E-002  0.869507869418690E+002  0.691291491641137E+002
  0.373860737707378E-002  0.869502191747205E+002  0.691293932701212E+002
  0.373721357589689E-002  0.869443093594227E+002  0.691319394621494E+002
  0.372809434364290E-002  0.869425399738260E+002  0.704603030637791E+002
  0.373655008553535E-002  0.869313533027953E+002  0.704554508581460E+002
  0.372849502943664E-002  0.869290138702559E+002  0.704544316077011E+002
  0.373514388705270E-002  0.869187949561798E+002  0.704499607638458E+002
  0.373100048476495E-002  0.869143592112973E+002  0.704480105464984E+002
  0.371928645427163E-002  0.869139928064105E+002  0.691451575579423E+002
  0.371683346454019E-002  0.869086567260973E+002  0.691475119649078E+002
  0.371321844111996E-002  0.869039473092773E+002  0.691495969912806E+002
  0.371909056451405E-002  0.868941314059076E+002  0.704390421616032E+002
  0.371386227556023E-002  0.868902893992393E+002  0.704373245506515E+002
  0.370914695263065E-002  0.868861747419702E+002  0.704354799281424E+002
  0.371322740511948E-002  0.868773201603855E+002  0.691615145504024E+002
  0.371560034320157E-002  0.868693868883525E+002  0.691651087508445E+002
  0.371291896870163E-002  0.868641751353978E+002  0.704255256162040E+002
  0.370276984175895E-002  0.868629939668490E+002  0.704249867051038E+002
  0.369961363511295E-002  0.868580438950838E+002  0.691702835718928E+002
  0.370852288092929E-002  0.868465777933363E+002  0.704174483644200E+002
  0.370271217021308E-002  0.868430583770247E+002  0.704158202969142E+002
  0.369336744794701E-002  0.868414566782041E+002  0.704150779388127E+002
  0.368180192648579E-002  0.868410737843013E+002  0.704149003425107E+002
  0.367333963366221E-002  0.868390203162512E+002  0.691790597317477E+002
  0.367396061282972E-002  0.868320266640404E+002  0.691823176423654E+002
  0.367665352965068E-002  0.868239056732707E+002  0.704068842203901E+002
  0.369621717061806E-002  0.868066362154369E+002  0.703987131363716E+002
  0.368774042204154E-002  0.868045726184497E+002  0.691952774370370E+002
  0.367925586744262E-002  0.868025238321417E+002  0.691962557946587E+002
  0.367160606291389E-002  0.868000309242322E+002  0.691974483887270E+002
  0.366616391540291E-002  0.867963419938737E+002  0.703937892273531E+002
  0.366176278057865E-002  0.867920888041794E+002  0.703917429604797E+002
  0.365391172714927E-002  0.867897259554081E+002  0.692024036332276E+002
  0.364955768488915E-002  0.867854550187560E+002  0.692044695113282E+002
  0.364568516033077E-002  0.867809227537251E+002  0.692066697088404E+002
  0.363796508773734E-002  0.867785068474513E+002  0.692078458756584E+002
  0.362786241709916E-002  0.867774130162295E+002  0.692083791731997E+002
  0.362540698068579E-002  0.867721115489952E+002  0.692109707861307E+002
  0.361376554244291E-002  0.867718884433728E+002  0.692110801024908E+002
  0.360745142488375E-002  0.867687304006230E+002  0.703803770876521E+002
  0.360639124077238E-002  0.867626626813978E+002  0.692156185165380E+002
  0.359810060358890E-002  0.867606101411060E+002  0.692166330496637E+002
  0.360431870551302E-002  0.867505012193685E+002  0.692216558292386E+002
  0.359274302206940E-002  0.867502792054710E+002  0.703712401169623E+002
  0.358783936409490E-002  0.867463552470250E+002  0.692237285584642E+002
  0.357662330579468E-002  0.867459617233147E+002  0.703690810641406E+002
  0.357650340927293E-002  0.867393731887873E+002  0.703657705389257E+002
  0.356604618687371E-002  0.867385739094817E+002  0.692276391333667E+002
  0.357552727289168E-002  0.867266079636513E+002  0.692337057355578E+002
  0.358021604324151E-002  0.867173314001167E+002  0.692384542312259E+002
  0.357030722683716E-002  0.867162188116105E+002  0.692390264604343E+002
  0.356025580152612E-002  0.867152017381903E+002  0.703534566714911E+002
  0.356064629536728E-002  0.867083268072338E+002  0.692431024794191E+002
  0.354952680793010E-002  0.867079267689829E+002  0.692433098887217E+002
  0.353802946888215E-002  0.867077599410185E+002  0.703496103423546E+002
  0.353017312999584E-002  0.867055503806022E+002  0.692445435901834E+002
  0.351890925570664E-002  0.867052864884465E+002  0.703483259900818E+002
  0.354202949959991E-002  0.866855333146840E+002  0.703379597550238E+002
  0.353728081927023E-002  0.866815608665146E+002  0.692571557516015E+002
  0.353896537579436E-002  0.866739530545897E+002  0.703317892354315E+002
  0.354044183615663E-002  0.866664632461480E+002  0.703277601389598E+002
  0.353181156071444E-002  0.866646888709997E+002  0.703268011396132E+002
  0.352138321437725E-002  0.866639474073353E+002  0.703263998854135E+002
  0.351168928956041E-002  0.866628051676993E+002  0.692672255999602E+002
  0.350140751789628E-002  0.866620139178165E+002  0.703253521164762E+002
  0.350842517760366E-002  0.866513538699888E+002  0.692734690597342E+002
  0.350151236618176E-002  0.866486428691208E+002  0.692749580891887E+002
  0.349494004840050E-002  0.866457448045019E+002  0.692765545800295E+002
  0.349308661668485E-002  0.866401501428551E+002  0.703133562243303E+002
  0.349358714892812E-002  0.866332079986990E+002  0.692835181103866E+002
  0.348273627502801E-002  0.866327739664500E+002  0.703092458639622E+002
  0.347616073181718E-002  0.866298980341953E+002  0.703076342999600E+002
  0.346466403628364E-002  0.866298680101545E+002  0.692853893011463E+002
  0.345740568673878E-002  0.866274067547856E+002  0.692867725875301E+002
  0.344832632762761E-002  0.866260102054018E+002  0.703054475952595E+002
  0.344746495212729E-002  0.866198542781032E+002  0.692910408963831E+002
  0.343906335447355E-002  0.866180787195764E+002  0.703009571471172E+002
  0.342794300835947E-002  0.866179006961296E+002  0.703008558995507E+002
  0.341923116829665E-002  0.866163344240524E+002  0.702999642334481E+002
  0.340897490805285E-002  0.866156870210323E+002  0.702995952104967E+002
  0.339997420339294E-002  0.866143190173908E+002  0.702988145499262E+002
  0.338888344101078E-002  0.866141981285069E+002  0.702987455055113E+002
  0.337850549570457E-002  0.866136766443745E+002  0.692945591934822E+002
  0.337160819511402E-002  0.866111082860091E+002  0.702969775414149E+002
  0.336089353803603E-002  0.866108186402409E+002  0.702968114899342E+002
  0.335822685009375E-002  0.866057505821883E+002  0.692991097059751E+002
  0.334773353474009E-002  0.866053541048404E+002  0.692993384254615E+002
  0.333844216107657E-002  0.866042570861210E+002  0.692999718216555E+002
  0.333155232904200E-002  0.866017333441225E+002  0.702915746946632E+002
  0.332111435288799E-002  0.866013537342920E+002  0.693016520698368E+002
  0.333627212309708E-002  0.865855907985663E+002  0.702821307903504E+002
  0.333143601758257E-002  0.865818364289681E+002  0.702799079201911E+002
  0.332310388980499E-002  0.865801892383922E+002  0.693140773235376E+002
  0.331238070534168E-002  0.865799978093291E+002  0.693141911684284E+002
  0.330647856013094E-002  0.865769090956011E+002  0.693160317881018E+002
  0.329560386638903E-002  0.865768421660107E+002  0.702769349992670E+002
  0.328645623688679E-002  0.865757457179197E+002  0.693167268963782E+002
  0.327824250889340E-002  0.865740949262845E+002  0.702752917876812E+002
  0.327333561496806E-002  0.865704352012963E+002  0.702730939889374E+002
  0.326344953999579E-002  0.865698291284913E+002  0.702727290410946E+002
  0.325371711240242E-002  0.865691469630410E+002  0.693206888108723E+002
  0.324482298696728E-002  0.865679659238157E+002  0.693214013965543E+002
  0.324283006223661E-002  0.865625390929350E+002  0.693246895349506E+002
  0.323796644741859E-002  0.865588853756990E+002  0.693269163056236E+002
  0.323417803828987E-002  0.865545711582998E+002  0.702634474576852E+002
  0.323412458774330E-002  0.865479486319461E+002  0.693336457643494E+002
  0.322358645740516E-002  0.865478205285208E+002  0.702592815828255E+002
  0.321357239901086E-002  0.865473876106596E+002  0.702590131449722E+002
  0.320766916034156E-002  0.865444093506796E+002  0.702571621861260E+002
  0.320145340997021E-002  0.865416330861116E+002  0.702554300424269E+002
  0.319727231353109E-002  0.865375912119764E+002  0.693401102319651E+002
  0.318762564663945E-002  0.865369790638345E+002  0.693404951655352E+002
  0.318660804976473E-002  0.865309620525701E+002  0.702487105030725E+002
  0.318445105359005E-002  0.865256607189690E+002  0.693476718929640E+002
  0.318272813156352E-002  0.865200875157788E+002  0.702417585033448E+002
  0.317518511153903E-002  0.865181775326314E+002  0.693524805202865E+002
  0.316672111155113E-002  0.865168604136062E+002  0.693533322888913E+002
  0.315620167912371E-002  0.865168596305653E+002  0.693533327957635E+002
  0.315151358821726E-002  0.865131769758028E+002  0.702372836782297E+002
  0.314153106767283E-002  0.865128665143721E+002  0.702370815764083E+002
  0.313112496689061E-002  0.865128467900483E+002  0.702370687332859E+002
  0.312253143715624E-002  0.865116878566809E+002  0.693566932927422E+002
  0.313337642838009E-002  0.864980980298149E+002  0.702273582001784E+002
  0.312399553158252E-002  0.864974391548825E+002  0.693660874628079E+002
  0.311603479317836E-002  0.864958865901049E+002  0.693671234862494E+002
  0.310933071152816E-002  0.864935386022926E+002  0.702243116897526E+002
  0.310815452386701E-002  0.864876397188299E+002  0.702203376921987E+002
  0.310240834062300E-002  0.864846850495017E+002  0.693746736506858E+002
  0.309643877031907E-002  0.864818815224756E+002  0.702164222011186E+002
  0.308852728801681E-002  0.864803425340663E+002  0.702153695126032E+002
  0.308354751011425E-002  0.864769142504682E+002  0.702130149565947E+002
  0.308056087635515E-002  0.864721967504109E+002  0.702097530318046E+002
  0.307155508183875E-002  0.864713965871328E+002  0.702091971999163E+002
  0.306252623058300E-002  0.864706286744343E+002  0.693843436840098E+002
  0.306799508250020E-002  0.864604048147578E+002  0.693915221741528E+002
  0.305958016524966E-002  0.864592423846034E+002  0.702006603250428E+002
  0.305832031064829E-002  0.864534105213936E+002  0.701964994584003E+002
  0.305748602727051E-002  0.864473005983706E+002  0.701920932625730E+002
  0.305054312420831E-002  0.864451917587984E+002  0.694024457225677E+002
  0.304233898850418E-002  0.864439222277837E+002  0.694033710147914E+002
  0.303253379883440E-002  0.864437228803642E+002  0.694035165062075E+002
  0.302269370681401E-002  0.864435675353381E+002  0.701893768296284E+002
  0.301371339886047E-002  0.864428627231652E+002  0.694041449006394E+002
  0.300400673525676E-002  0.864426592024348E+002  0.694042937315604E+002
  0.299536174420219E-002  0.864417675602824E+002  0.701880603102725E+002
  0.298611287312561E-002  0.864412969956923E+002  0.694052913457468E+002
  0.297636227467830E-002  0.864411827305800E+002  0.701876316063168E+002
  0.297097881545495E-002  0.864381479016595E+002  0.701853993641979E+002
  0.296195353352284E-002  0.864375771971229E+002  0.701849781545683E+002
  0.295562827192695E-002  0.864351971904490E+002  0.701832166398295E+002
  0.294644440593331E-002  0.864347657785565E+002  0.701828964791195E+002
  0.293746203718999E-002  0.864342166011890E+002  0.701824885377418E+002
  0.292948334751067E-002  0.864330007816115E+002  0.701815838619929E+002
  0.292296763485041E-002  0.864307985255955E+002  0.694130669930583E+002
  0.291352727326503E-002  0.864306128352784E+002  0.694132059434623E+002
  0.291204004731275E-002  0.864249784266993E+002  0.694174463408720E+002
  0.290731163628021E-002  0.864215729763087E+002  0.701729743457175E+002
  0.289858992143623E-002  0.864209262623212E+002  0.694205255217971E+002
  0.288903670231819E-002  0.864208732005188E+002  0.694205660099810E+002
  0.287966467052593E-002  0.864207161644127E+002  0.701723208898748E+002
  0.287979136083356E-002  0.864139725965376E+002  0.701671376279602E+002
  0.288187200827786E-002  0.864058725393660E+002  0.701608142617455E+002
  0.287327652006044E-002  0.864051910844817E+002  0.701602772666373E+002
  0.286503508200879E-002  0.864042803604768E+002  0.701595583644908E+002
  0.285763707112823E-002  0.864027958016632E+002  0.694346233195112E+002
  0.284838875125767E-002  0.864026234224004E+002  0.701582467559307E+002
  0.284092456585055E-002  0.864012157090656E+002  0.694358780678696E+002
  0.283161031184800E-002  0.864011281007476E+002  0.694359477652232E+002
  0.282414577907352E-002  0.863997517702248E+002  0.694370444875199E+002
  0.281966585653126E-002  0.863962712949313E+002  0.701531738162603E+002
  0.281208948301545E-002  0.863949968988561E+002  0.694408594075038E+002
  0.280358402000418E-002  0.863943996976065E+002  0.694413414494826E+002
  0.279705175852370E-002  0.863924094909258E+002  0.694429526261081E+002
  0.279313769845754E-002  0.863885545748223E+002  0.694460944535161E+002
  0.278470857825311E-002  0.863879437124027E+002  0.694465949069460E+002
  0.277777454980263E-002  0.863862744175741E+002  0.701450405963706E+002
  0.277307703138294E-002  0.863830039176579E+002  0.694506684752350E+002
  0.276599385263961E-002  0.863814634065898E+002  0.694519486986613E+002
  0.275767343681271E-002  0.863808331148108E+002  0.701405328814691E+002
  0.274852625276064E-002  0.863808225478705E+002  0.701405240700816E+002
  0.273947681816068E-002  0.863807627677857E+002  0.701404742173910E+002
  0.273056467207169E-002  0.863806242525921E+002  0.694526480729847E+002
  0.272149957537239E-002  0.863806194414670E+002  0.701403546631536E+002
  0.271539836237921E-002  0.863784526088169E+002  0.701385421296404E+002
  0.270900193999101E-002  0.863765138083649E+002  0.701369121618922E+002
  0.270556716224028E-002  0.863723956623846E+002  0.701334238357658E+002
  0.269691558026369E-002  0.863721457218169E+002  0.694597957926819E+002
  0.269010743713535E-002  0.863705453617270E+002  0.694611620484376E+002
  0.268305705700349E-002  0.863691383714077E+002  0.694623678357437E+002
  0.267459528119532E-002  0.863688003215956E+002  0.701303485574607E+002
  0.266593268068604E-002  0.863686329449500E+002  0.701302047012873E+002
  0.265883200183198E-002  0.863673114469158E+002  0.701290667205569E+002
  0.265067593876071E-002  0.863668003679368E+002  0.701286255698701E+002
  0.264423713752890E-002  0.863650089313646E+002  0.694659321520740E+002
  0.263662517703869E-002  0.863641190502705E+002  0.701263014540935E+002
  0.263218749005572E-002  0.863608324932884E+002  0.701234301918603E+002
  0.262349421540939E-002  0.863607932061449E+002  0.701233957165659E+002
  0.261638558487804E-002  0.863595641892880E+002  0.694706913635651E+002
  0.260787622206299E-002  0.863594238800862E+002  0.701221918239248E+002
  0.260244931942506E-002  0.863569345690195E+002  0.701199917801846E+002
  0.259435374734096E-002  0.863565101879223E+002  0.694733915307782E+002
  0.258631964889599E-002  0.863560577433303E+002  0.694737934769643E+002
  0.258173872045021E-002  0.863529477342807E+002  0.694765700358189E+002
  0.257383334442957E-002  0.863524256206569E+002  0.701159682150009E+002
  0.256639587567921E-002  0.863515576998324E+002  0.694778188553329E+002
  0.256001896938357E-002  0.863498778461752E+002  0.701136721372065E+002
  0.255507354488574E-002  0.863470895868838E+002  0.694818666198427E+002
  0.254778556734544E-002  0.863461468687120E+002  0.694827273202765E+002
  0.253991094620914E-002  0.863456824026416E+002  0.694831522465067E+002
  0.253290938156590E-002  0.863445476717171E+002  0.694841928097893E+002
  0.252532502387627E-002  0.863438897284663E+002  0.694847977434439E+002
  0.251758201886557E-002  0.863433758526827E+002  0.694852710347425E+002
  0.251148885982367E-002  0.863415666245734E+002  0.694869431337174E+002
  0.250617603980300E-002  0.863391463387828E+002  0.701038125483956E+002
  0.249994306578543E-002  0.863374710454080E+002  0.701022446792690E+002
  0.249171842961572E-002  0.863374061714395E+002  0.694908229465079E+002
  0.248379970698783E-002  0.863371167457703E+002  0.701019120671515E+002
  0.247786915589631E-002  0.863352422616877E+002  0.694928604882763E+002
  0.247302532418578E-002  0.863325001830125E+002  0.700975445055127E+002
  0.246611898817451E-002  0.863314377502029E+002  0.700965303771170E+002
  0.245852093060959E-002  0.863309536373485E+002  0.700960671362637E+002
  0.245036317163421E-002  0.863309454061861E+002  0.694969474961798E+002
  0.244230172750824E-002  0.863308804685950E+002  0.700959970597709E+002
  0.243538530744640E-002  0.863298967772765E+002  0.700950533441913E+002
  0.242755697202666E-002  0.863296803787487E+002  0.700948453391961E+002
  0.242081738976729E-002  0.863285850842158E+002  0.694992164542096E+002
  0.241489301321817E-002  0.863268300286851E+002  0.700920918855877E+002
  0.240907530508858E-002  0.863249984527769E+002  0.700903089554863E+002
  0.240165398307333E-002  0.863245135194584E+002  0.700898350873240E+002
  0.239707029945034E-002  0.863216786922459E+002  0.700870494806829E+002
  0.238997878584404E-002  0.863209486989241E+002  0.700863278272418E+002
  0.238250556973184E-002  0.863205567094924E+002  0.700859395736315E+002
  0.237639650030454E-002  0.863190359883087E+002  0.700844283902715E+002
  0.236865032786695E-002  0.863189103157085E+002  0.700843031509107E+002
  0.236230462251336E-002  0.863176200025576E+002  0.695099926305364E+002
  0.235836304717115E-002  0.863143042687956E+002  0.695133319827052E+002
  0.235061022968691E-002  0.863142342638798E+002  0.700796038390936E+002
  0.234381985340100E-002  0.863133645881826E+002  0.695142855424569E+002
  0.233624751259362E-002  0.863131810066443E+002  0.700785345380004E+002
  0.232896119782969E-002  0.863127727959902E+002  0.695148877324677E+002
  0.232135101978352E-002  0.863126631718471E+002  0.695149994241277E+002
  0.231450372286658E-002  0.863119157162916E+002  0.695157621611332E+002
  0.230761757066886E-002  0.863112194408109E+002  0.700765322092467E+002
  0.229998189572155E-002  0.863111926329335E+002  0.695165020048676E+002
  0.229268681528370E-002  0.863108907325210E+002  0.695168114821678E+002
  0.228530156896090E-002  0.863106879889176E+002  0.700759872435325E+002
  0.227788710589625E-002  0.863105317846012E+002  0.700758268650548E+002
  0.227342476013751E-002  0.863077980162538E+002  0.695200017661306E+002
  0.226641775351526E-002  0.863073162292476E+002  0.695205020720994E+002
  0.225997116786908E-002  0.863063575435333E+002  0.700715064345954E+002
  0.225338936272321E-002  0.863055351422105E+002  0.695223595473769E+002
  0.224678295243306E-002  0.863047517060884E+002  0.695231805813325E+002
  0.223944891919404E-002  0.863046352794576E+002  0.695233028059735E+002
  0.223360268212477E-002  0.863032076652510E+002  0.695248059855029E+002
  0.222782339420511E-002  0.863017336490350E+002  0.700666399502583E+002
  0.222186755636634E-002  0.863004320059762E+002  0.700652541229601E+002
  0.221583732386663E-002  0.862992118807155E+002  0.700639485652579E+002
  0.220943896292553E-002  0.862983397725532E+002  0.695299952767671E+002
  0.220308969984308E-002  0.862974398648629E+002  0.700620410433547E+002
  0.219608803704630E-002  0.862971506277786E+002  0.700617283859132E+002
  0.218978832848088E-002  0.862962405017491E+002  0.700607421508327E+002
  0.218255008916976E-002  0.862962067748898E+002  0.700607055328326E+002
  0.217622567731587E-002  0.862953550411337E+002  0.695332276517596E+002
  0.217169924756594E-002  0.862928636831586E+002  0.700570503277013E+002
  0.216491405593351E-002  0.862924666247224E+002  0.695363939629248E+002
  0.215774246520164E-002  0.862924473315302E+002  0.695364152419125E+002
  0.215058560958337E-002  0.862924364284234E+002  0.700565794819488E+002
  0.214355800520752E-002  0.862923270761059E+002  0.700564588358019E+002
  0.213651254832421E-002  0.862922559324702E+002  0.695366264355359E+002
  0.213088185344305E-002  0.862908782315889E+002  0.700548550373993E+002
  0.212397993094483E-002  0.862907111616318E+002  0.695383372913334E+002
  0.212093647215132E-002  0.862869234441094E+002  0.700504257282289E+002
  0.211430545050292E-002  0.862865305777787E+002  0.700499814969715E+002
  0.210835349244312E-002  0.862855131152647E+002  0.700488273717127E+002
  0.210185439359457E-002  0.862850321508576E+002  0.700482799640042E+002
  0.209548220280348E-002  0.862844491793756E+002  0.695453918923939E+002
  0.208972406380376E-002  0.862832969290299E+002  0.700462950572067E+002
  0.208401211434200E-002  0.862821155357926E+002  0.695480721533443E+002
  0.207760442995655E-002  0.862816188021812E+002  0.700443603416266E+002
  0.207130326709479E-002  0.862810382356300E+002  0.695493192702598E+002
  0.206454277495263E-002  0.862809210982151E+002  0.700435514982308E+002
  0.205803576429262E-002  0.862805790579677E+002  0.695498527455301E+002
  0.205249498142108E-002  0.862793152741902E+002  0.700416797393252E+002
  0.204582855419360E-002  0.862791661916487E+002  0.700415052423354E+002
  0.203979346622941E-002  0.862784192269188E+002  0.700406290627325E+002
  0.203333261565672E-002  0.862781085089955E+002  0.700402636672785E+002
  0.202692795630804E-002  0.862777625383016E+002  0.700398561700240E+002
  0.202170975529191E-002  0.862762624738994E+002  0.700380813868510E+002
  0.201575266068997E-002  0.862755087184852E+002  0.695558220999657E+002
  0.201076712498893E-002  0.862738058403991E+002  0.695578604057316E+002
  0.200417847133732E-002  0.862737143935579E+002  0.700350363916847E+002
  0.199771981000933E-002  0.862735144166703E+002  0.695582109804206E+002
  0.199237286619292E-002  0.862722190598691E+002  0.695597755413410E+002
  0.198640433249522E-002  0.862715638540467E+002  0.695605708647291E+002
  0.198085037597852E-002  0.862705080757930E+002  0.700311486543271E+002
  0.197548765583936E-002  0.862692744018051E+002  0.695633712259038E+002
  0.196900755687057E-002  0.862691901109219E+002  0.700295317807144E+002
  0.196247715101403E-002  0.862691787502595E+002  0.695634889552338E+002
  0.195661944430770E-002  0.862685018041047E+002  0.695643238567534E+002
  0.195029368853230E-002  0.862683227040335E+002  0.700284615000827E+002
  0.194428578394473E-002  0.862678376584548E+002  0.700278608510274E+002
  0.193790266083897E-002  0.862677589139368E+002  0.695652435582447E+002
  0.193179271143878E-002  0.862674190293190E+002  0.700273411912464E+002
  0.192575170447842E-002  0.862670275500719E+002  0.695661525770856E+002
  0.191985750209174E-002  0.862665028133349E+002  0.695668069936306E+002
  0.191368482844387E-002  0.862662879383252E+002  0.695670755100537E+002
  0.190835076493509E-002  0.862652147938253E+002  0.695684212862099E+002
  0.190201648787182E-002  0.862652087384526E+002  0.700245778474888E+002
  0.189576056067386E-002  0.862651422052560E+002  0.695685126026935E+002
  0.188973182305569E-002  0.862648569907764E+002  0.700241349924637E+002
  0.188357102994834E-002  0.862647323452357E+002  0.700239778551719E+002
  0.187860567493376E-002  0.862633560044770E+002  0.700222354668781E+002
  0.187253089273622E-002  0.862631782343086E+002  0.700220094357545E+002
  0.186672664021316E-002  0.862627316484315E+002  0.700214406089794E+002
  0.186089865691151E-002  0.862623299028842E+002  0.700209276644988E+002
  0.185517073269927E-002  0.862618399005157E+002  0.700203004431890E+002
  0.184903684848252E-002  0.862618080202055E+002  0.695727471756788E+002
  0.184443705050123E-002  0.862601339836674E+002  0.695749037926106E+002
  0.183850832088421E-002  0.862599175266732E+002  0.700178225672348E+002
  0.183287719230757E-002  0.862593971049693E+002  0.700171469746651E+002
  0.182701974835319E-002  0.862591432886045E+002  0.700168167278807E+002
  0.182128450652664E-002  0.862587758315036E+002  0.700163377412838E+002
  0.181649228873812E-002  0.862573896461496E+002  0.700145213525499E+002
  0.181097256815942E-002  0.862568206581785E+002  0.700137713831001E+002
  0.180533533819666E-002  0.862564004259501E+002  0.700132158187612E+002
  0.179990614398665E-002  0.862557685180662E+002  0.695806290309234E+002
  0.179452073421358E-002  0.862551060088046E+002  0.695815112255417E+002
  0.178872247712434E-002  0.862549230700874E+002  0.695817554645128E+002
  0.178409178984337E-002  0.862534518510559E+002  0.695837298621582E+002
  0.177908280534237E-002  0.862524193327405E+002  0.700078802200770E+002
  0.177353181960655E-002  0.862520137862225E+002  0.695856776356631E+002
  0.176770114481829E-002  0.862519442511981E+002  0.695857722730287E+002
  0.176206804428072E-002  0.862516722105792E+002  0.695861429301969E+002
  0.175698057450352E-002  0.862507994130407E+002  0.700056701931459E+002
  0.175146360368463E-002  0.862504337723111E+002  0.700051681182609E+002
  0.174580859405546E-002  0.862502461068181E+002  0.700049099580761E+002
  0.174027635325426E-002  0.862499383300042E+002  0.700044858742218E+002
  0.173452231702173E-002  0.862499064906890E+002  0.700044419536525E+002
  0.172893440273444E-002  0.862497044851695E+002  0.695888436681519E+002
  0.172443490000898E-002  0.862482606328675E+002  0.695908479399987E+002
  0.171925894805522E-002  0.862476171502492E+002  0.695917475052644E+002
  0.171394924501330E-002  0.862471478622742E+002  0.695924060529169E+002
  0.170843396921093E-002  0.862469384106859E+002  0.700003060886742E+002
  0.170281827037668E-002  0.862468677483112E+002  0.700002066009588E+002
  0.169748947306195E-002  0.862464807791802E+002  0.699996609113471E+002
  0.169214892459380E-002  0.862461274085649E+002  0.699991613175968E+002
  0.168701225889403E-002  0.862455522363593E+002  0.699983454973713E+002
  0.168158331858090E-002  0.862453431943690E+002  0.695949585744868E+002
  0.167640669554582E-002  0.862448539543026E+002  0.699973506054418E+002
  0.167102330136651E-002  0.862446312480837E+002  0.699970322619399E+002
  0.166633169383051E-002  0.862435988163298E+002  0.699955498194387E+002
  0.166162709425819E-002  0.862425978767285E+002  0.695989047719856E+002
  0.165668313802835E-002  0.862419019079622E+002  0.695999177632343E+002
  0.165140170341418E-002  0.862416324265071E+002  0.699926953484192E+002
  0.164690006426780E-002  0.862404361914741E+002  0.699909383576490E+002
  0.164179638218268E-002  0.862399881604078E+002  0.696027305463537E+002
  0.163660732215324E-002  0.862396637887383E+002  0.696032113573136E+002
  0.163117768513423E-002  0.862396544744530E+002  0.699897815685689E+002
  0.162589371813874E-002  0.862394881245938E+002  0.699895345085807E+002
  0.162080189467499E-002  0.862391057874168E+002  0.699889654657546E+002
  0.161552627336190E-002  0.862389707153038E+002  0.699887640316507E+002
  0.161020389492350E-002  0.862389150464448E+002  0.699886809508027E+002
  0.160498946852866E-002  0.862387467040422E+002  0.696045772541224E+002
  0.644995155464513E-002  0.806043269624088E+002  0.697606067203600E+002
  0.636635208416951E-002  0.806042747704170E+002  0.697610262671985E+002
  0.628381896154706E-002  0.806042280547844E+002  0.697614060453543E+002
  0.628389184454084E-002  0.806042048578809E+002  0.697615961614833E+002
  0.620129430457951E-002  0.806041773642486E+002  0.697618228421711E+002
  0.611978093036082E-002  0.806041503685010E+002  0.697620468688579E+002
  0.603951114604750E-002  0.806040663702100E+002  0.697627534471308E+002
  0.603956948718295E-002  0.806040470504828E+002  0.697629180637789E+002
  0.603976005834784E-002  0.806039839439456E+002  0.697634614867139E+002
  0.603977538739825E-002  0.806039788679059E+002  0.697635055863740E+002
  0.595717756676395E-002  0.806039322585429E+002  0.697639133090967E+002
  0.587561361095481E-002  0.806039182288651E+002  0.697640370384735E+002
  0.587574534729673E-002  0.806038733876370E+002  0.697644356997078E+002
  0.587581742794113E-002  0.806038488528085E+002  0.697646559389224E+002
  0.571280231274965E-002  0.806037781207417E+002  0.697652995713113E+002
  0.571288099236400E-002  0.806037505759158E+002  0.697655538387409E+002
  0.571291973426624E-002  0.806037370129619E+002  0.697656798095886E+002
  0.571300674983569E-002  0.806037065504626E+002  0.697659646352003E+002
  0.571310966973403E-002  0.806036705207585E+002  0.697663049819293E+002
  0.571318577390630E-002  0.806036438789925E+002  0.697665591352248E+002
  0.571324980415012E-002  0.806036214642182E+002  0.697667746474495E+002
  0.571332590734406E-002  0.806035948234481E+002  0.697670328411596E+002
  0.571335257629253E-002  0.806035854877699E+002  0.697671238564155E+002
  0.571345861414761E-002  0.806035483688035E+002  0.697674885602609E+002
  0.571346555934489E-002  0.806035459376340E+002  0.697675126072448E+002
  0.571347748100879E-002  0.806035417644570E+002  0.697675539312015E+002
  0.571349281417815E-002  0.806035363970958E+002  0.697676071671849E+002
  0.571351111539870E-002  0.806035299907900E+002  0.697676708365789E+002
  0.571351335346795E-002  0.806035292073597E+002  0.697676786323911E+002
  0.571356677471723E-002  0.806035105074823E+002  0.697678653422857E+002
  0.571361878913069E-002  0.806034923002297E+002  0.697680483106424E+002
  0.571363119830200E-002  0.806034879565175E+002  0.697680921355707E+002
  0.560979216962774E-002  0.806034718507112E+002  0.697682552249781E+002
  0.560994067739682E-002  0.806034189055043E+002  0.697687981192961E+002
  0.550608837861008E-002  0.806034060137208E+002  0.697689319285204E+002
  0.550618573145861E-002  0.806033706521424E+002  0.697693023399655E+002
  0.550624789040340E-002  0.806033480744100E+002  0.697695415027084E+002
  0.550631631676684E-002  0.806033232204842E+002  0.697698072542211E+002
  0.550634819328175E-002  0.806033116423544E+002  0.697699319612673E+002
  0.550636159611684E-002  0.806033067742210E+002  0.697699845706412E+002
  0.550639875631142E-002  0.806032932770800E+002  0.697701309815893E+002
  0.550650752891976E-002  0.806032537697582E+002  0.697705642886420E+002
  0.538938908294419E-002  0.806032384474870E+002  0.697707343005047E+002
  0.538954983513412E-002  0.806031787933073E+002  0.697714071759291E+002
  0.527249319388534E-002  0.806031380206809E+002  0.697718776502639E+002
  0.527250215379595E-002  0.806031346219461E+002  0.697719172746891E+002
  0.515536925275786E-002  0.806031215041266E+002  0.697720708125068E+002
  0.515540016790143E-002  0.806031095107855E+002  0.697722120380710E+002
  0.515547977060744E-002  0.806030786297331E+002  0.697725795092383E+002
  0.515556454297398E-002  0.806030457436882E+002  0.697729771489600E+002
  0.515556788632302E-002  0.806030444467021E+002  0.697729929692447E+002
  0.515563105629975E-002  0.806030199413164E+002  0.697732939058682E+002
  0.515563211136521E-002  0.806030195320298E+002  0.697732989652196E+002
  0.515566232093865E-002  0.806030078130071E+002  0.697734442995526E+002
  0.489133304524997E-002  0.806029817815509E+002  0.697737704545694E+002
  0.489136510709872E-002  0.806029686719370E+002  0.697739364930553E+002
  0.489138817729501E-002  0.806029592389295E+002  0.697740567256635E+002
  0.489144695362842E-002  0.806029352064961E+002  0.697743659926635E+002
  0.489146183277466E-002  0.806029291227652E+002  0.697744449703304E+002
  0.489150795720316E-002  0.806029102636950E+002  0.697746916118310E+002
  0.489157087089711E-002  0.806028845402208E+002  0.697750325942745E+002
  0.489160130069923E-002  0.806028720985294E+002  0.697751994756325E+002
  0.473875897330040E-002  0.806028635674810E+002  0.697753146628155E+002
  0.473880930235904E-002  0.806028423261427E+002  0.697756042238846E+002
  0.473885220287272E-002  0.806028242201938E+002  0.697758542488881E+002
  0.473885592038799E-002  0.806028226512426E+002  0.697758760572136E+002
  0.473885823782376E-002  0.806028216731858E+002  0.697758896638183E+002
  0.456968515868604E-002  0.806027902231012E+002  0.697763320856184E+002
  0.456970592970953E-002  0.806027811323321E+002  0.697764617888116E+002
  0.456970817654776E-002  0.806027801489701E+002  0.697764758693454E+002
  0.456971072099635E-002  0.806027790353550E+002  0.697764918269045E+002
  0.456974463786402E-002  0.806027641912024E+002  0.697767057647359E+002
  0.456977282643690E-002  0.806027518541953E+002  0.697768853440838E+002
  0.437115307298048E-002  0.806027216460998E+002  0.697773321584870E+002
  0.437117105291755E-002  0.806027134194833E+002  0.697774556558941E+002
  0.437118912375813E-002  0.806027051513085E+002  0.697775805892634E+002
  0.437119717580938E-002  0.806027014671650E+002  0.697776365236629E+002
  0.437119927675844E-002  0.806027005058959E+002  0.697776511454040E+002
  0.414130753214294E-002  0.806026177403642E+002  0.697789557067846E+002
  0.414130775996023E-002  0.806026176303423E+002  0.697789575055198E+002
  0.414135288925005E-002  0.806025958357563E+002  0.697793175346420E+002
  0.414135343924128E-002  0.806025955701469E+002  0.697793219688283E+002
  0.414135684466100E-002  0.806025939255549E+002  0.697793494498003E+002
  0.414137270049821E-002  0.806025862682544E+002  0.697794779866129E+002
  0.414148898511988E-002  0.806025301115173E+002  0.697804520672623E+002
  0.414150848542748E-002  0.806025206944879E+002  0.697806212607476E+002
  0.414156000847838E-002  0.806024958133459E+002  0.697810772204160E+002
  0.414157393391822E-002  0.806024890886255E+002  0.697812027866516E+002
  0.414161041557501E-002  0.806024714714120E+002  0.697815367353399E+002
  0.414164116773145E-002  0.806024566211296E+002  0.697818241345295E+002
  0.414166470730137E-002  0.806024452538952E+002  0.697820479862798E+002
  0.414168474136201E-002  0.806024355795185E+002  0.697822412683664E+002
  0.414171729274910E-002  0.806024198606692E+002  0.697825610239748E+002
  0.414172375128753E-002  0.806024167418984E+002  0.697826253424163E+002
  0.414172503749278E-002  0.806024161208019E+002  0.697826381869214E+002
  0.414175396355287E-002  0.806024021527288E+002  0.697829302619682E+002
