  0.705367527890786E-001  0.870350538418942E+002  0.675134211997475E+002
  0.705367527890786E-001  0.870057022674056E+002  0.675171122183696E+002
  0.705367527890786E-001  0.817187976935586E+002  0.712669846266038E+002
  0.705367527890786E-001  0.862861597811194E+002  0.676095434536562E+002
  0.705367527890786E-001  0.855034616959414E+002  0.718782642770074E+002
  0.705367527890786E-001  0.818397276635138E+002  0.683026166726959E+002
  0.705367527890786E-001  0.848323980235818E+002  0.678093666551455E+002
  0.705367527890786E-001  0.848289222409973E+002  0.678098684946823E+002
  0.705367527890786E-001  0.847745213985231E+002  0.678177395676665E+002
  0.705367527890786E-001  0.819366831146639E+002  0.682841129804834E+002
  0.705367527890786E-001  0.819401963066562E+002  0.713095600045733E+002
  0.705367527890786E-001  0.820056732753515E+002  0.682710830643390E+002
  0.705367527890786E-001  0.846134050370736E+002  0.717517699283413E+002
  0.705367527890786E-001  0.820412944673787E+002  0.682643987999352E+002
  0.705367527890786E-001  0.821218056916567E+002  0.713436093646667E+002
  0.705367527890786E-001  0.821908592781417E+002  0.682366457686647E+002
  0.705367527890786E-001  0.843853772938112E+002  0.717180232536680E+002
  0.705367527890786E-001  0.822287181198818E+002  0.713633080488393E+002
  0.705367527890786E-001  0.822534170606929E+002  0.713678237298870E+002
  0.705367527890786E-001  0.840926135761016E+002  0.679191998907289E+002
  0.705367527890786E-001  0.840701623672686E+002  0.716703729579971E+002
  0.705367527890786E-001  0.823076828524216E+002  0.682153069557492E+002
  0.705367527890786E-001  0.839750050241482E+002  0.716557482847904E+002
  0.705367527890786E-001  0.839039133360515E+002  0.679482600237325E+002
  0.705367527890786E-001  0.824873529390626E+002  0.681830393865364E+002
  0.705367527890786E-001  0.838559656784306E+002  0.679557171316599E+002
  0.705367527890786E-001  0.838255938485285E+002  0.716325503401160E+002
  0.705367527890786E-001  0.838099696183062E+002  0.679628992161108E+002
  0.705367527890786E-001  0.837984739719718E+002  0.716283081404105E+002
  0.705367527890786E-001  0.837750024545023E+002  0.679683780650366E+002
  0.705367527890786E-001  0.837745560735256E+002  0.679684481126291E+002
  0.705367527890786E-001  0.837670056618888E+002  0.679696333553554E+002
  0.705367527890786E-001  0.837332266020141E+002  0.716180614083326E+002
  0.705367527890786E-001  0.825001572971209E+002  0.681807644062319E+002
  0.705367527890786E-001  0.836916912478504E+002  0.716115083811414E+002
  0.705367527890786E-001  0.825084593692016E+002  0.714137156821491E+002
  0.705367527890786E-001  0.836010287675836E+002  0.715971217342560E+002
  0.705367527890786E-001  0.825551262046981E+002  0.681710341260191E+002
  0.705367527890786E-001  0.825879114700859E+002  0.714277484514104E+002
  0.705367527890786E-001  0.826281678584757E+002  0.714348126259953E+002
  0.705367527890786E-001  0.827586352788612E+002  0.681355062084557E+002
  0.705367527890786E-001  0.828287165856404E+002  0.714695604691015E+002
  0.705367527890786E-001  0.816806265920048E+002  0.683334877149930E+002
  0.705367527890786E-001  0.816332902575242E+002  0.683427991168494E+002
  0.705367527890786E-001  0.816122550493228E+002  0.683469560909817E+002
  0.705367527890786E-001  0.815532125298788E+002  0.712343184778597E+002
  0.705367527890786E-001  0.815469869781110E+002  0.683599309188798E+002
  0.705367527890786E-001  0.814620944785033E+002  0.712160223759256E+002
  0.705367527890786E-001  0.813980023139461E+002  0.683899963711362E+002
  0.705367527890786E-001  0.813754081074379E+002  0.711983945086055E+002
  0.705367527890786E-001  0.811845193343001E+002  0.711587728838833E+002
  0.705367527890786E-001  0.811840622070255E+002  0.711586766175078E+002
  0.705367527890786E-001  0.811697822620378E+002  0.711556659723915E+002
  0.705367527890786E-001  0.811580024772344E+002  0.684398293419936E+002
  0.705367527890786E-001  0.811174370214634E+002  0.684484342354850E+002
  0.705367527890786E-001  0.810953397533981E+002  0.684531447791422E+002
  0.705367527890786E-001  0.810148909694823E+002  0.684704356440127E+002
  0.705367527890786E-001  0.810092646482858E+002  0.711213533971637E+002
  0.705367527890786E-001  0.809905580701750E+002  0.684757101027120E+002
  0.705367527890786E-001  0.809519444882607E+002  0.711088831635242E+002
  0.705367527890786E-001  0.809347485760827E+002  0.684878877989889E+002
  0.705367527890786E-001  0.809163218036189E+002  0.711010732459526E+002
  0.705367527890786E-001  0.808853305909288E+002  0.710942405009430E+002
  0.705367527890786E-001  0.808305290280864E+002  0.685109374310157E+002
  0.705367527890786E-001  0.807857302402301E+002  0.685209733137245E+002
  0.705367527890786E-001  0.807668755478381E+002  0.710677858946761E+002
  0.705367527890786E-001  0.807618722013153E+002  0.685263503824036E+002
  0.705367527890786E-001  0.807614619935123E+002  0.710665637168202E+002
  0.705367527890786E-001  0.807601743425211E+002  0.710662728402617E+002
  0.705367527890786E-001  0.807245284571646E+002  0.710581939165362E+002
  0.705367527890786E-001  0.806270103578360E+002  0.710358229393981E+002
  0.705367527890786E-001  0.806222858021776E+002  0.710347288455285E+002
  0.705367527890786E-001  0.806173508978355E+002  0.685594217432345E+002
  0.705367527890786E-001  0.806085848238114E+002  0.685614562034967E+002
  0.705367527890786E-001  0.806041553964030E+002  0.685624854756554E+002
  0.705367527890786E-001  0.805377457359120E+002  0.685780214122765E+002
  0.705367527890786E-001  0.805256493565595E+002  0.710121341232184E+002
  0.705367527890786E-001  0.804992251227178E+002  0.710058823373497E+002
  0.705367527890786E-001  0.804033939892801E+002  0.686100737248892E+002
  0.705367527890786E-001  0.803931611310521E+002  0.709804562093277E+002
  0.705367527890786E-001  0.803794742178790E+002  0.709771352327624E+002
  0.705367527890786E-001  0.803618335864643E+002  0.686201656485090E+002
  0.705367527890786E-001  0.803463366607020E+002  0.686239509285439E+002
  0.705367527890786E-001  0.803227829531987E+002  0.686297276749634E+002
  0.705367527890786E-001  0.802942927251605E+002  0.709562531536357E+002
  0.705367527890786E-001  0.802941676321717E+002  0.686367845391316E+002
  0.705367527890786E-001  0.802891704017197E+002  0.709549854279041E+002
  0.705367527890786E-001  0.802855794315955E+002  0.686389108803903E+002
  0.705367527890786E-001  0.802854255353675E+002  0.709540577309873E+002
  0.705367527890786E-001  0.802734312413770E+002  0.709510814278588E+002
  0.705367527890786E-001  0.802675915966305E+002  0.686433771711039E+002
  0.705367527890786E-001  0.802376557484389E+002  0.686508486945430E+002
  0.705367527890786E-001  0.802304391808870E+002  0.686526571384054E+002
  0.705367527890786E-001  0.802138633309478E+002  0.686568218476088E+002
  0.705367527890786E-001  0.802093630738568E+002  0.709350515760155E+002
  0.705367527890786E-001  0.802015976505909E+002  0.709330933061738E+002
  0.705367527890786E-001  0.802010008507548E+002  0.686600640832854E+002
  0.705367527890786E-001  0.801947138836219E+002  0.709313545453258E+002
  0.705367527890786E-001  0.801511152673508E+002  0.709202795565371E+002
  0.705367527890786E-001  0.801226093598464E+002  0.709129790465591E+002
  0.705367527890786E-001  0.801003340459364E+002  0.709072408261122E+002
  0.705367527890786E-001  0.800873736593276E+002  0.709038884897396E+002
  0.705367527890786E-001  0.800840567853255E+002  0.686899778357810E+002
  0.705367527890786E-001  0.800483802095016E+002  0.686992660769264E+002
  0.705367527890786E-001  0.800365648377852E+002  0.687023595379121E+002
  0.705367527890786E-001  0.800283087422764E+002  0.687045263223443E+002
  0.705367527890786E-001  0.800025483934834E+002  0.687113148478158E+002
  0.705367527890786E-001  0.799543844841949E+002  0.708688841727480E+002
  0.705367527890786E-001  0.799396026295087E+002  0.687280841533001E+002
  0.705367527890786E-001  0.799328934026406E+002  0.687298870985961E+002
  0.705367527890786E-001  0.799012326374836E+002  0.687384366323642E+002
  0.705367527890786E-001  0.798965530263114E+002  0.708533005889515E+002
  0.705367527890786E-001  0.798949063101334E+002  0.708528534894892E+002
  0.705367527890786E-001  0.798931232812002E+002  0.687406375836550E+002
  0.705367527890786E-001  0.798806139005560E+002  0.687440417668811E+002
  0.705367527890786E-001  0.798688484071094E+002  0.708457531553697E+002
  0.705367527890786E-001  0.798243839326457E+002  0.708335250967960E+002
  0.705367527890786E-001  0.798198620171159E+002  0.708322734495829E+002
  0.705367527890786E-001  0.797401372432260E+002  0.687830546337565E+002
  0.705367527890786E-001  0.797353340790212E+002  0.708085916040349E+002
  0.705367527890786E-001  0.797326502512042E+002  0.687851761461092E+002
  0.705367527890786E-001  0.797306265685161E+002  0.708072564091303E+002
  0.705367527890786E-001  0.797286971945051E+002  0.687862980805581E+002
  0.705367527890786E-001  0.797000118512963E+002  0.707985297251476E+002
  0.705367527890786E-001  0.796966754426026E+002  0.687954326606422E+002
  0.705367527890786E-001  0.796951565443556E+002  0.707971387343131E+002
  0.705367527890786E-001  0.796780508727447E+002  0.688007840805370E+002
  0.705367527890786E-001  0.796766074504273E+002  0.688012000221659E+002
  0.705367527890786E-001  0.796410307670199E+002  0.707814993119026E+002
  0.705367527890786E-001  0.796376166813868E+002  0.707805044918834E+002
  0.705367527890786E-001  0.796190583864185E+002  0.707750791568423E+002
  0.705367527890786E-001  0.796008252457837E+002  0.707697194238066E+002
  0.705367527890786E-001  0.795926466875299E+002  0.688257010721387E+002
  0.705367527890786E-001  0.795836280575005E+002  0.688283697262044E+002
  0.705367527890786E-001  0.795830364830205E+002  0.688285450329448E+002
  0.705367527890786E-001  0.795687035830512E+002  0.707602045698920E+002
  0.705367527890786E-001  0.795685706333974E+002  0.707601649932531E+002
  0.705367527890786E-001  0.795530697943220E+002  0.688374672639692E+002
  0.705367527890786E-001  0.795364254937731E+002  0.707505477975729E+002
  0.705367527890786E-001  0.795041501165885E+002  0.688522136506296E+002
  0.705367527890786E-001  0.795014997477876E+002  0.688530191616696E+002
  0.705367527890786E-001  0.794917398572620E+002  0.707370153741727E+002
  0.705367527890786E-001  0.794843332324351E+002  0.707347535246056E+002
  0.705367527890786E-001  0.794811762430550E+002  0.688592189720399E+002
  0.705367527890786E-001  0.794788987410074E+002  0.707330904546736E+002
  0.705367527890786E-001  0.794670359059934E+002  0.688635568737282E+002
  0.705367527890786E-001  0.794624513714043E+002  0.688649676305988E+002
  0.705367527890786E-001  0.794611062811478E+002  0.688653819484738E+002
  0.705367527890786E-001  0.794578006823834E+002  0.707266058190600E+002
  0.705367527890786E-001  0.794385416129843E+002  0.707206466847009E+002
  0.705367527890786E-001  0.794360968280103E+002  0.707198874694015E+002
  0.705367527890786E-001  0.794117063020354E+002  0.707122786553073E+002
  0.705367527890786E-001  0.794114605076691E+002  0.707122016560665E+002
  0.705367527890786E-001  0.794112664081309E+002  0.688808659034361E+002
  0.705367527890786E-001  0.793973339095311E+002  0.688852414221095E+002
  0.705367527890786E-001  0.793758844506738E+002  0.688920190285183E+002
  0.705367527890786E-001  0.793720308441649E+002  0.706997646686177E+002
  0.705367527890786E-001  0.793667830710977E+002  0.688949102810878E+002
  0.705367527890786E-001  0.793661918131459E+002  0.688950984279207E+002
  0.705367527890786E-001  0.793654861992193E+002  0.706976837340744E+002
  0.705367527890786E-001  0.793623313347533E+002  0.688963278546016E+002
  0.705367527890786E-001  0.793579690571716E+002  0.688977191104879E+002
  0.705367527890786E-001  0.793490392775872E+002  0.689005738119854E+002
  0.705367527890786E-001  0.793409778903762E+002  0.706898480123378E+002
  0.705367527890786E-001  0.793029495757310E+002  0.689154549803609E+002
  0.705367527890786E-001  0.792819326900835E+002  0.689223248780562E+002
  0.705367527890786E-001  0.792772835280935E+002  0.689238518786671E+002
  0.705367527890786E-001  0.792675683889665E+002  0.689270514386793E+002
  0.705367527890786E-001  0.792643071883663E+002  0.706648786326460E+002
  0.705367527890786E-001  0.792451620137728E+002  0.689344759771856E+002
  0.705367527890786E-001  0.792338877646993E+002  0.706547706679877E+002
  0.705367527890786E-001  0.792336217310033E+002  0.689383250065448E+002
  0.705367527890786E-001  0.792286676692368E+002  0.706530241093330E+002
  0.705367527890786E-001  0.792245561999567E+002  0.706516459676252E+002
  0.705367527890786E-001  0.792180632154609E+002  0.706494650203422E+002
  0.705367527890786E-001  0.792143195065398E+002  0.689448017531199E+002
  0.705367527890786E-001  0.792047314166432E+002  0.689480373583171E+002
  0.705367527890786E-001  0.791840643232873E+002  0.706379527448846E+002
  0.705367527890786E-001  0.791832871184321E+002  0.689553190143633E+002
  0.705367527890786E-001  0.791588653496144E+002  0.706293175088132E+002
  0.705367527890786E-001  0.791570026220296E+002  0.706286756288318E+002
  0.705367527890786E-001  0.791298196081759E+002  0.706192516208931E+002
  0.705367527890786E-001  0.791086794170710E+002  0.706118472911871E+002
  0.705367527890786E-001  0.791047720763103E+002  0.689825353757470E+002
  0.705367527890786E-001  0.791047305087903E+002  0.706104567242773E+002
  0.705367527890786E-001  0.791044190572931E+002  0.689826598011747E+002
  0.705367527890786E-001  0.790922500846986E+002  0.706060461691534E+002
  0.705367527890786E-001  0.790720302267588E+002  0.705988490568053E+002
  0.705367527890786E-001  0.790713151335819E+002  0.705985933422177E+002
  0.705367527890786E-001  0.790583162481873E+002  0.705939306972429E+002
  0.705367527890786E-001  0.790490700081509E+002  0.690024093024707E+002
  0.705367527890786E-001  0.790472288472938E+002  0.690030747088362E+002
  0.705367527890786E-001  0.790410108793313E+002  0.705876806945306E+002
  0.705367527890786E-001  0.790373674388603E+002  0.690066482216649E+002
  0.705367527890786E-001  0.790336419492786E+002  0.705850042948400E+002
  0.705367527890786E-001  0.790244064449794E+002  0.690113696781833E+002
  0.705367527890786E-001  0.790157244830363E+002  0.690145483043382E+002
  0.705367527890786E-001  0.790039897773979E+002  0.705741415053621E+002
  0.705367527890786E-001  0.789961824590129E+002  0.705712560390775E+002
  0.705367527890786E-001  0.789943577269758E+002  0.690224266548452E+002
  0.705367527890786E-001  0.789898371443458E+002  0.705689029667232E+002
  0.705367527890786E-001  0.789872462791870E+002  0.705679401165215E+002
  0.705367527890786E-001  0.789871379674349E+002  0.690251069118033E+002
  0.705367527890786E-001  0.789816324650240E+002  0.705658497054062E+002
  0.705367527890786E-001  0.789816231034322E+002  0.690271605352705E+002
  0.705367527890786E-001  0.789680835725138E+002  0.690322257855097E+002
  0.705367527890786E-001  0.789678230752023E+002  0.705606831810674E+002
  0.705367527890786E-001  0.789358236698064E+002  0.690444319453028E+002
  0.705367527890786E-001  0.789353804396136E+002  0.690446010299774E+002
  0.705367527890786E-001  0.789190033293659E+002  0.705421312528488E+002
  0.705367527890786E-001  0.789080875744219E+002  0.690550870773578E+002
  0.705367527890786E-001  0.789030004960842E+002  0.690570579978476E+002
  0.705367527890786E-001  0.789027727045309E+002  0.705358603744269E+002
  0.705367527890786E-001  0.789010488895755E+002  0.690578155174026E+002
  0.705367527890786E-001  0.788958148839143E+002  0.705331557979255E+002
  0.705367527890786E-001  0.788958141062106E+002  0.690598512548960E+002
  0.705367527890786E-001  0.788944619126797E+002  0.690603780198738E+002
  0.705367527890786E-001  0.788842180095673E+002  0.690643809802461E+002
  0.705367527890786E-001  0.788774219142790E+002  0.705259579717698E+002
  0.705367527890786E-001  0.788740578681642E+002  0.705246338033834E+002
  0.705367527890786E-001  0.788719577939226E+002  0.690692008079258E+002
  0.705367527890786E-001  0.788694805187923E+002  0.690701785770636E+002
  0.705367527890786E-001  0.788562506900846E+002  0.690754227765816E+002
  0.705367527890786E-001  0.788462675179583E+002  0.690794054153969E+002
  0.705367527890786E-001  0.788435296796343E+002  0.705125052437823E+002
  0.705367527890786E-001  0.788421816801656E+002  0.690810417933219E+002
  0.705367527890786E-001  0.788404307876409E+002  0.705112625775499E+002
  0.705367527890786E-001  0.788238817472312E+002  0.690884173136448E+002
  0.705367527890786E-001  0.788198678422410E+002  0.690900453562854E+002
  0.705367527890786E-001  0.788154540371875E+002  0.705011668091246E+002
  0.705367527890786E-001  0.788130036008586E+002  0.705001685239966E+002
  0.705367527890786E-001  0.788085457859720E+002  0.704983488102232E+002
  0.705367527890786E-001  0.788055564490492E+002  0.704971258929126E+002
  0.705367527890786E-001  0.788053160893696E+002  0.690959792792840E+002
  0.705367527890786E-001  0.787853046483224E+002  0.691042226202884E+002
  0.705367527890786E-001  0.787825000141942E+002  0.704876209571452E+002
  0.705367527890786E-001  0.787787609660590E+002  0.691069395485801E+002
  0.705367527890786E-001  0.787782232943231E+002  0.691071632652616E+002
  0.705367527890786E-001  0.787639714769361E+002  0.704798868312829E+002
  0.705367527890786E-001  0.787375624300191E+002  0.704687094596410E+002
  0.705367527890786E-001  0.787268774124413E+002  0.691288727902623E+002
  0.705367527890786E-001  0.787262343426665E+002  0.691291491641137E+002
  0.705367527890786E-001  0.787256665755180E+002  0.691293932701212E+002
  0.705367527890786E-001  0.787197567602202E+002  0.691319394621494E+002
  0.705367527890786E-001  0.787179873746235E+002  0.704603030637791E+002
  0.705367527890786E-001  0.787068007035928E+002  0.704554508581460E+002
  0.705367527890786E-001  0.787044612710534E+002  0.704544316077011E+002
  0.705367527890786E-001  0.786898066120948E+002  0.704480105464984E+002
  0.705367527890786E-001  0.786894402072080E+002  0.691451575579423E+002
  0.705367527890786E-001  0.786841041268948E+002  0.691475119649078E+002
  0.705367527890786E-001  0.786793947100748E+002  0.691495969912806E+002
  0.705367527890786E-001  0.786695788067051E+002  0.704390421616032E+002
  0.705367527890786E-001  0.786657368000368E+002  0.704373245506515E+002
  0.705367527890786E-001  0.786616221427677E+002  0.704354799281424E+002
  0.705367527890786E-001  0.786527675611829E+002  0.691615145504024E+002
  0.705367527890786E-001  0.786448342891500E+002  0.691651087508445E+002
  0.705367527890786E-001  0.786396225361952E+002  0.704255256162040E+002
  0.705367527890786E-001  0.786384413676465E+002  0.704249867051038E+002
  0.705367527890786E-001  0.786334912958813E+002  0.691702835718928E+002
  0.705367527890786E-001  0.786220251941338E+002  0.704174483644200E+002
  0.705367527890786E-001  0.786185057778222E+002  0.704158202969142E+002
  0.705367527890786E-001  0.786169040790016E+002  0.704150779388127E+002
  0.705367527890786E-001  0.786165211850988E+002  0.704149003425107E+002
  0.705367527890786E-001  0.786144677170487E+002  0.691790597317477E+002
  0.705367527890786E-001  0.786074740648378E+002  0.691823176423654E+002
  0.705367527890786E-001  0.785993530740682E+002  0.704068842203901E+002
  0.705367527890786E-001  0.785820836162344E+002  0.703987131363716E+002
  0.705367527890786E-001  0.785800200192472E+002  0.691952774370370E+002
  0.705367527890786E-001  0.785779712329392E+002  0.691962557946587E+002
  0.705367527890786E-001  0.785754783250297E+002  0.691974483887270E+002
  0.705367527890786E-001  0.785717893946712E+002  0.703937892273531E+002
  0.705367527890786E-001  0.785675362049769E+002  0.703917429604797E+002
  0.705367527890786E-001  0.785651733562055E+002  0.692024036332276E+002
  0.705367527890786E-001  0.785609024195535E+002  0.692044695113282E+002
  0.705367527890786E-001  0.785563701545225E+002  0.692066697088404E+002
  0.705367527890786E-001  0.785539542482487E+002  0.692078458756584E+002
  0.705367527890786E-001  0.785528604170270E+002  0.692083791731997E+002
  0.705367527890786E-001  0.785475589497927E+002  0.692109707861307E+002
  0.705367527890786E-001  0.785473358441703E+002  0.692110801024908E+002
  0.705367527890786E-001  0.785441778014205E+002  0.703803770876521E+002
  0.705367527890786E-001  0.785381100821953E+002  0.692156185165380E+002
  0.705367527890786E-001  0.785360575419035E+002  0.692166330496637E+002
  0.705367527890786E-001  0.785259486201660E+002  0.692216558292386E+002
  0.705367527890786E-001  0.785257266062684E+002  0.703712401169623E+002
  0.705367527890786E-001  0.785214091241122E+002  0.703690810641406E+002
  0.705367527890786E-001  0.785148205895848E+002  0.703657705389257E+002
  0.705367527890786E-001  0.785140213102792E+002  0.692276391333667E+002
  0.705367527890786E-001  0.785020553644488E+002  0.692337057355578E+002
  0.705367527890786E-001  0.784927788009142E+002  0.692384542312259E+002
  0.705367527890786E-001  0.784916662124080E+002  0.692390264604343E+002
  0.705367527890786E-001  0.784906491389877E+002  0.703534566714911E+002
  0.705367527890786E-001  0.784837742080313E+002  0.692431024794191E+002
  0.705367527890786E-001  0.784833741697804E+002  0.692433098887217E+002
  0.705367527890786E-001  0.784809977813997E+002  0.692445435901834E+002
  0.705367527890786E-001  0.784807338892440E+002  0.703483259900818E+002
  0.705367527890786E-001  0.784609807154815E+002  0.703379597550238E+002
  0.705367527890786E-001  0.784494004553872E+002  0.703317892354315E+002
  0.705367527890786E-001  0.784419106469455E+002  0.703277601389598E+002
  0.705367527890786E-001  0.784401362717972E+002  0.703268011396132E+002
  0.705367527890786E-001  0.784393948081328E+002  0.703263998854135E+002
  0.705367527890786E-001  0.784382525684968E+002  0.692672255999602E+002
  0.705367527890786E-001  0.784268012707863E+002  0.692734690597342E+002
  0.705367527890786E-001  0.784240902699183E+002  0.692749580891887E+002
  0.705367527890786E-001  0.784086553994965E+002  0.692835181103866E+002
  0.705367527890786E-001  0.784082213672475E+002  0.703092458639622E+002
  0.705367527890786E-001  0.784053454349927E+002  0.703076342999600E+002
  0.705367527890786E-001  0.784053154109520E+002  0.692853893011463E+002
  0.705367527890786E-001  0.784028541555831E+002  0.692867725875301E+002
  0.705367527890786E-001  0.783953016789007E+002  0.692910408963831E+002
  0.705367527890786E-001  0.783935261203738E+002  0.703009571471172E+002
  0.705367527890786E-001  0.783933480969271E+002  0.703008558995507E+002
  0.705367527890786E-001  0.783917818248499E+002  0.702999642334481E+002
  0.705367527890786E-001  0.783911344218298E+002  0.702995952104967E+002
  0.705367527890786E-001  0.783897664181883E+002  0.702988145499262E+002
  0.705367527890786E-001  0.783896455293044E+002  0.702987455055113E+002
  0.705367527890786E-001  0.783891240451720E+002  0.692945591934822E+002
  0.705367527890786E-001  0.783865556868066E+002  0.702969775414149E+002
  0.705367527890786E-001  0.783862660410384E+002  0.702968114899342E+002
  0.705367527890786E-001  0.783811979829858E+002  0.692991097059751E+002
  0.705367527890786E-001  0.783808015056379E+002  0.692993384254615E+002
  0.705367527890786E-001  0.783797044869185E+002  0.692999718216555E+002
  0.705367527890786E-001  0.783771807449200E+002  0.702915746946632E+002
  0.705367527890786E-001  0.783768011350895E+002  0.693016520698368E+002
  0.705367527890786E-001  0.783610381993638E+002  0.702821307903504E+002
  0.705367527890786E-001  0.783572838297656E+002  0.702799079201911E+002
  0.705367527890786E-001  0.783556366391896E+002  0.693140773235376E+002
  0.705367527890786E-001  0.783554452101266E+002  0.693141911684284E+002
  0.705367527890786E-001  0.783511931187172E+002  0.693167268963782E+002
  0.705367527890786E-001  0.783495423270820E+002  0.702752917876812E+002
  0.705367527890786E-001  0.783458826020938E+002  0.702730939889374E+002
  0.705367527890786E-001  0.783452765292888E+002  0.702727290410946E+002
  0.705367527890786E-001  0.783445943638385E+002  0.693206888108723E+002
  0.705367527890786E-001  0.783434133246132E+002  0.693214013965543E+002
  0.705367527890786E-001  0.783379864937325E+002  0.693246895349506E+002
  0.705367527890786E-001  0.783343327764965E+002  0.693269163056236E+002
  0.705367527890786E-001  0.783300185590973E+002  0.702634474576852E+002
  0.705367527890786E-001  0.783233960327436E+002  0.693336457643494E+002
  0.705367527890786E-001  0.783232679293183E+002  0.702592815828255E+002
  0.705367527890786E-001  0.783228350114571E+002  0.702590131449722E+002
  0.705367527890786E-001  0.783198567514771E+002  0.702571621861260E+002
  0.705367527890786E-001  0.783170804869091E+002  0.702554300424269E+002
  0.705367527890786E-001  0.783130386127739E+002  0.693401102319651E+002
  0.705367527890786E-001  0.783124264646320E+002  0.693404951655352E+002
  0.705367527890786E-001  0.783064094533676E+002  0.702487105030725E+002
  0.705367527890786E-001  0.782955349165763E+002  0.702417585033448E+002
  0.705367527890786E-001  0.782936249334289E+002  0.693524805202865E+002
  0.705367527890786E-001  0.782923078144037E+002  0.693533322888913E+002
  0.705367527890786E-001  0.782923070313628E+002  0.693533327957635E+002
  0.705367527890786E-001  0.782886243766004E+002  0.702372836782297E+002
  0.705367527890786E-001  0.782883139151696E+002  0.702370815764083E+002
  0.705367527890786E-001  0.782882941908458E+002  0.702370687332859E+002
  0.705367527890786E-001  0.782735454306124E+002  0.702273582001784E+002
  0.705367527890786E-001  0.782728865556800E+002  0.693660874628079E+002
  0.705367527890786E-001  0.782713339909024E+002  0.693671234862494E+002
  0.705367527890786E-001  0.782689860030900E+002  0.702243116897526E+002
  0.705367527890786E-001  0.782630871196274E+002  0.702203376921987E+002
  0.705367527890786E-001  0.782601324502992E+002  0.693746736506858E+002
  0.705367527890786E-001  0.782573289232731E+002  0.702164222011186E+002
  0.705367527890786E-001  0.782557899348638E+002  0.702153695126032E+002
  0.705367527890786E-001  0.782476441512084E+002  0.702097530318046E+002
  0.705367527890786E-001  0.782358522155553E+002  0.693915221741528E+002
  0.705367527890786E-001  0.782346897854009E+002  0.702006603250428E+002
  0.705367527890786E-001  0.782288579221911E+002  0.701964994584003E+002
  0.705367527890786E-001  0.782206391595959E+002  0.694024457225677E+002
  0.705367527890786E-001  0.782191702811617E+002  0.694035165062075E+002
  0.705367527890786E-001  0.782183101239627E+002  0.694041449006394E+002
  0.705367527890786E-001  0.782181066032323E+002  0.694042937315604E+002
  0.705367527890786E-001  0.782172149610799E+002  0.701880603102725E+002
  0.705367527890786E-001  0.782167443964898E+002  0.694052913457468E+002
  0.705367527890786E-001  0.782166301313775E+002  0.701876316063168E+002
  0.705367527890786E-001  0.782135953024570E+002  0.701853993641979E+002
  0.705367527890786E-001  0.782130245979204E+002  0.701849781545683E+002
  0.705367527890786E-001  0.782106445912465E+002  0.701832166398295E+002
  0.705367527890786E-001  0.782102131793540E+002  0.701828964791195E+002
  0.705367527890786E-001  0.782096640019865E+002  0.701824885377418E+002
  0.705367527890786E-001  0.782084481824090E+002  0.701815838619929E+002
  0.705367527890786E-001  0.782062459263930E+002  0.694130669930583E+002
  0.705367527890786E-001  0.782060602360759E+002  0.694132059434623E+002
  0.705367527890786E-001  0.781970203771062E+002  0.701729743457175E+002
  0.705367527890786E-001  0.781963736631187E+002  0.694205255217971E+002
  0.705367527890786E-001  0.781963206013163E+002  0.694205660099810E+002
  0.705367527890786E-001  0.781961635652102E+002  0.701723208898748E+002
  0.705367527890786E-001  0.781813199401635E+002  0.701608142617455E+002
  0.705367527890786E-001  0.781797277612743E+002  0.701595583644908E+002
  0.705367527890786E-001  0.781782432024607E+002  0.694346233195112E+002
  0.705367527890786E-001  0.781780708231979E+002  0.701582467559307E+002
  0.705367527890786E-001  0.781766631098631E+002  0.694358780678696E+002
  0.705367527890786E-001  0.781765755015451E+002  0.694359477652232E+002
  0.705367527890786E-001  0.781751991710223E+002  0.694370444875199E+002
  0.705367527890786E-001  0.781698470984040E+002  0.694413414494826E+002
  0.705367527890786E-001  0.781678568917233E+002  0.694429526261081E+002
  0.705367527890786E-001  0.781640019756198E+002  0.694460944535161E+002
  0.705367527890786E-001  0.781617218183716E+002  0.701450405963706E+002
  0.705367527890786E-001  0.781584513184554E+002  0.694506684752350E+002
  0.705367527890786E-001  0.781569108073873E+002  0.694519486986613E+002
  0.705367527890786E-001  0.781562805156083E+002  0.701405328814691E+002
  0.705367527890786E-001  0.781562699486680E+002  0.701405240700816E+002
  0.705367527890786E-001  0.781562101685832E+002  0.701404742173910E+002
  0.705367527890786E-001  0.781560716533896E+002  0.694526480729847E+002
  0.705367527890786E-001  0.781560668422646E+002  0.701403546631536E+002
  0.705367527890786E-001  0.781539000096144E+002  0.701385421296404E+002
  0.705367527890786E-001  0.781478430631821E+002  0.701334238357658E+002
  0.705367527890786E-001  0.781475931226144E+002  0.694597957926819E+002
  0.705367527890786E-001  0.781459927625245E+002  0.694611620484376E+002
  0.705367527890786E-001  0.781442477223931E+002  0.701303485574607E+002
  0.705367527890786E-001  0.781440803457475E+002  0.701302047012873E+002
  0.705367527890786E-001  0.781422477687343E+002  0.701286255698701E+002
  0.705367527890786E-001  0.781404563321621E+002  0.694659321520740E+002
  0.705367527890786E-001  0.781395664510680E+002  0.701263014540935E+002
  0.705367527890786E-001  0.781362406069424E+002  0.701233957165659E+002
  0.705367527890786E-001  0.781350115900855E+002  0.694706913635651E+002
  0.705367527890786E-001  0.781348712808837E+002  0.701221918239248E+002
  0.705367527890786E-001  0.781319575887198E+002  0.694733915307782E+002
  0.705367527890786E-001  0.781315051441278E+002  0.694737934769643E+002
  0.705367527890786E-001  0.781278730214544E+002  0.701159682150009E+002
  0.705367527890786E-001  0.781270051006298E+002  0.694778188553329E+002
  0.705367527890786E-001  0.781253252469727E+002  0.701136721372065E+002
  0.705367527890786E-001  0.781211298034391E+002  0.694831522465067E+002
  0.705367527890786E-001  0.781199950725146E+002  0.694841928097893E+002
  0.705367527890786E-001  0.781193371292638E+002  0.694847977434439E+002
  0.705367527890786E-001  0.781170140253709E+002  0.694869431337174E+002
  0.705367527890786E-001  0.781145937395803E+002  0.701038125483956E+002
  0.705367527890786E-001  0.781129184462055E+002  0.701022446792690E+002
  0.705367527890786E-001  0.781125641465678E+002  0.701019120671515E+002
  0.705367527890786E-001  0.781068851510004E+002  0.700965303771170E+002
  0.705367527890786E-001  0.781063278693925E+002  0.700959970597709E+002
  0.705367527890786E-001  0.781053441780740E+002  0.700950533441913E+002
  0.705367527890786E-001  0.781040324850132E+002  0.694992164542096E+002
  0.705367527890786E-001  0.780971260930434E+002  0.700870494806829E+002
  0.705367527890786E-001  0.780960041102899E+002  0.700859395736315E+002
  0.705367527890786E-001  0.780944833891062E+002  0.700844283902715E+002
  0.705367527890786E-001  0.780943577165060E+002  0.700843031509107E+002
  0.705367527890786E-001  0.780930674033551E+002  0.695099926305364E+002
  0.705367527890786E-001  0.780897516695931E+002  0.695133319827052E+002
  0.705367527890786E-001  0.780896816646773E+002  0.700796038390936E+002
  0.705367527890786E-001  0.780882201967877E+002  0.695148877324677E+002
  0.705367527890786E-001  0.780861353897151E+002  0.700759872435325E+002
  0.705367527890786E-001  0.780801991068859E+002  0.695231805813325E+002
  0.705367527890786E-001  0.780800826802551E+002  0.695233028059735E+002
  0.705367527890786E-001  0.780758794067737E+002  0.700652541229601E+002
  0.705367527890786E-001  0.780746592815130E+002  0.700639485652579E+002
  0.705367527890786E-001  0.780737871733507E+002  0.695299952767671E+002
  0.705367527890786E-001  0.780725980285761E+002  0.700617283859132E+002
  0.705367527890786E-001  0.780716541756873E+002  0.700607055328326E+002
  0.705367527890786E-001  0.780679140255199E+002  0.695363939629248E+002
  0.705367527890786E-001  0.780678947323277E+002  0.695364152419125E+002
  0.705367527890786E-001  0.780677744769034E+002  0.700564588358019E+002
  0.705367527890786E-001  0.780663256323864E+002  0.700548550373993E+002
  0.705367527890786E-001  0.780661585624293E+002  0.695383372913334E+002
  0.705367527890786E-001  0.780623708449069E+002  0.700504257282289E+002
  0.705367527890786E-001  0.780609605160622E+002  0.700488273717127E+002
  0.705367527890786E-001  0.780598965801731E+002  0.695453918923939E+002
  0.705367527890786E-001  0.780587443298274E+002  0.700462950572067E+002
  0.705367527890786E-001  0.780575629365901E+002  0.695480721533443E+002
  0.705367527890786E-001  0.780564856364275E+002  0.695493192702598E+002
  0.705367527890786E-001  0.780563684990126E+002  0.700435514982308E+002
  0.705367527890786E-001  0.780538666277163E+002  0.700406290627325E+002
  0.705367527890786E-001  0.780517098746969E+002  0.700380813868510E+002
  0.705367527890786E-001  0.780491617943554E+002  0.700350363916847E+002
  0.705367527890786E-001  0.780489618174678E+002  0.695582109804206E+002
  0.705367527890786E-001  0.780476664606666E+002  0.695597755413410E+002
  0.705367527890786E-001  0.780446375117194E+002  0.700295317807144E+002
  0.705367527890786E-001  0.780446261510570E+002  0.695634889552338E+002
  0.705367527890786E-001  0.780439492049022E+002  0.695643238567534E+002
  0.705367527890786E-001  0.780437701048310E+002  0.700284615000827E+002
  0.705367527890786E-001  0.780432850592522E+002  0.700278608510274E+002
  0.705367527890786E-001  0.780428664301165E+002  0.700273411912464E+002
  0.705367527890786E-001  0.780417353391227E+002  0.695670755100537E+002
  0.705367527890786E-001  0.780406561392501E+002  0.700245778474888E+002
  0.705367527890786E-001  0.780388034052745E+002  0.700222354668781E+002
  0.705367527890786E-001  0.780386256351061E+002  0.700220094357545E+002
  0.705367527890786E-001  0.780377773036817E+002  0.700209276644988E+002
  0.705367527890786E-001  0.780372873013132E+002  0.700203004431890E+002
  0.705367527890786E-001  0.780353649274707E+002  0.700178225672348E+002
  0.705367527890786E-001  0.780345906894021E+002  0.700168167278807E+002
  0.705367527890786E-001  0.780342232323011E+002  0.700163377412838E+002
  0.705367527890786E-001  0.780322680589760E+002  0.700137713831001E+002
  0.705367527890786E-001  0.780312159188637E+002  0.695806290309234E+002
  0.705367527890786E-001  0.780305534096021E+002  0.695815112255417E+002
  0.705367527890786E-001  0.780303704708849E+002  0.695817554645128E+002
  0.705367527890786E-001  0.780288992518534E+002  0.695837298621582E+002
  0.705367527890786E-001  0.780274611870200E+002  0.695856776356631E+002
  0.705367527890786E-001  0.780271196113767E+002  0.695861429301969E+002
  0.705367527890786E-001  0.780262468138382E+002  0.700056701931459E+002
  0.705367527890786E-001  0.780237080336650E+002  0.695908479399987E+002
  0.705367527890786E-001  0.780225952630717E+002  0.695924060529169E+002
  0.705367527890786E-001  0.780223151491087E+002  0.700002066009588E+002
  0.705367527890786E-001  0.780219281799777E+002  0.699996609113471E+002
  0.705367527890786E-001  0.780207905951665E+002  0.695949585744868E+002
  0.705367527890786E-001  0.780203013551001E+002  0.699973506054418E+002
  0.705367527890786E-001  0.780180452775260E+002  0.695989047719856E+002
  0.705367527890786E-001  0.780145531882143E+002  0.699889654657546E+002
  0.705367527890786E-001  0.780144181161013E+002  0.699887640316507E+002
  0.705367527890786E-001  0.780141941048397E+002  0.696045772541224E+002
  0.705367527890786E-001  0.786207318502693E+002  0.699793331890770E+002
  0.705367527890786E-001  0.786199710525991E+002  0.699781355329912E+002
  0.705367527890786E-001  0.786190591458522E+002  0.699766895103914E+002
  0.705367527890786E-001  0.786189311357215E+002  0.699764855931428E+002
  0.705367527890786E-001  0.786186659608495E+002  0.699760624388239E+002
  0.705367527890786E-001  0.786151791438218E+002  0.699704025722381E+002
  0.705367527890786E-001  0.786133016014466E+002  0.699672772299372E+002
  0.705367527890786E-001  0.786130781016406E+002  0.699669013759818E+002
  0.705367527890786E-001  0.786122342572963E+002  0.699654747673601E+002
  0.705367527890786E-001  0.786113975753370E+002  0.699640482748951E+002
  0.705367527890786E-001  0.786074096089987E+002  0.699570749710106E+002
  0.705367527890786E-001  0.786070905195729E+002  0.699565038845616E+002
  0.705367527890786E-001  0.786021906514406E+002  0.699474633446508E+002
  0.705367527890786E-001  0.785944494473079E+002  0.699319562211656E+002
  0.705367527890786E-001  0.785884582630960E+002  0.699186102591688E+002
  0.705367527890786E-001  0.785882803953300E+002  0.699181916706540E+002
  0.705367527890786E-001  0.785869131240529E+002  0.699149245850864E+002
  0.705367527890786E-001  0.785866133351759E+002  0.699141961195124E+002
  0.705367527890786E-001  0.785861338808714E+002  0.699130216137901E+002
  0.705367527890786E-001  0.785845833246305E+002  0.699091394426883E+002
  0.705367527890786E-001  0.785834974650535E+002  0.699063390823468E+002
  0.705367527890786E-001  0.785830832338013E+002  0.699052518073842E+002
  0.705367527890786E-001  0.785800995030679E+002  0.698970734287144E+002
  0.705367527890786E-001  0.785799541584327E+002  0.698966579838049E+002
  0.705367527890786E-001  0.785769662010421E+002  0.698876989605318E+002
  0.705367527890786E-001  0.785766381831163E+002  0.698866612243362E+002
  0.705367527890786E-001  0.785765322481811E+002  0.698863235212990E+002
  0.705367527890786E-001  0.785762492440599E+002  0.698854150608485E+002
  0.705367527890786E-001  0.785759794436828E+002  0.698845402570249E+002
  0.705367527890786E-001  0.785748575475882E+002  0.698808053077600E+002
  0.705367527890786E-001  0.785742033879338E+002  0.698785490834162E+002
  0.705367527890786E-001  0.785718084888898E+002  0.698696979701213E+002
  0.705367527890786E-001  0.785703675259565E+002  0.698638139284011E+002
  0.705367527890786E-001  0.785701444270346E+002  0.698628562936316E+002
  0.705367527890786E-001  0.785697417727326E+002  0.698610920033232E+002
  0.705367527890786E-001  0.785684898631755E+002  0.698552691834924E+002
  0.705367527890786E-001  0.785679126165246E+002  0.698523802997655E+002
  0.705367527890786E-001  0.785678850195133E+002  0.698522384376667E+002
  0.705367527890786E-001  0.785668871248349E+002  0.698468408864659E+002
  0.705367527890786E-001  0.785661684349320E+002  0.698425633779814E+002
  0.705367527890786E-001  0.785653023902634E+002  0.698368101902674E+002
  0.705367527890786E-001  0.785650037470627E+002  0.698346254918082E+002
  0.705367527890786E-001  0.785649135910884E+002  0.698339409189382E+002
  0.705367527890786E-001  0.785643180201255E+002  0.698290589701851E+002
  0.705367527890786E-001  0.785642172444241E+002  0.698281585123585E+002
  0.705367527890786E-001  0.785639020002119E+002  0.698251596044957E+002
  0.705367527890786E-001  0.785638172937089E+002  0.698242986978987E+002
  0.705367527890786E-001  0.785635959233036E+002  0.698219114624151E+002
  0.705367527890786E-001  0.785635920391176E+002  0.698218675700987E+002
  0.705367527890786E-001  0.785635443660316E+002  0.698213225295768E+002
  0.705367527890786E-001  0.785635196093095E+002  0.698210347123219E+002
  0.705367527890786E-001  0.793358289831635E+002  0.697833468664831E+002
  0.705367527890786E-001  0.793357815765329E+002  0.697844246899153E+002
  0.705367527890786E-001  0.793356572021291E+002  0.697878699483539E+002
  0.705367527890786E-001  0.793356356713408E+002  0.697886177564490E+002
  0.705367527890786E-001  0.793356088806550E+002  0.697896614388479E+002
  0.705367527890786E-001  0.793355734141828E+002  0.697913591010515E+002
  0.705367527890786E-001  0.793355487653847E+002  0.697929931682317E+002
