  0.299450729602525E-235  0.118248936897157E+004  0.794052514131295E+002  0.342686306439574E+000
  0.253890077450705E-182  0.938735471006729E+003  0.779818310200495E+002  0.308962001225136E+000
  0.125880152353083E-172  0.894076936313639E+003  0.787754699969352E+002  0.139126469648087E+001
  0.267991071424020E-172  0.892555714466868E+003  0.788254310513745E+002  0.147593871260955E+001
  0.224160686985091E-165  0.860666729116092E+003  0.790153251503758E+002  0.217985906323021E+001
  0.708111860481766E-158  0.826120084873249E+003  0.791113021898473E+002  0.302051817615866E+001
  0.283113578298270E-147  0.777286745589103E+003  0.795019524209111E+002  0.666904710202181E+001
  0.118582093921156E-140  0.746781064519063E+003  0.780395593740984E+002  0.197838442125103E+001
  0.423399503423001E-138  0.735015327685174E+003  0.792612996004146E+002  0.792068981856324E+001
  0.685157241705280E-137  0.729437518064192E+003  0.788552504951212E+002  0.522085209633120E+001
  0.106642467697152E-134  0.719332365514817E+003  0.792606189477255E+002  0.968180077847658E+001
  0.188551272939864E-133  0.713577443928129E+003  0.765358395152969E+002  0.322967817996785E+000
  0.300884415027374E-133  0.712632756419343E+003  0.779993147451825E+002  0.251752744537918E+001
  0.226591677621604E-130  0.699374423912411E+003  0.783695709652098E+002  0.414110738362068E+001
  0.212531027092531E-129  0.694887401909779E+003  0.789289090324304E+002  0.843708618940015E+001
  0.402127792657591E-125  0.675181382197341E+003  0.785606497125886E+002  0.666681909582549E+001
  0.128122582870256E-123  0.668248631634289E+003  0.786224595836636E+002  0.790436834575860E+001
  0.154070788314076E-123  0.667869807197536E+003  0.787483811662459E+002  0.954177330347007E+001
  0.278297744418412E-123  0.666677273309583E+003  0.763251958290563E+002  0.443181896795854E+000
  0.240116700716089E-119  0.648541750493608E+003  0.785422395629000E+002  0.936999551787694E+001
  0.267151987331072E-119  0.648318390052103E+003  0.778442190837062E+002  0.388715893074646E+001
  0.178842312908604E-118  0.644505871289623E+003  0.769150555450450E+002  0.144147047854164E+001
  0.638678068107812E-118  0.641950104131546E+003  0.761459670704810E+002  0.451238589626435E+000
  0.568968520077992E-116  0.632960939504639E+003  0.778838304391810E+002  0.480293010958296E+001
  0.910391810580351E-115  0.627405694314984E+003  0.756620473532615E+002  0.113148332147426E+000
  0.218541329421944E-109  0.602618497957238E+003  0.773624510746836E+002  0.368333760419538E+001
  0.151617262139072E-106  0.589524243944737E+003  0.778306133997211E+002  0.802834425337065E+001
  0.638861070114883E-106  0.586637613501715E+003  0.778090570738438E+002  0.814228500861156E+001
  0.122800102568403E-105  0.585320726556941E+003  0.776401679413878E+002  0.648326868832399E+001
  0.406647478761507E-105  0.582915973846694E+003  0.776914180963246E+002  0.723419949787941E+001
  0.123025582728375E-104  0.580691937260015E+003  0.771874599813319E+002  0.386243228889278E+001
  0.124908713988877E-102  0.571441240086985E+003  0.777260912207943E+002  0.929433990545905E+001
  0.183384720344153E-102  0.570663258882669E+003  0.775094780176237E+002  0.670607081032307E+001
  0.267794214574069E-102  0.569896018626804E+003  0.777213381004283E+002  0.949242526637162E+001
  0.649482706281870E-102  0.568114128783657E+003  0.773766465396236E+002  0.578096741317034E+001
  0.160012301400679E-101  0.566300834541690E+003  0.776028402108068E+002  0.830909954725125E+001
  0.403583377966298E-100  0.559835424458331E+003  0.770630550313911E+002  0.429660466897023E+001
  0.657278914297946E-098  0.549639658298770E+003  0.766996498480009E+002  0.312034051486655E+001
  0.120558329180102E-097  0.548416462549941E+003  0.774938848722662E+002  0.968411624667803E+001
  0.452239581305928E-097  0.545762330684627E+003  0.773600232335666E+002  0.808413545677264E+001
  0.370689931636272E-096  0.541544877689947E+003  0.770198334754440E+002  0.522148750647522E+001
  0.542540445913959E-095  0.536167939045063E+003  0.771131512494915E+002  0.648412458287500E+001
  0.203147866149325E-093  0.528912280627575E+003  0.602785779821408E+002  0.104319190704529E+001
  0.726152851228672E-091  0.517144312346603E+003  0.761635444291838E+002  0.241229988647291E+001
  0.274074266441618E-090  0.514477889910549E+003  0.758508606563071E+002  0.166251835747263E+001
  0.175974172251772E-085  0.492328187656325E+003  0.768255298415500E+002  0.938017853717988E+001
  0.496799402828978E-083  0.481032174015560E+003  0.756826605885599E+002  0.209256258839950E+001
  0.261357664494161E-082  0.477701621741156E+003  0.763803327377910E+002  0.583733762139003E+001
  0.154893166624060E-081  0.474132784871322E+003  0.766129747278785E+002  0.954704199295253E+001
  0.833176154982878E-081  0.470757790870929E+003  0.764981223176248E+002  0.825160323778013E+001
  0.450921987926102E-079  0.462765376899152E+003  0.763237505791146E+002  0.716327021809230E+001
  0.261421542612519E-077  0.454635381721213E+003  0.757702464493585E+002  0.351410755290156E+001
  0.282893066267692E-077  0.454467537121614E+003  0.763580082440205E+002  0.935523645898910E+001
  0.651276942962906E-076  0.448184659862927E+003  0.746076780445552E+002  0.607939726410471E+000
  0.139032882781522E-073  0.437447623204816E+003  0.742595372914849E+002  0.296123018941825E+000
  0.357161080637021E-072  0.430945525107093E+003  0.741296873456919E+002  0.219560395112864E+000
  0.996440851619887E-072  0.428883544233108E+003  0.760449759961695E+002  0.971404321631070E+001
  0.171630798988031E-070  0.423180917037176E+003  0.750183745671477E+002  0.199232181841958E+001
  0.561024134174259E-070  0.420802105409585E+003  0.757524015921769E+002  0.659588524767244E+001
  0.114279823277212E-068  0.414764017741699E+003  0.602197944472122E+002  0.333557620835079E+001
  0.701360683160615E-068  0.411125298157934E+003  0.756488401868917E+002  0.688487726103745E+001
  0.154879377163775E-067  0.409530904247369E+003  0.609600060224262E+002  0.179050568341950E+001
  0.253550002256535E-067  0.408535100266282E+003  0.603076665034079E+002  0.330017085590391E+001
  0.164123239558366E-065  0.400184671700884E+003  0.756298707607947E+002  0.906092202929384E+001
  0.489999752061113E-065  0.397987122060330E+003  0.749677014784930E+002  0.289840310669964E+001
  0.291547278700230E-064  0.394410382194093E+003  0.737783999543319E+002  0.232133825395204E+000
  0.859005678363349E-064  0.392239260413717E+003  0.619030679069048E+002  0.757069480785615E+000
  0.113037642935469E-062  0.387075054250389E+003  0.619933144584274E+002  0.720573776169057E+000
  0.112522211576721E-062  0.387074219663703E+003  0.754052790341584E+002  0.818229125533552E+001
  0.142988294576396E-062  0.386585020315868E+003  0.749145639859653E+002  0.334070583779182E+001
  0.750557593793079E-062  0.383258937997061E+003  0.744093764165971E+002  0.157736139591764E+001
  0.173978382377066E-061  0.381567563400869E+003  0.600894618501358E+002  0.563475834797198E+001
  0.281227345646534E-060  0.375991953433502E+003  0.751350352162902E+002  0.635945825886404E+001
  0.914825562579472E-060  0.373622838343182E+003  0.752049051893881E+002  0.797057922564140E+001
  0.150806961474632E-059  0.372613158648128E+003  0.751282656549820E+002  0.692471854692487E+001
  0.175355177476080E-059  0.372301557796022E+003  0.629014115246154E+002  0.567861657082180E-001
  0.335325205286701E-055  0.352574327328417E+003  0.746661969097726E+002  0.480551585967040E+001
  0.899859311946331E-055  0.350590077029285E+003  0.749225474468235E+002  0.915952882318025E+001
  0.138727998105569E-054  0.349714378286684E+003  0.735666477406694E+002  0.624929750920274E+000
  0.947693008119945E-053  0.341256202115929E+003  0.604324504508257E+002  0.726621092282473E+001
  0.971710863232757E-052  0.336591001495547E+003  0.740694480306522E+002  0.243015200319605E+001
  0.402511544200026E-051  0.333738525259956E+003  0.743391391563179E+002  0.429668556882302E+001
  0.855059430327948E-051  0.332221655780960E+003  0.603619556923682E+002  0.948899905133889E+001
  0.230928057130997E-050  0.330224640021257E+003  0.622956360968710E+002  0.118893034028031E+001
  0.273791383302904E-050  0.329874144497104E+003  0.736827035715723E+002  0.140364938772043E+001
  0.430244001876820E-050  0.328960197309306E+003  0.615643662145275E+002  0.268044558996202E+001
  0.182226708896251E-049  0.326063253897907E+003  0.745658685431916E+002  0.981584400435103E+001
  0.301934485840560E-049  0.325043361826149E+003  0.739964759939260E+002  0.284639636183963E+001
  0.648105586447267E-049  0.323505699611950E+003  0.606946010241266E+002  0.735449735922956E+001
  0.125893486165554E-048  0.322167789190092E+003  0.741557594069465E+002  0.418282815487950E+001
  0.164332216462606E-047  0.317019736146228E+003  0.607516989522507E+002  0.778496082977715E+001
  0.508376548398404E-046  0.310145926235168E+003  0.619246453367212E+002  0.243626959028909E+001
  0.724074387751705E-045  0.304823437520921E+003  0.737817116967328E+002  0.332663181195858E+001
  0.124117350036446E-043  0.299130455352486E+003  0.613016400830875E+002  0.566503541628274E+001
  0.132864254291453E-043  0.298984279322974E+003  0.728083269587156E+002  0.400116200121018E+000
  0.209765286337611E-043  0.298060981722049E+003  0.731247823964726E+002  0.105909788810748E+001
  0.292091307241442E-043  0.297388852183256E+003  0.616622354145700E+002  0.391920044630637E+001
  0.323011769579983E-043  0.297177632477303E+003  0.731513291228595E+002  0.115784031064086E+001
  0.886159438642299E-043  0.295149241140582E+003  0.609669511863603E+002  0.952041604731490E+001
  0.331766870776934E-042  0.292499024595433E+003  0.736034562196807E+002  0.340432195831724E+001
  0.811132692013867E-042  0.290701051251945E+003  0.621747199211605E+002  0.253718160571335E+001
  0.115351557826486E-041  0.289986800315526E+003  0.729307853550443E+002  0.864218812975345E+000
  0.131011592279471E-041  0.289722222592052E+003  0.735672140460354E+002  0.345794937051079E+001
  0.273311209455181E-041  0.288241596914375E+003  0.619837137537248E+002  0.324120641850750E+001
  0.150534125348188E-040  0.284819294249987E+003  0.613029185127210E+002  0.761641430039291E+001
  0.150958194824467E-039  0.280198522704915E+003  0.613178431608352E+002  0.834256104622104E+001
  0.309603379976068E-038  0.274146799204155E+003  0.613714048558327E+002  0.903808944072189E+001
  0.737177066643261E-038  0.272401752005755E+003  0.620539781452768E+002  0.397865081335524E+001
  0.784119671359571E-038  0.272268309854409E+003  0.613718146503275E+002  0.951966610262220E+001
  0.818199314637513E-038  0.272173246137175E+003  0.732269580585749E+002  0.304858093414483E+001
  0.147088309705094E-037  0.270990246498469E+003  0.628972715959842E+002  0.157377704126781E+001
  0.174228624851015E-037  0.270641600975476E+003  0.734567977810232E+002  0.567475812607905E+001
  0.493176349456413E-037  0.268550629004039E+003  0.616689040686860E+002  0.685022986901174E+001
  0.173433921422934E-036  0.266025624027825E+003  0.627108262598376E+002  0.214975106967213E+001
  0.170598799418345E-035  0.261443442904545E+003  0.627814553947163E+002  0.215901689285404E+001
  0.345134393652544E-035  0.260024229240781E+003  0.623972465297168E+002  0.342679439752762E+001
  0.139821460949699E-034  0.257216219088128E+003  0.628856852924874E+002  0.207352311927656E+001
  0.188992571869377E-034  0.256603561240725E+003  0.726386027266254E+002  0.143054732216351E+001
  0.316880920715044E-034  0.255559949463974E+003  0.733322972651279E+002  0.971364254814562E+001
  0.730271324186937E-034  0.253880194214586E+003  0.619676695150454E+002  0.658325862332965E+001
  0.161013754259151E-033  0.252288901646655E+003  0.624875125576868E+002  0.360745368371509E+001
  0.418077605785534E-033  0.250370571996534E+003  0.727514178891554E+002  0.237232224509592E+001
  0.481585907900919E-033  0.250077761798517E+003  0.731663006871852E+002  0.751180658760257E+001
  0.505015265292510E-033  0.249972778666381E+003  0.617952532417150E+002  0.949669750985878E+001
  0.118780678559547E-032  0.248252253200984E+003  0.630473859286163E+002  0.204557808016945E+001
  0.126072720265104E-032  0.248123117857733E+003  0.731267071495750E+002  0.745644139576294E+001
  0.237747892033204E-032  0.246844438875429E+003  0.721117711324047E+002  0.462337832458625E+000
  0.253127615924546E-032  0.246709097917897E+003  0.620436654385372E+002  0.715940216143878E+001
  0.216551570858544E-031  0.242406082750222E+003  0.622247610472432E+002  0.625111612719726E+001
  0.391962019286622E-031  0.241209435219470E+003  0.626460036168472E+002  0.379192151947028E+001
  0.689378189728949E-031  0.240070209993524E+003  0.725782796164414E+002  0.241079008568043E+001
  0.104921540384766E-030  0.239220219085665E+003  0.727538773545961E+002  0.392561802422531E+001
  0.121020156218841E-030  0.238924755451369E+003  0.728165286421566E+002  0.477031941877776E+001
  0.208931634662922E-030  0.237822680409281E+003  0.638351174694883E+002  0.884013486987356E+000
  0.227026141808214E-030  0.237646589163412E+003  0.728914296377881E+002  0.664983715202326E+001
  0.839273150366820E-030  0.235021671986254E+003  0.625295531755107E+002  0.505786787735934E+001
  0.111918440209346E-029  0.234436058370176E+003  0.630377900900146E+002  0.276596287094474E+001
  0.124193387869584E-029  0.234217944213726E+003  0.725914829977694E+002  0.326596560861707E+001
  0.138507380621257E-029  0.233989801763555E+003  0.721459573467844E+002  0.104360052511775E+001
  0.275957543551701E-029  0.232601179855970E+003  0.722792112708894E+002  0.159252594983743E+001
  0.309632936938863E-029  0.232360923782257E+003  0.726139753139836E+002  0.382116166211583E+001
  0.160008298980317E-028  0.229066102191253E+003  0.727906596536061E+002  0.937898433949754E+001
  0.171207711961170E-028  0.228920823454871E+003  0.630777820804691E+002  0.298301502597720E+001
  0.268790569228597E-028  0.228008738343603E+003  0.623666262405582E+002  0.774863144879658E+001
  0.583498702998174E-028  0.226448543849363E+003  0.624461980011639E+002  0.720980118535261E+001
  0.605509446140743E-028  0.226364512897327E+003  0.726059137200555E+002  0.537763966966104E+001
  0.658983108222453E-028  0.226185282337704E+003  0.627699767234506E+002  0.465110955543695E+001
  0.699207648850505E-028  0.226056807530726E+003  0.721528996984166E+002  0.155365030599855E+001
  0.889336920558248E-028  0.225565775671188E+003  0.630343501516260E+002  0.339922792876932E+001
  0.338889464992188E-027  0.222880234721638E+003  0.626876606520448E+002  0.567116574815448E+001
  0.122395027554151E-026  0.220301929947718E+003  0.725437945550521E+002  0.691514863776588E+001
  0.139544988952537E-026  0.220029688252645E+003  0.722348830164125E+002  0.259890336398439E+001
  0.229247505928762E-026  0.219026882807438E+003  0.725564476450237E+002  0.845526612259947E+001
  0.320225742231742E-026  0.218348459804925E+003  0.725583596992341E+002  0.936728256299020E+001
  0.413050454646246E-026  0.217829397601595E+003  0.725311321271391E+002  0.850237344776355E+001
  0.494701817216397E-026  0.217458651638804E+003  0.626314318574238E+002  0.728123411691135E+001
  0.608431409144881E-026  0.217034818569245E+003  0.721092199151697E+002  0.216622910492591E+001
  0.833580954910011E-026  0.216395150208072E+003  0.636863620577590E+002  0.188752960573445E+001
  0.128200887003292E-025  0.215524269660214E+003  0.724347425697759E+002  0.673052383710365E+001
  0.969804259004195E-025  0.211467302991336E+003  0.648202195138502E+002  0.222141241304512E+000
  0.165114470194892E-024  0.210393068250676E+003  0.627753965811093E+002  0.742436419712044E+001
  0.331500873325426E-024  0.208989110263713E+003  0.627612876960577E+002  0.800879115194118E+001
  0.390520896750885E-024  0.208651433107559E+003  0.628142543063367E+002  0.743016701372629E+001
  0.371686635537270E-023  0.204135148556486E+003  0.629389462449216E+002  0.717837386193097E+001
  0.533584893542597E-023  0.203402039349339E+003  0.629819461978275E+002  0.688494105055846E+001
  0.691871053040712E-023  0.202872501436378E+003  0.633297714874276E+002  0.424865175000359E+001
  0.194191211177818E-022  0.200798468768239E+003  0.639481119146336E+002  0.201555170994797E+001
  0.447721153275485E-022  0.199117839055975E+003  0.717144897889227E+002  0.196987086036162E+001
  0.497210814745354E-022  0.198898176977363E+003  0.719992643902517E+002  0.510225468033763E+001
  0.521205349850652E-022  0.198793941896367E+003  0.631485637819088E+002  0.627509799380876E+001
  0.618585336377685E-022  0.198441384721835E+003  0.720962108463538E+002  0.936631507413415E+001
  0.635799479858668E-022  0.198376513488919E+003  0.718505362613083E+002  0.312396083834557E+001
  0.129940344158637E-021  0.196936983772592E+003  0.720653912138408E+002  0.993290131408767E+001
  0.151096099385554E-021  0.196625327489346E+003  0.719742067232358E+002  0.577241610539099E+001
  0.209474638063791E-021  0.195961979169294E+003  0.629973235965831E+002  0.913157562862144E+001
  0.273492995898372E-021  0.195418657406842E+003  0.631864581954642E+002  0.670703072772064E+001
  0.281329319445724E-021  0.195352182471689E+003  0.720138585158442E+002  0.884399841523549E+001
  0.287430877299840E-021  0.195299294456478E+003  0.629706245199220E+002  0.995472546556763E+001
  0.153332716165451E-020  0.191940893644964E+003  0.718663679374069E+002  0.588693090116730E+001
  0.243227806829984E-020  0.191008141951840E+003  0.719026350447603E+002  0.862642530893277E+001
  0.310448960783184E-020  0.190510124809814E+003  0.631660794892424E+002  0.857747390477390E+001
  0.343188102592053E-020  0.190299631345684E+003  0.631113471494799E+002  0.966122111449672E+001
  0.356947696522174E-020  0.190211035139064E+003  0.638565345490489E+002  0.308493392926629E+001
  0.550195154444712E-020  0.189335692498345E+003  0.718691460472425E+002  0.943045102755431E+001
  0.897363016820647E-019  0.183742172350010E+003  0.716850680989139E+002  0.673945929291736E+001
  0.102036465925645E-018  0.183475287526495E+003  0.634358476794966E+002  0.728305219029053E+001
  0.139314145551378E-018  0.182842510114370E+003  0.713678196688625E+002  0.204609414261211E+001
  0.311229373507077E-018  0.181224937525935E+003  0.716341794515672E+002  0.752430017795762E+001
  0.390117498257056E-018  0.180763126851704E+003  0.639613251033878E+002  0.363235587780181E+001
  0.534888767461626E-018  0.180121930083358E+003  0.637978821742069E+002  0.469167826584800E+001
  0.108623582894528E-017  0.178695125367033E+003  0.636254573277122E+002  0.651883148911520E+001
  0.265235853062620E-017  0.176899688475875E+003  0.637705812372059E+002  0.555673535749917E+001
  0.342777683025950E-017  0.176376788111129E+003  0.713368329624081E+002  0.315444039823855E+001
  0.381796168153361E-017  0.176151203443318E+003  0.715112114276318E+002  0.872588106750711E+001
  0.753976142546509E-017  0.174780280657600E+003  0.710355465516722E+002  0.127226050746524E+001
  0.949341423896252E-017  0.174309490014843E+003  0.711103667982168E+002  0.170688512426106E+001
  0.144396458505790E-016  0.173460756357063E+003  0.713798785037916E+002  0.543595228532672E+001
  0.341358937418402E-016  0.171730037623018E+003  0.712766638823204E+002  0.404942744615499E+001
  0.339886449411679E-016  0.171728708413148E+003  0.713525351593219E+002  0.620480289917291E+001
  0.641000238460512E-016  0.170449896851279E+003  0.712886543444569E+002  0.514998503773463E+001
  0.666685860338775E-016  0.170361343504189E+003  0.637193929252313E+002  0.839900707683992E+001
  0.873922684864938E-016  0.169810022522123E+003  0.710236401360190E+002  0.185961175776212E+001
  0.117003895568978E-015  0.169216446614682E+003  0.712972191154930E+002  0.706296862477783E+001
  0.233744260190537E-015  0.167822430766005E+003  0.640735845116860E+002  0.508464573432630E+001
  0.327306726194629E-015  0.167139115444358E+003  0.639029323742298E+002  0.703727553900740E+001
  0.353085720246700E-015  0.166977514102998E+003  0.706218099593343E+002  0.505976033666271E+000
  0.383240298740646E-015  0.166803636333413E+003  0.641263446955722E+002  0.489440007888142E+001
  0.840473087253963E-015  0.165223055794157E+003  0.711961547602683E+002  0.882866689111001E+001
  0.896820235048100E-015  0.165083299705727E+003  0.644097713777208E+002  0.343764006032809E+001
  0.917777552604489E-015  0.165027125405272E+003  0.653151144038182E+002  0.842702548273278E+000
  0.123411366744430E-014  0.164424843783465E+003  0.710099112765225E+002  0.299851791055153E+001
  0.123921471142082E-014  0.164406619005412E+003  0.711124527946990E+002  0.495775471985947E+001
  0.133659051025889E-014  0.164245355733590E+003  0.643682767857178E+002  0.378005124893355E+001
  0.143266491124704E-014  0.164096552034344E+003  0.711651047793287E+002  0.985530900117020E+001
  0.152496116285786E-014  0.163961711634350E+003  0.711581499443602E+002  0.888021016758684E+001
  0.177440915174771E-014  0.163648739446324E+003  0.711505666695291E+002  0.947884252060728E+001
  0.309233498909759E-014  0.162527846422929E+003  0.641624895719649E+002  0.564255756009446E+001
  0.327858578941820E-014  0.162400899935484E+003  0.710919610122858E+002  0.668292380263237E+001
  0.375975490044336E-014  0.162117041649325E+003  0.710008658837172E+002  0.385210653489759E+001
  0.101186209309124E-013  0.160127019338903E+003  0.639766697019270E+002  0.942488502072841E+001
  0.162268145863747E-013  0.159172468831230E+003  0.644521127378016E+002  0.415341387249501E+001
  0.168609640759937E-013  0.159085821674316E+003  0.709882535097797E+002  0.649198446144034E+001
  0.235498580856618E-013  0.158407609266971E+003  0.643693764645805E+002  0.490967349131665E+001
  0.268575634846604E-013  0.158134778822034E+003  0.651307281802584E+002  0.158414117333482E+001
  0.269493347884324E-013  0.158117981461891E+003  0.641149641843127E+002  0.795930321195740E+001
  0.411475436846264E-013  0.157261595139430E+003  0.708851747151810E+002  0.448061353577345E+001
  0.486967158062849E-013  0.156914725342454E+003  0.644021165544624E+002  0.501419597109472E+001
  0.496265463361701E-013  0.156866921642679E+003  0.653002579872817E+002  0.127701458283795E+001
  0.110258817014475E-012  0.155260337389454E+003  0.645832874033125E+002  0.406871626108311E+001
  0.184696820952989E-012  0.154218591924316E+003  0.643851940056899E+002  0.597989013026904E+001
  0.262805541337941E-012  0.153503219447212E+003  0.707026241031055E+002  0.311717478856854E+001
  0.377603994152422E-012  0.152768381084588E+003  0.706762683204642E+002  0.306122420802676E+001
  0.429417471282673E-012  0.152501238880905E+003  0.656822576394500E+002  0.795323644672088E+000
  0.514592175769314E-012  0.152129373551960E+003  0.659782808654395E+002  0.387332326588816E+000
  0.516015155425608E-012  0.152113875587361E+003  0.649462561873588E+002  0.272057739607009E+001
  0.550945424118371E-012  0.151972901265479E+003  0.707715599735963E+002  0.962409880115290E+001
  0.829244396971836E-012  0.151145167851252E+003  0.707418953619000E+002  0.771416349231378E+001
  0.916695925196365E-012  0.150934670970597E+003  0.646752712313705E+002  0.436363628228912E+001
  0.912628717276371E-012  0.150933589256258E+003  0.705696884792321E+002  0.244816085692420E+001
  0.111437026601076E-011  0.150524182963317E+003  0.644208222109017E+002  0.706302204163015E+001
  0.138455922497303E-011  0.150080023123584E+003  0.653057886896357E+002  0.173830839109702E+001
  0.166829266807648E-011  0.149697210222257E+003  0.643039996282391E+002  0.995890499669119E+001
  0.181050047090700E-011  0.149523630016638E+003  0.649223239506357E+002  0.318490445975642E+001
  0.198901242805378E-011  0.149325585057768E+003  0.706600974720319E+002  0.556512751119992E+001
  0.331622353160805E-011  0.148293233181205E+003  0.706176798688787E+002  0.515915087088032E+001
  0.616703317988341E-011  0.147042475635763E+003  0.705939824837597E+002  0.655461158609139E+001
  0.620805801581368E-011  0.147019240048856E+003  0.649269557686034E+002  0.358525435514356E+001
  0.706250940008780E-011  0.146751360367255E+003  0.647713926954994E+002  0.468137170992912E+001
  0.217345150551381E-010  0.144493183034170E+003  0.704419849770481E+002  0.366720449576078E+001
  0.275392990490615E-010  0.144009782974380E+003  0.704699964823369E+002  0.518124338038971E+001
  0.338833073645837E-010  0.143585191003125E+003  0.661911470562939E+002  0.452226401985000E+000
  0.483394121832175E-010  0.142864566459777E+003  0.645801701914697E+002  0.927321661765481E+001
  0.540770355948312E-010  0.142630266576964E+003  0.647128432647613E+002  0.687894607792814E+001
  0.754076146540332E-010  0.141955294203995E+003  0.704083052101817E+002  0.934959504354517E+001
  0.791526777725510E-010  0.141848378406270E+003  0.647185334804006E+002  0.724245618457592E+001
  0.857403556440182E-010  0.141678513339799E+003  0.648895134914822E+002  0.520855662067537E+001
  0.131937203597255E-009  0.140806533316837E+003  0.654591838325201E+002  0.218774425161606E+001
  0.156249684537253E-009  0.140458299852643E+003  0.647824482409543E+002  0.706448560581632E+001
  0.199012875508058E-009  0.139964496261573E+003  0.702795098229204E+002  0.360694261030292E+001
  0.218698211847372E-009  0.139765874723168E+003  0.654087364240369E+002  0.250197833354196E+001
  0.242641131477397E-009  0.139548118089756E+003  0.703156745465152E+002  0.904268744170859E+001
  0.346564208008800E-009  0.138825173847937E+003  0.702859803598045E+002  0.918064245320942E+001
  0.386214849607917E-009  0.138598547337200E+003  0.649086830407302E+002  0.628459256217914E+001
  0.446619019640235E-009  0.138297948041537E+003  0.702670293339836E+002  0.586044705104355E+001
  0.485315181597458E-009  0.138121787733126E+003  0.701850076706482E+002  0.306845092071219E+001
  0.597527356261716E-009  0.137695809593180E+003  0.650243293499804E+002  0.535775184535547E+001
  0.602618157302621E-009  0.137668867129064E+003  0.653915713739216E+002  0.289235135974113E+001
  0.606640653655470E-009  0.137645586337941E+003  0.648905010477151E+002  0.709270080011464E+001
  0.815536724702231E-009  0.137043791569899E+003  0.647953532133535E+002  0.972638321542755E+001
  0.850064945370930E-009  0.136950883889916E+003  0.652185890505373E+002  0.399346014854312E+001
  0.106538511051847E-008  0.136489351074861E+003  0.701933844371804E+002  0.873480070002271E+001
  0.124037572825600E-008  0.136175219990920E+003  0.701866464172340E+002  0.715605562570092E+001
  0.143727568910137E-008  0.135870574710355E+003  0.701711119374536E+002  0.812487743804051E+001
  0.179212202604553E-008  0.135419297691380E+003  0.701554535001269E+002  0.725660002009082E+001
  0.311794178255127E-008  0.134301777224502E+003  0.658587865431989E+002  0.169843578382302E+001
  0.315456980085643E-008  0.134268444075637E+003  0.649239294223546E+002  0.939849285353865E+001
  0.329943730792072E-008  0.134168669374201E+003  0.650563376194200E+002  0.671853711429817E+001
  0.426931363584031E-008  0.133643292026945E+003  0.666386236856700E+002  0.351650255810086E+000
  0.441274382897255E-008  0.133567229731674E+003  0.700783899676786E+002  0.630266079992178E+001
  0.526382761947659E-008  0.133204531114645E+003  0.656362314220894E+002  0.257868389870106E+001
  0.551753495526495E-008  0.133100410535530E+003  0.699996799947339E+002  0.322445913748506E+001
  0.561798329237736E-008  0.133054352331990E+003  0.700361721118042E+002  0.992251636906098E+001
  0.805550469804765E-008  0.132323611416116E+003  0.700057182308464E+002  0.970618367454190E+001
  0.958275828063473E-008  0.131966416732859E+003  0.650786394487873E+002  0.803158328065921E+001
  0.120460321789863E-007  0.131498901940469E+003  0.698506974679084E+002  0.208225044348704E+001
  0.144750574207416E-007  0.131121543528683E+003  0.699419402475123E+002  0.382409216279840E+001
  0.155390679432759E-007  0.130969707695883E+003  0.699541542368751E+002  0.871380558641468E+001
  0.175376619081827E-007  0.130717745988324E+003  0.651327844261645E+002  0.807137943374309E+001
  0.181929770288080E-007  0.130634400976151E+003  0.699299326284314E+002  0.958903837458293E+001
  0.199311890358824E-007  0.130441925591176E+003  0.650836720876351E+002  0.977940973072520E+001
  0.206321613137896E-007  0.130362819919917E+003  0.698657077523447E+002  0.284109470791377E+001
  0.240976145879079E-007  0.130042321299548E+003  0.699248381166637E+002  0.673469121874827E+001
  0.255507415669186E-007  0.129915239247464E+003  0.699143752230112E+002  0.506737953997874E+001
  0.271643166885035E-007  0.129782788394043E+003  0.664391753350443E+002  0.853585921312326E+000
  0.388163411550806E-007  0.129058939118657E+003  0.664430808851971E+002  0.900546229305592E+000
  0.388859488703567E-007  0.129045380731520E+003  0.651436058542493E+002  0.999886766148080E+001
  0.525831310486683E-007  0.128431880864502E+003  0.698522157402252E+002  0.588039476399429E+001
  0.576103708234358E-007  0.128239291312076E+003  0.653211806401333E+002  0.667040553006266E+001
  0.671365473133445E-007  0.127923264299983E+003  0.698240699204329E+002  0.498375339014343E+001
  0.673061290586151E-007  0.127908243740635E+003  0.667751883987358E+002  0.496022448215037E+000
  0.686619033689186E-007  0.127858382245432E+003  0.653383878537126E+002  0.668070512809679E+001
  0.770972708806434E-007  0.127616660415404E+003  0.660103576098264E+002  0.207166187672197E+001
  0.816638230034891E-007  0.127491598896181E+003  0.653778290520591E+002  0.634218181846664E+001
  0.822764205971978E-007  0.127466676892708E+003  0.652324508898859E+002  0.956428958634147E+001
  0.836080541400568E-007  0.127424591218270E+003  0.697658765289621E+002  0.340857049340720E+001
  0.139603351062985E-006  0.126389285459346E+003  0.697535422328173E+002  0.509664597478926E+001
  0.159854309408085E-006  0.126108395097469E+003  0.657616410867288E+002  0.344714997207407E+001
  0.178239032168926E-006  0.125880694629297E+003  0.663101746578785E+002  0.145898139494825E+001
  0.289203866883911E-006  0.124902706877533E+003  0.662734707672905E+002  0.166760343970710E+001
  0.317024961754603E-006  0.124709034487872E+003  0.653893363887543E+002  0.900003907213071E+001
  0.324363992019877E-006  0.124653287799065E+003  0.696300425706718E+002  0.993085916468201E+001
  0.334388271873788E-006  0.124582439733897E+003  0.654920847665297E+002  0.678476256080833E+001
  0.371786607235482E-006  0.124360430161336E+003  0.655424288771191E+002  0.617213997752221E+001
  0.428924255638621E-006  0.124064534498635E+003  0.658656921422271E+002  0.341079379837977E+001
  0.488393956667128E-006  0.123794875364879E+003  0.657664539063762E+002  0.415185683240585E+001
  0.532463890738171E-006  0.123612114849776E+003  0.660748573267289E+002  0.251647005183637E+001
  0.533613463416700E-006  0.123597826484535E+003  0.654522118848576E+002  0.887042882624137E+001
  0.573273155244830E-006  0.123444470224964E+003  0.655099795112460E+002  0.757641876229101E+001
  0.664557784494214E-006  0.123138976102174E+003  0.658498203218356E+002  0.379400938113008E+001
  0.112487896672532E-005  0.122076383239180E+003  0.676858855097274E+002  0.603342713135380E-001
  0.113560715468749E-005  0.122047424153718E+003  0.663538648949427E+002  0.184198722967698E+001
  0.118886680682310E-005  0.121945782782090E+003  0.695224174832585E+002  0.710550306346875E+001
  0.119905908588619E-005  0.121918734571314E+003  0.659728157066265E+002  0.341838909028835E+001
  0.119977224873096E-005  0.121907570304450E+003  0.657849988366744E+002  0.481656739740512E+001
  0.122683314753298E-005  0.121852986368739E+003  0.655815608525749E+002  0.791389356964370E+001
  0.126277405891792E-005  0.121785261760559E+003  0.674286783184794E+002  0.225370383682664E+000
  0.134627153296240E-005  0.121647230659231E+003  0.694641336839291E+002  0.995114635958221E+001
  0.136829224602000E-005  0.121604806611443E+003  0.695079353217094E+002  0.666618860973808E+001
  0.148696660419332E-005  0.121428481964024E+003  0.694811881344612E+002  0.811521573186990E+001
  0.148528510919815E-005  0.121420769805326E+003  0.675404378999150E+002  0.173856346689497E+000
  0.150509664414612E-005  0.121384293992372E+003  0.694956187314872E+002  0.668871238683947E+001
  0.181422258587781E-005  0.121000719035150E+003  0.693913412305928E+002  0.238834702046787E+001
  0.198216995373654E-005  0.120813673687690E+003  0.656808009176976E+002  0.701320995452363E+001
  0.215512112908749E-005  0.120636389105604E+003  0.657337286214975E+002  0.627135124219202E+001
  0.222395530747860E-005  0.120563533322064E+003  0.658669556964336E+002  0.472647474869586E+001
  0.245142744555169E-005  0.120358791828837E+003  0.694442040499654E+002  0.493095901318829E+001
  0.247725517630420E-005  0.120327855390294E+003  0.694111301507390E+002  0.856684636435005E+001
  0.247057832182977E-005  0.120323278111001E+003  0.656665222211597E+002  0.795847234226296E+001
  0.252106501595994E-005  0.120272844675986E+003  0.669172165062764E+002  0.876798008193871E+000
  0.257206159482478E-005  0.120222816959591E+003  0.657453296815419E+002  0.645877871395942E+001
  0.261532375229022E-005  0.120179481593787E+003  0.680449238142582E+002  0.629742468181192E-001
  0.271083525055501E-005  0.120097768706283E+003  0.694264047469690E+002  0.634273609854707E+001
  0.384232147566074E-005  0.119390153749373E+003  0.693891577953607E+002  0.483045234191491E+001
  0.388967216226772E-005  0.119355682382068E+003  0.693668427412355E+002  0.360432648110011E+001
  0.402271129699012E-005  0.119278444798544E+003  0.660158766935434E+002  0.408031131922527E+001
  0.405714215497040E-005  0.119251424323995E+003  0.660746624962839E+002  0.368215386019179E+001
  0.462533113064463E-005  0.118979310958622E+003  0.668208968965267E+002  0.117125474539584E+001
  0.460307123420310E-005  0.118978984323396E+003  0.687998165529807E+002  0.514905350822055E+000
  0.511802562046493E-005  0.118756919233656E+003  0.693373264188027E+002  0.728251314113528E+001
  0.542443948613946E-005  0.118630652490867E+003  0.658475979634594E+002  0.630520521707187E+001
  0.673956294472572E-005  0.118186516399316E+003  0.692926679719472E+002  0.791625969270917E+001
  0.693039037136608E-005  0.118120699187426E+003  0.660865519566148E+002  0.405437574617775E+001
  0.726382704177021E-005  0.118016742727550E+003  0.660190306353421E+002  0.466832394561626E+001
  0.773166102037309E-005  0.117881933867393E+003  0.673119408424566E+002  0.606432363584636E+000
  0.771777327772196E-005  0.117875554449073E+003  0.668505310339849E+002  0.125050891807621E+001
  0.894469836852154E-005  0.117570509148432E+003  0.692758363460328E+002  0.637284027498956E+001
  0.893919068057724E-005  0.117561765942459E+003  0.692633370245699E+002  0.364929873622841E+001
  0.947340240632581E-005  0.117435704723248E+003  0.658071597876778E+002  0.914788696426265E+001
  0.970998056150008E-005  0.117376397329999E+003  0.691310762571044E+002  0.192949753350917E+001
  0.994259769698804E-005  0.117319074159267E+003  0.692485507821659E+002  0.726119193969412E+001
  0.114592365302809E-004  0.117025163547400E+003  0.692345722587171E+002  0.693475591830540E+001
  0.114673608201094E-004  0.117013771020692E+003  0.664775061086746E+002  0.237514686655948E+001
  0.116493802815906E-004  0.116972299590935E+003  0.691922750771668E+002  0.911053969140854E+001
  0.118149045100091E-004  0.116934106818664E+003  0.689986291425777E+002  0.136816365547331E+001
  0.118204164160970E-004  0.116923198910367E+003  0.692423565658540E+002  0.493615111307969E+001
  0.118563324909473E-004  0.116907156085099E+003  0.692140996673261E+002  0.337521389773458E+001
  0.123791051407235E-004  0.116810885262637E+003  0.688956784501768E+002  0.105072479864474E+001
  0.129424165078976E-004  0.116711910106051E+003  0.692264127516784E+002  0.586178194307413E+001
  0.129561991305011E-004  0.116699806318685E+003  0.690873146254891E+002  0.192919660449035E+001
  0.131785735988777E-004  0.116655795380448E+003  0.691828783472443E+002  0.853490277719146E+001
  0.142142343716367E-004  0.116494517128412E+003  0.660720626959181E+002  0.507958826487189E+001
  0.148128402685384E-004  0.116402041030809E+003  0.691072740025763E+002  0.225170068707732E+001
  0.160302540736048E-004  0.116234099095726E+003  0.683505946819921E+002  0.410105582630052E+000
  0.160443726873488E-004  0.116222363292025E+003  0.688994302944127E+002  0.119637796100535E+001
  0.168453392205371E-004  0.116114956533609E+003  0.691768655041596E+002  0.682705714246877E+001
  0.177970976417490E-004  0.115995058699077E+003  0.691639216464960E+002  0.359487530907628E+001
  0.179741340836194E-004  0.115965286938246E+003  0.662475615777544E+002  0.385441278037202E+001
  0.182277202184060E-004  0.115927292264806E+003  0.665353820238867E+002  0.242046177239771E+001
  0.200916520925109E-004  0.115722595410318E+003  0.687515962924345E+002  0.920750914200801E+000
  0.240276913443336E-004  0.115354815204848E+003  0.662884776287145E+002  0.384791512485230E+001
  0.251719877108513E-004  0.115251790509390E+003  0.690762091278427E+002  0.900580321028549E+001
  0.255592434064693E-004  0.115211280924512E+003  0.691282343105368E+002  0.580618391842147E+001
  0.256400399994902E-004  0.115194993514073E+003  0.690779238294422E+002  0.874663530376572E+001
  0.320807464411747E-004  0.114736816713551E+003  0.690631994513135E+002  0.316292560239166E+001
  0.355080869563752E-004  0.114523832787963E+003  0.660579890782158E+002  0.745799494380836E+001
  0.360234875630508E-004  0.114485036333151E+003  0.660949840683101E+002  0.669136714577722E+001
  0.369097384542650E-004  0.114426452704219E+003  0.673640882344868E+002  0.909349866779871E+000
  0.374587326062896E-004  0.114386948756772E+003  0.660402581056689E+002  0.828375681958415E+001
  0.396429201781689E-004  0.114263628651709E+003  0.690629864090204E+002  0.575525652957005E+001
  0.416867696370841E-004  0.114153110709961E+003  0.688878726493946E+002  0.181940931454190E+001
  0.441395601217801E-004  0.114028790363574E+003  0.690322924805093E+002  0.681921989684728E+001
  0.439408393674905E-004  0.114027839812348E+003  0.690415284061384E+002  0.618615332824652E+001
  0.463093252437555E-004  0.113912866368111E+003  0.661587643409121E+002  0.627544837026009E+001
  0.470912937569852E-004  0.113869401708993E+003  0.670356783480559E+002  0.147880777121174E+001
  0.474328243183725E-004  0.113844973931587E+003  0.660521085807915E+002  0.960719946242113E+001
  0.504491293419230E-004  0.113711696841354E+003  0.660694046897067E+002  0.920395906751903E+001
  0.503445913615588E-004  0.113705870350809E+003  0.661604361527262E+002  0.651677028010509E+001
  0.504554451679317E-004  0.113691496307037E+003  0.672649456222999E+002  0.112888927705918E+001
  0.526531059737955E-004  0.113596252110518E+003  0.690141719118063E+002  0.583056414663414E+001
  0.527606026712129E-004  0.113582197985555E+003  0.662488616005329E+002  0.532473911108129E+001
  0.533433056967114E-004  0.113550255422063E+003  0.689606710247748E+002  0.855562118851005E+001
  0.537429949974953E-004  0.113525350655068E+003  0.690127845948685E+002  0.464939440170801E+001
  0.912298514114823E-003  0.107298616487795E+003  0.680053882682045E+002  0.698319181083071E+000
  0.103071044122003E-002  0.107054543812619E+003  0.674040893703939E+002  0.108177059931288E+001
  0.179039267024516E-002  0.105950170509788E+003  0.685282952381105E+002  0.136079206071450E+001
  0.207949668413134E-002  0.105650788667785E+003  0.683536289616488E+002  0.113719617750793E+001
  0.223364418894454E-002  0.105333748850858E+003  0.684617971367443E+002  0.139254431267186E+001
  0.229253390418655E-002  0.105281702256672E+003  0.685892277395333E+002  0.176823068829187E+001
  0.296620107642170E-002  0.104766453614660E+003  0.676601433545514E+002  0.121042967474991E+001
  0.307149177020947E-002  0.104696690960675E+003  0.683935699728824E+002  0.144499490851405E+001
  0.377486337184115E-002  0.104284289306790E+003  0.681585247649509E+002  0.126237317104937E+001
  0.380638548358361E-002  0.104267657591357E+003  0.678625522266211E+002  0.120686070098379E+001
  0.414763568275235E-002  0.104095940771315E+003  0.675850614343512E+002  0.140732133797649E+001
  0.467774402442660E-002  0.103855385789812E+003  0.676129933620812E+002  0.143378051266725E+001
  0.525871351000888E-002  0.103621244851125E+003  0.681206508954768E+002  0.140331852536704E+001
  0.531653736807705E-002  0.103599373243537E+003  0.682968045985195E+002  0.161970557090721E+001
  0.827311027684906E-002  0.102714996625406E+003  0.679476926551656E+002  0.157940420012817E+001
