  0.616931713224775E-001  0.869009119451660E+002  0.675134211997475E+002
  0.616931713224775E-001  0.868715603706774E+002  0.675171122183696E+002
  0.616931713224775E-001  0.815846557968304E+002  0.712669846266038E+002
  0.616931713224775E-001  0.861520178843912E+002  0.676095434536562E+002
  0.616931713224775E-001  0.853693197992132E+002  0.718782642770074E+002
  0.616931713224775E-001  0.817055857667856E+002  0.683026166726959E+002
  0.616931713224775E-001  0.846982561268536E+002  0.678093666551455E+002
  0.616931713224775E-001  0.846947803442691E+002  0.678098684946823E+002
  0.616931713224775E-001  0.846403795017949E+002  0.678177395676665E+002
  0.616931713224775E-001  0.818025412179357E+002  0.682841129804834E+002
  0.616931713224775E-001  0.818060544099280E+002  0.713095600045733E+002
  0.616931713224775E-001  0.818715313786233E+002  0.682710830643390E+002
  0.616931713224775E-001  0.844792631403455E+002  0.717517699283413E+002
  0.616931713224775E-001  0.819071525706505E+002  0.682643987999352E+002
  0.616931713224775E-001  0.819876637949285E+002  0.713436093646667E+002
  0.616931713224775E-001  0.820567173814135E+002  0.682366457686647E+002
  0.616931713224775E-001  0.842512353970830E+002  0.717180232536680E+002
  0.616931713224775E-001  0.820945762231536E+002  0.713633080488393E+002
  0.616931713224775E-001  0.821192751639647E+002  0.713678237298870E+002
  0.616931713224775E-001  0.839584716793734E+002  0.679191998907289E+002
  0.616931713224775E-001  0.839360204705404E+002  0.716703729579971E+002
  0.616931713224775E-001  0.821735409556934E+002  0.682153069557492E+002
  0.616931713224775E-001  0.838408631274200E+002  0.716557482847904E+002
  0.616931713224775E-001  0.837697714393234E+002  0.679482600237325E+002
  0.616931713224775E-001  0.823532110423344E+002  0.681830393865364E+002
  0.616931713224775E-001  0.837218237817024E+002  0.679557171316599E+002
  0.616931713224775E-001  0.836914519518003E+002  0.716325503401160E+002
  0.616931713224775E-001  0.836758277215780E+002  0.679628992161108E+002
  0.616931713224775E-001  0.836643320752436E+002  0.716283081404105E+002
  0.616931713224775E-001  0.836408605577741E+002  0.679683780650366E+002
  0.616931713224775E-001  0.836404141767974E+002  0.679684481126291E+002
  0.616931713224775E-001  0.836328637651606E+002  0.679696333553554E+002
  0.616931713224775E-001  0.835990847052859E+002  0.716180614083326E+002
  0.616931713224775E-001  0.823660154003927E+002  0.681807644062319E+002
  0.616931713224775E-001  0.835575493511222E+002  0.716115083811414E+002
  0.616931713224775E-001  0.823743174724734E+002  0.714137156821491E+002
  0.616931713224775E-001  0.834668868708554E+002  0.715971217342560E+002
  0.616931713224775E-001  0.824209843079699E+002  0.681710341260191E+002
  0.616931713224775E-001  0.824537695733577E+002  0.714277484514104E+002
  0.616931713224775E-001  0.824940259617476E+002  0.714348126259953E+002
  0.616931713224775E-001  0.826244933821330E+002  0.681355062084557E+002
  0.616931713224775E-001  0.826945746889122E+002  0.714695604691015E+002
  0.616931713224775E-001  0.815464846952766E+002  0.683334877149930E+002
  0.616931713224775E-001  0.814991483607960E+002  0.683427991168494E+002
  0.616931713224775E-001  0.814781131525945E+002  0.683469560909817E+002
  0.616931713224775E-001  0.814190706331506E+002  0.712343184778597E+002
  0.616931713224775E-001  0.814128450813828E+002  0.683599309188798E+002
  0.616931713224775E-001  0.813279525817751E+002  0.712160223759256E+002
  0.616931713224775E-001  0.812638604172179E+002  0.683899963711362E+002
  0.616931713224775E-001  0.812412662107098E+002  0.711983945086055E+002
  0.616931713224775E-001  0.810503774375719E+002  0.711587728838833E+002
  0.616931713224775E-001  0.810499203102973E+002  0.711586766175078E+002
  0.616931713224775E-001  0.810356403653096E+002  0.711556659723915E+002
  0.616931713224775E-001  0.810238605805062E+002  0.684398293419936E+002
  0.616931713224775E-001  0.809832951247352E+002  0.684484342354850E+002
  0.616931713224775E-001  0.809611978566699E+002  0.684531447791422E+002
  0.616931713224775E-001  0.808807490727542E+002  0.684704356440127E+002
  0.616931713224775E-001  0.808751227515576E+002  0.711213533971637E+002
  0.616931713224775E-001  0.808564161734469E+002  0.684757101027120E+002
  0.616931713224775E-001  0.808178025915325E+002  0.711088831635242E+002
  0.616931713224775E-001  0.808006066793545E+002  0.684878877989889E+002
  0.616931713224775E-001  0.807821799068907E+002  0.711010732459526E+002
  0.616931713224775E-001  0.807511886942006E+002  0.710942405009430E+002
  0.616931713224775E-001  0.806963871313583E+002  0.685109374310157E+002
  0.616931713224775E-001  0.806515883435019E+002  0.685209733137245E+002
  0.616931713224775E-001  0.806327336511099E+002  0.710677858946761E+002
  0.616931713224775E-001  0.806277303045871E+002  0.685263503824036E+002
  0.616931713224775E-001  0.806273200967841E+002  0.710665637168202E+002
  0.616931713224775E-001  0.806260324457929E+002  0.710662728402617E+002
  0.616931713224775E-001  0.805903865604363E+002  0.710581939165362E+002
  0.616931713224775E-001  0.804928684611078E+002  0.710358229393981E+002
  0.616931713224775E-001  0.804881439054494E+002  0.710347288455285E+002
  0.616931713224775E-001  0.804832090011073E+002  0.685594217432345E+002
  0.616931713224775E-001  0.804744429270832E+002  0.685614562034967E+002
  0.616931713224775E-001  0.804700134996748E+002  0.685624854756554E+002
  0.616931713224775E-001  0.804036038391838E+002  0.685780214122765E+002
  0.616931713224775E-001  0.803915074598313E+002  0.710121341232184E+002
  0.616931713224775E-001  0.803650832259896E+002  0.710058823373497E+002
  0.616931713224775E-001  0.802692520925519E+002  0.686100737248892E+002
  0.616931713224775E-001  0.802590192343239E+002  0.709804562093277E+002
  0.616931713224775E-001  0.802453323211508E+002  0.709771352327624E+002
  0.616931713224775E-001  0.802276916897361E+002  0.686201656485090E+002
  0.616931713224775E-001  0.802121947639738E+002  0.686239509285439E+002
  0.616931713224775E-001  0.801886410564705E+002  0.686297276749634E+002
  0.616931713224775E-001  0.801601508284323E+002  0.709562531536357E+002
  0.616931713224775E-001  0.801600257354435E+002  0.686367845391316E+002
  0.616931713224775E-001  0.801550285049915E+002  0.709549854279041E+002
  0.616931713224775E-001  0.801514375348673E+002  0.686389108803903E+002
  0.616931713224775E-001  0.801512836386393E+002  0.709540577309873E+002
  0.616931713224775E-001  0.801392893446488E+002  0.709510814278588E+002
  0.616931713224775E-001  0.801334496999023E+002  0.686433771711039E+002
  0.616931713224775E-001  0.801035138517107E+002  0.686508486945430E+002
  0.616931713224775E-001  0.800962972841588E+002  0.686526571384054E+002
  0.616931713224775E-001  0.800797214342196E+002  0.686568218476088E+002
  0.616931713224775E-001  0.800752211771287E+002  0.709350515760155E+002
  0.616931713224775E-001  0.800674557538627E+002  0.709330933061738E+002
  0.616931713224775E-001  0.800668589540267E+002  0.686600640832854E+002
  0.616931713224775E-001  0.800605719868937E+002  0.709313545453258E+002
  0.616931713224775E-001  0.800169733706226E+002  0.709202795565371E+002
  0.616931713224775E-001  0.799884674631182E+002  0.709129790465591E+002
  0.616931713224775E-001  0.799661921492082E+002  0.709072408261122E+002
  0.616931713224775E-001  0.799532317625994E+002  0.709038884897396E+002
  0.616931713224775E-001  0.799499148885974E+002  0.686899778357810E+002
  0.616931713224775E-001  0.799142383127734E+002  0.686992660769264E+002
  0.616931713224775E-001  0.799024229410571E+002  0.687023595379121E+002
  0.616931713224775E-001  0.798941668455482E+002  0.687045263223443E+002
  0.616931713224775E-001  0.798684064967553E+002  0.687113148478158E+002
  0.616931713224775E-001  0.798202425874667E+002  0.708688841727480E+002
  0.616931713224775E-001  0.798054607327805E+002  0.687280841533001E+002
  0.616931713224775E-001  0.797987515059124E+002  0.687298870985961E+002
  0.616931713224775E-001  0.797670907407554E+002  0.687384366323642E+002
  0.616931713224775E-001  0.797624111295832E+002  0.708533005889515E+002
  0.616931713224775E-001  0.797607644134052E+002  0.708528534894892E+002
  0.616931713224775E-001  0.797589813844720E+002  0.687406375836550E+002
  0.616931713224775E-001  0.797464720038278E+002  0.687440417668811E+002
  0.616931713224775E-001  0.797347065103812E+002  0.708457531553697E+002
  0.616931713224775E-001  0.796902420359175E+002  0.708335250967960E+002
  0.616931713224775E-001  0.796857201203877E+002  0.708322734495829E+002
  0.616931713224775E-001  0.796059953464978E+002  0.687830546337565E+002
  0.616931713224775E-001  0.796011921822930E+002  0.708085916040349E+002
  0.616931713224775E-001  0.795985083544760E+002  0.687851761461092E+002
  0.616931713224775E-001  0.795964846717879E+002  0.708072564091303E+002
  0.616931713224775E-001  0.795945552977769E+002  0.687862980805581E+002
  0.616931713224775E-001  0.795658699545681E+002  0.707985297251476E+002
  0.616931713224775E-001  0.795625335458744E+002  0.687954326606422E+002
  0.616931713224775E-001  0.795610146476274E+002  0.707971387343131E+002
  0.616931713224775E-001  0.795439089760165E+002  0.688007840805370E+002
  0.616931713224775E-001  0.795424655536991E+002  0.688012000221659E+002
  0.616931713224775E-001  0.795068888702916E+002  0.707814993119026E+002
  0.616931713224775E-001  0.795034747846586E+002  0.707805044918834E+002
  0.616931713224775E-001  0.794849164896904E+002  0.707750791568423E+002
  0.616931713224775E-001  0.794666833490556E+002  0.707697194238066E+002
  0.616931713224775E-001  0.794585047908017E+002  0.688257010721387E+002
  0.616931713224775E-001  0.794494861607723E+002  0.688283697262044E+002
  0.616931713224775E-001  0.794488945862923E+002  0.688285450329448E+002
  0.616931713224775E-001  0.794345616863230E+002  0.707602045698920E+002
  0.616931713224775E-001  0.794344287366692E+002  0.707601649932531E+002
  0.616931713224775E-001  0.794189278975938E+002  0.688374672639692E+002
  0.616931713224775E-001  0.794022835970449E+002  0.707505477975729E+002
  0.616931713224775E-001  0.793700082198603E+002  0.688522136506296E+002
  0.616931713224775E-001  0.793673578510594E+002  0.688530191616696E+002
  0.616931713224775E-001  0.793575979605338E+002  0.707370153741727E+002
  0.616931713224775E-001  0.793501913357069E+002  0.707347535246056E+002
  0.616931713224775E-001  0.793470343463268E+002  0.688592189720399E+002
  0.616931713224775E-001  0.793447568442792E+002  0.707330904546736E+002
  0.616931713224775E-001  0.793328940092653E+002  0.688635568737282E+002
  0.616931713224775E-001  0.793283094746762E+002  0.688649676305988E+002
  0.616931713224775E-001  0.793269643844196E+002  0.688653819484738E+002
  0.616931713224775E-001  0.793236587856552E+002  0.707266058190600E+002
  0.616931713224775E-001  0.793043997162561E+002  0.707206466847009E+002
  0.616931713224775E-001  0.793019549312821E+002  0.707198874694015E+002
  0.616931713224775E-001  0.792775644053072E+002  0.707122786553073E+002
  0.616931713224775E-001  0.792773186109409E+002  0.707122016560665E+002
  0.616931713224775E-001  0.792771245114027E+002  0.688808659034361E+002
  0.616931713224775E-001  0.792631920128029E+002  0.688852414221095E+002
  0.616931713224775E-001  0.792417425539456E+002  0.688920190285183E+002
  0.616931713224775E-001  0.792378889474367E+002  0.706997646686177E+002
  0.616931713224775E-001  0.792326411743695E+002  0.688949102810878E+002
  0.616931713224775E-001  0.792320499164177E+002  0.688950984279207E+002
  0.616931713224775E-001  0.792313443024911E+002  0.706976837340744E+002
  0.616931713224775E-001  0.792281894380251E+002  0.688963278546016E+002
  0.616931713224775E-001  0.792238271604434E+002  0.688977191104879E+002
  0.616931713224775E-001  0.792148973808590E+002  0.689005738119854E+002
  0.616931713224775E-001  0.792068359936480E+002  0.706898480123378E+002
  0.616931713224775E-001  0.791688076790028E+002  0.689154549803609E+002
  0.616931713224775E-001  0.791477907933553E+002  0.689223248780562E+002
  0.616931713224775E-001  0.791431416313653E+002  0.689238518786671E+002
  0.616931713224775E-001  0.791334264922383E+002  0.689270514386793E+002
  0.616931713224775E-001  0.791301652916381E+002  0.706648786326460E+002
  0.616931713224775E-001  0.791110201170446E+002  0.689344759771856E+002
  0.616931713224775E-001  0.790997458679711E+002  0.706547706679877E+002
  0.616931713224775E-001  0.790994798342751E+002  0.689383250065448E+002
  0.616931713224775E-001  0.790945257725086E+002  0.706530241093330E+002
  0.616931713224775E-001  0.790904143032285E+002  0.706516459676252E+002
  0.616931713224775E-001  0.790839213187327E+002  0.706494650203422E+002
  0.616931713224775E-001  0.790801776098116E+002  0.689448017531199E+002
  0.616931713224775E-001  0.790705895199150E+002  0.689480373583171E+002
  0.616931713224775E-001  0.790499224265592E+002  0.706379527448846E+002
  0.616931713224775E-001  0.790491452217039E+002  0.689553190143633E+002
  0.616931713224775E-001  0.790247234528862E+002  0.706293175088132E+002
  0.616931713224775E-001  0.790228607253013E+002  0.706286756288318E+002
  0.616931713224775E-001  0.789956777114477E+002  0.706192516208931E+002
  0.616931713224775E-001  0.789745375203428E+002  0.706118472911871E+002
  0.616931713224775E-001  0.789706301795821E+002  0.689825353757470E+002
  0.616931713224775E-001  0.789705886120621E+002  0.706104567242773E+002
  0.616931713224775E-001  0.789702771605648E+002  0.689826598011747E+002
  0.616931713224775E-001  0.789581081879704E+002  0.706060461691534E+002
  0.616931713224775E-001  0.789378883300306E+002  0.705988490568053E+002
  0.616931713224775E-001  0.789371732368537E+002  0.705985933422177E+002
  0.616931713224775E-001  0.789241743514591E+002  0.705939306972429E+002
  0.616931713224775E-001  0.789149281114228E+002  0.690024093024707E+002
  0.616931713224775E-001  0.789130869505657E+002  0.690030747088362E+002
  0.616931713224775E-001  0.789068689826031E+002  0.705876806945306E+002
  0.616931713224775E-001  0.789032255421321E+002  0.690066482216649E+002
  0.616931713224775E-001  0.788995000525504E+002  0.705850042948400E+002
  0.616931713224775E-001  0.788902645482512E+002  0.690113696781833E+002
  0.616931713224775E-001  0.788815825863081E+002  0.690145483043382E+002
  0.616931713224775E-001  0.788698478806697E+002  0.705741415053621E+002
  0.616931713224775E-001  0.788620405622847E+002  0.705712560390775E+002
  0.616931713224775E-001  0.788602158302476E+002  0.690224266548452E+002
  0.616931713224775E-001  0.788556952476176E+002  0.705689029667232E+002
  0.616931713224775E-001  0.788531043824588E+002  0.705679401165215E+002
  0.616931713224775E-001  0.788529960707067E+002  0.690251069118033E+002
  0.616931713224775E-001  0.788474905682958E+002  0.705658497054062E+002
  0.616931713224775E-001  0.788474812067040E+002  0.690271605352705E+002
  0.616931713224775E-001  0.788339416757856E+002  0.690322257855097E+002
  0.616931713224775E-001  0.788336811784742E+002  0.705606831810674E+002
  0.616931713224775E-001  0.788016817730782E+002  0.690444319453028E+002
  0.616931713224775E-001  0.788012385428854E+002  0.690446010299774E+002
  0.616931713224775E-001  0.787848614326377E+002  0.705421312528488E+002
  0.616931713224775E-001  0.787739456776937E+002  0.690550870773578E+002
  0.616931713224775E-001  0.787688585993560E+002  0.690570579978476E+002
  0.616931713224775E-001  0.787686308078027E+002  0.705358603744269E+002
  0.616931713224775E-001  0.787669069928473E+002  0.690578155174026E+002
  0.616931713224775E-001  0.787616729871861E+002  0.705331557979255E+002
  0.616931713224775E-001  0.787616722094824E+002  0.690598512548960E+002
  0.616931713224775E-001  0.787603200159515E+002  0.690603780198738E+002
  0.616931713224775E-001  0.787500761128391E+002  0.690643809802461E+002
  0.616931713224775E-001  0.787432800175508E+002  0.705259579717698E+002
  0.616931713224775E-001  0.787399159714360E+002  0.705246338033834E+002
  0.616931713224775E-001  0.787378158971944E+002  0.690692008079258E+002
  0.616931713224775E-001  0.787353386220641E+002  0.690701785770636E+002
  0.616931713224775E-001  0.787221087933564E+002  0.690754227765816E+002
  0.616931713224775E-001  0.787121256212301E+002  0.690794054153969E+002
  0.616931713224775E-001  0.787093877829061E+002  0.705125052437823E+002
  0.616931713224775E-001  0.787080397834374E+002  0.690810417933219E+002
  0.616931713224775E-001  0.787062888909127E+002  0.705112625775499E+002
  0.616931713224775E-001  0.786897398505030E+002  0.690884173136448E+002
  0.616931713224775E-001  0.786857259455128E+002  0.690900453562854E+002
  0.616931713224775E-001  0.786813121404593E+002  0.705011668091246E+002
  0.616931713224775E-001  0.786788617041304E+002  0.705001685239966E+002
  0.616931713224775E-001  0.786744038892438E+002  0.704983488102232E+002
  0.616931713224775E-001  0.786714145523210E+002  0.704971258929126E+002
  0.616931713224775E-001  0.786711741926414E+002  0.690959792792840E+002
  0.616931713224775E-001  0.786511627515941E+002  0.691042226202884E+002
  0.616931713224775E-001  0.786483581174660E+002  0.704876209571452E+002
  0.616931713224775E-001  0.786446190693308E+002  0.691069395485801E+002
  0.616931713224775E-001  0.786440813975949E+002  0.691071632652616E+002
  0.616931713224775E-001  0.786298295802079E+002  0.704798868312829E+002
  0.616931713224775E-001  0.786034205332909E+002  0.704687094596410E+002
  0.616931713224775E-001  0.785927355157131E+002  0.691288727902623E+002
  0.616931713224775E-001  0.785920924459383E+002  0.691291491641137E+002
  0.616931713224775E-001  0.785915246787898E+002  0.691293932701212E+002
  0.616931713224775E-001  0.785856148634920E+002  0.691319394621494E+002
  0.616931713224775E-001  0.785838454778953E+002  0.704603030637791E+002
  0.616931713224775E-001  0.785726588068646E+002  0.704554508581460E+002
  0.616931713224775E-001  0.785703193743252E+002  0.704544316077011E+002
  0.616931713224775E-001  0.785556647153666E+002  0.704480105464984E+002
  0.616931713224775E-001  0.785552983104798E+002  0.691451575579423E+002
  0.616931713224775E-001  0.785499622301666E+002  0.691475119649078E+002
  0.616931713224775E-001  0.785452528133466E+002  0.691495969912806E+002
  0.616931713224775E-001  0.785354369099769E+002  0.704390421616032E+002
  0.616931713224775E-001  0.785315949033086E+002  0.704373245506515E+002
  0.616931713224775E-001  0.785274802460395E+002  0.704354799281424E+002
  0.616931713224775E-001  0.785186256644548E+002  0.691615145504024E+002
  0.616931713224775E-001  0.785106923924218E+002  0.691651087508445E+002
  0.616931713224775E-001  0.785054806394671E+002  0.704255256162040E+002
  0.616931713224775E-001  0.785042994709183E+002  0.704249867051038E+002
  0.616931713224775E-001  0.784993493991531E+002  0.691702835718928E+002
  0.616931713224775E-001  0.784878832974056E+002  0.704174483644200E+002
  0.616931713224775E-001  0.784843638810940E+002  0.704158202969142E+002
  0.616931713224775E-001  0.784827621822734E+002  0.704150779388127E+002
  0.616931713224775E-001  0.784823792883707E+002  0.704149003425107E+002
  0.616931713224775E-001  0.784803258203205E+002  0.691790597317477E+002
  0.616931713224775E-001  0.784733321681097E+002  0.691823176423654E+002
  0.616931713224775E-001  0.784652111773400E+002  0.704068842203901E+002
  0.616931713224775E-001  0.784479417195062E+002  0.703987131363716E+002
  0.616931713224775E-001  0.784458781225190E+002  0.691952774370370E+002
  0.616931713224775E-001  0.784438293362111E+002  0.691962557946587E+002
  0.616931713224775E-001  0.784413364283016E+002  0.691974483887270E+002
  0.616931713224775E-001  0.784376474979430E+002  0.703937892273531E+002
  0.616931713224775E-001  0.784333943082487E+002  0.703917429604797E+002
  0.616931713224775E-001  0.784310314594774E+002  0.692024036332276E+002
  0.616931713224775E-001  0.784267605228253E+002  0.692044695113282E+002
  0.616931713224775E-001  0.784222282577944E+002  0.692066697088404E+002
  0.616931713224775E-001  0.784198123515206E+002  0.692078458756584E+002
  0.616931713224775E-001  0.784187185202989E+002  0.692083791731997E+002
  0.616931713224775E-001  0.784134170530645E+002  0.692109707861307E+002
  0.616931713224775E-001  0.784131939474421E+002  0.692110801024908E+002
  0.616931713224775E-001  0.784100359046923E+002  0.703803770876521E+002
  0.616931713224775E-001  0.784039681854671E+002  0.692156185165380E+002
  0.616931713224775E-001  0.784019156451753E+002  0.692166330496637E+002
  0.616931713224775E-001  0.783918067234378E+002  0.692216558292386E+002
  0.616931713224775E-001  0.783915847095403E+002  0.703712401169623E+002
  0.616931713224775E-001  0.783872672273840E+002  0.703690810641406E+002
  0.616931713224775E-001  0.783806786928566E+002  0.703657705389257E+002
  0.616931713224775E-001  0.783798794135510E+002  0.692276391333667E+002
  0.616931713224775E-001  0.783679134677206E+002  0.692337057355578E+002
  0.616931713224775E-001  0.783586369041860E+002  0.692384542312259E+002
  0.616931713224775E-001  0.783575243156798E+002  0.692390264604343E+002
  0.616931713224775E-001  0.783565072422596E+002  0.703534566714911E+002
  0.616931713224775E-001  0.783496323113031E+002  0.692431024794191E+002
  0.616931713224775E-001  0.783492322730522E+002  0.692433098887217E+002
  0.616931713224775E-001  0.783468558846715E+002  0.692445435901834E+002
  0.616931713224775E-001  0.783465919925158E+002  0.703483259900818E+002
  0.616931713224775E-001  0.783268388187533E+002  0.703379597550238E+002
  0.616931713224775E-001  0.783152585586590E+002  0.703317892354315E+002
  0.616931713224775E-001  0.783077687502173E+002  0.703277601389598E+002
  0.616931713224775E-001  0.783059943750690E+002  0.703268011396132E+002
  0.616931713224775E-001  0.783052529114046E+002  0.703263998854135E+002
  0.616931713224775E-001  0.783041106717686E+002  0.692672255999602E+002
  0.616931713224775E-001  0.782926593740581E+002  0.692734690597342E+002
  0.616931713224775E-001  0.782899483731901E+002  0.692749580891887E+002
  0.616931713224775E-001  0.782745135027683E+002  0.692835181103866E+002
  0.616931713224775E-001  0.782740794705193E+002  0.703092458639622E+002
  0.616931713224775E-001  0.782712035382646E+002  0.703076342999600E+002
  0.616931713224775E-001  0.782711735142238E+002  0.692853893011463E+002
  0.616931713224775E-001  0.782687122588549E+002  0.692867725875301E+002
  0.616931713224775E-001  0.782611597821725E+002  0.692910408963831E+002
  0.616931713224775E-001  0.782593842236457E+002  0.703009571471172E+002
  0.616931713224775E-001  0.782592062001989E+002  0.703008558995507E+002
  0.616931713224775E-001  0.782576399281216E+002  0.702999642334481E+002
  0.616931713224775E-001  0.782569925251016E+002  0.702995952104967E+002
  0.616931713224775E-001  0.782556245214601E+002  0.702988145499262E+002
  0.616931713224775E-001  0.782555036325762E+002  0.702987455055113E+002
  0.616931713224775E-001  0.782549821484438E+002  0.692945591934822E+002
  0.616931713224775E-001  0.782524137900784E+002  0.702969775414149E+002
  0.616931713224775E-001  0.782521241443102E+002  0.702968114899342E+002
  0.616931713224775E-001  0.782470560862576E+002  0.692991097059751E+002
  0.616931713224775E-001  0.782466596089097E+002  0.692993384254615E+002
  0.616931713224775E-001  0.782455625901903E+002  0.692999718216555E+002
  0.616931713224775E-001  0.782430388481918E+002  0.702915746946632E+002
  0.616931713224775E-001  0.782426592383613E+002  0.693016520698368E+002
  0.616931713224775E-001  0.782268963026356E+002  0.702821307903504E+002
  0.616931713224775E-001  0.782231419330374E+002  0.702799079201911E+002
  0.616931713224775E-001  0.782214947424615E+002  0.693140773235376E+002
  0.616931713224775E-001  0.782213033133984E+002  0.693141911684284E+002
  0.616931713224775E-001  0.782170512219890E+002  0.693167268963782E+002
  0.616931713224775E-001  0.782154004303538E+002  0.702752917876812E+002
  0.616931713224775E-001  0.782117407053656E+002  0.702730939889374E+002
  0.616931713224775E-001  0.782111346325606E+002  0.702727290410946E+002
  0.616931713224775E-001  0.782104524671103E+002  0.693206888108723E+002
  0.616931713224775E-001  0.782092714278850E+002  0.693214013965543E+002
  0.616931713224775E-001  0.782038445970043E+002  0.693246895349506E+002
  0.616931713224775E-001  0.782001908797683E+002  0.693269163056236E+002
  0.616931713224775E-001  0.781958766623691E+002  0.702634474576852E+002
  0.616931713224775E-001  0.781892541360154E+002  0.693336457643494E+002
  0.616931713224775E-001  0.781891260325901E+002  0.702592815828255E+002
  0.616931713224775E-001  0.781886931147289E+002  0.702590131449722E+002
  0.616931713224775E-001  0.781857148547489E+002  0.702571621861260E+002
  0.616931713224775E-001  0.781829385901809E+002  0.702554300424269E+002
  0.616931713224775E-001  0.781788967160457E+002  0.693401102319651E+002
  0.616931713224775E-001  0.781782845679038E+002  0.693404951655352E+002
  0.616931713224775E-001  0.781722675566394E+002  0.702487105030725E+002
  0.616931713224775E-001  0.781613930198481E+002  0.702417585033448E+002
  0.616931713224775E-001  0.781594830367007E+002  0.693524805202865E+002
  0.616931713224775E-001  0.781581659176755E+002  0.693533322888913E+002
  0.616931713224775E-001  0.781581651346346E+002  0.693533327957635E+002
  0.616931713224775E-001  0.781544824798721E+002  0.702372836782297E+002
  0.616931713224775E-001  0.781541720184414E+002  0.702370815764083E+002
  0.616931713224775E-001  0.781541522941176E+002  0.702370687332859E+002
  0.616931713224775E-001  0.781394035338842E+002  0.702273582001784E+002
  0.616931713224775E-001  0.781387446589518E+002  0.693660874628079E+002
  0.616931713224775E-001  0.781371920941742E+002  0.693671234862494E+002
  0.616931713224775E-001  0.781348441063619E+002  0.702243116897526E+002
  0.616931713224775E-001  0.781289452228991E+002  0.702203376921987E+002
  0.616931713224775E-001  0.781259905535710E+002  0.693746736506858E+002
  0.616931713224775E-001  0.781231870265449E+002  0.702164222011186E+002
  0.616931713224775E-001  0.781216480381356E+002  0.702153695126032E+002
  0.616931713224775E-001  0.781135022544802E+002  0.702097530318046E+002
  0.616931713224775E-001  0.781017103188271E+002  0.693915221741528E+002
  0.616931713224775E-001  0.781005478886727E+002  0.702006603250428E+002
  0.616931713224775E-001  0.780947160254629E+002  0.701964994584003E+002
  0.616931713224775E-001  0.780864972628677E+002  0.694024457225677E+002
  0.616931713224775E-001  0.780850283844335E+002  0.694035165062075E+002
  0.616931713224775E-001  0.780841682272346E+002  0.694041449006394E+002
  0.616931713224775E-001  0.780839647065041E+002  0.694042937315604E+002
  0.616931713224775E-001  0.780830730643517E+002  0.701880603102725E+002
  0.616931713224775E-001  0.780826024997616E+002  0.694052913457468E+002
  0.616931713224775E-001  0.780824882346493E+002  0.701876316063168E+002
  0.616931713224775E-001  0.780794534057288E+002  0.701853993641979E+002
  0.616931713224775E-001  0.780788827011922E+002  0.701849781545683E+002
  0.616931713224775E-001  0.780765026945183E+002  0.701832166398295E+002
  0.616931713224775E-001  0.780760712826258E+002  0.701828964791195E+002
  0.616931713224775E-001  0.780755221052583E+002  0.701824885377418E+002
  0.616931713224775E-001  0.780743062856808E+002  0.701815838619929E+002
  0.616931713224775E-001  0.780721040296648E+002  0.694130669930583E+002
  0.616931713224775E-001  0.780719183393477E+002  0.694132059434623E+002
  0.616931713224775E-001  0.780628784803780E+002  0.701729743457175E+002
  0.616931713224775E-001  0.780622317663905E+002  0.694205255217971E+002
  0.616931713224775E-001  0.780621787045881E+002  0.694205660099810E+002
  0.616931713224775E-001  0.780620216684820E+002  0.701723208898748E+002
  0.616931713224775E-001  0.780471780434353E+002  0.701608142617455E+002
  0.616931713224775E-001  0.780455858645461E+002  0.701595583644908E+002
  0.616931713224775E-001  0.780441013057325E+002  0.694346233195112E+002
  0.616931713224775E-001  0.780439289264697E+002  0.701582467559307E+002
  0.616931713224775E-001  0.780425212131348E+002  0.694358780678696E+002
  0.616931713224775E-001  0.780424336048169E+002  0.694359477652232E+002
  0.616931713224775E-001  0.780410572742941E+002  0.694370444875199E+002
  0.616931713224775E-001  0.780357052016758E+002  0.694413414494826E+002
  0.616931713224775E-001  0.780337149949951E+002  0.694429526261081E+002
  0.616931713224775E-001  0.780298600788916E+002  0.694460944535161E+002
  0.616931713224775E-001  0.780275799216434E+002  0.701450405963706E+002
  0.616931713224775E-001  0.780243094217272E+002  0.694506684752350E+002
  0.616931713224775E-001  0.780227689106591E+002  0.694519486986613E+002
  0.616931713224775E-001  0.780221386188801E+002  0.701405328814691E+002
  0.616931713224775E-001  0.780221280519397E+002  0.701405240700816E+002
  0.616931713224775E-001  0.780220682718550E+002  0.701404742173910E+002
  0.616931713224775E-001  0.780219297566614E+002  0.694526480729847E+002
  0.616931713224775E-001  0.780219249455363E+002  0.701403546631536E+002
  0.616931713224775E-001  0.780197581128862E+002  0.701385421296404E+002
  0.616931713224775E-001  0.780137011664539E+002  0.701334238357658E+002
  0.616931713224775E-001  0.780134512258862E+002  0.694597957926819E+002
  0.616931713224775E-001  0.780118508657963E+002  0.694611620484376E+002
  0.616931713224775E-001  0.780101058256649E+002  0.701303485574607E+002
  0.616931713224775E-001  0.780099384490193E+002  0.701302047012873E+002
  0.616931713224775E-001  0.780081058720061E+002  0.701286255698701E+002
  0.616931713224775E-001  0.780063144354339E+002  0.694659321520740E+002
  0.616931713224775E-001  0.780054245543398E+002  0.701263014540935E+002
  0.616931713224775E-001  0.780020987102142E+002  0.701233957165659E+002
  0.616931713224775E-001  0.780008696933573E+002  0.694706913635651E+002
  0.616931713224775E-001  0.780007293841555E+002  0.701221918239248E+002
  0.616931713224775E-001  0.779978156919916E+002  0.694733915307782E+002
  0.616931713224775E-001  0.779973632473996E+002  0.694737934769643E+002
  0.616931713224775E-001  0.779937311247262E+002  0.701159682150009E+002
  0.616931713224775E-001  0.779928632039017E+002  0.694778188553329E+002
  0.616931713224775E-001  0.779911833502445E+002  0.701136721372065E+002
  0.616931713224775E-001  0.779869879067109E+002  0.694831522465067E+002
  0.616931713224775E-001  0.779858531757864E+002  0.694841928097893E+002
  0.616931713224775E-001  0.779851952325356E+002  0.694847977434439E+002
  0.616931713224775E-001  0.779828721286427E+002  0.694869431337174E+002
  0.616931713224775E-001  0.779804518428521E+002  0.701038125483956E+002
  0.616931713224775E-001  0.779787765494773E+002  0.701022446792690E+002
  0.616931713224775E-001  0.779784222498396E+002  0.701019120671515E+002
  0.616931713224775E-001  0.779727432542722E+002  0.700965303771170E+002
  0.616931713224775E-001  0.779721859726643E+002  0.700959970597709E+002
  0.616931713224775E-001  0.779712022813458E+002  0.700950533441913E+002
  0.616931713224775E-001  0.779698905882851E+002  0.694992164542096E+002
  0.616931713224775E-001  0.779629841963152E+002  0.700870494806829E+002
  0.616931713224775E-001  0.779618622135617E+002  0.700859395736315E+002
  0.616931713224775E-001  0.779603414923780E+002  0.700844283902715E+002
  0.616931713224775E-001  0.779602158197778E+002  0.700843031509107E+002
  0.616931713224775E-001  0.779589255066269E+002  0.695099926305364E+002
  0.616931713224775E-001  0.779556097728649E+002  0.695133319827052E+002
  0.616931713224775E-001  0.779555397679491E+002  0.700796038390936E+002
  0.616931713224775E-001  0.779540783000595E+002  0.695148877324677E+002
  0.616931713224775E-001  0.779519934929869E+002  0.700759872435325E+002
  0.616931713224775E-001  0.779460572101577E+002  0.695231805813325E+002
  0.616931713224775E-001  0.779459407835269E+002  0.695233028059735E+002
  0.616931713224775E-001  0.779417375100455E+002  0.700652541229601E+002
  0.616931713224775E-001  0.779405173847848E+002  0.700639485652579E+002
  0.616931713224775E-001  0.779396452766225E+002  0.695299952767671E+002
  0.616931713224775E-001  0.779384561318479E+002  0.700617283859132E+002
  0.616931713224775E-001  0.779375122789591E+002  0.700607055328326E+002
  0.616931713224775E-001  0.779337721287916E+002  0.695363939629248E+002
  0.616931713224775E-001  0.779337528355995E+002  0.695364152419125E+002
  0.616931713224775E-001  0.779336325801752E+002  0.700564588358019E+002
  0.616931713224775E-001  0.779321837356582E+002  0.700548550373993E+002
  0.616931713224775E-001  0.779320166657011E+002  0.695383372913334E+002
  0.616931713224775E-001  0.779282289481787E+002  0.700504257282289E+002
  0.616931713224775E-001  0.779268186193340E+002  0.700488273717127E+002
  0.616931713224775E-001  0.779257546834449E+002  0.695453918923939E+002
  0.616931713224775E-001  0.779246024330992E+002  0.700462950572067E+002
  0.616931713224775E-001  0.779234210398619E+002  0.695480721533443E+002
  0.616931713224775E-001  0.779223437396993E+002  0.695493192702598E+002
  0.616931713224775E-001  0.779222266022844E+002  0.700435514982308E+002
  0.616931713224775E-001  0.779197247309881E+002  0.700406290627325E+002
  0.616931713224775E-001  0.779175679779687E+002  0.700380813868510E+002
  0.616931713224775E-001  0.779150198976272E+002  0.700350363916847E+002
  0.616931713224775E-001  0.779148199207396E+002  0.695582109804206E+002
  0.616931713224775E-001  0.779135245639384E+002  0.695597755413410E+002
  0.616931713224775E-001  0.779104956149912E+002  0.700295317807144E+002
  0.616931713224775E-001  0.779104842543288E+002  0.695634889552338E+002
  0.616931713224775E-001  0.779098073081740E+002  0.695643238567534E+002
  0.616931713224775E-001  0.779096282081028E+002  0.700284615000827E+002
  0.616931713224775E-001  0.779091431625241E+002  0.700278608510274E+002
  0.616931713224775E-001  0.779087245333883E+002  0.700273411912464E+002
  0.616931713224775E-001  0.779075934423946E+002  0.695670755100537E+002
  0.616931713224775E-001  0.779065142425220E+002  0.700245778474888E+002
  0.616931713224775E-001  0.779046615085463E+002  0.700222354668781E+002
  0.616931713224775E-001  0.779044837383778E+002  0.700220094357545E+002
  0.616931713224775E-001  0.779036354069536E+002  0.700209276644988E+002
  0.616931713224775E-001  0.779031454045850E+002  0.700203004431890E+002
  0.616931713224775E-001  0.779012230307426E+002  0.700178225672348E+002
  0.616931713224775E-001  0.779004487926738E+002  0.700168167278807E+002
  0.616931713224775E-001  0.779000813355729E+002  0.700163377412838E+002
  0.616931713224775E-001  0.778981261622478E+002  0.700137713831001E+002
  0.616931713224775E-001  0.778970740221355E+002  0.695806290309234E+002
  0.616931713224775E-001  0.778964115128739E+002  0.695815112255417E+002
  0.616931713224775E-001  0.778962285741567E+002  0.695817554645128E+002
  0.616931713224775E-001  0.778947573551252E+002  0.695837298621582E+002
  0.616931713224775E-001  0.778933192902918E+002  0.695856776356631E+002
  0.616931713224775E-001  0.778929777146485E+002  0.695861429301969E+002
  0.616931713224775E-001  0.778921049171100E+002  0.700056701931459E+002
  0.616931713224775E-001  0.778895661369368E+002  0.695908479399987E+002
  0.616931713224775E-001  0.778884533663435E+002  0.695924060529169E+002
  0.616931713224775E-001  0.778881732523805E+002  0.700002066009588E+002
  0.616931713224775E-001  0.778877862832495E+002  0.699996609113471E+002
  0.616931713224775E-001  0.778866486984383E+002  0.695949585744868E+002
  0.616931713224775E-001  0.778861594583719E+002  0.699973506054418E+002
  0.616931713224775E-001  0.778839033807978E+002  0.695989047719856E+002
  0.616931713224775E-001  0.778804112914861E+002  0.699889654657546E+002
  0.616931713224775E-001  0.778802762193731E+002  0.699887640316507E+002
  0.616931713224775E-001  0.778800522081115E+002  0.696045772541224E+002
  0.616931713224775E-001  0.806037370129619E+002  0.697656798095886E+002
  0.616931713224775E-001  0.806036705207585E+002  0.697663049819293E+002
  0.616931713224775E-001  0.806036438789925E+002  0.697665591352248E+002
  0.616931713224775E-001  0.806034923002297E+002  0.697680483106424E+002
  0.616931713224775E-001  0.806033706521424E+002  0.697693023399655E+002
  0.616931713224775E-001  0.806032384474870E+002  0.697707343005047E+002
  0.616931713224775E-001  0.806029291227652E+002  0.697744449703304E+002
  0.616931713224775E-001  0.806027216460998E+002  0.697773321584870E+002
  0.616931713224775E-001  0.806024890886255E+002  0.697812027866516E+002
