  0.136208655374902E+000  0.876930685795792E+002  0.675134211997475E+002
  0.136208655374902E+000  0.876637170050906E+002  0.675171122183696E+002
  0.136208655374902E+000  0.823768124312436E+002  0.712669846266038E+002
  0.136208655374902E+000  0.869441745188044E+002  0.676095434536562E+002
  0.136208655374902E+000  0.861614764336264E+002  0.718782642770074E+002
  0.136208655374902E+000  0.824977424011988E+002  0.683026166726959E+002
  0.136208655374902E+000  0.854904127612668E+002  0.678093666551455E+002
  0.136208655374902E+000  0.854869369786823E+002  0.678098684946823E+002
  0.136208655374902E+000  0.854325361362081E+002  0.678177395676665E+002
  0.136208655374902E+000  0.825946978523489E+002  0.682841129804834E+002
  0.136208655374902E+000  0.825982110443413E+002  0.713095600045733E+002
  0.136208655374902E+000  0.826636880130365E+002  0.682710830643390E+002
  0.136208655374902E+000  0.852714197747587E+002  0.717517699283413E+002
  0.136208655374902E+000  0.826993092050637E+002  0.682643987999352E+002
  0.136208655374902E+000  0.827798204293417E+002  0.713436093646667E+002
  0.136208655374902E+000  0.828488740158267E+002  0.682366457686647E+002
  0.136208655374902E+000  0.850433920314962E+002  0.717180232536680E+002
  0.136208655374902E+000  0.828867328575668E+002  0.713633080488393E+002
  0.136208655374902E+000  0.829114317983779E+002  0.713678237298870E+002
  0.136208655374902E+000  0.847506283137866E+002  0.679191998907289E+002
  0.136208655374902E+000  0.847281771049537E+002  0.716703729579971E+002
  0.136208655374902E+000  0.829656975901066E+002  0.682153069557492E+002
  0.136208655374902E+000  0.846330197618332E+002  0.716557482847904E+002
  0.136208655374902E+000  0.845619280737366E+002  0.679482600237325E+002
  0.136208655374902E+000  0.831453676767477E+002  0.681830393865364E+002
  0.136208655374902E+000  0.845139804161156E+002  0.679557171316599E+002
  0.136208655374902E+000  0.844836085862135E+002  0.716325503401160E+002
  0.136208655374902E+000  0.844679843559912E+002  0.679628992161108E+002
  0.136208655374902E+000  0.844564887096568E+002  0.716283081404105E+002
  0.136208655374902E+000  0.844330171921873E+002  0.679683780650366E+002
  0.136208655374902E+000  0.844325708112106E+002  0.679684481126291E+002
  0.136208655374902E+000  0.844250203995738E+002  0.679696333553554E+002
  0.136208655374902E+000  0.843912413396991E+002  0.716180614083326E+002
  0.136208655374902E+000  0.831581720348060E+002  0.681807644062319E+002
  0.136208655374902E+000  0.843497059855354E+002  0.716115083811414E+002
  0.136208655374902E+000  0.831664741068867E+002  0.714137156821491E+002
  0.136208655374902E+000  0.842590435052686E+002  0.715971217342560E+002
  0.136208655374902E+000  0.832131409423831E+002  0.681710341260191E+002
  0.136208655374902E+000  0.832459262077709E+002  0.714277484514104E+002
  0.136208655374902E+000  0.832861825961608E+002  0.714348126259953E+002
  0.136208655374902E+000  0.834166500165462E+002  0.681355062084557E+002
  0.136208655374902E+000  0.834867313233254E+002  0.714695604691015E+002
  0.136208655374902E+000  0.823386413296898E+002  0.683334877149930E+002
  0.136208655374902E+000  0.822913049952092E+002  0.683427991168494E+002
  0.136208655374902E+000  0.822702697870078E+002  0.683469560909817E+002
  0.136208655374902E+000  0.822112272675639E+002  0.712343184778597E+002
  0.136208655374902E+000  0.822050017157960E+002  0.683599309188798E+002
  0.136208655374902E+000  0.821201092161883E+002  0.712160223759256E+002
  0.136208655374902E+000  0.820560170516311E+002  0.683899963711362E+002
  0.136208655374902E+000  0.820334228451230E+002  0.711983945086055E+002
  0.136208655374902E+000  0.818425340719851E+002  0.711587728838833E+002
  0.136208655374902E+000  0.818420769447105E+002  0.711586766175078E+002
  0.136208655374902E+000  0.818277969997228E+002  0.711556659723915E+002
  0.136208655374902E+000  0.818160172149194E+002  0.684398293419936E+002
  0.136208655374902E+000  0.817754517591484E+002  0.684484342354850E+002
  0.136208655374902E+000  0.817533544910831E+002  0.684531447791422E+002
  0.136208655374902E+000  0.816729057071674E+002  0.684704356440127E+002
  0.136208655374902E+000  0.816672793859708E+002  0.711213533971637E+002
  0.136208655374902E+000  0.816485728078601E+002  0.684757101027120E+002
  0.136208655374902E+000  0.816099592259457E+002  0.711088831635242E+002
  0.136208655374902E+000  0.815927633137677E+002  0.684878877989889E+002
  0.136208655374902E+000  0.815743365413039E+002  0.711010732459526E+002
  0.136208655374902E+000  0.815433453286138E+002  0.710942405009430E+002
  0.136208655374902E+000  0.814885437657715E+002  0.685109374310157E+002
  0.136208655374902E+000  0.814437449779151E+002  0.685209733137245E+002
  0.136208655374902E+000  0.814248902855232E+002  0.710677858946761E+002
  0.136208655374902E+000  0.814198869390003E+002  0.685263503824036E+002
  0.136208655374902E+000  0.814194767311973E+002  0.710665637168202E+002
  0.136208655374902E+000  0.814181890802061E+002  0.710662728402617E+002
  0.136208655374902E+000  0.813825431948496E+002  0.710581939165362E+002
  0.136208655374902E+000  0.812850250955210E+002  0.710358229393981E+002
  0.136208655374902E+000  0.812803005398627E+002  0.710347288455285E+002
  0.136208655374902E+000  0.812753656355205E+002  0.685594217432345E+002
  0.136208655374902E+000  0.812665995614964E+002  0.685614562034967E+002
  0.136208655374902E+000  0.812621701340880E+002  0.685624854756554E+002
  0.136208655374902E+000  0.811957604735970E+002  0.685780214122765E+002
  0.136208655374902E+000  0.811836640942445E+002  0.710121341232184E+002
  0.136208655374902E+000  0.811572398604028E+002  0.710058823373497E+002
  0.136208655374902E+000  0.810614087269651E+002  0.686100737248892E+002
  0.136208655374902E+000  0.810511758687371E+002  0.709804562093277E+002
  0.136208655374902E+000  0.810374889555640E+002  0.709771352327624E+002
  0.136208655374902E+000  0.810198483241493E+002  0.686201656485090E+002
  0.136208655374902E+000  0.810043513983870E+002  0.686239509285439E+002
  0.136208655374902E+000  0.809807976908837E+002  0.686297276749634E+002
  0.136208655374902E+000  0.809523074628455E+002  0.709562531536357E+002
  0.136208655374902E+000  0.809521823698567E+002  0.686367845391316E+002
  0.136208655374902E+000  0.809471851394047E+002  0.709549854279041E+002
  0.136208655374902E+000  0.809435941692805E+002  0.686389108803903E+002
  0.136208655374902E+000  0.809434402730525E+002  0.709540577309873E+002
  0.136208655374902E+000  0.809314459790620E+002  0.709510814278588E+002
  0.136208655374902E+000  0.809256063343155E+002  0.686433771711039E+002
  0.136208655374902E+000  0.808956704861239E+002  0.686508486945430E+002
  0.136208655374902E+000  0.808884539185720E+002  0.686526571384054E+002
  0.136208655374902E+000  0.808718780686329E+002  0.686568218476088E+002
  0.136208655374902E+000  0.808673778115419E+002  0.709350515760155E+002
  0.136208655374902E+000  0.808596123882759E+002  0.709330933061738E+002
  0.136208655374902E+000  0.808590155884399E+002  0.686600640832854E+002
  0.136208655374902E+000  0.808527286213069E+002  0.709313545453258E+002
  0.136208655374902E+000  0.808091300050359E+002  0.709202795565371E+002
  0.136208655374902E+000  0.807806240975314E+002  0.709129790465591E+002
  0.136208655374902E+000  0.807583487836215E+002  0.709072408261122E+002
  0.136208655374902E+000  0.807453883970126E+002  0.709038884897396E+002
  0.136208655374902E+000  0.807420715230106E+002  0.686899778357810E+002
  0.136208655374902E+000  0.807063949471867E+002  0.686992660769264E+002
  0.136208655374902E+000  0.806945795754703E+002  0.687023595379121E+002
  0.136208655374902E+000  0.806863234799615E+002  0.687045263223443E+002
  0.136208655374902E+000  0.806605631311685E+002  0.687113148478158E+002
  0.136208655374902E+000  0.806123992218799E+002  0.708688841727480E+002
  0.136208655374902E+000  0.805976173671937E+002  0.687280841533001E+002
  0.136208655374902E+000  0.805909081403256E+002  0.687298870985961E+002
  0.136208655374902E+000  0.805592473751687E+002  0.687384366323642E+002
  0.136208655374902E+000  0.805545677639964E+002  0.708533005889515E+002
  0.136208655374902E+000  0.805529210478184E+002  0.708528534894892E+002
  0.136208655374902E+000  0.805511380188852E+002  0.687406375836550E+002
  0.136208655374902E+000  0.805386286382410E+002  0.687440417668811E+002
  0.136208655374902E+000  0.805268631447944E+002  0.708457531553697E+002
  0.136208655374902E+000  0.804823986703307E+002  0.708335250967960E+002
  0.136208655374902E+000  0.804778767548009E+002  0.708322734495829E+002
  0.136208655374902E+000  0.803981519809111E+002  0.687830546337565E+002
  0.136208655374902E+000  0.803933488167062E+002  0.708085916040349E+002
  0.136208655374902E+000  0.803906649888892E+002  0.687851761461092E+002
  0.136208655374902E+000  0.803886413062011E+002  0.708072564091303E+002
  0.136208655374902E+000  0.803867119321901E+002  0.687862980805581E+002
  0.136208655374902E+000  0.803580265889813E+002  0.707985297251476E+002
  0.136208655374902E+000  0.803546901802877E+002  0.687954326606422E+002
  0.136208655374902E+000  0.803531712820406E+002  0.707971387343131E+002
  0.136208655374902E+000  0.803360656104297E+002  0.688007840805370E+002
  0.136208655374902E+000  0.803346221881123E+002  0.688012000221659E+002
  0.136208655374902E+000  0.802990455047049E+002  0.707814993119026E+002
  0.136208655374902E+000  0.802956314190718E+002  0.707805044918834E+002
  0.136208655374902E+000  0.802770731241036E+002  0.707750791568423E+002
  0.136208655374902E+000  0.802588399834688E+002  0.707697194238066E+002
  0.136208655374902E+000  0.802506614252149E+002  0.688257010721387E+002
  0.136208655374902E+000  0.802416427951855E+002  0.688283697262044E+002
  0.136208655374902E+000  0.802410512207055E+002  0.688285450329448E+002
  0.136208655374902E+000  0.802267183207362E+002  0.707602045698920E+002
  0.136208655374902E+000  0.802265853710824E+002  0.707601649932531E+002
  0.136208655374902E+000  0.802110845320070E+002  0.688374672639692E+002
  0.136208655374902E+000  0.801944402314581E+002  0.707505477975729E+002
  0.136208655374902E+000  0.801621648542736E+002  0.688522136506296E+002
  0.136208655374902E+000  0.801595144854726E+002  0.688530191616696E+002
  0.136208655374902E+000  0.801497545949470E+002  0.707370153741727E+002
  0.136208655374902E+000  0.801423479701201E+002  0.707347535246056E+002
  0.136208655374902E+000  0.801391909807400E+002  0.688592189720399E+002
  0.136208655374902E+000  0.801369134786924E+002  0.707330904546736E+002
  0.136208655374902E+000  0.801250506436785E+002  0.688635568737282E+002
  0.136208655374902E+000  0.801204661090894E+002  0.688649676305988E+002
  0.136208655374902E+000  0.801191210188328E+002  0.688653819484738E+002
  0.136208655374902E+000  0.801158154200684E+002  0.707266058190600E+002
  0.136208655374902E+000  0.800965563506693E+002  0.707206466847009E+002
  0.136208655374902E+000  0.800941115656954E+002  0.707198874694015E+002
  0.136208655374902E+000  0.800697210397204E+002  0.707122786553073E+002
  0.136208655374902E+000  0.800694752453541E+002  0.707122016560665E+002
  0.136208655374902E+000  0.800692811458159E+002  0.688808659034361E+002
  0.136208655374902E+000  0.800553486472161E+002  0.688852414221095E+002
  0.136208655374902E+000  0.800338991883588E+002  0.688920190285183E+002
  0.136208655374902E+000  0.800300455818499E+002  0.706997646686177E+002
  0.136208655374902E+000  0.800247978087827E+002  0.688949102810878E+002
  0.136208655374902E+000  0.800242065508309E+002  0.688950984279207E+002
  0.136208655374902E+000  0.800235009369044E+002  0.706976837340744E+002
  0.136208655374902E+000  0.800203460724383E+002  0.688963278546016E+002
  0.136208655374902E+000  0.800159837948567E+002  0.688977191104879E+002
  0.136208655374902E+000  0.800070540152722E+002  0.689005738119854E+002
  0.136208655374902E+000  0.799989926280612E+002  0.706898480123378E+002
  0.136208655374902E+000  0.799609643134161E+002  0.689154549803609E+002
  0.136208655374902E+000  0.799399474277685E+002  0.689223248780562E+002
  0.136208655374902E+000  0.799352982657785E+002  0.689238518786671E+002
  0.136208655374902E+000  0.799255831266515E+002  0.689270514386793E+002
  0.136208655374902E+000  0.799223219260513E+002  0.706648786326460E+002
  0.136208655374902E+000  0.799031767514578E+002  0.689344759771856E+002
  0.136208655374902E+000  0.798919025023843E+002  0.706547706679877E+002
  0.136208655374902E+000  0.798916364686883E+002  0.689383250065448E+002
  0.136208655374902E+000  0.798866824069218E+002  0.706530241093330E+002
  0.136208655374902E+000  0.798825709376417E+002  0.706516459676252E+002
  0.136208655374902E+000  0.798760779531460E+002  0.706494650203422E+002
  0.136208655374902E+000  0.798723342442248E+002  0.689448017531199E+002
  0.136208655374902E+000  0.798627461543282E+002  0.689480373583171E+002
  0.136208655374902E+000  0.798420790609724E+002  0.706379527448846E+002
  0.136208655374902E+000  0.798413018561172E+002  0.689553190143633E+002
  0.136208655374902E+000  0.798168800872995E+002  0.706293175088132E+002
  0.136208655374902E+000  0.798150173597146E+002  0.706286756288318E+002
  0.136208655374902E+000  0.797878343458609E+002  0.706192516208931E+002
  0.136208655374902E+000  0.797666941547560E+002  0.706118472911871E+002
  0.136208655374902E+000  0.797627868139953E+002  0.689825353757470E+002
  0.136208655374902E+000  0.797627452464753E+002  0.706104567242773E+002
  0.136208655374902E+000  0.797624337949781E+002  0.689826598011747E+002
  0.136208655374902E+000  0.797502648223837E+002  0.706060461691534E+002
  0.136208655374902E+000  0.797300449644439E+002  0.705988490568053E+002
  0.136208655374902E+000  0.797293298712669E+002  0.705985933422177E+002
  0.136208655374902E+000  0.797163309858723E+002  0.705939306972429E+002
  0.136208655374902E+000  0.797070847458360E+002  0.690024093024707E+002
  0.136208655374902E+000  0.797052435849789E+002  0.690030747088362E+002
  0.136208655374902E+000  0.796990256170163E+002  0.705876806945306E+002
  0.136208655374902E+000  0.796953821765453E+002  0.690066482216649E+002
  0.136208655374902E+000  0.796916566869636E+002  0.705850042948400E+002
  0.136208655374902E+000  0.796824211826644E+002  0.690113696781833E+002
  0.136208655374902E+000  0.796737392207214E+002  0.690145483043382E+002
  0.136208655374902E+000  0.796620045150829E+002  0.705741415053621E+002
  0.136208655374902E+000  0.796541971966979E+002  0.705712560390775E+002
  0.136208655374902E+000  0.796523724646608E+002  0.690224266548452E+002
  0.136208655374902E+000  0.796478518820308E+002  0.705689029667232E+002
  0.136208655374902E+000  0.796452610168720E+002  0.705679401165215E+002
  0.136208655374902E+000  0.796451527051200E+002  0.690251069118033E+002
  0.136208655374902E+000  0.796396472027091E+002  0.705658497054062E+002
  0.136208655374902E+000  0.796396378411173E+002  0.690271605352705E+002
  0.136208655374902E+000  0.796260983101988E+002  0.690322257855097E+002
  0.136208655374902E+000  0.796258378128874E+002  0.705606831810674E+002
  0.136208655374902E+000  0.795938384074915E+002  0.690444319453028E+002
  0.136208655374902E+000  0.795933951772986E+002  0.690446010299774E+002
  0.136208655374902E+000  0.795770180670509E+002  0.705421312528488E+002
  0.136208655374902E+000  0.795661023121069E+002  0.690550870773578E+002
  0.136208655374902E+000  0.795610152337692E+002  0.690570579978476E+002
  0.136208655374902E+000  0.795607874422160E+002  0.705358603744269E+002
  0.136208655374902E+000  0.795590636272606E+002  0.690578155174026E+002
  0.136208655374902E+000  0.795538296215993E+002  0.705331557979255E+002
  0.136208655374902E+000  0.795538288438956E+002  0.690598512548960E+002
  0.136208655374902E+000  0.795524766503647E+002  0.690603780198738E+002
  0.136208655374902E+000  0.795422327472523E+002  0.690643809802461E+002
  0.136208655374902E+000  0.795354366519640E+002  0.705259579717698E+002
  0.136208655374902E+000  0.795320726058492E+002  0.705246338033834E+002
  0.136208655374902E+000  0.795299725316076E+002  0.690692008079258E+002
  0.136208655374902E+000  0.795274952564773E+002  0.690701785770636E+002
  0.136208655374902E+000  0.795142654277696E+002  0.690754227765816E+002
  0.136208655374902E+000  0.795042822556433E+002  0.690794054153969E+002
  0.136208655374902E+000  0.795015444173193E+002  0.705125052437823E+002
  0.136208655374902E+000  0.795001964178506E+002  0.690810417933219E+002
  0.136208655374902E+000  0.794984455253259E+002  0.705112625775499E+002
  0.136208655374902E+000  0.794818964849162E+002  0.690884173136448E+002
  0.136208655374902E+000  0.794778825799260E+002  0.690900453562854E+002
  0.136208655374902E+000  0.794734687748725E+002  0.705011668091246E+002
  0.136208655374902E+000  0.794710183385436E+002  0.705001685239966E+002
  0.136208655374902E+000  0.794665605236570E+002  0.704983488102232E+002
  0.136208655374902E+000  0.794635711867342E+002  0.704971258929126E+002
  0.136208655374902E+000  0.794633308270546E+002  0.690959792792840E+002
  0.136208655374902E+000  0.794433193860074E+002  0.691042226202884E+002
  0.136208655374902E+000  0.794405147518792E+002  0.704876209571452E+002
  0.136208655374902E+000  0.794367757037440E+002  0.691069395485801E+002
  0.136208655374902E+000  0.794362380320081E+002  0.691071632652616E+002
  0.136208655374902E+000  0.794219862146211E+002  0.704798868312829E+002
  0.136208655374902E+000  0.793955771677041E+002  0.704687094596410E+002
  0.136208655374902E+000  0.793848921501263E+002  0.691288727902623E+002
  0.136208655374902E+000  0.793842490803515E+002  0.691291491641137E+002
  0.136208655374902E+000  0.793836813132030E+002  0.691293932701212E+002
  0.136208655374902E+000  0.793777714979052E+002  0.691319394621494E+002
  0.136208655374902E+000  0.793760021123086E+002  0.704603030637791E+002
  0.136208655374902E+000  0.793648154412779E+002  0.704554508581460E+002
  0.136208655374902E+000  0.793624760087384E+002  0.704544316077011E+002
  0.136208655374902E+000  0.793478213497798E+002  0.704480105464984E+002
  0.136208655374902E+000  0.793474549448930E+002  0.691451575579423E+002
  0.136208655374902E+000  0.793421188645798E+002  0.691475119649078E+002
  0.136208655374902E+000  0.793374094477599E+002  0.691495969912806E+002
  0.136208655374902E+000  0.793275935443901E+002  0.704390421616032E+002
  0.136208655374902E+000  0.793237515377218E+002  0.704373245506515E+002
  0.136208655374902E+000  0.793196368804527E+002  0.704354799281424E+002
  0.136208655374902E+000  0.793107822988680E+002  0.691615145504024E+002
  0.136208655374902E+000  0.793028490268350E+002  0.691651087508445E+002
  0.136208655374902E+000  0.792976372738803E+002  0.704255256162040E+002
  0.136208655374902E+000  0.792964561053315E+002  0.704249867051038E+002
  0.136208655374902E+000  0.792915060335663E+002  0.691702835718928E+002
  0.136208655374902E+000  0.792800399318188E+002  0.704174483644200E+002
  0.136208655374902E+000  0.792765205155072E+002  0.704158202969142E+002
  0.136208655374902E+000  0.792749188166866E+002  0.704150779388127E+002
  0.136208655374902E+000  0.792745359227839E+002  0.704149003425107E+002
  0.136208655374902E+000  0.792724824547337E+002  0.691790597317477E+002
  0.136208655374902E+000  0.792654888025229E+002  0.691823176423654E+002
  0.136208655374902E+000  0.792573678117532E+002  0.704068842203901E+002
  0.136208655374902E+000  0.792400983539194E+002  0.703987131363716E+002
  0.136208655374902E+000  0.792380347569322E+002  0.691952774370370E+002
  0.136208655374902E+000  0.792359859706243E+002  0.691962557946587E+002
  0.136208655374902E+000  0.792334930627148E+002  0.691974483887270E+002
  0.136208655374902E+000  0.792298041323562E+002  0.703937892273531E+002
  0.136208655374902E+000  0.792255509426620E+002  0.703917429604797E+002
  0.136208655374902E+000  0.792231880938906E+002  0.692024036332276E+002
  0.136208655374902E+000  0.792189171572385E+002  0.692044695113282E+002
  0.136208655374902E+000  0.792143848922076E+002  0.692066697088404E+002
  0.136208655374902E+000  0.792119689859338E+002  0.692078458756584E+002
  0.136208655374902E+000  0.792108751547121E+002  0.692083791731997E+002
  0.136208655374902E+000  0.792055736874777E+002  0.692109707861307E+002
  0.136208655374902E+000  0.792053505818553E+002  0.692110801024908E+002
  0.136208655374902E+000  0.792021925391055E+002  0.703803770876521E+002
  0.136208655374902E+000  0.791961248198803E+002  0.692156185165380E+002
  0.136208655374902E+000  0.791940722795885E+002  0.692166330496637E+002
  0.136208655374902E+000  0.791839633578510E+002  0.692216558292386E+002
  0.136208655374902E+000  0.791837413439535E+002  0.703712401169623E+002
  0.136208655374902E+000  0.791794238617972E+002  0.703690810641406E+002
  0.136208655374902E+000  0.791728353272698E+002  0.703657705389257E+002
  0.136208655374902E+000  0.791720360479642E+002  0.692276391333667E+002
  0.136208655374902E+000  0.791600701021338E+002  0.692337057355578E+002
  0.136208655374902E+000  0.791507935385992E+002  0.692384542312259E+002
  0.136208655374902E+000  0.791496809500930E+002  0.692390264604343E+002
  0.136208655374902E+000  0.791486638766728E+002  0.703534566714911E+002
  0.136208655374902E+000  0.791417889457163E+002  0.692431024794191E+002
  0.136208655374902E+000  0.791413889074654E+002  0.692433098887217E+002
  0.136208655374902E+000  0.791390125190848E+002  0.692445435901834E+002
  0.136208655374902E+000  0.791387486269290E+002  0.703483259900818E+002
  0.136208655374902E+000  0.791189954531665E+002  0.703379597550238E+002
  0.136208655374902E+000  0.791074151930722E+002  0.703317892354315E+002
  0.136208655374902E+000  0.790999253846305E+002  0.703277601389598E+002
  0.136208655374902E+000  0.790981510094822E+002  0.703268011396132E+002
  0.136208655374902E+000  0.790974095458178E+002  0.703263998854135E+002
  0.136208655374902E+000  0.790962673061818E+002  0.692672255999602E+002
  0.136208655374902E+000  0.790848160084714E+002  0.692734690597342E+002
  0.136208655374902E+000  0.790821050076033E+002  0.692749580891887E+002
  0.136208655374902E+000  0.790666701371815E+002  0.692835181103866E+002
  0.136208655374902E+000  0.790662361049325E+002  0.703092458639622E+002
  0.136208655374902E+000  0.790633601726778E+002  0.703076342999600E+002
  0.136208655374902E+000  0.790633301486370E+002  0.692853893011463E+002
  0.136208655374902E+000  0.790608688932681E+002  0.692867725875301E+002
  0.136208655374902E+000  0.790533164165857E+002  0.692910408963831E+002
  0.136208655374902E+000  0.790515408580589E+002  0.703009571471172E+002
  0.136208655374902E+000  0.790513628346121E+002  0.703008558995507E+002
  0.136208655374902E+000  0.790497965625349E+002  0.702999642334481E+002
  0.136208655374902E+000  0.790491491595148E+002  0.702995952104967E+002
  0.136208655374902E+000  0.790477811558734E+002  0.702988145499262E+002
  0.136208655374902E+000  0.790476602669894E+002  0.702987455055113E+002
  0.136208655374902E+000  0.790471387828570E+002  0.692945591934822E+002
  0.136208655374902E+000  0.790445704244916E+002  0.702969775414149E+002
  0.136208655374902E+000  0.790442807787234E+002  0.702968114899342E+002
  0.136208655374902E+000  0.790392127206709E+002  0.692991097059751E+002
  0.136208655374902E+000  0.790388162433229E+002  0.692993384254615E+002
  0.136208655374902E+000  0.790377192246035E+002  0.692999718216555E+002
  0.136208655374902E+000  0.790351954826050E+002  0.702915746946632E+002
  0.136208655374902E+000  0.790348158727745E+002  0.693016520698368E+002
  0.136208655374902E+000  0.790190529370488E+002  0.702821307903504E+002
  0.136208655374902E+000  0.790152985674507E+002  0.702799079201911E+002
  0.136208655374902E+000  0.790136513768747E+002  0.693140773235376E+002
  0.136208655374902E+000  0.790134599478116E+002  0.693141911684284E+002
  0.136208655374902E+000  0.790092078564022E+002  0.693167268963782E+002
  0.136208655374902E+000  0.790075570647671E+002  0.702752917876812E+002
  0.136208655374902E+000  0.790038973397788E+002  0.702730939889374E+002
  0.136208655374902E+000  0.790032912669738E+002  0.702727290410946E+002
  0.136208655374902E+000  0.790026091015235E+002  0.693206888108723E+002
  0.136208655374902E+000  0.790014280622982E+002  0.693214013965543E+002
  0.136208655374902E+000  0.789960012314176E+002  0.693246895349506E+002
  0.136208655374902E+000  0.789923475141815E+002  0.693269163056236E+002
  0.136208655374902E+000  0.789880332967823E+002  0.702634474576852E+002
  0.136208655374902E+000  0.789814107704287E+002  0.693336457643494E+002
  0.136208655374902E+000  0.789812826670033E+002  0.702592815828255E+002
  0.136208655374902E+000  0.789808497491421E+002  0.702590131449722E+002
  0.136208655374902E+000  0.789778714891621E+002  0.702571621861260E+002
  0.136208655374902E+000  0.789750952245941E+002  0.702554300424269E+002
  0.136208655374902E+000  0.789710533504589E+002  0.693401102319651E+002
  0.136208655374902E+000  0.789704412023170E+002  0.693404951655352E+002
  0.136208655374902E+000  0.789644241910527E+002  0.702487105030725E+002
  0.136208655374902E+000  0.789535496542613E+002  0.702417585033448E+002
  0.136208655374902E+000  0.789516396711140E+002  0.693524805202865E+002
  0.136208655374902E+000  0.789503225520887E+002  0.693533322888913E+002
  0.136208655374902E+000  0.789503217690478E+002  0.693533327957635E+002
  0.136208655374902E+000  0.789466391142854E+002  0.702372836782297E+002
  0.136208655374902E+000  0.789463286528546E+002  0.702370815764083E+002
  0.136208655374902E+000  0.789463089285308E+002  0.702370687332859E+002
  0.136208655374902E+000  0.789315601682974E+002  0.702273582001784E+002
  0.136208655374902E+000  0.789309012933651E+002  0.693660874628079E+002
  0.136208655374902E+000  0.789293487285874E+002  0.693671234862494E+002
  0.136208655374902E+000  0.789270007407751E+002  0.702243116897526E+002
  0.136208655374902E+000  0.789211018573124E+002  0.702203376921987E+002
  0.136208655374902E+000  0.789181471879843E+002  0.693746736506858E+002
  0.136208655374902E+000  0.789153436609581E+002  0.702164222011186E+002
  0.136208655374902E+000  0.789138046725488E+002  0.702153695126032E+002
  0.136208655374902E+000  0.789056588888935E+002  0.702097530318046E+002
  0.136208655374902E+000  0.788938669532403E+002  0.693915221741528E+002
  0.136208655374902E+000  0.788927045230859E+002  0.702006603250428E+002
  0.136208655374902E+000  0.788868726598761E+002  0.701964994584003E+002
  0.136208655374902E+000  0.788786538972810E+002  0.694024457225677E+002
  0.136208655374902E+000  0.788771850188467E+002  0.694035165062075E+002
  0.136208655374902E+000  0.788763248616478E+002  0.694041449006394E+002
  0.136208655374902E+000  0.788761213409173E+002  0.694042937315604E+002
  0.136208655374902E+000  0.788752296987649E+002  0.701880603102725E+002
  0.136208655374902E+000  0.788747591341748E+002  0.694052913457468E+002
  0.136208655374902E+000  0.788746448690625E+002  0.701876316063168E+002
  0.136208655374902E+000  0.788716100401421E+002  0.701853993641979E+002
  0.136208655374902E+000  0.788710393356054E+002  0.701849781545683E+002
  0.136208655374902E+000  0.788686593289315E+002  0.701832166398295E+002
  0.136208655374902E+000  0.788682279170390E+002  0.701828964791195E+002
  0.136208655374902E+000  0.788676787396715E+002  0.701824885377418E+002
  0.136208655374902E+000  0.788664629200940E+002  0.701815838619929E+002
  0.136208655374902E+000  0.788642606640780E+002  0.694130669930583E+002
  0.136208655374902E+000  0.788640749737609E+002  0.694132059434623E+002
  0.136208655374902E+000  0.788550351147912E+002  0.701729743457175E+002
  0.136208655374902E+000  0.788543884008037E+002  0.694205255217971E+002
  0.136208655374902E+000  0.788543353390013E+002  0.694205660099810E+002
  0.136208655374902E+000  0.788541783028952E+002  0.701723208898748E+002
  0.136208655374902E+000  0.788393346778485E+002  0.701608142617455E+002
  0.136208655374902E+000  0.788377424989594E+002  0.701595583644908E+002
  0.136208655374902E+000  0.788362579401457E+002  0.694346233195112E+002
  0.136208655374902E+000  0.788360855608829E+002  0.701582467559307E+002
  0.136208655374902E+000  0.788346778475481E+002  0.694358780678696E+002
  0.136208655374902E+000  0.788345902392301E+002  0.694359477652232E+002
  0.136208655374902E+000  0.788332139087073E+002  0.694370444875199E+002
  0.136208655374902E+000  0.788278618360890E+002  0.694413414494826E+002
  0.136208655374902E+000  0.788258716294083E+002  0.694429526261081E+002
  0.136208655374902E+000  0.788220167133048E+002  0.694460944535161E+002
  0.136208655374902E+000  0.788197365560566E+002  0.701450405963706E+002
  0.136208655374902E+000  0.788164660561404E+002  0.694506684752350E+002
  0.136208655374902E+000  0.788149255450723E+002  0.694519486986613E+002
  0.136208655374902E+000  0.788142952532933E+002  0.701405328814691E+002
  0.136208655374902E+000  0.788142846863530E+002  0.701405240700816E+002
  0.136208655374902E+000  0.788142249062683E+002  0.701404742173910E+002
  0.136208655374902E+000  0.788140863910746E+002  0.694526480729847E+002
  0.136208655374902E+000  0.788140815799496E+002  0.701403546631536E+002
  0.136208655374902E+000  0.788119147472994E+002  0.701385421296404E+002
  0.136208655374902E+000  0.788058578008671E+002  0.701334238357658E+002
  0.136208655374902E+000  0.788056078602995E+002  0.694597957926819E+002
  0.136208655374902E+000  0.788040075002095E+002  0.694611620484376E+002
  0.136208655374902E+000  0.788022624600781E+002  0.701303485574607E+002
  0.136208655374902E+000  0.788020950834325E+002  0.701302047012873E+002
  0.136208655374902E+000  0.788002625064193E+002  0.701286255698701E+002
  0.136208655374902E+000  0.787984710698471E+002  0.694659321520740E+002
  0.136208655374902E+000  0.787975811887530E+002  0.701263014540935E+002
  0.136208655374902E+000  0.787942553446274E+002  0.701233957165659E+002
  0.136208655374902E+000  0.787930263277705E+002  0.694706913635651E+002
  0.136208655374902E+000  0.787928860185687E+002  0.701221918239248E+002
  0.136208655374902E+000  0.787899723264048E+002  0.694733915307782E+002
  0.136208655374902E+000  0.787895198818129E+002  0.694737934769643E+002
  0.136208655374902E+000  0.787858877591394E+002  0.701159682150009E+002
  0.136208655374902E+000  0.787850198383149E+002  0.694778188553329E+002
  0.136208655374902E+000  0.787833399846577E+002  0.701136721372065E+002
  0.136208655374902E+000  0.787791445411241E+002  0.694831522465067E+002
  0.136208655374902E+000  0.787780098101996E+002  0.694841928097893E+002
  0.136208655374902E+000  0.787773518669488E+002  0.694847977434439E+002
  0.136208655374902E+000  0.787750287630559E+002  0.694869431337174E+002
  0.136208655374902E+000  0.787726084772654E+002  0.701038125483956E+002
  0.136208655374902E+000  0.787709331838905E+002  0.701022446792690E+002
  0.136208655374902E+000  0.787705788842528E+002  0.701019120671515E+002
  0.136208655374902E+000  0.787648998886854E+002  0.700965303771170E+002
  0.136208655374902E+000  0.787643426070775E+002  0.700959970597709E+002
  0.136208655374902E+000  0.787633589157590E+002  0.700950533441913E+002
  0.136208655374902E+000  0.787620472226983E+002  0.694992164542096E+002
  0.136208655374902E+000  0.787551408307284E+002  0.700870494806829E+002
  0.136208655374902E+000  0.787540188479749E+002  0.700859395736315E+002
  0.136208655374902E+000  0.787524981267912E+002  0.700844283902715E+002
  0.136208655374902E+000  0.787523724541910E+002  0.700843031509107E+002
  0.136208655374902E+000  0.787510821410401E+002  0.695099926305364E+002
  0.136208655374902E+000  0.787477664072781E+002  0.695133319827052E+002
  0.136208655374902E+000  0.787476964023623E+002  0.700796038390936E+002
  0.136208655374902E+000  0.787462349344727E+002  0.695148877324677E+002
  0.136208655374902E+000  0.787441501274001E+002  0.700759872435325E+002
  0.136208655374902E+000  0.787382138445709E+002  0.695231805813325E+002
  0.136208655374902E+000  0.787380974179401E+002  0.695233028059735E+002
  0.136208655374902E+000  0.787338941444587E+002  0.700652541229601E+002
  0.136208655374902E+000  0.787326740191980E+002  0.700639485652579E+002
  0.136208655374902E+000  0.787318019110357E+002  0.695299952767671E+002
  0.136208655374902E+000  0.787306127662611E+002  0.700617283859132E+002
  0.136208655374902E+000  0.787296689133723E+002  0.700607055328326E+002
  0.136208655374902E+000  0.787259287632049E+002  0.695363939629248E+002
  0.136208655374902E+000  0.787259094700127E+002  0.695364152419125E+002
  0.136208655374902E+000  0.787257892145884E+002  0.700564588358019E+002
  0.136208655374902E+000  0.787243403700714E+002  0.700548550373993E+002
  0.136208655374902E+000  0.787241733001143E+002  0.695383372913334E+002
  0.136208655374902E+000  0.787203855825919E+002  0.700504257282289E+002
  0.136208655374902E+000  0.787189752537472E+002  0.700488273717127E+002
  0.136208655374902E+000  0.787179113178582E+002  0.695453918923939E+002
  0.136208655374902E+000  0.787167590675124E+002  0.700462950572067E+002
  0.136208655374902E+000  0.787155776742751E+002  0.695480721533443E+002
  0.136208655374902E+000  0.787145003741125E+002  0.695493192702598E+002
  0.136208655374902E+000  0.787143832366976E+002  0.700435514982308E+002
  0.136208655374902E+000  0.787118813654013E+002  0.700406290627325E+002
  0.136208655374902E+000  0.787097246123820E+002  0.700380813868510E+002
  0.136208655374902E+000  0.787071765320404E+002  0.700350363916847E+002
  0.136208655374902E+000  0.787069765551528E+002  0.695582109804206E+002
  0.136208655374902E+000  0.787056811983516E+002  0.695597755413410E+002
  0.136208655374902E+000  0.787026522494045E+002  0.700295317807144E+002
  0.136208655374902E+000  0.787026408887421E+002  0.695634889552338E+002
  0.136208655374902E+000  0.787019639425872E+002  0.695643238567534E+002
  0.136208655374902E+000  0.787017848425160E+002  0.700284615000827E+002
  0.136208655374902E+000  0.787012997969373E+002  0.700278608510274E+002
  0.136208655374902E+000  0.787008811678015E+002  0.700273411912464E+002
  0.136208655374902E+000  0.786997500768078E+002  0.695670755100537E+002
  0.136208655374902E+000  0.786986708769352E+002  0.700245778474888E+002
  0.136208655374902E+000  0.786968181429596E+002  0.700222354668781E+002
  0.136208655374902E+000  0.786966403727911E+002  0.700220094357545E+002
  0.136208655374902E+000  0.786957920413668E+002  0.700209276644988E+002
  0.136208655374902E+000  0.786953020389982E+002  0.700203004431890E+002
  0.136208655374902E+000  0.786933796651558E+002  0.700178225672348E+002
  0.136208655374902E+000  0.786926054270871E+002  0.700168167278807E+002
  0.136208655374902E+000  0.786922379699861E+002  0.700163377412838E+002
  0.136208655374902E+000  0.786902827966610E+002  0.700137713831001E+002
  0.136208655374902E+000  0.786892306565487E+002  0.695806290309234E+002
  0.136208655374902E+000  0.786885681472871E+002  0.695815112255417E+002
  0.136208655374902E+000  0.786883852085699E+002  0.695817554645128E+002
  0.136208655374902E+000  0.786869139895384E+002  0.695837298621582E+002
  0.136208655374902E+000  0.786854759247051E+002  0.695856776356631E+002
  0.136208655374902E+000  0.786851343490617E+002  0.695861429301969E+002
  0.136208655374902E+000  0.786842615515232E+002  0.700056701931459E+002
  0.136208655374902E+000  0.786817227713500E+002  0.695908479399987E+002
  0.136208655374902E+000  0.786806100007567E+002  0.695924060529169E+002
  0.136208655374902E+000  0.786803298867937E+002  0.700002066009588E+002
  0.136208655374902E+000  0.786799429176627E+002  0.699996609113471E+002
  0.136208655374902E+000  0.786788053328515E+002  0.695949585744868E+002
  0.136208655374902E+000  0.786783160927851E+002  0.699973506054418E+002
  0.136208655374902E+000  0.786760600152110E+002  0.695989047719856E+002
  0.136208655374902E+000  0.786725679258993E+002  0.699889654657546E+002
  0.136208655374902E+000  0.786724328537863E+002  0.699887640316507E+002
  0.136208655374902E+000  0.786722088425248E+002  0.696045772541224E+002
  0.136208655374902E+000  0.792787465879543E+002  0.699793331890770E+002
  0.136208655374902E+000  0.792779857902842E+002  0.699781355329912E+002
  0.136208655374902E+000  0.792770738835372E+002  0.699766895103914E+002
  0.136208655374902E+000  0.792769458734066E+002  0.699764855931428E+002
  0.136208655374902E+000  0.792766806985345E+002  0.699760624388239E+002
  0.136208655374902E+000  0.792731938815069E+002  0.699704025722381E+002
  0.136208655374902E+000  0.792713163391316E+002  0.699672772299372E+002
  0.136208655374902E+000  0.792710928393256E+002  0.699669013759818E+002
  0.136208655374902E+000  0.792702489949813E+002  0.699654747673601E+002
  0.136208655374902E+000  0.792694123130220E+002  0.699640482748951E+002
  0.136208655374902E+000  0.792654243466837E+002  0.699570749710106E+002
  0.136208655374902E+000  0.792651052572579E+002  0.699565038845616E+002
  0.136208655374902E+000  0.792602053891256E+002  0.699474633446508E+002
  0.136208655374902E+000  0.792524641849929E+002  0.699319562211656E+002
  0.136208655374902E+000  0.792464730007810E+002  0.699186102591688E+002
  0.136208655374902E+000  0.792462951330151E+002  0.699181916706540E+002
  0.136208655374902E+000  0.792449278617379E+002  0.699149245850864E+002
  0.136208655374902E+000  0.792446280728609E+002  0.699141961195124E+002
  0.136208655374902E+000  0.792441486185565E+002  0.699130216137901E+002
  0.136208655374902E+000  0.792425980623155E+002  0.699091394426883E+002
  0.136208655374902E+000  0.792415122027385E+002  0.699063390823468E+002
  0.136208655374902E+000  0.792410979714863E+002  0.699052518073842E+002
  0.136208655374902E+000  0.792381142407529E+002  0.698970734287144E+002
  0.136208655374902E+000  0.792379688961178E+002  0.698966579838049E+002
  0.136208655374902E+000  0.792349809387271E+002  0.698876989605318E+002
  0.136208655374902E+000  0.792346529208013E+002  0.698866612243362E+002
  0.136208655374902E+000  0.792345469858662E+002  0.698863235212990E+002
  0.136208655374902E+000  0.792342639817449E+002  0.698854150608485E+002
  0.136208655374902E+000  0.792339941813678E+002  0.698845402570249E+002
  0.136208655374902E+000  0.792328722852732E+002  0.698808053077600E+002
  0.136208655374902E+000  0.792322181256188E+002  0.698785490834162E+002
  0.136208655374902E+000  0.792298232265748E+002  0.698696979701213E+002
  0.136208655374902E+000  0.792283822636415E+002  0.698638139284011E+002
  0.136208655374902E+000  0.792281591647196E+002  0.698628562936316E+002
  0.136208655374902E+000  0.792277565104176E+002  0.698610920033232E+002
  0.136208655374902E+000  0.792265046008605E+002  0.698552691834924E+002
  0.136208655374902E+000  0.792259273542096E+002  0.698523802997655E+002
  0.136208655374902E+000  0.792258997571984E+002  0.698522384376667E+002
  0.136208655374902E+000  0.792249018625199E+002  0.698468408864659E+002
  0.136208655374902E+000  0.792241831726170E+002  0.698425633779814E+002
  0.136208655374902E+000  0.792233171279484E+002  0.698368101902674E+002
  0.136208655374902E+000  0.792230184847477E+002  0.698346254918082E+002
  0.136208655374902E+000  0.792229283287734E+002  0.698339409189382E+002
  0.136208655374902E+000  0.792223327578105E+002  0.698290589701851E+002
  0.136208655374902E+000  0.792222319821091E+002  0.698281585123585E+002
  0.136208655374902E+000  0.792219167378969E+002  0.698251596044957E+002
  0.136208655374902E+000  0.792218320313939E+002  0.698242986978987E+002
  0.136208655374902E+000  0.792216106609886E+002  0.698219114624151E+002
  0.136208655374902E+000  0.792216067768026E+002  0.698218675700987E+002
  0.136208655374902E+000  0.792215591037166E+002  0.698213225295768E+002
  0.136208655374902E+000  0.792215343469946E+002  0.698210347123219E+002
  0.136208655374902E+000  0.799938437208485E+002  0.697833468664831E+002
  0.136208655374902E+000  0.799937963142179E+002  0.697844246899153E+002
  0.136208655374902E+000  0.799936719398141E+002  0.697878699483539E+002
  0.136208655374902E+000  0.799936504090258E+002  0.697886177564490E+002
  0.136208655374902E+000  0.799936236183401E+002  0.697896614388479E+002
  0.136208655374902E+000  0.799935881518679E+002  0.697913591010515E+002
  0.136208655374902E+000  0.799935635030697E+002  0.697929931682317E+002
