  0.403553088824175E-040  0.267395079384666E+003  0.799932420859551E+002
  0.783708004291333E-039  0.261455796703294E+003  0.798247572585625E+002
  0.171863673054366E-038  0.259878640824021E+003  0.797795389077697E+002
  0.318114948857997E-038  0.258640562788155E+003  0.797438981839550E+002
  0.530495722501740E-038  0.257611109001936E+003  0.797141656303336E+002
  0.698759390517326E-038  0.257053464284701E+003  0.796980225260603E+002
  0.733037134986627E-038  0.256951028906820E+003  0.796950542901205E+002
  0.191290605789041E-037  0.255026008329103E+003  0.796391071363301E+002
  0.408246022407597E-037  0.253503200307416E+003  0.795946232375468E+002
  0.121063102456635E-036  0.251322490683658E+003  0.795305668829193E+002
  0.134835360800589E-036  0.251100349969487E+003  0.600689887206396E+002
  0.163334276127425E-036  0.250710205609159E+003  0.795125056342856E+002
  0.185971018985856E-036  0.250443966078893E+003  0.795046415909029E+002
  0.534166460021317E-036  0.248327077171504E+003  0.601511208705789E+002
  0.590865408345009E-036  0.248118660105833E+003  0.601573215405610E+002
  0.779976577905895E-036  0.247556653255861E+003  0.601740618659527E+002
  0.158005629381149E-035  0.246138093948728E+003  0.793765605927893E+002
  0.225753181347341E-035  0.245417815122227E+003  0.793549678688862E+002
  0.225547885263132E-035  0.245412979135333E+003  0.793548227294413E+002
  0.367323298435823E-035  0.244430903766068E+003  0.793253025072511E+002
  0.432201298031900E-035  0.244098950055998E+003  0.602777031479337E+002
  0.445183288262932E-035  0.244033105208370E+003  0.793133190155111E+002
  0.448883055588243E-035  0.244009896993274E+003  0.602803873367478E+002
  0.639369901863205E-035  0.243295799884107E+003  0.603019387016143E+002
  0.169040405759125E-034  0.241344664896674E+003  0.603610747129048E+002
  0.226056064919989E-034  0.240756718777097E+003  0.792140394538508E+002
  0.233642356924320E-034  0.240684046169726E+003  0.603811812556462E+002
  0.305128386534785E-034  0.240143508448484E+003  0.791953417323366E+002
  0.391647121107769E-034  0.239637595657069E+003  0.604131191222887E+002
  0.532522297232613E-034  0.239016413004216E+003  0.604321292547959E+002
  0.147641247948595E-033  0.236970266115387E+003  0.604950225128052E+002
  0.372882720008032E-033  0.235110653303482E+003  0.790404533893473E+002
  0.372887235487478E-033  0.235103973504143E+003  0.790402460909833E+002
  0.590765264995412E-033  0.234177032524856E+003  0.790114345320227E+002
  0.623777464860107E-033  0.234061627100317E+003  0.605851656049247E+002
  0.646596174009268E-033  0.233983114979637E+003  0.605876110439000E+002
  0.703190755026042E-033  0.233808646897260E+003  0.605930475763230E+002
  0.797979973274757E-033  0.233549080713657E+003  0.789918649840119E+002
  0.104904128927072E-032  0.232995328199002E+003  0.789745731677705E+002
  0.179502803583227E-032  0.231914384715966E+003  0.789407247494530E+002
  0.205926825018366E-032  0.231633069014435E+003  0.606611116231971E+002
  0.716705154609972E-032  0.229132126138667E+003  0.607399868620189E+002
  0.139156118429538E-031  0.227798436528662E+003  0.788106755608370E+002
  0.202598854910521E-031  0.227040517982891E+003  0.787865229503954E+002
  0.289602114065258E-031  0.226319302361492E+003  0.787634795472667E+002
  0.320328937269008E-031  0.226110965908570E+003  0.787568120028068E+002
  0.462901295059137E-031  0.225367979430506E+003  0.787329931557251E+002
  0.569890854389538E-031  0.224945461823871E+003  0.787194196205521E+002
  0.794493898598485E-031  0.224274285348821E+003  0.786978152724588E+002
  0.896602743943650E-031  0.224025814597224E+003  0.786898039924630E+002
  0.118953634679654E-030  0.223453747029964E+003  0.786713316997459E+002
  0.247647294280929E-030  0.221980547968278E+003  0.786235835536069E+002
  0.390139102306927E-030  0.221064896758663E+003  0.609992311442094E+002
  0.500385088971322E-030  0.220560491914843E+003  0.610156946742816E+002
  0.795739453281671E-030  0.219626048669987E+003  0.785467304530302E+002
  0.831209248923264E-030  0.219532173580499E+003  0.785436522829508E+002
  0.105919444769557E-029  0.219040753247768E+003  0.785275208694261E+002
  0.153443429302493E-029  0.218292791447265E+003  0.610900959159927E+002
  0.175967091054797E-029  0.218012205797965E+003  0.784936608195404E+002
  0.344425098293956E-029  0.216662390916971E+003  0.611439832364231E+002
  0.174819256063824E-028  0.213406813206025E+003  0.612526020760708E+002
  0.200566910422565E-028  0.213125367043457E+003  0.612620571440845E+002
  0.201553254962153E-028  0.213108900002892E+003  0.612626106719254E+002
  0.436485017818459E-028  0.211556843598372E+003  0.613149440999005E+002
  0.943428873136479E-028  0.210008654169120E+003  0.782255359081255E+002
  0.153615792994189E-027  0.209026961085714E+003  0.781920589134085E+002
  0.313826565402993E-027  0.207591533786666E+003  0.614501394566108E+002
  0.844392837082505E-027  0.205605323527965E+003  0.780743184411781E+002
  0.163924568318217E-026  0.204271920682499E+003  0.615650274657007E+002
  0.164850189638530E-026  0.204254003608011E+003  0.780273548438005E+002
  0.387988988717795E-026  0.202535468348346E+003  0.779672391670199E+002
  0.391282157665385E-026  0.202511908826229E+003  0.779664119633151E+002
  0.578372070753389E-026  0.201723676342030E+003  0.616543190371644E+002
  0.626060583252288E-026  0.201558561237493E+003  0.616601385453144E+002
  0.745338675754424E-026  0.201203122520040E+003  0.779203265643018E+002
  0.804110469409204E-026  0.201044671047667E+003  0.616782773831496E+002
  0.226510903782298E-025  0.198966732432333E+003  0.617520396492820E+002
  0.345762101877934E-025  0.198114161076818E+003  0.617825004865571E+002
  0.354712869838355E-025  0.198056390150430E+003  0.617845687271542E+002
  0.896608561368486E-025  0.196195113099183E+003  0.618514918835547E+002
  0.943129473561521E-025  0.196087289134059E+003  0.618553860309947E+002
  0.162216449116666E-024  0.194996007415393E+003  0.618949065341460E+002
  0.304837476505850E-024  0.193727657392060E+003  0.619410893553415E+002
  0.485882811779373E-024  0.192788624419617E+003  0.776175498898997E+002
  0.771262312364853E-024  0.191857846694508E+003  0.620096719190500E+002
  0.138175486460614E-023  0.190685028970205E+003  0.620529995417891E+002
  0.153707298656568E-023  0.190465322155076E+003  0.775318635484953E+002
  0.289793837466020E-023  0.189190427316729E+003  0.774844379985522E+002
  0.488162624977943E-023  0.188140814069811E+003  0.621478346272994E+002
  0.116869689947215E-022  0.186388166394186E+003  0.773791526108257E+002
  0.128716660340775E-022  0.186188402805538E+003  0.773715912992922E+002
  0.149244202558044E-022  0.185885806524383E+003  0.622328835105714E+002
  0.159089959649842E-022  0.185751379107198E+003  0.773550230090953E+002
  0.247793977479273E-022  0.184858467849501E+003  0.622719488962738E+002
  0.255847782663518E-022  0.184787842261870E+003  0.622746419448340E+002
  0.262187182839506E-022  0.184732234645033E+003  0.622767630166268E+002
  0.322696307530866E-022  0.184310273125685E+003  0.622928776626507E+002
  0.463336696173569E-022  0.183580132867926E+003  0.772721630861650E+002
  0.740970592551920E-022  0.182634463401770E+003  0.772357855758160E+002
  0.103209920287453E-021  0.181965029561796E+003  0.623830805046823E+002
  0.178120814807314E-021  0.180866979822243E+003  0.771673136108610E+002
  0.178130697419509E-021  0.180860213279865E+003  0.624259564958888E+002
  0.178369080428432E-021  0.180850882993447E+003  0.624263196501455E+002
  0.184477163485775E-021  0.180776885830193E+003  0.771638063415480E+002
  0.360686579848922E-021  0.179429262848628E+003  0.771111440164916E+002
  0.463331849286115E-021  0.178921738962229E+003  0.770912124802670E+002
  0.119231599894020E-020  0.177024664626438E+003  0.625767836163991E+002
  0.302098873706016E-020  0.175158635964474E+003  0.769416932255689E+002
  0.322306007916048E-020  0.175022486245819E+003  0.769362248999113E+002
  0.341913497625508E-020  0.174897717976142E+003  0.626617967307449E+002
  0.671831707834435E-020  0.173540162195480E+003  0.627165913156517E+002
  0.101781000923234E-019  0.172702705267492E+003  0.768424009176633E+002
  0.146879545840315E-019  0.171962470928256E+003  0.768121979300283E+002
  0.177849366935976E-019  0.171573167140015E+003  0.767962612930752E+002
  0.255365453169823E-019  0.170842994099798E+003  0.767662724809086E+002
  0.678430117137822E-019  0.168882166901626E+003  0.766850936720435E+002
  0.894243601209398E-019  0.168323117831896E+003  0.629312337200144E+002
  0.910153317003005E-019  0.168281192565886E+003  0.766600209302089E+002
  0.971318362818426E-019  0.168144454545520E+003  0.629387033522892E+002
  0.113990174553255E-018  0.167817712837512E+003  0.629523849989639E+002
  0.148565014160198E-018  0.167281236433975E+003  0.629749083751004E+002
  0.182703881016196E-018  0.166860892778801E+003  0.766003986085664E+002
  0.233434083008522E-018  0.166364171135046E+003  0.630135835578829E+002
  0.546109505873445E-018  0.164657675998185E+003  0.765068622795040E+002
  0.652554612757094E-018  0.164294869782874E+003  0.631016725206065E+002
  0.764344728997789E-018  0.163971966062771E+003  0.631155231048567E+002
  0.768028928964521E-018  0.163955693488594E+003  0.631162218582971E+002
  0.977308894143489E-018  0.163467087173064E+003  0.631372370395168E+002
  0.124101758685739E-017  0.162982663215695E+003  0.764348687383517E+002
  0.343060235842620E-017  0.160942399269874E+003  0.763461074503650E+002
  0.386209715451971E-017  0.160698794730170E+003  0.763354289642275E+002
  0.408935010686691E-017  0.160577787711720E+003  0.632628886566221E+002
  0.513553953202506E-017  0.160115534435462E+003  0.763097904150829E+002
  0.621184894117435E-017  0.159728331494595E+003  0.633002926156834E+002
  0.708744771770000E-017  0.159457942505198E+003  0.762807628727932E+002
  0.761341000185595E-017  0.159308115176953E+003  0.762741309727258E+002
  0.777785759576376E-017  0.159258720075552E+003  0.762719430779474E+002
  0.864026027200826E-017  0.159041760936438E+003  0.633306823754641E+002
  0.869516423618045E-017  0.159022436696717E+003  0.762614669562726E+002
  0.108643236880879E-016  0.158570346459079E+003  0.633516316285060E+002
  0.110382675259360E-016  0.158531923405684E+003  0.762396646319800E+002
  0.189792209561941E-016  0.157441314534915E+003  0.634020838557771E+002
  0.190855342314320E-016  0.157423487092344E+003  0.634028836905102E+002
  0.288151713115962E-016  0.156592888808013E+003  0.761527463818518E+002
  0.535613099165570E-016  0.155346383332981E+003  0.760962378963434E+002
  0.592309046541175E-016  0.155138494820326E+003  0.635062425638198E+002
  0.882245640579758E-016  0.154334955271052E+003  0.760500110503080E+002
  0.100441217089158E-015  0.154068925243879E+003  0.635552113483022E+002
  0.103612825616199E-015  0.154000092724180E+003  0.760346308334835E+002
  0.104103613066679E-015  0.153983986021745E+003  0.635591166523138E+002
  0.198866081517135E-015  0.152682840524929E+003  0.759737579298915E+002
  0.231187760656997E-015  0.152374987832593E+003  0.636335619981088E+002
  0.335532884565663E-015  0.151623352710137E+003  0.636686486739874E+002
  0.381733594756914E-015  0.151358691127570E+003  0.636810511198387E+002
  0.407386908344704E-015  0.151221954748903E+003  0.636874686601357E+002
  0.434852345846983E-015  0.151084812828710E+003  0.758990947371864E+002
  0.470325263433585E-015  0.150921321315378E+003  0.637016022516002E+002
  0.482038836281387E-015  0.150865465377600E+003  0.637042318023371E+002
  0.559953344484209E-015  0.150559152231746E+003  0.637186724466834E+002
  0.823313421205759E-015  0.149781529673453E+003  0.637554872699066E+002
  0.850347000933502E-015  0.149710258999908E+003  0.637588726524674E+002
  0.155039247202868E-014  0.148502365653620E+003  0.638165395002028E+002
  0.160171770819596E-014  0.148430573044701E+003  0.757730222319855E+002
  0.207327864956960E-014  0.147907808220670E+003  0.638451298756982E+002
  0.207043567871456E-014  0.147903897010464E+003  0.638453184081028E+002
  0.231814288774046E-014  0.147671226774756E+003  0.757364621522498E+002
  0.290951209149274E-014  0.147210133164029E+003  0.638788549906186E+002
  0.667999809319767E-014  0.145541212981590E+003  0.756326867202654E+002
  0.724001986813869E-014  0.145373544904379E+003  0.639685673640504E+002
  0.832797674337447E-014  0.145086896147964E+003  0.756103124769029E+002
  0.114243194369749E-013  0.144447992910979E+003  0.755787012178217E+002
  0.125333680307123E-013  0.144256037004783E+003  0.640238368246696E+002
  0.502012174630562E-013  0.141474091927550E+003  0.754292261422513E+002
  0.616530772363237E-013  0.141056468618706E+003  0.754079166151329E+002
  0.657074390184764E-013  0.140922435032189E+003  0.641919464688464E+002
  0.736511485211415E-013  0.140687524270105E+003  0.753890234151795E+002
  0.114494504583198E-012  0.139798494510248E+003  0.753432328991784E+002
  0.130432594267047E-012  0.139531179435346E+003  0.753293904195712E+002
  0.218506896541234E-012  0.138492601849438E+003  0.643177292890704E+002
  0.243718528973664E-012  0.138267553444285E+003  0.752634811689360E+002
  0.375058554246304E-012  0.137398761526503E+003  0.752177011646628E+002
  0.404946597574224E-012  0.137238759862051E+003  0.752092278378287E+002
  0.448283961533515E-012  0.137028760934347E+003  0.643949201520870E+002
  0.473674956836453E-012  0.136911916420035E+003  0.751918775914315E+002
  0.488013039195104E-012  0.136845619272320E+003  0.751883514446327E+002
  0.559419241313647E-012  0.136565849589415E+003  0.644195608857726E+002
  0.758999834462066E-012  0.135948989243675E+003  0.751404338612558E+002
  0.852311315064479E-012  0.135710433075366E+003  0.644653943147184E+002
  0.853513457223761E-012  0.135700958583466E+003  0.644659041669287E+002
  0.952370169028937E-012  0.135475118037252E+003  0.644780718252712E+002
  0.980830915517300E-012  0.135409569870724E+003  0.644816085933203E+002
  0.111946487810020E-011  0.135138502335936E+003  0.750967471653361E+002
  0.137046633252562E-011  0.134727246181938E+003  0.750744414295448E+002
  0.139305870992597E-011  0.134687889062399E+003  0.750723018313087E+002
  0.152730634441930E-011  0.134497225913628E+003  0.750619243710531E+002
  0.229288264536670E-011  0.133677961936536E+003  0.750170985234928E+002
  0.237394991568899E-011  0.133601815604546E+003  0.645800941211217E+002
  0.345180585659977E-011  0.132846475360676E+003  0.749712068977862E+002
  0.353682366040767E-011  0.132791156735506E+003  0.646248674599418E+002
  0.382300105853021E-011  0.132628887798695E+003  0.646338763452016E+002
  0.384504256485973E-011  0.132610734335545E+003  0.749581215785729E+002
  0.427015030970889E-011  0.132394350045606E+003  0.749460814299996E+002
  0.430630876303750E-011  0.132370830317986E+003  0.646482357115020E+002
  0.496265670570015E-011  0.132080454494172E+003  0.749285653088477E+002
  0.571431575142706E-011  0.131791732237877E+003  0.749124009667193E+002
  0.584869378082052E-011  0.131738589078816E+003  0.749094201364809E+002
  0.667224729409378E-011  0.131468456742931E+003  0.748942413113739E+002
  0.688604976099779E-011  0.131398719437827E+003  0.748903154035809E+002
  0.693617183999807E-011  0.131377559011709E+003  0.647038831850804E+002
  0.793194248548974E-011  0.131102607540670E+003  0.647193949729655E+002
  0.904198860134316E-011  0.130833989623379E+003  0.748584114012664E+002
  0.108998907595997E-010  0.130453586765409E+003  0.647561997622025E+002
  0.109784194844506E-010  0.130432573757942E+003  0.647573958642328E+002
  0.240247313531969E-010  0.128859613593648E+003  0.648477525982712E+002
  0.256203678162349E-010  0.128724350253170E+003  0.648555997882611E+002
  0.261866773404193E-010  0.128673968412966E+003  0.747344809137516E+002
  0.280155307723868E-010  0.128532296345052E+003  0.747262436554655E+002
  0.341165672527873E-010  0.128131592599564E+003  0.648901361401444E+002
  0.472468871686393E-010  0.127473729694889E+003  0.746642541022105E+002
  0.526611949021014E-010  0.127250089968790E+003  0.746510565030415E+002
  0.535151172503907E-010  0.127211263719169E+003  0.649442451482945E+002
  0.538975871689012E-010  0.127190365073900E+003  0.746475258969388E+002
  0.608595892472765E-010  0.126940742127019E+003  0.649602650821909E+002
  0.662501829857958E-010  0.126764348883620E+003  0.746222672476847E+002
  0.704321067993140E-010  0.126635271313880E+003  0.746145880548954E+002
  0.864349490246155E-010  0.126219129983832E+003  0.650032598977286E+002
  0.888266458892876E-010  0.126157885254272E+003  0.745860800240807E+002
  0.118695326674662E-009  0.125571483156813E+003  0.745508279436834E+002
  0.138455379551385E-009  0.125256851227686E+003  0.745318053889502E+002
  0.168615019623013E-009  0.124856055604413E+003  0.745074621584574E+002
  0.175231635893104E-009  0.124772418811411E+003  0.650906403424258E+002
  0.191897182260194E-009  0.124584061256901E+003  0.651021366863807E+002
  0.304677917704529E-009  0.123652814693551E+003  0.651593938064713E+002
  0.305169143457719E-009  0.123642937152381E+003  0.744330018392701E+002
  0.314731567010453E-009  0.123574573740799E+003  0.651642366316205E+002
  0.319814204450332E-009  0.123535877943058E+003  0.744263731196344E+002
  0.377140449121765E-009  0.123199467470714E+003  0.744054817529685E+002
  0.379195246130829E-009  0.123181944747394E+003  0.651886157677964E+002
  0.402290160084092E-009  0.123057044395650E+003  0.651963981734154E+002
  0.477589091175272E-009  0.122707234612689E+003  0.652182648512113E+002
  0.488083547742688E-009  0.122657107283113E+003  0.652214068816180E+002
  0.599414135883344E-009  0.122239519418121E+003  0.743453407031337E+002
  0.664170248430317E-009  0.122027692284222E+003  0.743319622631246E+002
  0.751175873192879E-009  0.121774834114356E+003  0.743159405595381E+002
  0.749282514647183E-009  0.121773225950523E+003  0.743158384806296E+002
  0.962044178183430E-009  0.121266681827609E+003  0.742835698045103E+002
  0.111569243726540E-008  0.120963685970961E+003  0.653288502681689E+002
  0.127288051126035E-008  0.120693415952484E+003  0.653462382652484E+002
  0.130233642522227E-008  0.120641005471812E+003  0.742433887518199E+002
  0.134811483994463E-008  0.120565255291263E+003  0.653545073549712E+002
  0.143748114412475E-008  0.120430229361530E+003  0.742297706641413E+002
  0.150679725664553E-008  0.120329385781921E+003  0.653697663310668E+002
  0.173766417876053E-008  0.120037619383373E+003  0.653887144978088E+002
  0.174888519182341E-008  0.120018090270520E+003  0.742030210648832E+002
  0.211066428852914E-008  0.119635386340481E+003  0.654149710429515E+002
  0.210387043893829E-008  0.119635178784493E+003  0.741780221177758E+002
  0.272952885568266E-008  0.119107822605429E+003  0.654496492102996E+002
  0.281118065735582E-008  0.119042215937454E+003  0.654539810715770E+002
  0.306509914290838E-008  0.118862609641685E+003  0.741271445087105E+002
  0.429494099635215E-008  0.118181238257629E+003  0.740817714613644E+002
  0.454487570577459E-008  0.118061457553040E+003  0.655192613215279E+002
  0.459951058172816E-008  0.118030902927320E+003  0.740716956713743E+002
  0.474041420273887E-008  0.117963898119385E+003  0.655258095403956E+002
  0.491597802801520E-008  0.117884510127647E+003  0.655311455051379E+002
  0.634525165667906E-008  0.117367422466715E+003  0.655660655898828E+002
  0.668342226371639E-008  0.117256920069120E+003  0.655735655111648E+002
  0.682022074510296E-008  0.117209741154212E+003  0.740162350925589E+002
  0.728916476754713E-008  0.117070091317117E+003  0.740067305734570E+002
  0.772655600094680E-008  0.116946887217996E+003  0.739983274950376E+002
  0.816605250415766E-008  0.116829586845990E+003  0.739903114313572E+002
  0.111145606710121E-007  0.116206390469048E+003  0.656455428489527E+002
  0.113611287204017E-007  0.116155851395488E+003  0.656490370402555E+002
  0.118098776245986E-007  0.116071718814117E+003  0.739381463781435E+002
  0.121118589688311E-007  0.116014565664799E+003  0.739341857835857E+002
  0.161712891299105E-007  0.115429805402091E+003  0.656995636234370E+002
  0.180606226922300E-007  0.115202156556888E+003  0.657155348543629E+002
  0.207716858429829E-007  0.114915787426045E+003  0.657357149509531E+002
  0.223791236639377E-007  0.114760056359451E+003  0.657467313476147E+002
  0.255349296193941E-007  0.114489563261575E+003  0.657659375650548E+002
  0.287888735757409E-007  0.114243024332460E+003  0.738094837498194E+002
  0.315128135107709E-007  0.114055558226436E+003  0.657969465652345E+002
  0.352376215666074E-007  0.113825462516018E+003  0.737795222737963E+002
  0.358552181371081E-007  0.113784057326175E+003  0.658164677303794E+002
  0.366162762358521E-007  0.113735394273454E+003  0.737730299736176E+002
  0.379267486345931E-007  0.113658411124426E+003  0.737674724598928E+002
  0.507012973521358E-007  0.113071165809850E+003  0.658681870291620E+002
  0.588661589493307E-007  0.112765880478613E+003  0.658905444799882E+002
  0.588519577915464E-007  0.112759707446340E+003  0.737020088702411E+002
  0.688749129940767E-007  0.112438518058975E+003  0.659146618073804E+002
  0.834389060118172E-007  0.112048217088186E+003  0.736493935440107E+002
  0.837572378313406E-007  0.112033945729386E+003  0.736483308119762E+002
  0.954179253642459E-007  0.111766602411469E+003  0.659646384199222E+002
  0.113072918738325E-006  0.111420413928359E+003  0.736023629143851E+002
  0.115237808884852E-006  0.111375828373424E+003  0.659940059963095E+002
  0.116696926959104E-006  0.111344008174082E+003  0.659964073509563E+002
  0.118644340704195E-006  0.111304252437434E+003  0.735935970442505E+002
  0.125112346301113E-006  0.111191433217831E+003  0.735850639760114E+002
  0.132310739164103E-006  0.111072895364471E+003  0.735760776251966E+002
  0.132886711178903E-006  0.111057552326398E+003  0.735749129077539E+002
  0.139626512361616E-006  0.110951948507540E+003  0.660261201774484E+002
  0.186816207572824E-006  0.110362984532529E+003  0.660712010743041E+002
  0.193060836008030E-006  0.110290568821597E+003  0.660767816868322E+002
  0.194541217574327E-006  0.110268635832524E+003  0.660784735737455E+002
  0.216891674199992E-006  0.110044472301322E+003  0.660958096554705E+002
  0.231297677821797E-006  0.109909201725454E+003  0.734866963045837E+002
  0.236545419008428E-006  0.109857676732200E+003  0.734826886531655E+002
  0.236749765746590E-006  0.109849294138874E+003  0.661109705131677E+002
  0.264017550356884E-006  0.109624614884788E+003  0.661285005141072E+002
  0.263317777048144E-006  0.109623267302631E+003  0.661286059083778E+002
  0.374072352835189E-006  0.108914436412574E+003  0.661844697165011E+002
  0.381999782734705E-006  0.108865839223656E+003  0.661883314006934E+002
  0.406397357336261E-006  0.108735360935918E+003  0.661987201163977E+002
  0.514330465416307E-006  0.108257636167603E+003  0.733559913353185E+002
  0.573148455335896E-006  0.108034423027770E+003  0.662550505346747E+002
  0.609073720008415E-006  0.107906178360012E+003  0.662654540809216E+002
  0.658294840413718E-006  0.107744095569028E+003  0.733143600700870E+002
  0.679554682622071E-006  0.107673870411949E+003  0.662843779868962E+002
  0.689661573298716E-006  0.107637688234478E+003  0.662873345877820E+002
  0.730276297667006E-006  0.107516588756896E+003  0.732957584322552E+002
  0.783298729918771E-006  0.107369750795841E+003  0.663093069171314E+002
  0.795030375281019E-006  0.107333362857851E+003  0.732807051369389E+002
  0.823855100300501E-006  0.107255478590723E+003  0.732742866623842E+002
  0.853937209006394E-006  0.107177097010467E+003  0.663251915276001E+002
  0.855352086381913E-006  0.107167130398726E+003  0.732669914814865E+002
  0.100317471426147E-005  0.106841651251802E+003  0.663530244258732E+002
  0.108917094532870E-005  0.106670501430166E+003  0.732256944989177E+002
  0.119004404473172E-005  0.106486698824788E+003  0.663827229416326E+002
  0.127215726543186E-005  0.106346595694996E+003  0.663945165923217E+002
  0.134968078423362E-005  0.106221632085320E+003  0.731879363229877E+002
  0.140184953626004E-005  0.106139127797731E+003  0.664120563852779E+002
  0.152504474881173E-005  0.105964009635459E+003  0.731660744339830E+002
  0.154243688114700E-005  0.105934674449257E+003  0.664294307071835E+002
  0.155213980187145E-005  0.105915476988853E+003  0.664310667022451E+002
  0.159607278004902E-005  0.105852998202082E+003  0.731566101315455E+002
  0.160973232964216E-005  0.105829299000354E+003  0.731545861961978E+002
  0.174767489321131E-005  0.105658206696616E+003  0.664530683560267E+002
  0.175594919729835E-005  0.105642104532829E+003  0.731385565268048E+002
  0.177254533613521E-005  0.105616634967173E+003  0.664566371561731E+002
  0.194745664332540E-005  0.105421764028639E+003  0.664734172948319E+002
  0.209748967122934E-005  0.105266674449970E+003  0.664868326976599E+002
  0.244178054118482E-005  0.104956046333479E+003  0.665138672088875E+002
  0.252607744505893E-005  0.104881510394391E+003  0.730726193596490E+002
  0.273740815451494E-005  0.104714167092024E+003  0.665350735675074E+002
  0.313948524997234E-005  0.104433416892570E+003  0.665598620983583E+002
  0.357585208561841E-005  0.104166472032341E+003  0.665836090732466E+002
  0.374448099782176E-005  0.104067657394895E+003  0.730005626563271E+002
  0.381648572748407E-005  0.104022907793593E+003  0.729965535682690E+002
  0.389726343175599E-005  0.103974363033182E+003  0.666008079630370E+002
  0.429407396492396E-005  0.103773784849370E+003  0.666188644044191E+002
  0.441538209712608E-005  0.103711412367109E+003  0.729685065016665E+002
  0.452242940092139E-005  0.103656846882907E+003  0.729635678567475E+002
  0.453566079875048E-005  0.103644348390166E+003  0.666305711985589E+002
  0.496930401623680E-005  0.103455074790950E+003  0.729452384702300E+002
  0.523779343398430E-005  0.103343178178899E+003  0.729350274120780E+002
  0.542495693254669E-005  0.103266303295847E+003  0.666650138042488E+002
  0.571908607137137E-005  0.103154049607262E+003  0.666753140994201E+002
  0.751013672545031E-005  0.102602504714072E+003  0.728665814025298E+002
  0.754670246809784E-005  0.102586135059356E+003  0.728650514304304E+002
  0.790189913778886E-005  0.102487494640952E+003  0.728558159136551E+002
  0.793843513604229E-005  0.102471612976920E+003  0.728543263362487E+002
  0.846083790352808E-005  0.102337493312755E+003  0.728417178893698E+002
  0.861168253594205E-005  0.102295494724269E+003  0.728377588996085E+002
  0.865151960953932E-005  0.102279608609917E+003  0.667567466962485E+002
  0.922478579025266E-005  0.102144635057390E+003  0.667695113148445E+002
  0.933315185660469E-005  0.102114621860616E+003  0.667723570228858E+002
  0.963082619173838E-005  0.102045173803867E+003  0.728140547045935E+002
  0.105949862202788E-004  0.101847694472746E+003  0.667977846112317E+002
  0.106065711888536E-004  0.101838853209782E+003  0.667986305228837E+002
  0.108539426550693E-004  0.101786088309984E+003  0.668036839182303E+002
  0.111404809493057E-004  0.101727318700946E+003  0.668093224594949E+002
  0.111107476944565E-004  0.101726008133033E+003  0.668094483208290E+002
  0.115806102232211E-004  0.101636514019959E+003  0.668180555344160E+002
  0.126147091490148E-004  0.101458795722172E+003  0.668352219914243E+002
  0.128257530542397E-004  0.101418956979688E+003  0.668390838325080E+002
  0.138836141385008E-004  0.101253793001922E+003  0.727378583620817E+002
  0.145827928462963E-004  0.101148871510382E+003  0.668653992319065E+002
  0.152784360053909E-004  0.101049015607494E+003  0.668751885740570E+002
  0.154822785191751E-004  0.101015852775989E+003  0.727145598037133E+002
  0.160083176789397E-004  0.100942372408595E+003  0.727073270884789E+002
  0.165695014933915E-004  0.100866806220407E+003  0.668931364774122E+002
  0.179024821735498E-004  0.100705399388123E+003  0.669091284812956E+002
  0.182261825477097E-004  0.100662904228612E+003  0.669133536040830E+002
  0.183478659898946E-004  0.100642940426227E+003  0.669153406637994E+002
  0.189375932295828E-004  0.100573013379316E+003  0.669223115545908E+002
  0.202220252318961E-004  0.100435111074848E+003  0.726568981981373E+002
  0.214789894614641E-004  0.100307849785532E+003  0.669489002346383E+002
  0.222889785922102E-004  0.100227160005785E+003  0.726359661210029E+002
  0.233647129657377E-004  0.100126235288557E+003  0.726257513550977E+002
  0.235503635334560E-004  0.100103750976917E+003  0.726234706515415E+002
  0.248703007319378E-004  0.999880292109498E+002  0.669813036005276E+002
  0.251539459802919E-004  0.999586927664357E+002  0.726087121646589E+002
  0.260388372527310E-004  0.998828884223958E+002  0.669920379556851E+002
  0.305734238903609E-004  0.995551489076347E+002  0.725672413633235E+002
  0.333068631623710E-004  0.993772286365610E+002  0.670442481154720E+002
  0.347836060403793E-004  0.992838076398437E+002  0.725390039940323E+002
  0.348036546114428E-004  0.992759996319622E+002  0.670548196079156E+002
  0.348965488884897E-004  0.992640129722457E+002  0.670560740925954E+002
  0.373667251385251E-004  0.991205720568206E+002  0.725218757995735E+002
  0.388381740965473E-004  0.990366704262483E+002  0.725130300408526E+002
  0.432355817442279E-004  0.988154944934500E+002  0.671034345615260E+002
  0.456316157910909E-004  0.987009649186468E+002  0.671156621955774E+002
  0.459474062496013E-004  0.986805161485743E+002  0.671178512604518E+002
  0.465928364117052E-004  0.986459617598501E+002  0.671215544196357E+002
  0.483039472954231E-004  0.985671732244284E+002  0.724629894099880E+002
  0.486767939664620E-004  0.985451393947820E+002  0.671323888721517E+002
  0.552129116765851E-004  0.982864949615509E+002  0.724326201046125E+002
  0.614549039658420E-004  0.980656257736141E+002  0.671845328713822E+002
  0.633441655364571E-004  0.979984118601038E+002  0.671919253674955E+002
  0.644935156179617E-004  0.979557925158398E+002  0.723963830206704E+002
  0.649531983719415E-004  0.979349323360285E+002  0.723940802942095E+002
  0.666107497034454E-004  0.978778787838947E+002  0.723877717792639E+002
  0.665214580234799E-004  0.978739060013548E+002  0.672056748205343E+002
  0.814562541665404E-004  0.974621673315895E+002  0.672516730013556E+002
  0.838433369698778E-004  0.973977439434488E+002  0.672589456215261E+002
  0.872449572646120E-004  0.973115488800776E+002  0.723242980247759E+002
  0.903435177755041E-004  0.972350942884108E+002  0.723156065347827E+002
  0.944940919279501E-004  0.971386026192145E+002  0.723045942014670E+002
  0.958235219627427E-004  0.971040052919399E+002  0.672923728429694E+002
  0.959538034855631E-004  0.970946323614619E+002  0.722995599256202E+002
  0.992451779794297E-004  0.970205238375933E+002  0.722910520449737E+002
  0.109082984118332E-003  0.968248370954879E+002  0.673245608707334E+002
  0.112881768568478E-003  0.967497173945993E+002  0.673332939720253E+002
  0.114054235336143E-003  0.967223955969817E+002  0.722565287718198E+002
  0.115788737273619E-003  0.966855535839456E+002  0.673407779802343E+002
  0.119072595210170E-003  0.966229659024736E+002  0.673481001903633E+002
  0.120326274983442E-003  0.965953630014808E+002  0.673513364554340E+002
  0.121959041730623E-003  0.965617509141977E+002  0.722377236976017E+002
  0.124884187364539E-003  0.965076922502020E+002  0.722313629279315E+002
  0.125583431739070E-003  0.964898696186643E+002  0.722292621967621E+002
  0.131904735976864E-003  0.963849947735484E+002  0.673761429503158E+002
  0.133125724345294E-003  0.963599111680677E+002  0.722138889702167E+002
  0.134005990232365E-003  0.963400745386062E+002  0.722115338193291E+002
  0.138331117657319E-003  0.962698875337791E+002  0.673898245532564E+002
  0.140674329878699E-003  0.962296373792029E+002  0.673946270615664E+002
  0.140338932984224E-003  0.962277559089697E+002  0.721981549629757E+002
  0.146202018235409E-003  0.961392425185413E+002  0.674054478188718E+002
  0.161992435043091E-003  0.959274663682819E+002  0.674309923917466E+002
  0.164781802563131E-003  0.958866656817743E+002  0.721570611954124E+002
  0.173725418476567E-003  0.957743024855809E+002  0.674496403715324E+002
  0.193001198609337E-003  0.955572061028868E+002  0.721166777360819E+002
  0.204762101716936E-003  0.954322456696325E+002  0.721011756423037E+002
  0.209517139003020E-003  0.953796766509102E+002  0.674983838593912E+002
  0.221741626595152E-003  0.952596064410967E+002  0.675134211997475E+002
  0.224272281718246E-003  0.952302548666081E+002  0.675171122183696E+002
  0.230059696066266E-003  0.951726433538322E+002  0.720686323352751E+002
  0.237473445437107E-003  0.951025538032925E+002  0.675332409444515E+002
  0.240901012494320E-003  0.950672376150283E+002  0.675377217304732E+002
  0.242695344075905E-003  0.950457404026308E+002  0.720525531762277E+002
  0.243163378296419E-003  0.950352315676309E+002  0.675417902300121E+002
  0.254561397541913E-003  0.949369589904188E+002  0.675543284371118E+002
  0.263072427577773E-003  0.948645287508524E+002  0.675636145908708E+002
  0.264871047414366E-003  0.948442457512145E+002  0.720267847816298E+002
  0.264690942761895E-003  0.948389505757618E+002  0.675669031645035E+002
  0.271887538836713E-003  0.947786437376080E+002  0.675746760527573E+002
  0.279102620082199E-003  0.947196061424817E+002  0.720106949693511E+002
  0.279598091267943E-003  0.947094032511470E+002  0.720093726908511E+002
  0.281971576608610E-003  0.946858414909488E+002  0.720063161008634E+002
  0.287938053765321E-003  0.946373077263281E+002  0.720000066126855E+002
  0.303467740914689E-003  0.945255922487212E+002  0.676075924873408E+002
  0.303407616425857E-003  0.945193329574166E+002  0.719845937908211E+002
  0.303705860428279E-003  0.945107123803219E+002  0.676095434536562E+002
  0.329686829411914E-003  0.943398897332202E+002  0.676320667503293E+002
  0.337274569004982E-003  0.942877258703174E+002  0.676389915199870E+002
  0.339980900722320E-003  0.942650860936593E+002  0.719510028662073E+002
  0.362344167935050E-003  0.941310203962251E+002  0.676599292019777E+002
  0.375138229815882E-003  0.940549646748776E+002  0.719228413026936E+002
  0.382186859522658E-003  0.940110789363550E+002  0.719169122923108E+002
  0.386544946363533E-003  0.939817463523166E+002  0.719129401678579E+002
  0.387545392224750E-003  0.939699211097889E+002  0.676816700286145E+002
  0.398729252080914E-003  0.939063662552270E+002  0.676903086743416E+002
  0.397458625254658E-003  0.939060942331999E+002  0.676903457248825E+002
  0.398191991458861E-003  0.938957517764057E+002  0.719012518552814E+002
  0.398040814555879E-003  0.938898556570396E+002  0.676925586690891E+002
  0.404489307380449E-003  0.938510585712090E+002  0.718951514834579E+002
  0.428726698689975E-003  0.937280142951439E+002  0.718782642770074E+002
  0.458283009121855E-003  0.935880241805582E+002  0.718588831937420E+002
  0.463583137226636E-003  0.935583709600951E+002  0.677382523513178E+002
  0.471651289817487E-003  0.935172070148686E+002  0.677439976205152E+002
  0.487793207461538E-003  0.934432481525680E+002  0.677543606987176E+002
  0.491918618437118E-003  0.934197491078063E+002  0.718353423502165E+002
  0.501083211174212E-003  0.933761757589578E+002  0.718292022191956E+002
  0.502988819916720E-003  0.933619286476015E+002  0.718271905623106E+002
  0.513002824790640E-003  0.933158462503699E+002  0.677723365993568E+002
  0.513927206992824E-003  0.933055901037458E+002  0.677737906486186E+002
  0.519244445813297E-003  0.932783482608534E+002  0.677776579037067E+002
  0.518538191835989E-003  0.932744148464115E+002  0.677782169038731E+002
  0.525823618456137E-003  0.932398549720201E+002  0.718098716709353E+002
  0.540749082246315E-003  0.931772203172933E+002  0.677920792969113E+002
  0.540775515092219E-003  0.931704669756849E+002  0.717999606922593E+002
  0.543719995863184E-003  0.931529510904953E+002  0.677955556852174E+002
  0.545933279636025E-003  0.931381707724089E+002  0.677976758194817E+002
  0.551784568401225E-003  0.931101933409127E+002  0.678016951577651E+002
  0.564788465917410E-003  0.930569506227843E+002  0.678093666551455E+002
  0.563891222864791E-003  0.930534748401998E+002  0.678098684946823E+002
  0.577514757845474E-003  0.929990739977256E+002  0.678177395676665E+002
  0.581041934730553E-003  0.929802405489725E+002  0.717725349286718E+002
  0.597532919388766E-003  0.929176120759167E+002  0.717634218373119E+002
  0.608956978020321E-003  0.928730800075905E+002  0.717569161901865E+002
  0.607387218764644E-003  0.928715866508328E+002  0.678363090970029E+002
  0.613822221105338E-003  0.928438534022632E+002  0.717526347437303E+002
  0.613589069976621E-003  0.928379576362762E+002  0.717517699283413E+002
  0.624443686139517E-003  0.927962306276216E+002  0.678473684801268E+002
  0.658282661256149E-003  0.926840285188813E+002  0.678639527303578E+002
  0.658216519406518E-003  0.926775739015242E+002  0.717280956511906E+002
  0.661976428821793E-003  0.926595262908450E+002  0.678675932981982E+002
  0.662879133653181E-003  0.926501452664780E+002  0.717240177886412E+002
  0.667799840222424E-003  0.926286980525620E+002  0.717208231740594E+002
  0.666189838745421E-003  0.926268701027072E+002  0.717205506511857E+002
  0.669624419862318E-003  0.926099298930137E+002  0.717180232536680E+002
  0.672773487104423E-003  0.925938908863428E+002  0.678773795062403E+002
  0.676586810504347E-003  0.925759311835793E+002  0.717129407526921E+002
  0.709547146786580E-003  0.924741432379083E+002  0.716976431386228E+002
  0.713932647403822E-003  0.924551642949039E+002  0.678982295746455E+002
  0.750154268589569E-003  0.923495282141013E+002  0.716787455937171E+002
  0.752085885088353E-003  0.923377293349338E+002  0.716769464824379E+002
  0.757333958036524E-003  0.923171661753041E+002  0.679191998907289E+002
  0.763338922853281E-003  0.922947149664711E+002  0.716703729579971E+002
  0.760898968631586E-003  0.922944624715769E+002  0.716703343032448E+002
  0.764567937305073E-003  0.922781862939630E+002  0.716678408786505E+002
  0.774130112837965E-003  0.922466725588451E+002  0.716630036724483E+002
  0.789949991499545E-003  0.921995576233507E+002  0.716557482847904E+002
  0.797903485331616E-003  0.921728660374104E+002  0.679413813836844E+002
  0.806274810304754E-003  0.921453364658811E+002  0.716473633871525E+002
  0.810403373211059E-003  0.921284659352541E+002  0.679482600237325E+002
  0.810633007986591E-003  0.921212437181203E+002  0.716436254094370E+002
  0.812566444932004E-003  0.921098236270640E+002  0.716418509429137E+002
  0.814467583538826E-003  0.920984941692860E+002  0.679529178785343E+002
  0.811964897066422E-003  0.920979936271425E+002  0.679529957667433E+002
  0.816369436792905E-003  0.920805182776331E+002  0.679557171316599E+002
  0.826107671997771E-003  0.920501464477310E+002  0.716325503401160E+002
  0.829820525899206E-003  0.920345222175087E+002  0.679628992161108E+002
  0.831831150926053E-003  0.920230265711743E+002  0.716283081404105E+002
  0.838854646447105E-003  0.919995550537048E+002  0.679683780650366E+002
  0.836254377129758E-003  0.919991086727281E+002  0.679684481126291E+002
  0.836628614202324E-003  0.919915582610913E+002  0.679696333553554E+002
  0.836305120036693E-003  0.919856761584515E+002  0.716224495052685E+002
  0.845234590856273E-003  0.919577792012166E+002  0.716180614083326E+002
  0.848902406067474E-003  0.919424635871650E+002  0.716156478133319E+002
  0.857247185392131E-003  0.919162438470529E+002  0.716115083811414E+002
  0.890358812603478E-003  0.918337917995301E+002  0.715984293251553E+002
  0.891051270074900E-003  0.918255813667861E+002  0.715971217342560E+002
  0.950293877727754E-003  0.916901871591068E+002  0.680175864586337E+002
  0.974189110796409E-003  0.916338632549399E+002  0.680266926180754E+002
  0.976208907668043E-003  0.916230653457026E+002  0.680284437260456E+002
  0.100826526546928E-002  0.915517898336215E+002  0.715529604071382E+002
  0.102763160219957E-002  0.915070833654963E+002  0.715456435678265E+002
  0.103449321342239E-002  0.914871179478177E+002  0.680506407073199E+002
  0.104866753221010E-002  0.914532450008126E+002  0.715367913361488E+002
  0.105560913709952E-002  0.914333941404235E+002  0.715335160272111E+002
  0.105377941235653E-002  0.914302082390745E+002  0.715329897915085E+002
  0.107067279839253E-002  0.913917444741088E+002  0.680663828959229E+002
  0.107760246418284E-002  0.913721860970692E+002  0.715233778486189E+002
  0.108949136323223E-002  0.913435858863823E+002  0.715186202006296E+002
  0.110883854666761E-002  0.913017259760664E+002  0.715116330067687E+002
  0.113555501462656E-002  0.912474535600348E+002  0.680904754166115E+002
  0.114933091018481E-002  0.912166811303690E+002  0.680956576973322E+002
  0.119704325951966E-002  0.911286763300853E+002  0.714824405446359E+002
  0.123890800240474E-002  0.910532691848429E+002  0.714695604691015E+002
  0.124676410568906E-002  0.910339713427641E+002  0.714662482941724E+002
  0.127457835455325E-002  0.909831878780637E+002  0.681355062084557E+002
  0.127805427207189E-002  0.909710854981615E+002  0.681375977215258E+002
  0.127651143248029E-002  0.909668457333555E+002  0.681383310545744E+002
  0.128913655120962E-002  0.909405066724822E+002  0.681428940892468E+002
  0.129904514757782E-002  0.909185374150814E+002  0.714462970065832E+002
  0.131352358204387E-002  0.908897142531975E+002  0.681517292189607E+002
  0.132452226550210E-002  0.908663815599923E+002  0.681558037913965E+002
  0.132916988552187E-002  0.908527204576782E+002  0.714348126259953E+002
  0.133629063607265E-002  0.908353788929389E+002  0.714317732767437E+002
  0.133378272422780E-002  0.908324803819332E+002  0.714312647213983E+002
  0.134272270923622E-002  0.908124640692884E+002  0.714277484514104E+002
  0.135558476399566E-002  0.907867414964737E+002  0.714232186017410E+002
  0.135586072975696E-002  0.907796788039006E+002  0.681710341260191E+002
  0.137081131725253E-002  0.907510906450015E+002  0.714169194040933E+002
  0.136877149591573E-002  0.907474133602032E+002  0.681767384840777E+002
  0.137408289763081E-002  0.907330119684041E+002  0.714137156821491E+002
  0.137521457156712E-002  0.907247098963234E+002  0.681807644062319E+002
  0.137794787832276E-002  0.907140831626687E+002  0.714103544933831E+002
  0.137486613475368E-002  0.907119055382651E+002  0.681830393865364E+002
  0.141373218209786E-002  0.906494964075961E+002  0.713988327493006E+002
  0.141205145290384E-002  0.906452199612856E+002  0.713980669407678E+002
  0.148915380552753E-002  0.905322354516241E+002  0.682153069557492E+002
  0.152502857661914E-002  0.904779696598954E+002  0.713678237298870E+002
  0.152956486478685E-002  0.904653737913024E+002  0.682274842854339E+002
  0.153373668991097E-002  0.904532707190843E+002  0.713633080488393E+002
  0.155785312211057E-002  0.904154118773442E+002  0.682366457686647E+002
  0.160722272320311E-002  0.903463582908592E+002  0.713436093646667E+002
  0.164178836763281E-002  0.902971458247167E+002  0.713344571389719E+002
  0.165235438747071E-002  0.902776601313776E+002  0.713308182244691E+002
  0.165662088236455E-002  0.902658470665812E+002  0.682643987999352E+002
  0.166743584830422E-002  0.902461772631415E+002  0.682680861954379E+002
  0.167520396914480E-002  0.902302258745540E+002  0.682710830643390E+002
  0.172520455272342E-002  0.901647489058587E+002  0.713095600045733E+002
  0.172249604986400E-002  0.901612357138664E+002  0.682841129804834E+002
  0.173931161836010E-002  0.901351501683413E+002  0.682890690039443E+002
  0.179606215373026E-002  0.900642802627163E+002  0.683026166726959E+002
  0.181908211560667E-002  0.900321537510289E+002  0.683087986957500E+002
  0.182416611187148E-002  0.900199163391951E+002  0.712818464731396E+002
  0.184001406088078E-002  0.899959602474813E+002  0.712772125124599E+002
  0.184954647675806E-002  0.899789701713689E+002  0.683190895322948E+002
  0.184887964037288E-002  0.899730358021757E+002  0.712727644891640E+002
  0.185405467958304E-002  0.899607900147307E+002  0.683226238078357E+002
  0.186407887515250E-002  0.899433502927611E+002  0.712669846266038E+002
  0.188237391252088E-002  0.899171613738877E+002  0.683311401164173E+002
  0.188739392324349E-002  0.899051791912073E+002  0.683334877149930E+002
  0.191068111723574E-002  0.898739980441886E+002  0.683396145843415E+002
  0.191977806461209E-002  0.898578428567267E+002  0.683427991168494E+002
  0.193363065091902E-002  0.898368076485253E+002  0.683469560909817E+002
  0.193844119914757E-002  0.898251825833822E+002  0.712437481929080E+002
  0.197835379368251E-002  0.897777651290813E+002  0.712343184778597E+002
  0.197792846523437E-002  0.897715395773135E+002  0.683599309188798E+002
  0.200885961755879E-002  0.897338497185889E+002  0.683674770491486E+002
  0.205000193482109E-002  0.896866470777058E+002  0.712160223759256E+002
  0.210972799984218E-002  0.896225549131486E+002  0.683899963711362E+002
  0.212660825564207E-002  0.895999607066405E+002  0.711983945086055E+002
  0.212035041510421E-002  0.895991990807428E+002  0.683947681020995E+002
  0.213854802546568E-002  0.895754520189338E+002  0.683996364755823E+002
  0.231634232753224E-002  0.894090719335026E+002  0.711587728838833E+002
  0.230917457109857E-002  0.894086148062280E+002  0.711586766175078E+002
  0.231799436641270E-002  0.893943348612403E+002  0.711556659723915E+002
  0.232394091971725E-002  0.893825550764369E+002  0.684398293419936E+002
  0.232028225025482E-002  0.893790506542260E+002  0.711524361920448E+002
  0.235582636629813E-002  0.893419896206659E+002  0.684484342354850E+002
  0.237408573217365E-002  0.893198923526006E+002  0.684531447791422E+002
  0.240843167334671E-002  0.892845100339711E+002  0.711322848179956E+002
  0.242227725413290E-002  0.892663897856326E+002  0.684646190890264E+002
  0.244697711017786E-002  0.892394435686848E+002  0.684704356440127E+002
  0.244571814756226E-002  0.892338172474883E+002  0.711213533971637E+002
  0.245856940589426E-002  0.892166799917432E+002  0.711176374526519E+002
  0.245232489063044E-002  0.892151106693776E+002  0.684757101027120E+002
  0.247079048798693E-002  0.891934518381763E+002  0.684804227053352E+002
  0.248354685107406E-002  0.891764970874632E+002  0.711088831635242E+002
  0.249667010572962E-002  0.891593011752852E+002  0.684878877989889E+002
  0.249416970906632E-002  0.891546495839797E+002  0.684889079018064E+002
  0.250306427766203E-002  0.891408744028214E+002  0.711010732459526E+002
  0.251191155646921E-002  0.891271621282245E+002  0.684949522745532E+002
  0.252528952249440E-002  0.891098831901313E+002  0.710942405009430E+002
  0.258681841618362E-002  0.890550816272889E+002  0.685109374310157E+002
  0.262298013511171E-002  0.890206612117980E+002  0.685186413225179E+002
  0.262786708694488E-002  0.890102828394326E+002  0.685209733137245E+002
  0.264394489356822E-002  0.889914281470406E+002  0.710677858946761E+002
  0.264176158814758E-002  0.889864248005178E+002  0.685263503824036E+002
  0.263352506245140E-002  0.889860145927148E+002  0.710665637168202E+002
  0.262646625145517E-002  0.889847269417236E+002  0.710662728402617E+002
  0.264595580465530E-002  0.889632852599985E+002  0.710614193971960E+002
  0.265596133678839E-002  0.889490810563670E+002  0.710581939165362E+002
  0.265292939778798E-002  0.889447099001653E+002  0.685358070930668E+002
  0.265846353878287E-002  0.889338865673292E+002  0.710547344092659E+002
  0.265633440305445E-002  0.889288334080567E+002  0.685394249622560E+002
  0.264818560613306E-002  0.889283226276401E+002  0.710534652202895E+002
  0.272019785883624E-002  0.888680072648296E+002  0.710396235384578E+002
  0.273281775287356E-002  0.888520944827826E+002  0.710359459675838E+002
  0.272446258892326E-002  0.888515629570385E+002  0.710358229393981E+002
  0.272183335636458E-002  0.888468384013801E+002  0.710347288455285E+002
  0.271949266694814E-002  0.888419034970380E+002  0.685594217432345E+002
  0.272178786713269E-002  0.888335606667237E+002  0.685613578986659E+002
  0.271331951948186E-002  0.888331374230139E+002  0.685614562034967E+002
  0.271030106778560E-002  0.888287079956055E+002  0.685624854756554E+002
  0.272587264394121E-002  0.888105946367914E+002  0.710263032840469E+002
  0.275004906437339E-002  0.887862787767052E+002  0.685723886608426E+002
  0.277397465108102E-002  0.887622983351145E+002  0.685780214122765E+002
  0.278153124438302E-002  0.887502019557620E+002  0.710121341232184E+002
  0.277395253341850E-002  0.887490031213572E+002  0.710118511839394E+002
  0.279982837352082E-002  0.887237777219203E+002  0.710058823373497E+002
  0.284319523307776E-002  0.886863813783733E+002  0.709969789866984E+002
  0.287360998899387E-002  0.886584446513222E+002  0.709902844583239E+002
  0.290807199395906E-002  0.886279465884826E+002  0.686100737248892E+002
  0.291327813957402E-002  0.886177137302546E+002  0.709804562093277E+002
  0.292353827896291E-002  0.886040268170815E+002  0.709771352327624E+002
  0.293964006710786E-002  0.885863861856668E+002  0.686201656485090E+002
  0.295266402006776E-002  0.885708892599045E+002  0.686239509285439E+002
  0.297771695421758E-002  0.885473355524012E+002  0.686297276749634E+002
  0.299800788460913E-002  0.885270976812483E+002  0.686347141269694E+002
  0.300040241493277E-002  0.885188453243630E+002  0.709562531536357E+002
  0.299062134762924E-002  0.885187202313742E+002  0.686367845391316E+002
  0.298814262736027E-002  0.885137230009222E+002  0.709549854279041E+002
  0.298356738760701E-002  0.885101320307980E+002  0.686389108803903E+002
  0.297388402955832E-002  0.885099781345700E+002  0.709540577309873E+002
  0.298183299200904E-002  0.884979838405795E+002  0.709510814278588E+002
  0.298061674851443E-002  0.884921441958330E+002  0.686433771711039E+002
  0.298478337734142E-002  0.884826947514195E+002  0.686457303663958E+002
  0.300549591885121E-002  0.884622083476414E+002  0.686508486945430E+002
  0.300633905971392E-002  0.884549917800895E+002  0.686526571384054E+002
  0.301355239758073E-002  0.884435431956646E+002  0.686555319899570E+002
  0.301125044904745E-002  0.884384159301503E+002  0.686568218476088E+002
  0.300800708816611E-002  0.884339156730594E+002  0.709350515760155E+002
  0.300967675931811E-002  0.884261502497934E+002  0.709330933061738E+002
  0.300057307038968E-002  0.884255534499573E+002  0.686600640832854E+002
  0.300002009615044E-002  0.884192664828244E+002  0.709313545453258E+002
  0.301475809294351E-002  0.884028096924695E+002  0.686658198388031E+002
  0.304579732846059E-002  0.883756678665533E+002  0.709202795565371E+002
  0.307925559849039E-002  0.883471619590489E+002  0.709129790465591E+002
  0.310339832778692E-002  0.883248866451389E+002  0.709072408261122E+002
  0.311319692709614E-002  0.883119262585301E+002  0.709038884897396E+002
  0.310800423760302E-002  0.883086093845281E+002  0.686899778357810E+002
  0.315343171690737E-002  0.882729328087041E+002  0.686992660769264E+002
  0.316157774547472E-002  0.882611174369878E+002  0.687023595379121E+002
  0.316041589275979E-002  0.882551969747380E+002  0.687039129074017E+002
  0.315359684543074E-002  0.882528613414789E+002  0.687045263223443E+002
  0.318386555344022E-002  0.882271009926859E+002  0.687113148478158E+002
  0.320447221864550E-002  0.882075426904397E+002  0.687164974684980E+002
  0.323983504305636E-002  0.881789370833974E+002  0.708688841727480E+002
  0.324268240452412E-002  0.881705245551289E+002  0.708666313911399E+002
  0.324221832270842E-002  0.881641552287112E+002  0.687280841533001E+002
  0.324230529100361E-002  0.881574460018431E+002  0.687298870985961E+002
  0.328309698235777E-002  0.881257852366861E+002  0.687384366323642E+002
  0.327985493521558E-002  0.881211056255139E+002  0.708533005889515E+002
  0.327165103888673E-002  0.881194589093359E+002  0.708528534894892E+002
  0.326369009666608E-002  0.881176758804027E+002  0.687406375836550E+002
  0.327325658520802E-002  0.881051664997585E+002  0.687440417668811E+002
  0.328163030651636E-002  0.880934010063119E+002  0.708457531553697E+002
  0.330674525158894E-002  0.880714973173908E+002  0.687532593585107E+002
  0.329686451156336E-002  0.880708267955318E+002  0.687534437541293E+002
  0.332207374703472E-002  0.880489365318482E+002  0.708335250967960E+002
  0.331853154117193E-002  0.880444146163184E+002  0.708322734495829E+002
  0.344201472239089E-002  0.879646898424285E+002  0.687830546337565E+002
  0.343882817678220E-002  0.879598866782237E+002  0.708085916040349E+002
  0.343200586617861E-002  0.879572028504067E+002  0.687851761461092E+002
  0.342406671337169E-002  0.879551791677186E+002  0.708072564091303E+002
  0.341598484365720E-002  0.879532497937076E+002  0.687862980805581E+002
  0.345381950156113E-002  0.879245644504988E+002  0.707985297251476E+002
  0.344809234561536E-002  0.879212280418051E+002  0.687954326606422E+002
  0.343924783150439E-002  0.879197091435581E+002  0.707971387343131E+002
  0.345726508814551E-002  0.879026034719472E+002  0.688007840805370E+002
  0.344826691250084E-002  0.879011600496298E+002  0.688012000221659E+002
  0.349849302760395E-002  0.878655833662224E+002  0.707814993119026E+002
  0.349282744703615E-002  0.878621692805893E+002  0.707805044918834E+002
  0.351367648999608E-002  0.878436109856211E+002  0.707750791568423E+002
  0.350987881368716E-002  0.878391182284020E+002  0.707737612150932E+002
  0.352233426214145E-002  0.878253778449862E+002  0.707697194238066E+002
  0.352501750255652E-002  0.878171992867324E+002  0.688257010721387E+002
  0.352918486001983E-002  0.878081806567030E+002  0.688283697262044E+002
  0.351850056704509E-002  0.878075890822230E+002  0.688285450329448E+002
  0.353203285035147E-002  0.877932561822537E+002  0.707602045698920E+002
  0.352053254095797E-002  0.877931232325999E+002  0.707601649932531E+002
  0.353613703284364E-002  0.877776223935245E+002  0.688374672639692E+002
  0.355384195040332E-002  0.877609780929756E+002  0.707505477975729E+002
  0.359965913529211E-002  0.877287027157910E+002  0.688522136506296E+002
  0.359245765069159E-002  0.877260523469901E+002  0.688530191616696E+002
  0.359803803209608E-002  0.877162924564645E+002  0.707370153741727E+002
  0.359938942941220E-002  0.877088858316376E+002  0.707347535246056E+002
  0.359309853794902E-002  0.877057288422575E+002  0.688592189720399E+002
  0.358524170746298E-002  0.877034513402099E+002  0.707330904546736E+002
  0.359458850356668E-002  0.876915885051960E+002  0.688635568737282E+002
  0.359086815180833E-002  0.876870039706069E+002  0.688649676305988E+002
  0.358134616442936E-002  0.876856588803503E+002  0.688653819484738E+002
  0.357535246397058E-002  0.876823532815859E+002  0.707266058190600E+002
  0.359795456361008E-002  0.876630942121868E+002  0.707206466847009E+002
  0.359038740741793E-002  0.876606494272128E+002  0.707198874694015E+002
  0.362236664841209E-002  0.876362589012379E+002  0.707122786553073E+002
  0.361077593464415E-002  0.876360131068716E+002  0.707122016560665E+002
  0.359912927902294E-002  0.876358190073334E+002  0.688808659034361E+002
  0.361224841633623E-002  0.876218865087336E+002  0.688852414221095E+002
  0.363906706441374E-002  0.876004370498763E+002  0.688920190285183E+002
  0.363397234900092E-002  0.875965834433674E+002  0.706997646686177E+002
  0.363141528300049E-002  0.875913356703002E+002  0.688949102810878E+002
  0.362042092353862E-002  0.875907444123484E+002  0.688950984279207E+002
  0.360966623780613E-002  0.875900387984218E+002  0.706976837340744E+002
  0.360335355647350E-002  0.875868839339558E+002  0.688963278546016E+002
  0.359922413438299E-002  0.875825216563741E+002  0.688977191104879E+002
  0.360331913883774E-002  0.875735918767897E+002  0.689005738119854E+002
  0.360585281487873E-002  0.875655304895787E+002  0.706898480123378E+002
  0.362553489125641E-002  0.875479878565736E+002  0.689088098863139E+002
  0.365069253187504E-002  0.875275021749335E+002  0.689154549803609E+002
  0.367700123094682E-002  0.875064852892860E+002  0.689223248780562E+002
  0.367331427956063E-002  0.875018361272960E+002  0.689238518786671E+002
  0.367893794071933E-002  0.874921209881690E+002  0.689270514386793E+002
  0.367269938030693E-002  0.874888597875688E+002  0.706648786326460E+002
  0.369570640546367E-002  0.874697146129753E+002  0.689344759771856E+002
  0.370425088979961E-002  0.874584403639018E+002  0.706547706679877E+002
  0.369243553190941E-002  0.874581743302058E+002  0.689383250065448E+002
  0.368929549427291E-002  0.874532202684393E+002  0.706530241093330E+002
  0.368460548942864E-002  0.874491087991592E+002  0.706516459676252E+002
  0.368430595111943E-002  0.874426158146634E+002  0.706494650203422E+002
  0.367894574181230E-002  0.874388721057423E+002  0.689448017531199E+002
  0.368434397049222E-002  0.874292840158457E+002  0.689480373583171E+002
  0.370095187570238E-002  0.874136333007049E+002  0.706396612126580E+002
  0.369791981460884E-002  0.874086169224899E+002  0.706379527448846E+002
  0.368706689150527E-002  0.874078397176346E+002  0.689553190143633E+002
  0.371996535821102E-002  0.873834179488169E+002  0.706293175088132E+002
  0.371106140848149E-002  0.873815552212320E+002  0.706286756288318E+002
  0.374934683120709E-002  0.873543722073784E+002  0.706192516208931E+002
  0.377659931251224E-002  0.873332320162735E+002  0.706118472911871E+002
  0.377141337681569E-002  0.873293246755128E+002  0.689825353757470E+002
  0.375896188881798E-002  0.873292831079928E+002  0.706104567242773E+002
  0.374705711118227E-002  0.873289716564956E+002  0.689826598011747E+002
  0.375740086003497E-002  0.873168026839011E+002  0.706060461691534E+002
  0.378297068552683E-002  0.872965828259613E+002  0.705988490568053E+002
  0.377175101225104E-002  0.872958677327844E+002  0.705985933422177E+002
  0.378373268698393E-002  0.872828688473898E+002  0.705939306972429E+002
  0.378863704485850E-002  0.872736226073535E+002  0.690024093024707E+002
  0.377952796927632E-002  0.872717814464963E+002  0.690030747088362E+002
  0.377870107592635E-002  0.872655634785338E+002  0.705876806945306E+002
  0.377301437149858E-002  0.872619200380628E+002  0.690066482216649E+002
  0.376749078166255E-002  0.872581945484811E+002  0.705850042948400E+002
  0.377235383772528E-002  0.872489590441819E+002  0.690113696781833E+002
  0.377617788914539E-002  0.872402770822388E+002  0.690145483043382E+002
  0.378577991707695E-002  0.872285423766004E+002  0.705741415053621E+002
  0.378796065860055E-002  0.872207350582154E+002  0.705712560390775E+002
  0.377882216834161E-002  0.872189103261783E+002  0.690224266548452E+002
  0.377479043261526E-002  0.872143897435483E+002  0.705689029667232E+002
  0.376712649948250E-002  0.872117988783895E+002  0.705679401165215E+002
  0.375481446881316E-002  0.872116905666374E+002  0.690251069118033E+002
  0.375265592516202E-002  0.872061850642265E+002  0.705658497054062E+002
  0.374020613683014E-002  0.872061757026347E+002  0.690271605352705E+002
  0.375310201513494E-002  0.871926361717163E+002  0.690322257855097E+002
  0.374112048185758E-002  0.871923756744049E+002  0.705606831810674E+002
  0.378882927607392E-002  0.871603762690089E+002  0.690444319453028E+002
  0.377707876832585E-002  0.871599330388161E+002  0.690446010299774E+002
  0.379548295369688E-002  0.871435559285684E+002  0.705421312528488E+002
  0.380357628072183E-002  0.871326401736244E+002  0.690550870773578E+002
  0.380059449189792E-002  0.871275530952867E+002  0.690570579978476E+002
  0.378839939024385E-002  0.871273253037334E+002  0.705358603744269E+002
  0.377906915041472E-002  0.871256014887780E+002  0.690578155174026E+002
  0.377638399060197E-002  0.871203674831168E+002  0.705331557979255E+002
  0.376383932796287E-002  0.871203667054131E+002  0.690598512548960E+002
  0.375387200131939E-002  0.871190145118822E+002  0.690603780198738E+002
  0.376061309930393E-002  0.871087706087698E+002  0.690643809802461E+002
  0.376087732005399E-002  0.871019745134815E+002  0.705259579717698E+002
  0.375469288260460E-002  0.870986104673667E+002  0.705246338033834E+002
  0.374615035231291E-002  0.870965103931251E+002  0.690692008079258E+002
  0.373833224229165E-002  0.870940331179948E+002  0.690701785770636E+002
  0.375064082373691E-002  0.870808032892871E+002  0.690754227765816E+002
  0.375688631900029E-002  0.870708201171608E+002  0.690794054153969E+002
  0.374953426681174E-002  0.870680822788368E+002  0.705125052437823E+002
  0.373959698049559E-002  0.870667342793681E+002  0.690810417933219E+002
  0.373043743867602E-002  0.870649833868434E+002  0.705112625775499E+002
  0.374893662339941E-002  0.870484343464337E+002  0.690884173136448E+002
  0.374398815573680E-002  0.870444204414435E+002  0.690900453562854E+002
  0.373979391704015E-002  0.870400066363900E+002  0.705011668091246E+002
  0.373193899199908E-002  0.870375562000611E+002  0.705001685239966E+002
  0.372784028140568E-002  0.870330983851745E+002  0.704983488102232E+002
  0.372101295631835E-002  0.870301090482517E+002  0.704971258929126E+002
  0.370909651886915E-002  0.870298686885721E+002  0.690959792792840E+002
  0.373394849491187E-002  0.870098572475248E+002  0.691042226202884E+002
  0.372676579506131E-002  0.870070526133967E+002  0.704876209571452E+002
  0.372133513975134E-002  0.870033135652615E+002  0.691069395485801E+002
  0.370996913880519E-002  0.870027758935256E+002  0.691071632652616E+002
  0.372408683497040E-002  0.869885240761386E+002  0.704798868312829E+002
  0.371624998818893E-002  0.869860816652578E+002  0.704788607882097E+002
  0.374855570356011E-002  0.869621150292216E+002  0.704687094596410E+002
  0.375611560179682E-002  0.869514300116438E+002  0.691288727902623E+002
  0.374484071580119E-002  0.869507869418690E+002  0.691291491641137E+002
  0.373345910180830E-002  0.869502191747205E+002  0.691293932701212E+002
  0.373206721997500E-002  0.869443093594227E+002  0.691319394621494E+002
  0.372296054542314E-002  0.869425399738260E+002  0.704603030637791E+002
  0.373140464327747E-002  0.869313533027953E+002  0.704554508581460E+002
  0.372336067944974E-002  0.869290138702559E+002  0.704544316077011E+002
  0.373000038121022E-002  0.869187949561798E+002  0.704499607638458E+002
  0.372586268462338E-002  0.869143592112973E+002  0.704480105464984E+002
  0.371416478501714E-002  0.869139928064105E+002  0.691451575579423E+002
  0.371171517319226E-002  0.869086567260973E+002  0.691475119649078E+002
  0.370810512786514E-002  0.869039473092773E+002  0.691495969912806E+002
  0.371396916501090E-002  0.868941314059076E+002  0.704390421616032E+002
  0.370874807570872E-002  0.868902893992393E+002  0.704373245506515E+002
  0.370403924604735E-002  0.868861747419702E+002  0.704354799281424E+002
  0.370811407952072E-002  0.868773201603855E+002  0.691615145504024E+002
  0.371048374993194E-002  0.868693868883525E+002  0.691651087508445E+002
  0.370780606783738E-002  0.868641751353978E+002  0.704255256162040E+002
  0.369767091682048E-002  0.868629939668490E+002  0.704249867051038E+002
  0.369451905645077E-002  0.868580438950838E+002  0.691702835718928E+002
  0.370341603372825E-002  0.868465777933363E+002  0.704174483644200E+002
  0.369761332469161E-002  0.868430583770247E+002  0.704158202969142E+002
  0.368828147064027E-002  0.868414566782041E+002  0.704150779388127E+002
  0.367673187556074E-002  0.868410737843013E+002  0.704149003425107E+002
  0.366828123579629E-002  0.868390203162512E+002  0.691790597317477E+002
  0.366890135984013E-002  0.868320266640404E+002  0.691823176423654E+002
  0.367159056836126E-002  0.868239056732707E+002  0.704068842203901E+002
  0.369112726908092E-002  0.868066362154369E+002  0.703987131363716E+002
  0.368266219346992E-002  0.868045726184497E+002  0.691952774370370E+002
  0.367418932258586E-002  0.868025238321417E+002  0.691962557946587E+002
  0.366655005227361E-002  0.868000309242322E+002  0.691974483887270E+002
  0.366111539890967E-002  0.867963419938737E+002  0.703937892273531E+002
  0.365672032469871E-002  0.867920888041794E+002  0.703917429604797E+002
  0.364888008261701E-002  0.867897259554081E+002  0.692024036332276E+002
  0.364453203612103E-002  0.867854550187560E+002  0.692044695113282E+002
  0.364066484424950E-002  0.867809227537251E+002  0.692066697088404E+002
  0.363295540263568E-002  0.867785068474513E+002  0.692078458756584E+002
  0.362286664395029E-002  0.867774130162295E+002  0.692083791731997E+002
  0.362041458881270E-002  0.867721115489952E+002  0.692109707861307E+002
  0.360878918149324E-002  0.867718884433728E+002  0.692110801024908E+002
  0.360248375883354E-002  0.867687304006230E+002  0.703803770876521E+002
  0.360142503465606E-002  0.867626626813978E+002  0.692156185165380E+002
  0.359314581415213E-002  0.867606101411060E+002  0.692166330496637E+002
  0.359935535339578E-002  0.867505012193685E+002  0.692216558292386E+002
  0.358779561032749E-002  0.867502792054710E+002  0.703712401169623E+002
  0.358289870496926E-002  0.867463552470250E+002  0.692237285584642E+002
  0.357169809182006E-002  0.867459617233147E+002  0.703690810641406E+002
  0.357157836040265E-002  0.867393731887873E+002  0.703657705389257E+002
  0.356113553819420E-002  0.867385739094817E+002  0.692276391333667E+002
  0.357060356821679E-002  0.867266079636513E+002  0.692337057355578E+002
  0.357528588186283E-002  0.867173314001167E+002  0.692384542312259E+002
  0.356539071046295E-002  0.867162188116105E+002  0.692390264604343E+002
  0.355535312653698E-002  0.867152017381903E+002  0.703534566714911E+002
  0.355574308264588E-002  0.867083268072338E+002  0.692431024794191E+002
  0.354463890737614E-002  0.867079267689829E+002  0.692433098887217E+002
  0.353315740081881E-002  0.867077599410185E+002  0.703496103423546E+002
  0.352531188055855E-002  0.867055503806022E+002  0.692445435901834E+002
  0.351406351726571E-002  0.867052864884465E+002  0.703483259900818E+002
  0.353715192326647E-002  0.866855333146840E+002  0.703379597550238E+002
  0.353240978214005E-002  0.866815608665146E+002  0.692571557516015E+002
  0.353409201893390E-002  0.866739530545897E+002  0.703317892354315E+002
  0.353556644612618E-002  0.866664632461480E+002  0.703277601389598E+002
  0.352694805506475E-002  0.866646888709997E+002  0.703268011396132E+002
  0.351653406915434E-002  0.866639474073353E+002  0.703263998854135E+002
  0.350685349342402E-002  0.866628051676993E+002  0.692672255999602E+002
  0.349658588034501E-002  0.866620139178165E+002  0.703253521164762E+002
  0.350359387633533E-002  0.866513538699888E+002  0.692734690597342E+002
  0.349669058424843E-002  0.866486428691208E+002  0.692749580891887E+002
  0.349012731692303E-002  0.866457448045019E+002  0.692765545800295E+002
  0.348827643748841E-002  0.866401501428551E+002  0.703133562243303E+002
  0.348877628047027E-002  0.866332079986990E+002  0.692835181103866E+002
  0.347794034884146E-002  0.866327739664500E+002  0.703092458639622E+002
  0.347137386052810E-002  0.866298980341953E+002  0.703076342999600E+002
  0.345989299659902E-002  0.866298680101545E+002  0.692853893011463E+002
  0.345264464221484E-002  0.866274067547856E+002  0.692867725875301E+002
  0.344357778589822E-002  0.866260102054018E+002  0.703054475952595E+002
  0.344271759656101E-002  0.866198542781032E+002  0.692910408963831E+002
  0.343432756838570E-002  0.866180787195764E+002  0.703009571471172E+002
  0.342322253562150E-002  0.866179006961296E+002  0.703008558995507E+002
  0.341452269225857E-002  0.866163344240524E+002  0.702999642334481E+002
  0.340428055546921E-002  0.866156870210323E+002  0.702995952104967E+002
  0.339529224529219E-002  0.866143190173908E+002  0.702988145499262E+002
  0.338421675552143E-002  0.866141981285069E+002  0.702987455055113E+002
  0.337385310123691E-002  0.866136766443745E+002  0.692945591934822E+002
  0.336696529862207E-002  0.866111082860091E+002  0.702969775414149E+002
  0.335626539623705E-002  0.866108186402409E+002  0.702968114899342E+002
  0.335360238047593E-002  0.866057505821883E+002  0.692991097059751E+002
  0.334312351501509E-002  0.866053541048404E+002  0.692993384254615E+002
  0.333384493610224E-002  0.866042570861210E+002  0.692999718216555E+002
  0.332696459175874E-002  0.866017333441225E+002  0.702915746946632E+002
  0.331654098929232E-002  0.866013537342920E+002  0.693016520698368E+002
  0.333167788638862E-002  0.865855907985663E+002  0.702821307903504E+002
  0.332684844046681E-002  0.865818364289681E+002  0.702799079201911E+002
  0.331852778650368E-002  0.865801892383922E+002  0.693140773235376E+002
  0.330781936847605E-002  0.865799978093291E+002  0.693141911684284E+002
  0.330192535085538E-002  0.865769090956011E+002  0.693160317881018E+002
  0.329106563218605E-002  0.865768421660107E+002  0.702769349992670E+002
  0.328193059949057E-002  0.865757457179197E+002  0.693167268963782E+002
  0.327372818226839E-002  0.865740949262845E+002  0.702752917876812E+002
  0.326882804541542E-002  0.865704352012963E+002  0.702730939889374E+002
  0.325895558413138E-002  0.865698291284913E+002  0.702727290410946E+002
  0.324923655864505E-002  0.865691469630410E+002  0.693206888108723E+002
  0.324035468092714E-002  0.865679659238157E+002  0.693214013965543E+002
  0.323836450056732E-002  0.865625390929350E+002  0.693246895349506E+002
  0.323350758322388E-002  0.865588853756990E+002  0.693269163056236E+002
  0.322972439095027E-002  0.865545711582998E+002  0.702634474576852E+002
  0.322967101400815E-002  0.865479486319461E+002  0.693336457643494E+002
  0.321914739527561E-002  0.865478205285208E+002  0.702592815828255E+002
  0.320914712681001E-002  0.865473876106596E+002  0.702590131449722E+002
  0.320325201723654E-002  0.865444093506796E+002  0.702571621861260E+002
  0.319704482630742E-002  0.865416330861116E+002  0.702554300424269E+002
  0.319286948747621E-002  0.865375912119764E+002  0.693401102319651E+002
  0.318323610459424E-002  0.865369790638345E+002  0.693404951655352E+002
  0.318221990900836E-002  0.865309620525701E+002  0.702487105030725E+002
  0.318006588314025E-002  0.865256607189690E+002  0.693476718929640E+002
  0.317834533367547E-002  0.865200875157788E+002  0.702417585033448E+002
  0.317081270081912E-002  0.865181775326314E+002  0.693524805202865E+002
  0.316236035624121E-002  0.865168604136062E+002  0.693533322888913E+002
  0.315185540967130E-002  0.865168596305653E+002  0.693533327957635E+002
  0.314717377453301E-002  0.865131769758028E+002  0.702372836782297E+002
  0.313720500048786E-002  0.865128665143721E+002  0.702370815764083E+002
  0.312681322949902E-002  0.865128467900483E+002  0.702370687332859E+002
  0.311823153354448E-002  0.865116878566809E+002  0.693566932927422E+002
  0.312906159059782E-002  0.864980980298149E+002  0.702273582001784E+002
  0.311969361182936E-002  0.864974391548825E+002  0.693660874628079E+002
  0.311174383581534E-002  0.864958865901049E+002  0.693671234862494E+002
  0.310504898606736E-002  0.864935386022926E+002  0.702243116897526E+002
  0.310387441808360E-002  0.864876397188299E+002  0.702203376921987E+002
  0.309813614766114E-002  0.864846850495017E+002  0.693746736506858E+002
  0.309217479779548E-002  0.864818815224756E+002  0.702164222011186E+002
  0.308427421005490E-002  0.864803425340663E+002  0.702153695126032E+002
  0.307930128959010E-002  0.864769142504682E+002  0.702130149565947E+002
  0.307631876859577E-002  0.864721967504109E+002  0.702097530318046E+002
  0.306732537557129E-002  0.864713965871328E+002  0.702091971999163E+002
  0.305830895755789E-002  0.864706286744343E+002  0.693843436840098E+002
  0.306377027855456E-002  0.864604048147578E+002  0.693915221741528E+002
  0.305536694912429E-002  0.864592423846034E+002  0.702006603250428E+002
  0.305410882941445E-002  0.864534105213936E+002  0.701964994584003E+002
  0.305327569489240E-002  0.864473005983706E+002  0.701920932625730E+002
  0.304634235260310E-002  0.864451917587984E+002  0.694024457225677E+002
  0.303814951446104E-002  0.864439222277837E+002  0.694033710147914E+002
  0.302835782709583E-002  0.864437228803642E+002  0.694035165062075E+002
  0.301853128544252E-002  0.864435675353381E+002  0.701893768296284E+002
  0.300956334388445E-002  0.864428627231652E+002  0.694041449006394E+002
  0.299987004690930E-002  0.864426592024348E+002  0.694042937315604E+002
  0.299123696049973E-002  0.864417675602824E+002  0.701880603102725E+002
  0.298200082564533E-002  0.864412969956923E+002  0.694052913457468E+002
  0.297226365432736E-002  0.864411827305800E+002  0.701876316063168E+002
  0.296688760843394E-002  0.864381479016595E+002  0.701853993641979E+002
  0.295787475482902E-002  0.864375771971229E+002  0.701849781545683E+002
  0.295155820347857E-002  0.864351971904490E+002  0.701832166398295E+002
  0.294238698419140E-002  0.864347657785565E+002  0.701828964791195E+002
  0.293341698468138E-002  0.864342166011890E+002  0.701824885377418E+002
  0.292544928211212E-002  0.864330007816115E+002  0.701815838619929E+002
  0.291894254195924E-002  0.864307985255955E+002  0.694130669930583E+002
  0.290951518028938E-002  0.864306128352784E+002  0.694132059434623E+002
  0.290803000233193E-002  0.864249784266993E+002  0.694174463408720E+002
  0.290330810259066E-002  0.864215729763087E+002  0.701729743457175E+002
  0.289459839804471E-002  0.864209262623212E+002  0.694205255217971E+002
  0.288505833425343E-002  0.864208732005188E+002  0.694205660099810E+002
  0.287569920828267E-002  0.864207161644127E+002  0.701723208898748E+002
  0.287582572413053E-002  0.864139725965376E+002  0.701671376279602E+002
  0.287790350640481E-002  0.864058725393660E+002  0.701608142617455E+002
  0.286931985466416E-002  0.864051910844817E+002  0.701602772666373E+002
  0.286108976554205E-002  0.864042803604768E+002  0.701595583644908E+002
  0.285370194214377E-002  0.864027958016632E+002  0.694346233195112E+002
  0.284446635773635E-002  0.864026234224004E+002  0.701582467559307E+002
  0.283701245093761E-002  0.864012157090656E+002  0.694358780678696E+002
  0.282771102319326E-002  0.864011281007476E+002  0.694359477652232E+002
  0.282025676950549E-002  0.863997517702248E+002  0.694370444875199E+002
  0.281578301607170E-002  0.863962712949313E+002  0.701531738162603E+002
  0.280821707565368E-002  0.863949968988561E+002  0.694408594075038E+002
  0.279972332514935E-002  0.863943996976065E+002  0.694413414494826E+002
  0.279320005896493E-002  0.863924094909258E+002  0.694429526261081E+002
  0.278929138878238E-002  0.863885545748223E+002  0.694460944535161E+002
  0.278087387595649E-002  0.863879437124027E+002  0.694465949069460E+002
  0.277394939605807E-002  0.863862744175741E+002  0.701450405963706E+002
  0.276925834638876E-002  0.863830039176579E+002  0.694506684752350E+002
  0.276218492158593E-002  0.863814634065898E+002  0.694519486986613E+002
  0.275387596344547E-002  0.863808331148108E+002  0.701405328814691E+002
  0.274474137558675E-002  0.863808225478705E+002  0.701405240700816E+002
  0.273570440257358E-002  0.863807627677857E+002  0.701404742173910E+002
  0.272680452901729E-002  0.863806242525921E+002  0.694526480729847E+002
  0.271775191547239E-002  0.863806194414670E+002  0.701403546631536E+002
  0.271165910419695E-002  0.863784526088169E+002  0.701385421296404E+002
  0.270527149004665E-002  0.863765138083649E+002  0.701369121618922E+002
  0.270184144218048E-002  0.863723956623846E+002  0.701334238357658E+002
  0.269320177392497E-002  0.863721457218169E+002  0.694597957926819E+002
  0.268640300599743E-002  0.863705453617270E+002  0.694611620484376E+002
  0.267936233464051E-002  0.863691383714077E+002  0.694623678357437E+002
  0.267091221117952E-002  0.863688003215956E+002  0.701303485574607E+002
  0.266226153956446E-002  0.863686329449500E+002  0.701302047012873E+002
  0.265517063874956E-002  0.863673114469158E+002  0.701290667205569E+002
  0.264702580704161E-002  0.863668003679368E+002  0.701286255698701E+002
  0.264059587240577E-002  0.863650089313646E+002  0.694659321520740E+002
  0.263299439401864E-002  0.863641190502705E+002  0.701263014540935E+002
  0.262856281798336E-002  0.863608324932884E+002  0.701234301918603E+002
  0.261988151447130E-002  0.863607932061449E+002  0.701233957165659E+002
  0.261278267292901E-002  0.863595641892880E+002  0.694706913635651E+002
  0.260428502799114E-002  0.863594238800862E+002  0.701221918239248E+002
  0.259886559850720E-002  0.863569345690195E+002  0.701199917801846E+002
  0.259078117448689E-002  0.863565101879223E+002  0.694733915307782E+002
  0.258275813945301E-002  0.863560577433303E+002  0.694737934769643E+002
  0.257818351920657E-002  0.863529477342807E+002  0.694765700358189E+002
  0.257028902933891E-002  0.863524256206569E+002  0.701159682150009E+002
  0.256286180240657E-002  0.863515576998324E+002  0.694778188553329E+002
  0.255649367747406E-002  0.863498778461752E+002  0.701136721372065E+002
  0.255155506310739E-002  0.863470895868838E+002  0.694818666198427E+002
  0.254427712152720E-002  0.863461468687120E+002  0.694827273202765E+002
  0.253641334419266E-002  0.863456824026416E+002  0.694831522465067E+002
  0.252942142110266E-002  0.863445476717171E+002  0.694841928097893E+002
  0.252184750750548E-002  0.863438897284663E+002  0.694847977434439E+002
  0.251411516505363E-002  0.863433758526827E+002  0.694852710347425E+002
  0.250803039663872E-002  0.863415666245734E+002  0.694869431337174E+002
  0.250272489267378E-002  0.863391463387828E+002  0.701038125483956E+002
  0.249650050181639E-002  0.863374710454080E+002  0.701022446792690E+002
  0.248828719143906E-002  0.863374061714395E+002  0.694908229465079E+002
  0.248037937334320E-002  0.863371167457703E+002  0.701019120671515E+002
  0.247445698895826E-002  0.863352422616877E+002  0.694928604882763E+002
  0.246961982747984E-002  0.863325001830125E+002  0.700975445055127E+002
  0.246272300188656E-002  0.863314377502029E+002  0.700965303771170E+002
  0.245513540727960E-002  0.863309536373485E+002  0.700960671362637E+002
  0.244698888200291E-002  0.863309454061861E+002  0.694969474961798E+002
  0.243893853894458E-002  0.863308804685950E+002  0.700959970597709E+002
  0.243203164318705E-002  0.863298967772765E+002  0.700950533441913E+002
  0.242421408783099E-002  0.863296803787487E+002  0.700948453391961E+002
  0.241748378636020E-002  0.863285850842158E+002  0.694992164542096E+002
  0.241156756801497E-002  0.863268300286851E+002  0.700920918855877E+002
  0.240575787120078E-002  0.863249984527769E+002  0.700903089554863E+002
  0.239834676876858E-002  0.863245135194584E+002  0.700898350873240E+002
  0.239376939713897E-002  0.863216786922459E+002  0.700870494806829E+002
  0.238668764895076E-002  0.863209486989241E+002  0.700863278272418E+002
  0.237922472388273E-002  0.863205567094924E+002  0.700859395736315E+002
  0.237312406699193E-002  0.863190359883087E+002  0.700844283902715E+002
  0.236538856147492E-002  0.863189103157085E+002  0.700843031509107E+002
  0.235905159451898E-002  0.863176200025576E+002  0.695099926305364E+002
  0.235511544695048E-002  0.863143042687956E+002  0.695133319827052E+002
  0.234737330553743E-002  0.863142342638798E+002  0.700796038390936E+002
  0.234059227998637E-002  0.863133645881826E+002  0.695142855424569E+002
  0.233303036672351E-002  0.863131810066443E+002  0.700785345380004E+002
  0.232575408562995E-002  0.863127727959902E+002  0.695148877324677E+002
  0.231815438723233E-002  0.863126631718471E+002  0.695149994241277E+002
  0.231131651943319E-002  0.863119157162916E+002  0.695157621611332E+002
  0.230443984985920E-002  0.863112194408109E+002  0.700765322092467E+002
  0.229681468967113E-002  0.863111926329335E+002  0.695165020048676E+002
  0.228952965497448E-002  0.863108907325210E+002  0.695168114821678E+002
  0.228215457855645E-002  0.863106879889176E+002  0.700759872435325E+002
  0.227475032562968E-002  0.863105317846012E+002  0.700758268650548E+002
  0.227029412477517E-002  0.863077980162538E+002  0.695200017661306E+002
  0.226329676720008E-002  0.863073162292476E+002  0.695205020720994E+002
  0.225685905886945E-002  0.863063575435333E+002  0.700715064345954E+002
  0.225028631724409E-002  0.863055351422105E+002  0.695223595473769E+002
  0.224368900435714E-002  0.863047517060884E+002  0.695231805813325E+002
  0.223636507049955E-002  0.863046352794576E+002  0.695233028059735E+002
  0.223052688403166E-002  0.863032076652510E+002  0.695248059855029E+002
  0.222475555452058E-002  0.863017336490350E+002  0.700666399502583E+002
  0.221880791820969E-002  0.863004320059762E+002  0.700652541229601E+002
  0.221278598968355E-002  0.862992118807155E+002  0.700639485652579E+002
  0.220639643964983E-002  0.862983397725532E+002  0.695299952767671E+002
  0.220005591986423E-002  0.862974398648629E+002  0.700620410433547E+002
  0.219306389875585E-002  0.862971506277786E+002  0.700617283859132E+002
  0.218677286524788E-002  0.862962405017491E+002  0.700607421508327E+002
  0.217954459340450E-002  0.862962067748898E+002  0.700607055328326E+002
  0.217322889062590E-002  0.862953550411337E+002  0.695332276517596E+002
  0.216870869402751E-002  0.862928636831586E+002  0.700570503277013E+002
  0.216193284599036E-002  0.862924666247224E+002  0.695363939629248E+002
  0.215477113094734E-002  0.862924473315302E+002  0.695364152419125E+002
  0.214762413072683E-002  0.862924364284234E+002  0.700565794819488E+002
  0.214060620376242E-002  0.862923270761059E+002  0.700564588358019E+002
  0.213357044887445E-002  0.862922559324702E+002  0.695366264355359E+002
  0.212794750778081E-002  0.862908782315889E+002  0.700548550373993E+002
  0.212105508962292E-002  0.862907111616318E+002  0.695383372913334E+002
  0.211801582184549E-002  0.862869234441094E+002  0.700504257282289E+002
  0.211139393149152E-002  0.862865305777787E+002  0.700499814969715E+002
  0.210545016961692E-002  0.862855131152647E+002  0.700488273717127E+002
  0.209896002039760E-002  0.862850321508576E+002  0.700482799640042E+002
  0.209259660447611E-002  0.862844491793756E+002  0.695453918923939E+002
  0.208684639476171E-002  0.862832969290299E+002  0.700462950572067E+002
  0.208114231097965E-002  0.862821155357926E+002  0.695480721533443E+002
  0.207474345034051E-002  0.862816188021812E+002  0.700443603416266E+002
  0.206845096453885E-002  0.862810382356300E+002  0.695493192702598E+002
  0.206169978197936E-002  0.862809210982151E+002  0.700435514982308E+002
  0.205520173184360E-002  0.862805790579677E+002  0.695498527455301E+002
  0.204966857894561E-002  0.862793152741902E+002  0.700416797393252E+002
  0.204301133176806E-002  0.862791661916487E+002  0.700415052423354E+002
  0.203698455446369E-002  0.862784192269188E+002  0.700406290627325E+002
  0.203053260085017E-002  0.862781085089955E+002  0.700402636672785E+002
  0.202413676108215E-002  0.862777625383016E+002  0.700398561700240E+002
  0.201892574582598E-002  0.862762624738994E+002  0.700380813868510E+002
  0.201297685448256E-002  0.862755087184852E+002  0.695558220999657E+002
  0.200799818414809E-002  0.862738058403991E+002  0.695578604057316E+002
  0.200141860344778E-002  0.862737143935579E+002  0.700350363916847E+002
  0.199496883606424E-002  0.862735144166703E+002  0.695582109804206E+002
  0.198962925529396E-002  0.862722190598691E+002  0.695597755413410E+002
  0.198366894060706E-002  0.862715638540467E+002  0.695605708647291E+002
  0.197812263220478E-002  0.862705080757930E+002  0.700311486543271E+002
  0.197276729683665E-002  0.862692744018051E+002  0.695633712259038E+002
  0.196629612133317E-002  0.862691901109219E+002  0.700295317807144E+002
  0.195977470821739E-002  0.862691787502595E+002  0.695634889552338E+002
  0.195392506790678E-002  0.862685018041047E+002  0.695643238567534E+002
  0.194760802305732E-002  0.862683227040335E+002  0.700284615000827E+002
  0.194160839169651E-002  0.862678376584548E+002  0.700278608510274E+002
  0.193523405851478E-002  0.862677589139368E+002  0.695652435582447E+002
  0.192913252286286E-002  0.862674190293190E+002  0.700273411912464E+002
  0.192309983471311E-002  0.862670275500719E+002  0.695661525770856E+002
  0.191721374897878E-002  0.862665028133349E+002  0.695668069936306E+002
  0.191104957545405E-002  0.862662879383252E+002  0.695670755100537E+002
  0.190572285725449E-002  0.862652147938253E+002  0.695684212862099E+002
  0.189939730285146E-002  0.862652087384526E+002  0.700245778474888E+002
  0.189314999042151E-002  0.862651422052560E+002  0.695685126026935E+002
  0.188712955471837E-002  0.862648569907764E+002  0.700241349924637E+002
  0.188097724537397E-002  0.862647323452357E+002  0.700239778551719E+002
  0.187601872793602E-002  0.862633560044770E+002  0.700222354668781E+002
  0.186995231105951E-002  0.862631782343086E+002  0.700220094357545E+002
  0.186415605132272E-002  0.862627316484315E+002  0.700214406089794E+002
  0.185833609348597E-002  0.862623299028842E+002  0.700209276644988E+002
  0.185261605695157E-002  0.862618399005157E+002  0.700203004431890E+002
  0.184649061944269E-002  0.862618080202055E+002  0.695727471756788E+002
  0.184189715564518E-002  0.862601339836674E+002  0.695749037926106E+002
  0.183597659022647E-002  0.862599175266732E+002  0.700178225672348E+002
  0.183035321603456E-002  0.862593971049693E+002  0.700171469746651E+002
  0.182450383811408E-002  0.862591432886045E+002  0.700168167278807E+002
  0.181877649404213E-002  0.862587758315036E+002  0.700163377412838E+002
  0.181399087541042E-002  0.862573896461496E+002  0.700145213525499E+002
  0.180847875580129E-002  0.862568206581785E+002  0.700137713831001E+002
  0.180284928862523E-002  0.862564004259501E+002  0.700132158187612E+002
  0.179742757072482E-002  0.862557685180662E+002  0.695806290309234E+002
  0.179204957696770E-002  0.862551060088046E+002  0.695815112255417E+002
  0.178625930440867E-002  0.862549230700874E+002  0.695817554645128E+002
  0.178163499384780E-002  0.862534518510559E+002  0.695837298621582E+002
  0.177663290700371E-002  0.862524193327405E+002  0.700078802200770E+002
  0.177108956529137E-002  0.862520137862225E+002  0.695856776356631E+002
  0.176526691967434E-002  0.862519442511981E+002  0.695857722730287E+002
  0.175964157623700E-002  0.862516722105792E+002  0.695861429301969E+002
  0.175456111219541E-002  0.862507994130407E+002  0.700056701931459E+002
  0.174905173855952E-002  0.862504337723111E+002  0.700051681182609E+002
  0.174340451620065E-002  0.862502461068181E+002  0.700049099580761E+002
  0.173787989361008E-002  0.862499383300042E+002  0.700044858742218E+002
  0.173213378101313E-002  0.862499064906890E+002  0.700044419536525E+002
  0.172655356160204E-002  0.862497044851695E+002  0.695888436681519E+002
  0.172206025494807E-002  0.862482606328675E+002  0.695908479399987E+002
  0.171689143057491E-002  0.862476171502492E+002  0.695917475052644E+002
  0.171158903929646E-002  0.862471478622742E+002  0.695924060529169E+002
  0.170608135834295E-002  0.862469384106859E+002  0.700003060886742E+002
  0.170047339264580E-002  0.862468677483112E+002  0.700002066009588E+002
  0.169515193338844E-002  0.862464807791802E+002  0.699996609113471E+002
  0.168981873915966E-002  0.862461274085649E+002  0.699991613175968E+002
  0.168468914694109E-002  0.862455522363593E+002  0.699983454973713E+002
  0.167926768258794E-002  0.862453431943690E+002  0.695949585744868E+002
  0.167409818805758E-002  0.862448539543026E+002  0.699973506054418E+002
  0.166872220711863E-002  0.862446312480837E+002  0.699970322619399E+002
  0.166403706019338E-002  0.862435988163298E+002  0.699955498194387E+002
  0.165933893912260E-002  0.862425978767285E+002  0.695989047719856E+002
  0.165440179100204E-002  0.862419019079622E+002  0.695999177632343E+002
  0.164912762922409E-002  0.862416324265071E+002  0.699926953484192E+002
  0.164463218909118E-002  0.862404361914741E+002  0.699909383576490E+002
  0.163953553506694E-002  0.862399881604078E+002  0.696027305463537E+002
  0.163435362066866E-002  0.862396637887383E+002  0.696032113573136E+002
  0.162893146056904E-002  0.862396544744530E+002  0.699897815685689E+002
  0.162365476989702E-002  0.862394881245938E+002  0.699895345085807E+002
  0.161856995816414E-002  0.862391057874168E+002  0.699889654657546E+002
  0.161330160168204E-002  0.862389707153038E+002  0.699887640316507E+002
  0.160798655246185E-002  0.862389150464448E+002  0.699886809508027E+002
  0.160277930662910E-002  0.862387467040422E+002  0.696045772541224E+002
  0.644106960404074E-002  0.806043269624088E+002  0.697606067203600E+002
  0.635758525479682E-002  0.806042747704170E+002  0.697610262671985E+002
  0.627516578498434E-002  0.806042280547844E+002  0.697614060453543E+002
  0.627523856761408E-002  0.806042048578809E+002  0.697615961614833E+002
  0.619275476916907E-002  0.806041773642486E+002  0.697618228421711E+002
  0.611135364350873E-002  0.806041503685010E+002  0.697620468688579E+002
  0.603119439525963E-002  0.806040663702100E+002  0.697627534471308E+002
  0.603125265605602E-002  0.806040470504828E+002  0.697629180637789E+002
  0.603144296479356E-002  0.806039839439456E+002  0.697634614867139E+002
  0.603145827273500E-002  0.806039788679059E+002  0.697635055863740E+002
  0.594897419400351E-002  0.806039322585429E+002  0.697639133090967E+002
  0.586752255640644E-002  0.806039182288651E+002  0.697640370384735E+002
  0.586765411133993E-002  0.806038733876370E+002  0.697644356997078E+002
  0.586772609272517E-002  0.806038488528085E+002  0.697646559389224E+002
  0.570493545863074E-002  0.806037781207417E+002  0.697652995713113E+002
  0.570501402989878E-002  0.806037505759158E+002  0.697655538387409E+002
  0.570505271845121E-002  0.806037370129619E+002  0.697656798095886E+002
  0.570513961419527E-002  0.806037065504626E+002  0.697659646352003E+002
  0.570524239236704E-002  0.806036705207585E+002  0.697663049819293E+002
  0.570531839173954E-002  0.806036438789925E+002  0.697665591352248E+002
  0.570538233381006E-002  0.806036214642182E+002  0.697667746474495E+002
  0.570545833220557E-002  0.806035948234481E+002  0.697670328411596E+002
  0.570548496442938E-002  0.806035854877699E+002  0.697671238564155E+002
  0.570559085626430E-002  0.806035483688035E+002  0.697674885602609E+002
  0.570559779189764E-002  0.806035459376340E+002  0.697675126072448E+002
  0.570560969714473E-002  0.806035417644570E+002  0.697675539312015E+002
  0.570562500919945E-002  0.806035363970958E+002  0.697676071671849E+002
  0.570564328521818E-002  0.806035299907900E+002  0.697676708365789E+002
  0.570564552020548E-002  0.806035292073597E+002  0.697676786323911E+002
  0.570569886789065E-002  0.806035105074823E+002  0.697678653422857E+002
  0.570575081067731E-002  0.806034923002297E+002  0.697680483106424E+002
  0.570576320276048E-002  0.806034879565175E+002  0.697680921355707E+002
  0.560206716634216E-002  0.806034718507112E+002  0.697682552249781E+002
  0.560221546960758E-002  0.806034189055043E+002  0.697687981192961E+002
  0.549850618135048E-002  0.806034060137208E+002  0.697689319285204E+002
  0.549860340013859E-002  0.806033706521424E+002  0.697693023399655E+002
  0.549866547348698E-002  0.806033480744100E+002  0.697695415027084E+002
  0.549873380562342E-002  0.806033232204842E+002  0.697698072542211E+002
  0.549876563824255E-002  0.806033116423544E+002  0.697699319612673E+002
  0.549877902262117E-002  0.806033067742210E+002  0.697699845706412E+002
  0.549881613164405E-002  0.806032932770800E+002  0.697701309815893E+002
  0.549892475446631E-002  0.806032537697582E+002  0.697705642886420E+002
  0.538196758726055E-002  0.806032384474870E+002  0.697707343005047E+002
  0.538212811808555E-002  0.806031787933073E+002  0.697714071759291E+002
  0.526523267049795E-002  0.806031380206809E+002  0.697718776502639E+002
  0.526524161807025E-002  0.806031346219461E+002  0.697719172746891E+002
  0.514827001570741E-002  0.806031215041266E+002  0.697720708125068E+002
  0.514830088827906E-002  0.806031095107855E+002  0.697722120380710E+002
  0.514838038136762E-002  0.806030786297331E+002  0.697725795092383E+002
  0.514846503699778E-002  0.806030457436882E+002  0.697729771489600E+002
  0.514846837574284E-002  0.806030444467021E+002  0.697729929692447E+002
  0.514853145873092E-002  0.806030199413164E+002  0.697732939058682E+002
  0.514853251234349E-002  0.806030195320298E+002  0.697732989652196E+002
  0.514856268031663E-002  0.806030078130071E+002  0.697734442995526E+002
  0.488459740109367E-002  0.806029817815509E+002  0.697737704545694E+002
  0.488462941879143E-002  0.806029686719370E+002  0.697739364930553E+002
  0.488465245721874E-002  0.806029592389295E+002  0.697740567256635E+002
  0.488471115261379E-002  0.806029352064961E+002  0.697743659926635E+002
  0.488472601127060E-002  0.806029291227652E+002  0.697744449703304E+002
  0.488477207218314E-002  0.806029102636950E+002  0.697746916118310E+002
  0.488483489924134E-002  0.806028845402208E+002  0.697750325942745E+002
  0.488486528713989E-002  0.806028720985294E+002  0.697751994756325E+002
  0.473223343233000E-002  0.806028635674810E+002  0.697753146628155E+002
  0.473228369208266E-002  0.806028423261427E+002  0.697756042238846E+002
  0.473232653351989E-002  0.806028242201938E+002  0.697758542488881E+002
  0.473233024591593E-002  0.806028226512426E+002  0.697758760572136E+002
  0.473233256016046E-002  0.806028216731858E+002  0.697758896638183E+002
  0.456339244198683E-002  0.806027902231012E+002  0.697763320856184E+002
  0.456341318440743E-002  0.806027811323321E+002  0.697764617888116E+002
  0.456341542815164E-002  0.806027801489701E+002  0.697764758693454E+002
  0.456341796909638E-002  0.806027790353550E+002  0.697764918269045E+002
  0.456345183925860E-002  0.806027641912024E+002  0.697767057647359E+002
  0.456347998901420E-002  0.806027518541953E+002  0.697768853440838E+002
  0.436513374626935E-002  0.806027216460998E+002  0.697773321584870E+002
  0.436515170144702E-002  0.806027134194833E+002  0.697774556558941E+002
  0.436516974740302E-002  0.806027051513085E+002  0.697775805892634E+002
  0.436517778836613E-002  0.806027014671650E+002  0.697776365236629E+002
  0.436517988642207E-002  0.806027005058959E+002  0.697776511454040E+002
  0.413560471583084E-002  0.806026177403642E+002  0.697789557067846E+002
  0.413560494333442E-002  0.806026176303423E+002  0.697789575055198E+002
  0.413565001047864E-002  0.806025958357563E+002  0.697793175346420E+002
  0.413565055971250E-002  0.806025955701469E+002  0.697793219688283E+002
  0.413565396044276E-002  0.806025939255549E+002  0.697793494498003E+002
  0.413566979444558E-002  0.806025862682544E+002  0.697794779866129E+002
  0.413578591893670E-002  0.806025301115173E+002  0.697804520672623E+002
  0.413580539239126E-002  0.806025206944879E+002  0.697806212607476E+002
  0.413585684449199E-002  0.806024958133459E+002  0.697810772204160E+002
  0.413587075075571E-002  0.806024890886255E+002  0.697812027866516E+002
  0.413590718217518E-002  0.806024714714120E+002  0.697815367353399E+002
  0.413593789198415E-002  0.806024566211296E+002  0.697818241345295E+002
  0.413596139913874E-002  0.806024452538952E+002  0.697820479862798E+002
  0.413598140561133E-002  0.806024355795185E+002  0.697822412683664E+002
  0.413601391217331E-002  0.806024198606692E+002  0.697825610239748E+002
  0.413602036181797E-002  0.806024167418984E+002  0.697826253424163E+002
  0.413602164625204E-002  0.806024161208019E+002  0.697826381869214E+002
  0.413605053247930E-002  0.806024021527288E+002  0.697829302619682E+002
