  0.435643520523061E-001  0.865532157550014E+002  0.675134211997475E+002
  0.435643520523061E-001  0.865238641805129E+002  0.675171122183696E+002
  0.435643520523061E-001  0.812369596066659E+002  0.712669846266038E+002
  0.435643520523061E-001  0.858043216942266E+002  0.676095434536562E+002
  0.435643520523061E-001  0.850216236090487E+002  0.718782642770074E+002
  0.435643520523061E-001  0.813578895766211E+002  0.683026166726959E+002
  0.435643520523061E-001  0.843505599366891E+002  0.678093666551455E+002
  0.435643520523061E-001  0.843470841541046E+002  0.678098684946823E+002
  0.435643520523061E-001  0.842926833116303E+002  0.678177395676665E+002
  0.435643520523061E-001  0.814548450277711E+002  0.682841129804834E+002
  0.435643520523061E-001  0.814583582197635E+002  0.713095600045733E+002
  0.435643520523061E-001  0.815238351884587E+002  0.682710830643390E+002
  0.435643520523061E-001  0.841315669501809E+002  0.717517699283413E+002
  0.435643520523061E-001  0.815594563804859E+002  0.682643987999352E+002
  0.435643520523061E-001  0.816399676047639E+002  0.713436093646667E+002
  0.435643520523061E-001  0.817090211912490E+002  0.682366457686647E+002
  0.435643520523061E-001  0.839035392069184E+002  0.717180232536680E+002
  0.435643520523061E-001  0.817468800329891E+002  0.713633080488393E+002
  0.435643520523061E-001  0.817715789738002E+002  0.713678237298870E+002
  0.435643520523061E-001  0.836107754892089E+002  0.679191998907289E+002
  0.435643520523061E-001  0.835883242803759E+002  0.716703729579971E+002
  0.435643520523061E-001  0.818258447655288E+002  0.682153069557492E+002
  0.435643520523061E-001  0.834931669372554E+002  0.716557482847904E+002
  0.435643520523061E-001  0.834220752491588E+002  0.679482600237325E+002
  0.435643520523061E-001  0.820055148521699E+002  0.681830393865364E+002
  0.435643520523061E-001  0.833741275915378E+002  0.679557171316599E+002
  0.435643520523061E-001  0.833437557616357E+002  0.716325503401160E+002
  0.435643520523061E-001  0.833281315314135E+002  0.679628992161108E+002
  0.435643520523061E-001  0.833166358850791E+002  0.716283081404105E+002
  0.435643520523061E-001  0.832931643676095E+002  0.679683780650366E+002
  0.435643520523061E-001  0.832927179866329E+002  0.679684481126291E+002
  0.435643520523061E-001  0.832851675749961E+002  0.679696333553554E+002
  0.435643520523061E-001  0.832513885151214E+002  0.716180614083326E+002
  0.435643520523061E-001  0.820183192102282E+002  0.681807644062319E+002
  0.435643520523061E-001  0.832098531609576E+002  0.716115083811414E+002
  0.435643520523061E-001  0.820266212823089E+002  0.714137156821491E+002
  0.435643520523061E-001  0.831191906806908E+002  0.715971217342560E+002
  0.435643520523061E-001  0.820732881178054E+002  0.681710341260191E+002
  0.435643520523061E-001  0.821060733831932E+002  0.714277484514104E+002
  0.435643520523061E-001  0.821463297715830E+002  0.714348126259953E+002
  0.435643520523061E-001  0.822767971919685E+002  0.681355062084557E+002
  0.435643520523061E-001  0.823468784987477E+002  0.714695604691015E+002
  0.435643520523061E-001  0.811987885051120E+002  0.683334877149930E+002
  0.435643520523061E-001  0.811514521706315E+002  0.683427991168494E+002
  0.435643520523061E-001  0.811304169624300E+002  0.683469560909817E+002
  0.435643520523061E-001  0.810713744429861E+002  0.712343184778597E+002
  0.435643520523061E-001  0.810651488912183E+002  0.683599309188798E+002
  0.435643520523061E-001  0.809802563916106E+002  0.712160223759256E+002
  0.435643520523061E-001  0.809161642270534E+002  0.683899963711362E+002
  0.435643520523061E-001  0.808935700205452E+002  0.711983945086055E+002
  0.435643520523061E-001  0.807026812474074E+002  0.711587728838833E+002
  0.435643520523061E-001  0.807022241201328E+002  0.711586766175078E+002
  0.435643520523061E-001  0.806879441751450E+002  0.711556659723915E+002
  0.435643520523061E-001  0.806761643903416E+002  0.684398293419936E+002
  0.435643520523061E-001  0.806355989345707E+002  0.684484342354850E+002
  0.435643520523061E-001  0.806135016665054E+002  0.684531447791422E+002
  0.435643520523061E-001  0.805330528825896E+002  0.684704356440127E+002
  0.435643520523061E-001  0.805274265613931E+002  0.711213533971637E+002
  0.435643520523061E-001  0.805087199832823E+002  0.684757101027120E+002
  0.435643520523061E-001  0.804701064013679E+002  0.711088831635242E+002
  0.435643520523061E-001  0.804529104891899E+002  0.684878877989889E+002
  0.435643520523061E-001  0.804344837167261E+002  0.711010732459526E+002
  0.435643520523061E-001  0.804034925040360E+002  0.710942405009430E+002
  0.435643520523061E-001  0.803486909411937E+002  0.685109374310157E+002
  0.435643520523061E-001  0.803038921533374E+002  0.685209733137245E+002
  0.435643520523061E-001  0.802850374609454E+002  0.710677858946761E+002
  0.435643520523061E-001  0.802800341144226E+002  0.685263503824036E+002
  0.435643520523061E-001  0.802796239066195E+002  0.710665637168202E+002
  0.435643520523061E-001  0.802783362556283E+002  0.710662728402617E+002
  0.435643520523061E-001  0.802426903702718E+002  0.710581939165362E+002
  0.435643520523061E-001  0.801451722709432E+002  0.710358229393981E+002
  0.435643520523061E-001  0.801404477152849E+002  0.710347288455285E+002
  0.435643520523061E-001  0.801355128109427E+002  0.685594217432345E+002
  0.435643520523061E-001  0.801267467369186E+002  0.685614562034967E+002
  0.435643520523061E-001  0.801223173095102E+002  0.685624854756554E+002
  0.435643520523061E-001  0.800559076490192E+002  0.685780214122765E+002
  0.435643520523061E-001  0.800438112696667E+002  0.710121341232184E+002
  0.435643520523061E-001  0.800173870358250E+002  0.710058823373497E+002
  0.435643520523061E-001  0.799215559023874E+002  0.686100737248892E+002
  0.435643520523061E-001  0.799113230441593E+002  0.709804562093277E+002
  0.435643520523061E-001  0.798976361309862E+002  0.709771352327624E+002
  0.435643520523061E-001  0.798799954995715E+002  0.686201656485090E+002
  0.435643520523061E-001  0.798644985738092E+002  0.686239509285439E+002
  0.435643520523061E-001  0.798409448663060E+002  0.686297276749634E+002
  0.435643520523061E-001  0.798124546382678E+002  0.709562531536357E+002
  0.435643520523061E-001  0.798123295452789E+002  0.686367845391316E+002
  0.435643520523061E-001  0.798073323148270E+002  0.709549854279041E+002
  0.435643520523061E-001  0.798037413447027E+002  0.686389108803903E+002
  0.435643520523061E-001  0.798035874484748E+002  0.709540577309873E+002
  0.435643520523061E-001  0.797915931544842E+002  0.709510814278588E+002
  0.435643520523061E-001  0.797857535097378E+002  0.686433771711039E+002
  0.435643520523061E-001  0.797558176615462E+002  0.686508486945430E+002
  0.435643520523061E-001  0.797486010939942E+002  0.686526571384054E+002
  0.435643520523061E-001  0.797320252440551E+002  0.686568218476088E+002
  0.435643520523061E-001  0.797275249869641E+002  0.709350515760155E+002
  0.435643520523061E-001  0.797197595636982E+002  0.709330933061738E+002
  0.435643520523061E-001  0.797191627638621E+002  0.686600640832854E+002
  0.435643520523061E-001  0.797128757967292E+002  0.709313545453258E+002
  0.435643520523061E-001  0.796692771804581E+002  0.709202795565371E+002
  0.435643520523061E-001  0.796407712729536E+002  0.709129790465591E+002
  0.435643520523061E-001  0.796184959590437E+002  0.709072408261122E+002
  0.435643520523061E-001  0.796055355724349E+002  0.709038884897396E+002
  0.435643520523061E-001  0.796022186984328E+002  0.686899778357810E+002
  0.435643520523061E-001  0.795665421226089E+002  0.686992660769264E+002
  0.435643520523061E-001  0.795547267508925E+002  0.687023595379121E+002
  0.435643520523061E-001  0.795464706553837E+002  0.687045263223443E+002
  0.435643520523061E-001  0.795207103065907E+002  0.687113148478158E+002
  0.435643520523061E-001  0.794725463973021E+002  0.708688841727480E+002
  0.435643520523061E-001  0.794577645426159E+002  0.687280841533001E+002
  0.435643520523061E-001  0.794510553157479E+002  0.687298870985961E+002
  0.435643520523061E-001  0.794193945505909E+002  0.687384366323642E+002
  0.435643520523061E-001  0.794147149394186E+002  0.708533005889515E+002
  0.435643520523061E-001  0.794130682232407E+002  0.708528534894892E+002
  0.435643520523061E-001  0.794112851943074E+002  0.687406375836550E+002
  0.435643520523061E-001  0.793987758136633E+002  0.687440417668811E+002
  0.435643520523061E-001  0.793870103202167E+002  0.708457531553697E+002
  0.435643520523061E-001  0.793425458457530E+002  0.708335250967960E+002
  0.435643520523061E-001  0.793380239302232E+002  0.708322734495829E+002
  0.435643520523061E-001  0.792582991563333E+002  0.687830546337565E+002
  0.435643520523061E-001  0.792534959921285E+002  0.708085916040349E+002
  0.435643520523061E-001  0.792508121643115E+002  0.687851761461092E+002
  0.435643520523061E-001  0.792487884816233E+002  0.708072564091303E+002
  0.435643520523061E-001  0.792468591076124E+002  0.687862980805581E+002
  0.435643520523061E-001  0.792181737644036E+002  0.707985297251476E+002
  0.435643520523061E-001  0.792148373557099E+002  0.687954326606422E+002
  0.435643520523061E-001  0.792133184574629E+002  0.707971387343131E+002
  0.435643520523061E-001  0.791962127858520E+002  0.688007840805370E+002
  0.435643520523061E-001  0.791947693635346E+002  0.688012000221659E+002
  0.435643520523061E-001  0.791591926801271E+002  0.707814993119026E+002
  0.435643520523061E-001  0.791557785944941E+002  0.707805044918834E+002
  0.435643520523061E-001  0.791372202995258E+002  0.707750791568423E+002
  0.435643520523061E-001  0.791189871588910E+002  0.707697194238066E+002
  0.435643520523061E-001  0.791108086006371E+002  0.688257010721387E+002
  0.435643520523061E-001  0.791017899706078E+002  0.688283697262044E+002
  0.435643520523061E-001  0.791011983961278E+002  0.688285450329448E+002
  0.435643520523061E-001  0.790868654961585E+002  0.707602045698920E+002
  0.435643520523061E-001  0.790867325465047E+002  0.707601649932531E+002
  0.435643520523061E-001  0.790712317074292E+002  0.688374672639692E+002
  0.435643520523061E-001  0.790545874068803E+002  0.707505477975729E+002
  0.435643520523061E-001  0.790223120296958E+002  0.688522136506296E+002
  0.435643520523061E-001  0.790196616608948E+002  0.688530191616696E+002
  0.435643520523061E-001  0.790099017703693E+002  0.707370153741727E+002
  0.435643520523061E-001  0.790024951455424E+002  0.707347535246056E+002
  0.435643520523061E-001  0.789993381561623E+002  0.688592189720399E+002
  0.435643520523061E-001  0.789970606541147E+002  0.707330904546736E+002
  0.435643520523061E-001  0.789851978191007E+002  0.688635568737282E+002
  0.435643520523061E-001  0.789806132845116E+002  0.688649676305988E+002
  0.435643520523061E-001  0.789792681942551E+002  0.688653819484738E+002
  0.435643520523061E-001  0.789759625954907E+002  0.707266058190600E+002
  0.435643520523061E-001  0.789567035260915E+002  0.707206466847009E+002
  0.435643520523061E-001  0.789542587411176E+002  0.707198874694015E+002
  0.435643520523061E-001  0.789298682151427E+002  0.707122786553073E+002
  0.435643520523061E-001  0.789296224207764E+002  0.707122016560665E+002
  0.435643520523061E-001  0.789294283212382E+002  0.688808659034361E+002
  0.435643520523061E-001  0.789154958226383E+002  0.688852414221095E+002
  0.435643520523061E-001  0.788940463637810E+002  0.688920190285183E+002
  0.435643520523061E-001  0.788901927572722E+002  0.706997646686177E+002
  0.435643520523061E-001  0.788849449842049E+002  0.688949102810878E+002
  0.435643520523061E-001  0.788843537262532E+002  0.688950984279207E+002
  0.435643520523061E-001  0.788836481123266E+002  0.706976837340744E+002
  0.435643520523061E-001  0.788804932478605E+002  0.688963278546016E+002
  0.435643520523061E-001  0.788761309702789E+002  0.688977191104879E+002
  0.435643520523061E-001  0.788672011906944E+002  0.689005738119854E+002
  0.435643520523061E-001  0.788591398034835E+002  0.706898480123378E+002
  0.435643520523061E-001  0.788211114888383E+002  0.689154549803609E+002
  0.435643520523061E-001  0.788000946031908E+002  0.689223248780562E+002
  0.435643520523061E-001  0.787954454412007E+002  0.689238518786671E+002
  0.435643520523061E-001  0.787857303020738E+002  0.689270514386793E+002
  0.435643520523061E-001  0.787824691014735E+002  0.706648786326460E+002
  0.435643520523061E-001  0.787633239268800E+002  0.689344759771856E+002
  0.435643520523061E-001  0.787520496778066E+002  0.706547706679877E+002
  0.435643520523061E-001  0.787517836441106E+002  0.689383250065448E+002
  0.435643520523061E-001  0.787468295823440E+002  0.706530241093330E+002
  0.435643520523061E-001  0.787427181130639E+002  0.706516459676252E+002
  0.435643520523061E-001  0.787362251285682E+002  0.706494650203422E+002
  0.435643520523061E-001  0.787324814196471E+002  0.689448017531199E+002
  0.435643520523061E-001  0.787228933297505E+002  0.689480373583171E+002
  0.435643520523061E-001  0.787022262363946E+002  0.706379527448846E+002
  0.435643520523061E-001  0.787014490315394E+002  0.689553190143633E+002
  0.435643520523061E-001  0.786770272627217E+002  0.706293175088132E+002
  0.435643520523061E-001  0.786751645351368E+002  0.706286756288318E+002
  0.435643520523061E-001  0.786479815212832E+002  0.706192516208931E+002
  0.435643520523061E-001  0.786268413301783E+002  0.706118472911871E+002
  0.435643520523061E-001  0.786229339894175E+002  0.689825353757470E+002
  0.435643520523061E-001  0.786228924218975E+002  0.706104567242773E+002
  0.435643520523061E-001  0.786225809704003E+002  0.689826598011747E+002
  0.435643520523061E-001  0.786104119978059E+002  0.706060461691534E+002
  0.435643520523061E-001  0.785901921398661E+002  0.705988490568053E+002
  0.435643520523061E-001  0.785894770466892E+002  0.705985933422177E+002
  0.435643520523061E-001  0.785764781612946E+002  0.705939306972429E+002
  0.435643520523061E-001  0.785672319212582E+002  0.690024093024707E+002
  0.435643520523061E-001  0.785653907604011E+002  0.690030747088362E+002
  0.435643520523061E-001  0.785591727924386E+002  0.705876806945306E+002
  0.435643520523061E-001  0.785555293519676E+002  0.690066482216649E+002
  0.435643520523061E-001  0.785518038623859E+002  0.705850042948400E+002
  0.435643520523061E-001  0.785425683580867E+002  0.690113696781833E+002
  0.435643520523061E-001  0.785338863961436E+002  0.690145483043382E+002
  0.435643520523061E-001  0.785221516905052E+002  0.705741415053621E+002
  0.435643520523061E-001  0.785143443721201E+002  0.705712560390775E+002
  0.435643520523061E-001  0.785125196400831E+002  0.690224266548452E+002
  0.435643520523061E-001  0.785079990574530E+002  0.705689029667232E+002
  0.435643520523061E-001  0.785054081922943E+002  0.705679401165215E+002
  0.435643520523061E-001  0.785052998805422E+002  0.690251069118033E+002
  0.435643520523061E-001  0.784997943781313E+002  0.705658497054062E+002
  0.435643520523061E-001  0.784997850165395E+002  0.690271605352705E+002
  0.435643520523061E-001  0.784862454856211E+002  0.690322257855097E+002
  0.435643520523061E-001  0.784859849883096E+002  0.705606831810674E+002
  0.435643520523061E-001  0.784539855829137E+002  0.690444319453028E+002
  0.435643520523061E-001  0.784535423527209E+002  0.690446010299774E+002
  0.435643520523061E-001  0.784371652424732E+002  0.705421312528488E+002
  0.435643520523061E-001  0.784262494875291E+002  0.690550870773578E+002
  0.435643520523061E-001  0.784211624091915E+002  0.690570579978476E+002
  0.435643520523061E-001  0.784209346176382E+002  0.705358603744269E+002
  0.435643520523061E-001  0.784192108026828E+002  0.690578155174026E+002
  0.435643520523061E-001  0.784139767970215E+002  0.705331557979255E+002
  0.435643520523061E-001  0.784139760193179E+002  0.690598512548960E+002
  0.435643520523061E-001  0.784126238257870E+002  0.690603780198738E+002
  0.435643520523061E-001  0.784023799226746E+002  0.690643809802461E+002
  0.435643520523061E-001  0.783955838273863E+002  0.705259579717698E+002
  0.435643520523061E-001  0.783922197812714E+002  0.705246338033834E+002
  0.435643520523061E-001  0.783901197070299E+002  0.690692008079258E+002
  0.435643520523061E-001  0.783876424318995E+002  0.690701785770636E+002
  0.435643520523061E-001  0.783744126031918E+002  0.690754227765816E+002
  0.435643520523061E-001  0.783644294310656E+002  0.690794054153969E+002
  0.435643520523061E-001  0.783616915927416E+002  0.705125052437823E+002
  0.435643520523061E-001  0.783603435932729E+002  0.690810417933219E+002
  0.435643520523061E-001  0.783585927007481E+002  0.705112625775499E+002
  0.435643520523061E-001  0.783420436603384E+002  0.690884173136448E+002
  0.435643520523061E-001  0.783380297553483E+002  0.690900453562854E+002
  0.435643520523061E-001  0.783336159502948E+002  0.705011668091246E+002
  0.435643520523061E-001  0.783311655139659E+002  0.705001685239966E+002
  0.435643520523061E-001  0.783267076990793E+002  0.704983488102232E+002
  0.435643520523061E-001  0.783237183621565E+002  0.704971258929126E+002
  0.435643520523061E-001  0.783234780024769E+002  0.690959792792840E+002
  0.435643520523061E-001  0.783034665614296E+002  0.691042226202884E+002
  0.435643520523061E-001  0.783006619273014E+002  0.704876209571452E+002
  0.435643520523061E-001  0.782969228791663E+002  0.691069395485801E+002
  0.435643520523061E-001  0.782963852074303E+002  0.691071632652616E+002
  0.435643520523061E-001  0.782821333900434E+002  0.704798868312829E+002
  0.435643520523061E-001  0.782557243431264E+002  0.704687094596410E+002
  0.435643520523061E-001  0.782450393255486E+002  0.691288727902623E+002
  0.435643520523061E-001  0.782443962557738E+002  0.691291491641137E+002
  0.435643520523061E-001  0.782438284886253E+002  0.691293932701212E+002
  0.435643520523061E-001  0.782379186733274E+002  0.691319394621494E+002
  0.435643520523061E-001  0.782361492877308E+002  0.704603030637791E+002
  0.435643520523061E-001  0.782249626167001E+002  0.704554508581460E+002
  0.435643520523061E-001  0.782226231841607E+002  0.704544316077011E+002
  0.435643520523061E-001  0.782079685252020E+002  0.704480105464984E+002
  0.435643520523061E-001  0.782076021203153E+002  0.691451575579423E+002
  0.435643520523061E-001  0.782022660400020E+002  0.691475119649078E+002
  0.435643520523061E-001  0.781975566231821E+002  0.691495969912806E+002
  0.435643520523061E-001  0.781877407198124E+002  0.704390421616032E+002
  0.435643520523061E-001  0.781838987131441E+002  0.704373245506515E+002
  0.435643520523061E-001  0.781797840558750E+002  0.704354799281424E+002
  0.435643520523061E-001  0.781709294742902E+002  0.691615145504024E+002
  0.435643520523061E-001  0.781629962022573E+002  0.691651087508445E+002
  0.435643520523061E-001  0.781577844493025E+002  0.704255256162040E+002
  0.435643520523061E-001  0.781566032807538E+002  0.704249867051038E+002
  0.435643520523061E-001  0.781516532089886E+002  0.691702835718928E+002
  0.435643520523061E-001  0.781401871072410E+002  0.704174483644200E+002
  0.435643520523061E-001  0.781366676909295E+002  0.704158202969142E+002
  0.435643520523061E-001  0.781350659921088E+002  0.704150779388127E+002
  0.435643520523061E-001  0.781346830982061E+002  0.704149003425107E+002
  0.435643520523061E-001  0.781326296301559E+002  0.691790597317477E+002
  0.435643520523061E-001  0.781256359779451E+002  0.691823176423654E+002
  0.435643520523061E-001  0.781175149871754E+002  0.704068842203901E+002
  0.435643520523061E-001  0.781002455293417E+002  0.703987131363716E+002
  0.435643520523061E-001  0.780981819323545E+002  0.691952774370370E+002
  0.435643520523061E-001  0.780961331460465E+002  0.691962557946587E+002
  0.435643520523061E-001  0.780936402381370E+002  0.691974483887270E+002
  0.435643520523061E-001  0.780899513077784E+002  0.703937892273531E+002
  0.435643520523061E-001  0.780856981180842E+002  0.703917429604797E+002
  0.435643520523061E-001  0.780833352693128E+002  0.692024036332276E+002
  0.435643520523061E-001  0.780790643326607E+002  0.692044695113282E+002
  0.435643520523061E-001  0.780745320676298E+002  0.692066697088404E+002
  0.435643520523061E-001  0.780721161613560E+002  0.692078458756584E+002
  0.435643520523061E-001  0.780710223301343E+002  0.692083791731997E+002
  0.435643520523061E-001  0.780657208629000E+002  0.692109707861307E+002
  0.435643520523061E-001  0.780654977572776E+002  0.692110801024908E+002
  0.435643520523061E-001  0.780623397145277E+002  0.703803770876521E+002
  0.435643520523061E-001  0.780562719953026E+002  0.692156185165380E+002
  0.435643520523061E-001  0.780542194550108E+002  0.692166330496637E+002
  0.435643520523061E-001  0.780441105332733E+002  0.692216558292386E+002
  0.435643520523061E-001  0.780438885193757E+002  0.703712401169623E+002
  0.435643520523061E-001  0.780395710372194E+002  0.703690810641406E+002
  0.435643520523061E-001  0.780329825026921E+002  0.703657705389257E+002
  0.435643520523061E-001  0.780321832233865E+002  0.692276391333667E+002
  0.435643520523061E-001  0.780202172775561E+002  0.692337057355578E+002
  0.435643520523061E-001  0.780109407140214E+002  0.692384542312259E+002
  0.435643520523061E-001  0.780098281255153E+002  0.692390264604343E+002
  0.435643520523061E-001  0.780088110520950E+002  0.703534566714911E+002
  0.435643520523061E-001  0.780019361211385E+002  0.692431024794191E+002
  0.435643520523061E-001  0.780015360828877E+002  0.692433098887217E+002
  0.435643520523061E-001  0.779991596945070E+002  0.692445435901834E+002
  0.435643520523061E-001  0.779988958023512E+002  0.703483259900818E+002
  0.435643520523061E-001  0.779791426285888E+002  0.703379597550238E+002
  0.435643520523061E-001  0.779675623684945E+002  0.703317892354315E+002
  0.435643520523061E-001  0.779600725600527E+002  0.703277601389598E+002
  0.435643520523061E-001  0.779582981849045E+002  0.703268011396132E+002
  0.435643520523061E-001  0.779575567212400E+002  0.703263998854135E+002
  0.435643520523061E-001  0.779564144816041E+002  0.692672255999602E+002
  0.435643520523061E-001  0.779449631838936E+002  0.692734690597342E+002
  0.435643520523061E-001  0.779422521830256E+002  0.692749580891887E+002
  0.435643520523061E-001  0.779268173126038E+002  0.692835181103866E+002
  0.435643520523061E-001  0.779263832803547E+002  0.703092458639622E+002
  0.435643520523061E-001  0.779235073481000E+002  0.703076342999600E+002
  0.435643520523061E-001  0.779234773240593E+002  0.692853893011463E+002
  0.435643520523061E-001  0.779210160686904E+002  0.692867725875301E+002
  0.435643520523061E-001  0.779134635920079E+002  0.692910408963831E+002
  0.435643520523061E-001  0.779116880334811E+002  0.703009571471172E+002
  0.435643520523061E-001  0.779115100100343E+002  0.703008558995507E+002
  0.435643520523061E-001  0.779099437379571E+002  0.702999642334481E+002
  0.435643520523061E-001  0.779092963349371E+002  0.702995952104967E+002
  0.435643520523061E-001  0.779079283312956E+002  0.702988145499262E+002
  0.435643520523061E-001  0.779078074424116E+002  0.702987455055113E+002
  0.435643520523061E-001  0.779072859582793E+002  0.692945591934822E+002
  0.435643520523061E-001  0.779047175999139E+002  0.702969775414149E+002
  0.435643520523061E-001  0.779044279541456E+002  0.702968114899342E+002
  0.435643520523061E-001  0.778993598960931E+002  0.692991097059751E+002
  0.435643520523061E-001  0.778989634187451E+002  0.692993384254615E+002
  0.435643520523061E-001  0.778978664000257E+002  0.692999718216555E+002
  0.435643520523061E-001  0.778953426580272E+002  0.702915746946632E+002
  0.435643520523061E-001  0.778949630481968E+002  0.693016520698368E+002
  0.435643520523061E-001  0.778792001124710E+002  0.702821307903504E+002
  0.435643520523061E-001  0.778754457428729E+002  0.702799079201911E+002
  0.435643520523061E-001  0.778737985522969E+002  0.693140773235376E+002
  0.435643520523061E-001  0.778736071232338E+002  0.693141911684284E+002
  0.435643520523061E-001  0.778693550318245E+002  0.693167268963782E+002
  0.435643520523061E-001  0.778677042401893E+002  0.702752917876812E+002
  0.435643520523061E-001  0.778640445152010E+002  0.702730939889374E+002
  0.435643520523061E-001  0.778634384423960E+002  0.702727290410946E+002
  0.435643520523061E-001  0.778627562769458E+002  0.693206888108723E+002
  0.435643520523061E-001  0.778615752377204E+002  0.693214013965543E+002
  0.435643520523061E-001  0.778561484068398E+002  0.693246895349506E+002
  0.435643520523061E-001  0.778524946896037E+002  0.693269163056236E+002
  0.435643520523061E-001  0.778481804722045E+002  0.702634474576852E+002
  0.435643520523061E-001  0.778415579458509E+002  0.693336457643494E+002
  0.435643520523061E-001  0.778414298424255E+002  0.702592815828255E+002
  0.435643520523061E-001  0.778409969245643E+002  0.702590131449722E+002
  0.435643520523061E-001  0.778380186645843E+002  0.702571621861260E+002
  0.435643520523061E-001  0.778352424000163E+002  0.702554300424269E+002
  0.435643520523061E-001  0.778312005258811E+002  0.693401102319651E+002
  0.435643520523061E-001  0.778305883777393E+002  0.693404951655352E+002
  0.435643520523061E-001  0.778245713664749E+002  0.702487105030725E+002
  0.435643520523061E-001  0.778136968296836E+002  0.702417585033448E+002
  0.435643520523061E-001  0.778117868465362E+002  0.693524805202865E+002
  0.435643520523061E-001  0.778104697275110E+002  0.693533322888913E+002
  0.435643520523061E-001  0.778104689444701E+002  0.693533327957635E+002
  0.435643520523061E-001  0.778067862897076E+002  0.702372836782297E+002
  0.435643520523061E-001  0.778064758282768E+002  0.702370815764083E+002
  0.435643520523061E-001  0.778064561039531E+002  0.702370687332859E+002
  0.435643520523061E-001  0.777917073437197E+002  0.702273582001784E+002
  0.435643520523061E-001  0.777910484687873E+002  0.693660874628079E+002
  0.435643520523061E-001  0.777894959040097E+002  0.693671234862494E+002
  0.435643520523061E-001  0.777871479161973E+002  0.702243116897526E+002
  0.435643520523061E-001  0.777812490327346E+002  0.702203376921987E+002
  0.435643520523061E-001  0.777782943634065E+002  0.693746736506858E+002
  0.435643520523061E-001  0.777754908363804E+002  0.702164222011186E+002
  0.435643520523061E-001  0.777739518479710E+002  0.702153695126032E+002
  0.435643520523061E-001  0.777658060643157E+002  0.702097530318046E+002
  0.435643520523061E-001  0.777540141286625E+002  0.693915221741528E+002
  0.435643520523061E-001  0.777528516985082E+002  0.702006603250428E+002
  0.435643520523061E-001  0.777470198352984E+002  0.701964994584003E+002
  0.435643520523061E-001  0.777388010727032E+002  0.694024457225677E+002
  0.435643520523061E-001  0.777373321942690E+002  0.694035165062075E+002
  0.435643520523061E-001  0.777364720370700E+002  0.694041449006394E+002
  0.435643520523061E-001  0.777362685163395E+002  0.694042937315604E+002
  0.435643520523061E-001  0.777353768741872E+002  0.701880603102725E+002
  0.435643520523061E-001  0.777349063095970E+002  0.694052913457468E+002
  0.435643520523061E-001  0.777347920444848E+002  0.701876316063168E+002
  0.435643520523061E-001  0.777317572155643E+002  0.701853993641979E+002
  0.435643520523061E-001  0.777311865110277E+002  0.701849781545683E+002
  0.435643520523061E-001  0.777288065043538E+002  0.701832166398295E+002
  0.435643520523061E-001  0.777283750924612E+002  0.701828964791195E+002
  0.435643520523061E-001  0.777278259150938E+002  0.701824885377418E+002
  0.435643520523061E-001  0.777266100955163E+002  0.701815838619929E+002
  0.435643520523061E-001  0.777244078395002E+002  0.694130669930583E+002
  0.435643520523061E-001  0.777242221491832E+002  0.694132059434623E+002
  0.435643520523061E-001  0.777151822902134E+002  0.701729743457175E+002
  0.435643520523061E-001  0.777145355762260E+002  0.694205255217971E+002
  0.435643520523061E-001  0.777144825144235E+002  0.694205660099810E+002
  0.435643520523061E-001  0.777143254783174E+002  0.701723208898748E+002
  0.435643520523061E-001  0.776994818532708E+002  0.701608142617455E+002
  0.435643520523061E-001  0.776978896743816E+002  0.701595583644908E+002
  0.435643520523061E-001  0.776964051155680E+002  0.694346233195112E+002
  0.435643520523061E-001  0.776962327363052E+002  0.701582467559307E+002
  0.435643520523061E-001  0.776948250229703E+002  0.694358780678696E+002
  0.435643520523061E-001  0.776947374146524E+002  0.694359477652232E+002
  0.435643520523061E-001  0.776933610841296E+002  0.694370444875199E+002
  0.435643520523061E-001  0.776880090115112E+002  0.694413414494826E+002
  0.435643520523061E-001  0.776860188048305E+002  0.694429526261081E+002
  0.435643520523061E-001  0.776821638887270E+002  0.694460944535161E+002
  0.435643520523061E-001  0.776798837314789E+002  0.701450405963706E+002
  0.435643520523061E-001  0.776766132315626E+002  0.694506684752350E+002
  0.435643520523061E-001  0.776750727204945E+002  0.694519486986613E+002
  0.435643520523061E-001  0.776744424287155E+002  0.701405328814691E+002
  0.435643520523061E-001  0.776744318617752E+002  0.701405240700816E+002
  0.435643520523061E-001  0.776743720816905E+002  0.701404742173910E+002
  0.435643520523061E-001  0.776742335664969E+002  0.694526480729847E+002
  0.435643520523061E-001  0.776742287553718E+002  0.701403546631536E+002
  0.435643520523061E-001  0.776720619227216E+002  0.701385421296404E+002
  0.435643520523061E-001  0.776660049762894E+002  0.701334238357658E+002
  0.435643520523061E-001  0.776657550357217E+002  0.694597957926819E+002
  0.435643520523061E-001  0.776641546756317E+002  0.694611620484376E+002
  0.435643520523061E-001  0.776624096355004E+002  0.701303485574607E+002
  0.435643520523061E-001  0.776622422588547E+002  0.701302047012873E+002
  0.435643520523061E-001  0.776604096818415E+002  0.701286255698701E+002
  0.435643520523061E-001  0.776586182452694E+002  0.694659321520740E+002
  0.435643520523061E-001  0.776577283641753E+002  0.701263014540935E+002
  0.435643520523061E-001  0.776544025200497E+002  0.701233957165659E+002
  0.435643520523061E-001  0.776531735031928E+002  0.694706913635651E+002
  0.435643520523061E-001  0.776530331939910E+002  0.701221918239248E+002
  0.435643520523061E-001  0.776501195018270E+002  0.694733915307782E+002
  0.435643520523061E-001  0.776496670572351E+002  0.694737934769643E+002
  0.435643520523061E-001  0.776460349345616E+002  0.701159682150009E+002
  0.435643520523061E-001  0.776451670137371E+002  0.694778188553329E+002
  0.435643520523061E-001  0.776434871600800E+002  0.701136721372065E+002
  0.435643520523061E-001  0.776392917165464E+002  0.694831522465067E+002
  0.435643520523061E-001  0.776381569856219E+002  0.694841928097893E+002
  0.435643520523061E-001  0.776374990423710E+002  0.694847977434439E+002
  0.435643520523061E-001  0.776351759384781E+002  0.694869431337174E+002
  0.435643520523061E-001  0.776327556526876E+002  0.701038125483956E+002
  0.435643520523061E-001  0.776310803593128E+002  0.701022446792690E+002
  0.435643520523061E-001  0.776307260596751E+002  0.701019120671515E+002
  0.435643520523061E-001  0.776250470641077E+002  0.700965303771170E+002
  0.435643520523061E-001  0.776244897824998E+002  0.700959970597709E+002
  0.435643520523061E-001  0.776235060911812E+002  0.700950533441913E+002
  0.435643520523061E-001  0.776221943981205E+002  0.694992164542096E+002
  0.435643520523061E-001  0.776152880061506E+002  0.700870494806829E+002
  0.435643520523061E-001  0.776141660233972E+002  0.700859395736315E+002
  0.435643520523061E-001  0.776126453022135E+002  0.700844283902715E+002
  0.435643520523061E-001  0.776125196296132E+002  0.700843031509107E+002
  0.435643520523061E-001  0.776112293164623E+002  0.695099926305364E+002
  0.435643520523061E-001  0.776079135827004E+002  0.695133319827052E+002
  0.435643520523061E-001  0.776078435777845E+002  0.700796038390936E+002
  0.435643520523061E-001  0.776063821098950E+002  0.695148877324677E+002
  0.435643520523061E-001  0.776042973028223E+002  0.700759872435325E+002
  0.435643520523061E-001  0.775983610199931E+002  0.695231805813325E+002
  0.435643520523061E-001  0.775982445933624E+002  0.695233028059735E+002
  0.435643520523061E-001  0.775940413198809E+002  0.700652541229601E+002
  0.435643520523061E-001  0.775928211946203E+002  0.700639485652579E+002
  0.435643520523061E-001  0.775919490864580E+002  0.695299952767671E+002
  0.435643520523061E-001  0.775907599416833E+002  0.700617283859132E+002
  0.435643520523061E-001  0.775898160887945E+002  0.700607055328326E+002
  0.435643520523061E-001  0.775860759386271E+002  0.695363939629248E+002
  0.435643520523061E-001  0.775860566454350E+002  0.695364152419125E+002
  0.435643520523061E-001  0.775859363900107E+002  0.700564588358019E+002
  0.435643520523061E-001  0.775844875454937E+002  0.700548550373993E+002
  0.435643520523061E-001  0.775843204755365E+002  0.695383372913334E+002
  0.435643520523061E-001  0.775805327580142E+002  0.700504257282289E+002
  0.435643520523061E-001  0.775791224291694E+002  0.700488273717127E+002
  0.435643520523061E-001  0.775780584932804E+002  0.695453918923939E+002
  0.435643520523061E-001  0.775769062429346E+002  0.700462950572067E+002
  0.435643520523061E-001  0.775757248496973E+002  0.695480721533443E+002
  0.435643520523061E-001  0.775746475495347E+002  0.695493192702598E+002
  0.435643520523061E-001  0.775745304121199E+002  0.700435514982308E+002
  0.435643520523061E-001  0.775720285408235E+002  0.700406290627325E+002
  0.435643520523061E-001  0.775698717878042E+002  0.700380813868510E+002
  0.435643520523061E-001  0.775673237074627E+002  0.700350363916847E+002
  0.435643520523061E-001  0.775671237305750E+002  0.695582109804206E+002
  0.435643520523061E-001  0.775658283737739E+002  0.695597755413410E+002
  0.435643520523061E-001  0.775627994248267E+002  0.700295317807144E+002
  0.435643520523061E-001  0.775627880641643E+002  0.695634889552338E+002
  0.435643520523061E-001  0.775621111180094E+002  0.695643238567534E+002
  0.435643520523061E-001  0.775619320179382E+002  0.700284615000827E+002
  0.435643520523061E-001  0.775614469723595E+002  0.700278608510274E+002
  0.435643520523061E-001  0.775610283432237E+002  0.700273411912464E+002
  0.435643520523061E-001  0.775598972522300E+002  0.695670755100537E+002
  0.435643520523061E-001  0.775588180523574E+002  0.700245778474888E+002
  0.435643520523061E-001  0.775569653183818E+002  0.700222354668781E+002
  0.435643520523061E-001  0.775567875482133E+002  0.700220094357545E+002
  0.435643520523061E-001  0.775559392167890E+002  0.700209276644988E+002
  0.435643520523061E-001  0.775554492144204E+002  0.700203004431890E+002
  0.435643520523061E-001  0.775535268405780E+002  0.700178225672348E+002
  0.435643520523061E-001  0.775527526025093E+002  0.700168167278807E+002
  0.435643520523061E-001  0.775523851454084E+002  0.700163377412838E+002
  0.435643520523061E-001  0.775504299720833E+002  0.700137713831001E+002
  0.435643520523061E-001  0.775493778319710E+002  0.695806290309234E+002
  0.435643520523061E-001  0.775487153227093E+002  0.695815112255417E+002
  0.435643520523061E-001  0.775485323839922E+002  0.695817554645128E+002
  0.435643520523061E-001  0.775470611649607E+002  0.695837298621582E+002
  0.435643520523061E-001  0.775456231001273E+002  0.695856776356631E+002
  0.435643520523061E-001  0.775452815244840E+002  0.695861429301969E+002
  0.435643520523061E-001  0.775444087269455E+002  0.700056701931459E+002
  0.435643520523061E-001  0.775418699467723E+002  0.695908479399987E+002
  0.435643520523061E-001  0.775407571761790E+002  0.695924060529169E+002
  0.435643520523061E-001  0.775404770622159E+002  0.700002066009588E+002
  0.435643520523061E-001  0.775400900930849E+002  0.699996609113471E+002
  0.435643520523061E-001  0.775389525082737E+002  0.695949585744868E+002
  0.435643520523061E-001  0.775384632682074E+002  0.699973506054418E+002
  0.435643520523061E-001  0.775362071906332E+002  0.695989047719856E+002
  0.435643520523061E-001  0.775327151013216E+002  0.699889654657546E+002
  0.435643520523061E-001  0.775325800292085E+002  0.699887640316507E+002
  0.435643520523061E-001  0.775323560179470E+002  0.696045772541224E+002
  0.435643520523061E-001  0.781388937633766E+002  0.699793331890770E+002
  0.435643520523061E-001  0.781381329657064E+002  0.699781355329912E+002
  0.435643520523061E-001  0.781372210589595E+002  0.699766895103914E+002
  0.435643520523061E-001  0.781370930488288E+002  0.699764855931428E+002
  0.435643520523061E-001  0.781368278739567E+002  0.699760624388239E+002
  0.435643520523061E-001  0.781333410569291E+002  0.699704025722381E+002
  0.435643520523061E-001  0.781314635145539E+002  0.699672772299372E+002
  0.435643520523061E-001  0.781312400147479E+002  0.699669013759818E+002
  0.435643520523061E-001  0.781303961704035E+002  0.699654747673601E+002
  0.435643520523061E-001  0.781295594884442E+002  0.699640482748951E+002
  0.435643520523061E-001  0.781255715221059E+002  0.699570749710106E+002
  0.435643520523061E-001  0.781252524326802E+002  0.699565038845616E+002
  0.435643520523061E-001  0.781203525645478E+002  0.699474633446508E+002
  0.435643520523061E-001  0.781126113604152E+002  0.699319562211656E+002
  0.435643520523061E-001  0.781066201762033E+002  0.699186102591688E+002
  0.435643520523061E-001  0.781064423084373E+002  0.699181916706540E+002
  0.435643520523061E-001  0.781050750371602E+002  0.699149245850864E+002
  0.435643520523061E-001  0.781047752482832E+002  0.699141961195124E+002
  0.435643520523061E-001  0.781042957939787E+002  0.699130216137901E+002
  0.435643520523061E-001  0.781027452377378E+002  0.699091394426883E+002
  0.435643520523061E-001  0.781016593781608E+002  0.699063390823468E+002
  0.435643520523061E-001  0.781012451469086E+002  0.699052518073842E+002
  0.435643520523061E-001  0.780982614161751E+002  0.698970734287144E+002
  0.435643520523061E-001  0.780981160715400E+002  0.698966579838049E+002
  0.435643520523061E-001  0.780951281141494E+002  0.698876989605318E+002
  0.435643520523061E-001  0.780948000962235E+002  0.698866612243362E+002
  0.435643520523061E-001  0.780946941612884E+002  0.698863235212990E+002
  0.435643520523061E-001  0.780944111571671E+002  0.698854150608485E+002
  0.435643520523061E-001  0.780941413567901E+002  0.698845402570249E+002
  0.435643520523061E-001  0.780930194606954E+002  0.698808053077600E+002
  0.435643520523061E-001  0.780923653010410E+002  0.698785490834162E+002
  0.435643520523061E-001  0.780899704019971E+002  0.698696979701213E+002
  0.435643520523061E-001  0.780885294390638E+002  0.698638139284011E+002
  0.435643520523061E-001  0.780883063401419E+002  0.698628562936316E+002
  0.435643520523061E-001  0.780879036858398E+002  0.698610920033232E+002
  0.435643520523061E-001  0.780866517762827E+002  0.698552691834924E+002
  0.435643520523061E-001  0.780860745296318E+002  0.698523802997655E+002
  0.435643520523061E-001  0.780860469326206E+002  0.698522384376667E+002
  0.435643520523061E-001  0.780850490379421E+002  0.698468408864659E+002
  0.435643520523061E-001  0.780843303480393E+002  0.698425633779814E+002
  0.435643520523061E-001  0.780834643033707E+002  0.698368101902674E+002
  0.435643520523061E-001  0.780831656601699E+002  0.698346254918082E+002
  0.435643520523061E-001  0.780830755041957E+002  0.698339409189382E+002
  0.435643520523061E-001  0.780824799332327E+002  0.698290589701851E+002
  0.435643520523061E-001  0.780823791575313E+002  0.698281585123585E+002
  0.435643520523061E-001  0.780820639133192E+002  0.698251596044957E+002
  0.435643520523061E-001  0.780819792068161E+002  0.698242986978987E+002
  0.435643520523061E-001  0.780817578364108E+002  0.698219114624151E+002
  0.435643520523061E-001  0.780817539522249E+002  0.698218675700987E+002
  0.435643520523061E-001  0.780817062791388E+002  0.698213225295768E+002
  0.435643520523061E-001  0.780816815224168E+002  0.698210347123219E+002
  0.435643520523061E-001  0.788539908962707E+002  0.697833468664831E+002
  0.435643520523061E-001  0.788539434896402E+002  0.697844246899153E+002
  0.435643520523061E-001  0.788538191152363E+002  0.697878699483539E+002
  0.435643520523061E-001  0.788537975844480E+002  0.697886177564490E+002
  0.435643520523061E-001  0.788537707937623E+002  0.697896614388479E+002
  0.435643520523061E-001  0.788537353272901E+002  0.697913591010515E+002
  0.435643520523061E-001  0.788537106784920E+002  0.697929931682317E+002
  0.435643520523061E-001  0.806020826455088E+002  0.697974600913180E+002
