  0.697977182229062E+002 -0.403010418112590E+002
  0.697974493931204E+002 -0.403010413050148E+002
  0.697969907826209E+002 -0.403010407321211E+002
  0.697970686833183E+002 -0.403010408035884E+002
  0.697977370726641E+002 -0.403010418514815E+002
  0.697973180851678E+002 -0.403010411035319E+002
  0.697973513311341E+002 -0.403010411517044E+002
  0.697973866687237E+002 -0.403010412050196E+002
  0.697973923336541E+002 -0.403010412137689E+002
  0.697976961957387E+002 -0.403010417650411E+002
  0.697975318300419E+002 -0.403010414468643E+002
  0.697974600913180E+002 -0.403010413227544E+002
  0.697968725808675E+002 -0.403010406438815E+002
  0.697976384638022E+002 -0.403010416479195E+002
  0.697972293185695E+002 -0.403010409843502E+002
  0.697970309113751E+002 -0.403010407676149E+002
  0.697975146606073E+002 -0.403010414163442E+002
  0.697974885648136E+002 -0.403010413709407E+002
  0.697970457310633E+002 -0.403010407814326E+002
  0.697976229316110E+002 -0.403010416174008E+002
  0.697971599801426E+002 -0.403010409008074E+002
  0.697968606126191E+002 -0.403010406363047E+002
  0.697974598313941E+002 -0.403010413223210E+002
  0.697974390623138E+002 -0.403010412880737E+002
  0.697974956552082E+002 -0.403010413831597E+002
  0.697975048484074E+002 -0.403010413991329E+002
  0.697972207109931E+002 -0.403010409735238E+002
  0.697972710158034E+002 -0.403010410386242E+002
  0.697970750065040E+002 -0.403010408098535E+002
  0.697974733312897E+002 -0.403010413449849E+002
  0.697970738180270E+002 -0.403010408086706E+002
  0.697972389579934E+002 -0.403010409966278E+002
  0.697971581615754E+002 -0.403010408987290E+002
  0.697973222501107E+002 -0.403010411094612E+002
  0.697973429819785E+002 -0.403010411394255E+002
  0.697973601765719E+002 -0.403010411648456E+002
  0.697972236678350E+002 -0.403010409772283E+002
  0.697972123825216E+002 -0.403010409631713E+002
  0.697975652405260E+002 -0.403010415077269E+002
  0.697969076144786E+002 -0.403010406674955E+002
  0.697972136932461E+002 -0.403010409647925E+002
  0.697973977747489E+002 -0.403010412222252E+002
  0.697971766660615E+002 -0.403010409201459E+002
  0.697976468427550E+002 -0.403010416645576E+002
  0.697970518045185E+002 -0.403010407872059E+002
  0.697971017500852E+002 -0.403010408371221E+002
  0.697973017333453E+002 -0.403010410805453E+002
  0.697973672189117E+002 -0.403010411754056E+002
  0.697976901972770E+002 -0.403010417526015E+002
  0.697972746442580E+002 -0.403010410434904E+002
  0.697972843451055E+002 -0.403010410566131E+002
  0.697970619924698E+002 -0.403010407970349E+002
  0.697972304230272E+002 -0.403010409857487E+002
  0.697969282625071E+002 -0.403010406824150E+002
  0.697976453867493E+002 -0.403010416616576E+002
  0.697976785726857E+002 -0.403010417286730E+002
  0.697972737856656E+002 -0.403010410423369E+002
  0.697976425524264E+002 -0.403010416560230E+002
  0.697971557571437E+002 -0.403010408959900E+002
  0.697970360190330E+002 -0.403010407723340E+002
  0.697972390365371E+002 -0.403010409967285E+002
  0.697969891295511E+002 -0.403010407307192E+002
  0.697972718872518E+002 -0.403010410397908E+002
  0.697977050627513E+002 -0.403010417835444E+002
  0.697971954716265E+002 -0.403010409425226E+002
  0.697973959062193E+002 -0.403010412193154E+002
  0.697975840022631E+002 -0.403010415427575E+002
  0.697969985633562E+002 -0.403010407387838E+002
  0.697972195963630E+002 -0.403010409721312E+002
  0.697970512994645E+002 -0.403010407867234E+002
  0.697973629821069E+002 -0.403010411690422E+002
  0.697973344516033E+002 -0.403010411270056E+002
  0.697975245538448E+002 -0.403010414338675E+002
  0.697971443261104E+002 -0.403010408831060E+002
  0.697972220552870E+002 -0.403010409752061E+002
  0.697970533975358E+002 -0.403010407887309E+002
  0.697973399459109E+002 -0.403010411349906E+002
  0.697976530145080E+002 -0.403010416768911E+002
  0.697976025517419E+002 -0.403010415779949E+002
  0.697975257464149E+002 -0.403010414359914E+002
  0.697970035802024E+002 -0.403010407431357E+002
  0.697972595834193E+002 -0.403010410234421E+002
  0.697972096716336E+002 -0.403010409598277E+002
  0.697975824842738E+002 -0.403010415399004E+002
  0.697972621539896E+002 -0.403010410268359E+002
  0.697968603317735E+002 -0.403010406361299E+002
  0.697972538565336E+002 -0.403010410159224E+002
  0.697974582795817E+002 -0.403010413197362E+002
  0.697969578231623E+002 -0.403010407050679E+002
  0.697973866901806E+002 -0.403010412050526E+002
  0.697971413660690E+002 -0.403010408798068E+002
  0.697974461788561E+002 -0.403010412997239E+002
  0.697976008344363E+002 -0.403010415747074E+002
  0.697976212245751E+002 -0.403010416140723E+002
  0.697974786134956E+002 -0.403010413539393E+002
  0.697975878117883E+002 -0.403010415499453E+002
  0.697974471784126E+002 -0.403010413013673E+002
  0.697972431913940E+002 -0.403010410020710E+002
  0.697972139500805E+002 -0.403010409651106E+002
  0.697977479352630E+002 -0.403010418749419E+002
  0.697971192579689E+002 -0.403010408556489E+002
