  0.291932905566802E+000  0.884555106656654E+002  0.675134211997475E+002
  0.291932905566802E+000  0.884261590911769E+002  0.675171122183696E+002
  0.291932905566802E+000  0.831392545173299E+002  0.712669846266038E+002
  0.291932905566802E+000  0.877066166048906E+002  0.676095434536562E+002
  0.291932905566802E+000  0.869239185197127E+002  0.718782642770074E+002
  0.291932905566802E+000  0.832601844872851E+002  0.683026166726959E+002
  0.291932905566802E+000  0.862528548473531E+002  0.678093666551455E+002
  0.291932905566802E+000  0.862493790647685E+002  0.678098684946823E+002
  0.291932905566802E+000  0.861949782222943E+002  0.678177395676665E+002
  0.291932905566802E+000  0.833571399384351E+002  0.682841129804834E+002
  0.291932905566802E+000  0.833606531304275E+002  0.713095600045733E+002
  0.291932905566802E+000  0.834261300991227E+002  0.682710830643390E+002
  0.291932905566802E+000  0.860338618608449E+002  0.717517699283413E+002
  0.291932905566802E+000  0.834617512911499E+002  0.682643987999352E+002
  0.291932905566802E+000  0.835422625154279E+002  0.713436093646667E+002
  0.291932905566802E+000  0.836113161019130E+002  0.682366457686647E+002
  0.291932905566802E+000  0.858058341175824E+002  0.717180232536680E+002
  0.291932905566802E+000  0.836491749436531E+002  0.713633080488393E+002
  0.291932905566802E+000  0.836738738844642E+002  0.713678237298870E+002
  0.291932905566802E+000  0.855130703998729E+002  0.679191998907289E+002
  0.291932905566802E+000  0.854906191910399E+002  0.716703729579971E+002
  0.291932905566802E+000  0.837281396761928E+002  0.682153069557492E+002
  0.291932905566802E+000  0.853954618479194E+002  0.716557482847904E+002
  0.291932905566802E+000  0.853243701598228E+002  0.679482600237325E+002
  0.291932905566802E+000  0.839078097628339E+002  0.681830393865364E+002
  0.291932905566802E+000  0.852764225022018E+002  0.679557171316599E+002
  0.291932905566802E+000  0.852460506722997E+002  0.716325503401160E+002
  0.291932905566802E+000  0.852304264420775E+002  0.679628992161108E+002
  0.291932905566802E+000  0.852189307957431E+002  0.716283081404105E+002
  0.291932905566802E+000  0.851954592782735E+002  0.679683780650366E+002
  0.291932905566802E+000  0.851950128972969E+002  0.679684481126291E+002
  0.291932905566802E+000  0.851874624856601E+002  0.679696333553554E+002
  0.291932905566802E+000  0.851536834257854E+002  0.716180614083326E+002
  0.291932905566802E+000  0.839206141208922E+002  0.681807644062319E+002
  0.291932905566802E+000  0.851121480716216E+002  0.716115083811414E+002
  0.291932905566802E+000  0.839289161929729E+002  0.714137156821491E+002
  0.291932905566802E+000  0.850214855913548E+002  0.715971217342560E+002
  0.291932905566802E+000  0.839755830284694E+002  0.681710341260191E+002
  0.291932905566802E+000  0.840083682938572E+002  0.714277484514104E+002
  0.291932905566802E+000  0.840486246822470E+002  0.714348126259953E+002
  0.291932905566802E+000  0.841790921026325E+002  0.681355062084557E+002
  0.291932905566802E+000  0.842491734094117E+002  0.714695604691015E+002
  0.291932905566802E+000  0.831010834157760E+002  0.683334877149930E+002
  0.291932905566802E+000  0.830537470812955E+002  0.683427991168494E+002
  0.291932905566802E+000  0.830327118730940E+002  0.683469560909817E+002
  0.291932905566802E+000  0.829736693536501E+002  0.712343184778597E+002
  0.291932905566802E+000  0.829674438018823E+002  0.683599309188798E+002
  0.291932905566802E+000  0.828825513022746E+002  0.712160223759256E+002
  0.291932905566802E+000  0.828184591377174E+002  0.683899963711362E+002
  0.291932905566802E+000  0.827958649312092E+002  0.711983945086055E+002
  0.291932905566802E+000  0.826049761580714E+002  0.711587728838833E+002
  0.291932905566802E+000  0.826045190307968E+002  0.711586766175078E+002
  0.291932905566802E+000  0.825902390858090E+002  0.711556659723915E+002
  0.291932905566802E+000  0.825784593010056E+002  0.684398293419936E+002
  0.291932905566802E+000  0.825378938452346E+002  0.684484342354850E+002
  0.291932905566802E+000  0.825157965771694E+002  0.684531447791422E+002
  0.291932905566802E+000  0.824353477932536E+002  0.684704356440127E+002
  0.291932905566802E+000  0.824297214720571E+002  0.711213533971637E+002
  0.291932905566802E+000  0.824110148939463E+002  0.684757101027120E+002
  0.291932905566802E+000  0.823724013120319E+002  0.711088831635242E+002
  0.291932905566802E+000  0.823552053998539E+002  0.684878877989889E+002
  0.291932905566802E+000  0.823367786273901E+002  0.711010732459526E+002
  0.291932905566802E+000  0.823057874147000E+002  0.710942405009430E+002
  0.291932905566802E+000  0.822509858518577E+002  0.685109374310157E+002
  0.291932905566802E+000  0.822061870640014E+002  0.685209733137245E+002
  0.291932905566802E+000  0.821873323716094E+002  0.710677858946761E+002
  0.291932905566802E+000  0.821823290250866E+002  0.685263503824036E+002
  0.291932905566802E+000  0.821819188172835E+002  0.710665637168202E+002
  0.291932905566802E+000  0.821806311662923E+002  0.710662728402617E+002
  0.291932905566802E+000  0.821449852809358E+002  0.710581939165362E+002
  0.291932905566802E+000  0.820474671816072E+002  0.710358229393981E+002
  0.291932905566802E+000  0.820427426259489E+002  0.710347288455285E+002
  0.291932905566802E+000  0.820378077216067E+002  0.685594217432345E+002
  0.291932905566802E+000  0.820290416475826E+002  0.685614562034967E+002
  0.291932905566802E+000  0.820246122201742E+002  0.685624854756554E+002
  0.291932905566802E+000  0.819582025596832E+002  0.685780214122765E+002
  0.291932905566802E+000  0.819461061803307E+002  0.710121341232184E+002
  0.291932905566802E+000  0.819196819464890E+002  0.710058823373497E+002
  0.291932905566802E+000  0.818238508130514E+002  0.686100737248892E+002
  0.291932905566802E+000  0.818136179548233E+002  0.709804562093277E+002
  0.291932905566802E+000  0.817999310416502E+002  0.709771352327624E+002
  0.291932905566802E+000  0.817822904102355E+002  0.686201656485090E+002
  0.291932905566802E+000  0.817667934844732E+002  0.686239509285439E+002
  0.291932905566802E+000  0.817432397769700E+002  0.686297276749634E+002
  0.291932905566802E+000  0.817147495489317E+002  0.709562531536357E+002
  0.291932905566802E+000  0.817146244559429E+002  0.686367845391316E+002
  0.291932905566802E+000  0.817096272254910E+002  0.709549854279041E+002
  0.291932905566802E+000  0.817060362553667E+002  0.686389108803903E+002
  0.291932905566802E+000  0.817058823591388E+002  0.709540577309873E+002
  0.291932905566802E+000  0.816938880651482E+002  0.709510814278588E+002
  0.291932905566802E+000  0.816880484204018E+002  0.686433771711039E+002
  0.291932905566802E+000  0.816581125722102E+002  0.686508486945430E+002
  0.291932905566802E+000  0.816508960046582E+002  0.686526571384054E+002
  0.291932905566802E+000  0.816343201547191E+002  0.686568218476088E+002
  0.291932905566802E+000  0.816298198976281E+002  0.709350515760155E+002
  0.291932905566802E+000  0.816220544743622E+002  0.709330933061738E+002
  0.291932905566802E+000  0.816214576745261E+002  0.686600640832854E+002
  0.291932905566802E+000  0.816151707073931E+002  0.709313545453258E+002
  0.291932905566802E+000  0.815715720911221E+002  0.709202795565371E+002
  0.291932905566802E+000  0.815430661836176E+002  0.709129790465591E+002
  0.291932905566802E+000  0.815207908697077E+002  0.709072408261122E+002
  0.291932905566802E+000  0.815078304830989E+002  0.709038884897396E+002
  0.291932905566802E+000  0.815045136090968E+002  0.686899778357810E+002
  0.291932905566802E+000  0.814688370332729E+002  0.686992660769264E+002
  0.291932905566802E+000  0.814570216615565E+002  0.687023595379121E+002
  0.291932905566802E+000  0.814487655660477E+002  0.687045263223443E+002
  0.291932905566802E+000  0.814230052172547E+002  0.687113148478158E+002
  0.291932905566802E+000  0.813748413079661E+002  0.708688841727480E+002
  0.291932905566802E+000  0.813600594532799E+002  0.687280841533001E+002
  0.291932905566802E+000  0.813533502264119E+002  0.687298870985961E+002
  0.291932905566802E+000  0.813216894612549E+002  0.687384366323642E+002
  0.291932905566802E+000  0.813170098500826E+002  0.708533005889515E+002
  0.291932905566802E+000  0.813153631339047E+002  0.708528534894892E+002
  0.291932905566802E+000  0.813135801049714E+002  0.687406375836550E+002
  0.291932905566802E+000  0.813010707243273E+002  0.687440417668811E+002
  0.291932905566802E+000  0.812893052308807E+002  0.708457531553697E+002
  0.291932905566802E+000  0.812448407564170E+002  0.708335250967960E+002
  0.291932905566802E+000  0.812403188408872E+002  0.708322734495829E+002
  0.291932905566802E+000  0.811605940669973E+002  0.687830546337565E+002
  0.291932905566802E+000  0.811557909027925E+002  0.708085916040349E+002
  0.291932905566802E+000  0.811531070749755E+002  0.687851761461092E+002
  0.291932905566802E+000  0.811510833922873E+002  0.708072564091303E+002
  0.291932905566802E+000  0.811491540182763E+002  0.687862980805581E+002
  0.291932905566802E+000  0.811204686750676E+002  0.707985297251476E+002
  0.291932905566802E+000  0.811171322663739E+002  0.687954326606422E+002
  0.291932905566802E+000  0.811156133681269E+002  0.707971387343131E+002
  0.291932905566802E+000  0.810985076965160E+002  0.688007840805370E+002
  0.291932905566802E+000  0.810970642741986E+002  0.688012000221659E+002
  0.291932905566802E+000  0.810614875907911E+002  0.707814993119026E+002
  0.291932905566802E+000  0.810580735051581E+002  0.707805044918834E+002
  0.291932905566802E+000  0.810395152101898E+002  0.707750791568423E+002
  0.291932905566802E+000  0.810212820695550E+002  0.707697194238066E+002
  0.291932905566802E+000  0.810131035113011E+002  0.688257010721387E+002
  0.291932905566802E+000  0.810040848812718E+002  0.688283697262044E+002
  0.291932905566802E+000  0.810034933067918E+002  0.688285450329448E+002
  0.291932905566802E+000  0.809891604068224E+002  0.707602045698920E+002
  0.291932905566802E+000  0.809890274571687E+002  0.707601649932531E+002
  0.291932905566802E+000  0.809735266180932E+002  0.688374672639692E+002
  0.291932905566802E+000  0.809568823175443E+002  0.707505477975729E+002
  0.291932905566802E+000  0.809246069403598E+002  0.688522136506296E+002
  0.291932905566802E+000  0.809219565715588E+002  0.688530191616696E+002
  0.291932905566802E+000  0.809121966810333E+002  0.707370153741727E+002
  0.291932905566802E+000  0.809047900562064E+002  0.707347535246056E+002
  0.291932905566802E+000  0.809016330668262E+002  0.688592189720399E+002
  0.291932905566802E+000  0.808993555647787E+002  0.707330904546736E+002
  0.291932905566802E+000  0.808874927297647E+002  0.688635568737282E+002
  0.291932905566802E+000  0.808829081951756E+002  0.688649676305988E+002
  0.291932905566802E+000  0.808815631049191E+002  0.688653819484738E+002
  0.291932905566802E+000  0.808782575061547E+002  0.707266058190600E+002
  0.291932905566802E+000  0.808589984367555E+002  0.707206466847009E+002
  0.291932905566802E+000  0.808565536517816E+002  0.707198874694015E+002
  0.291932905566802E+000  0.808321631258067E+002  0.707122786553073E+002
  0.291932905566802E+000  0.808319173314404E+002  0.707122016560665E+002
  0.291932905566802E+000  0.808317232319022E+002  0.688808659034361E+002
  0.291932905566802E+000  0.808177907333023E+002  0.688852414221095E+002
  0.291932905566802E+000  0.807963412744450E+002  0.688920190285183E+002
  0.291932905566802E+000  0.807924876679362E+002  0.706997646686177E+002
  0.291932905566802E+000  0.807872398948689E+002  0.688949102810878E+002
  0.291932905566802E+000  0.807866486369171E+002  0.688950984279207E+002
  0.291932905566802E+000  0.807859430229906E+002  0.706976837340744E+002
  0.291932905566802E+000  0.807827881585245E+002  0.688963278546016E+002
  0.291932905566802E+000  0.807784258809429E+002  0.688977191104879E+002
  0.291932905566802E+000  0.807694961013584E+002  0.689005738119854E+002
  0.291932905566802E+000  0.807614347141475E+002  0.706898480123378E+002
  0.291932905566802E+000  0.807234063995023E+002  0.689154549803609E+002
  0.291932905566802E+000  0.807023895138548E+002  0.689223248780562E+002
  0.291932905566802E+000  0.806977403518647E+002  0.689238518786671E+002
  0.291932905566802E+000  0.806880252127378E+002  0.689270514386793E+002
  0.291932905566802E+000  0.806847640121375E+002  0.706648786326460E+002
  0.291932905566802E+000  0.806656188375440E+002  0.689344759771856E+002
  0.291932905566802E+000  0.806543445884706E+002  0.706547706679877E+002
  0.291932905566802E+000  0.806540785547746E+002  0.689383250065448E+002
  0.291932905566802E+000  0.806491244930080E+002  0.706530241093330E+002
  0.291932905566802E+000  0.806450130237279E+002  0.706516459676252E+002
  0.291932905566802E+000  0.806385200392322E+002  0.706494650203422E+002
  0.291932905566802E+000  0.806347763303111E+002  0.689448017531199E+002
  0.291932905566802E+000  0.806251882404145E+002  0.689480373583171E+002
  0.291932905566802E+000  0.806045211470586E+002  0.706379527448846E+002
  0.291932905566802E+000  0.806037439422034E+002  0.689553190143633E+002
  0.291932905566802E+000  0.805793221733857E+002  0.706293175088132E+002
  0.291932905566802E+000  0.805774594458008E+002  0.706286756288318E+002
  0.291932905566802E+000  0.805502764319472E+002  0.706192516208931E+002
  0.291932905566802E+000  0.805291362408423E+002  0.706118472911871E+002
  0.291932905566802E+000  0.805252289000815E+002  0.689825353757470E+002
  0.291932905566802E+000  0.805251873325615E+002  0.706104567242773E+002
  0.291932905566802E+000  0.805248758810643E+002  0.689826598011747E+002
  0.291932905566802E+000  0.805127069084699E+002  0.706060461691534E+002
  0.291932905566802E+000  0.804924870505301E+002  0.705988490568053E+002
  0.291932905566802E+000  0.804917719573532E+002  0.705985933422177E+002
  0.291932905566802E+000  0.804787730719586E+002  0.705939306972429E+002
  0.291932905566802E+000  0.804695268319222E+002  0.690024093024707E+002
  0.291932905566802E+000  0.804676856710651E+002  0.690030747088362E+002
  0.291932905566802E+000  0.804614677031026E+002  0.705876806945306E+002
  0.291932905566802E+000  0.804578242626316E+002  0.690066482216649E+002
  0.291932905566802E+000  0.804540987730499E+002  0.705850042948400E+002
  0.291932905566802E+000  0.804448632687507E+002  0.690113696781833E+002
  0.291932905566802E+000  0.804361813068076E+002  0.690145483043382E+002
  0.291932905566802E+000  0.804244466011692E+002  0.705741415053621E+002
  0.291932905566802E+000  0.804166392827841E+002  0.705712560390775E+002
  0.291932905566802E+000  0.804148145507471E+002  0.690224266548452E+002
  0.291932905566802E+000  0.804102939681170E+002  0.705689029667232E+002
  0.291932905566802E+000  0.804077031029583E+002  0.705679401165215E+002
  0.291932905566802E+000  0.804075947912062E+002  0.690251069118033E+002
  0.291932905566802E+000  0.804020892887953E+002  0.705658497054062E+002
  0.291932905566802E+000  0.804020799272035E+002  0.690271605352705E+002
  0.291932905566802E+000  0.803885403962851E+002  0.690322257855097E+002
  0.291932905566802E+000  0.803882798989736E+002  0.705606831810674E+002
  0.291932905566802E+000  0.803562804935777E+002  0.690444319453028E+002
  0.291932905566802E+000  0.803558372633849E+002  0.690446010299774E+002
  0.291932905566802E+000  0.803394601531372E+002  0.705421312528488E+002
  0.291932905566802E+000  0.803285443981931E+002  0.690550870773578E+002
  0.291932905566802E+000  0.803234573198555E+002  0.690570579978476E+002
  0.291932905566802E+000  0.803232295283022E+002  0.705358603744269E+002
  0.291932905566802E+000  0.803215057133468E+002  0.690578155174026E+002
  0.291932905566802E+000  0.803162717076855E+002  0.705331557979255E+002
  0.291932905566802E+000  0.803162709299819E+002  0.690598512548960E+002
  0.291932905566802E+000  0.803149187364510E+002  0.690603780198738E+002
  0.291932905566802E+000  0.803046748333386E+002  0.690643809802461E+002
  0.291932905566802E+000  0.802978787380503E+002  0.705259579717698E+002
  0.291932905566802E+000  0.802945146919354E+002  0.705246338033834E+002
  0.291932905566802E+000  0.802924146176939E+002  0.690692008079258E+002
  0.291932905566802E+000  0.802899373425635E+002  0.690701785770636E+002
  0.291932905566802E+000  0.802767075138558E+002  0.690754227765816E+002
  0.291932905566802E+000  0.802667243417296E+002  0.690794054153969E+002
  0.291932905566802E+000  0.802639865034055E+002  0.705125052437823E+002
  0.291932905566802E+000  0.802626385039369E+002  0.690810417933219E+002
  0.291932905566802E+000  0.802608876114121E+002  0.705112625775499E+002
  0.291932905566802E+000  0.802443385710024E+002  0.690884173136448E+002
  0.291932905566802E+000  0.802403246660123E+002  0.690900453562854E+002
  0.291932905566802E+000  0.802359108609588E+002  0.705011668091246E+002
  0.291932905566802E+000  0.802334604246299E+002  0.705001685239966E+002
  0.291932905566802E+000  0.802290026097433E+002  0.704983488102232E+002
  0.291932905566802E+000  0.802260132728205E+002  0.704971258929126E+002
  0.291932905566802E+000  0.802257729131409E+002  0.690959792792840E+002
  0.291932905566802E+000  0.802057614720936E+002  0.691042226202884E+002
  0.291932905566802E+000  0.802029568379654E+002  0.704876209571452E+002
  0.291932905566802E+000  0.801992177898303E+002  0.691069395485801E+002
  0.291932905566802E+000  0.801986801180943E+002  0.691071632652616E+002
  0.291932905566802E+000  0.801844283007074E+002  0.704798868312829E+002
  0.291932905566802E+000  0.801580192537904E+002  0.704687094596410E+002
  0.291932905566802E+000  0.801473342362126E+002  0.691288727902623E+002
  0.291932905566802E+000  0.801466911664377E+002  0.691291491641137E+002
  0.291932905566802E+000  0.801461233992893E+002  0.691293932701212E+002
  0.291932905566802E+000  0.801402135839914E+002  0.691319394621494E+002
  0.291932905566802E+000  0.801384441983948E+002  0.704603030637791E+002
  0.291932905566802E+000  0.801272575273641E+002  0.704554508581460E+002
  0.291932905566802E+000  0.801249180948247E+002  0.704544316077011E+002
  0.291932905566802E+000  0.801102634358660E+002  0.704480105464984E+002
  0.291932905566802E+000  0.801098970309793E+002  0.691451575579423E+002
  0.291932905566802E+000  0.801045609506660E+002  0.691475119649078E+002
  0.291932905566802E+000  0.800998515338461E+002  0.691495969912806E+002
  0.291932905566802E+000  0.800900356304764E+002  0.704390421616032E+002
  0.291932905566802E+000  0.800861936238081E+002  0.704373245506515E+002
  0.291932905566802E+000  0.800820789665390E+002  0.704354799281424E+002
  0.291932905566802E+000  0.800732243849542E+002  0.691615145504024E+002
  0.291932905566802E+000  0.800652911129213E+002  0.691651087508445E+002
  0.291932905566802E+000  0.800600793599665E+002  0.704255256162040E+002
  0.291932905566802E+000  0.800588981914178E+002  0.704249867051038E+002
  0.291932905566802E+000  0.800539481196526E+002  0.691702835718928E+002
  0.291932905566802E+000  0.800424820179050E+002  0.704174483644200E+002
  0.291932905566802E+000  0.800389626015935E+002  0.704158202969142E+002
  0.291932905566802E+000  0.800373609027728E+002  0.704150779388127E+002
  0.291932905566802E+000  0.800369780088701E+002  0.704149003425107E+002
  0.291932905566802E+000  0.800349245408199E+002  0.691790597317477E+002
  0.291932905566802E+000  0.800279308886091E+002  0.691823176423654E+002
  0.291932905566802E+000  0.800198098978394E+002  0.704068842203901E+002
  0.291932905566802E+000  0.800025404400057E+002  0.703987131363716E+002
  0.291932905566802E+000  0.800004768430185E+002  0.691952774370370E+002
  0.291932905566802E+000  0.799984280567105E+002  0.691962557946587E+002
  0.291932905566802E+000  0.799959351488010E+002  0.691974483887270E+002
  0.291932905566802E+000  0.799922462184424E+002  0.703937892273531E+002
  0.291932905566802E+000  0.799879930287482E+002  0.703917429604797E+002
  0.291932905566802E+000  0.799856301799768E+002  0.692024036332276E+002
  0.291932905566802E+000  0.799813592433247E+002  0.692044695113282E+002
  0.291932905566802E+000  0.799768269782938E+002  0.692066697088404E+002
  0.291932905566802E+000  0.799744110720200E+002  0.692078458756584E+002
  0.291932905566802E+000  0.799733172407983E+002  0.692083791731997E+002
  0.291932905566802E+000  0.799680157735639E+002  0.692109707861307E+002
  0.291932905566802E+000  0.799677926679416E+002  0.692110801024908E+002
  0.291932905566802E+000  0.799646346251917E+002  0.703803770876521E+002
  0.291932905566802E+000  0.799585669059665E+002  0.692156185165380E+002
  0.291932905566802E+000  0.799565143656748E+002  0.692166330496637E+002
  0.291932905566802E+000  0.799464054439373E+002  0.692216558292386E+002
  0.291932905566802E+000  0.799461834300397E+002  0.703712401169623E+002
  0.291932905566802E+000  0.799418659478834E+002  0.703690810641406E+002
  0.291932905566802E+000  0.799352774133560E+002  0.703657705389257E+002
  0.291932905566802E+000  0.799344781340505E+002  0.692276391333667E+002
  0.291932905566802E+000  0.799225121882201E+002  0.692337057355578E+002
  0.291932905566802E+000  0.799132356246854E+002  0.692384542312259E+002
  0.291932905566802E+000  0.799121230361793E+002  0.692390264604343E+002
  0.291932905566802E+000  0.799111059627590E+002  0.703534566714911E+002
  0.291932905566802E+000  0.799042310318025E+002  0.692431024794191E+002
  0.291932905566802E+000  0.799038309935517E+002  0.692433098887217E+002
  0.291932905566802E+000  0.799014546051710E+002  0.692445435901834E+002
  0.291932905566802E+000  0.799011907130152E+002  0.703483259900818E+002
  0.291932905566802E+000  0.798814375392528E+002  0.703379597550238E+002
  0.291932905566802E+000  0.798698572791585E+002  0.703317892354315E+002
  0.291932905566802E+000  0.798623674707167E+002  0.703277601389598E+002
  0.291932905566802E+000  0.798605930955685E+002  0.703268011396132E+002
  0.291932905566802E+000  0.798598516319040E+002  0.703263998854135E+002
  0.291932905566802E+000  0.798587093922681E+002  0.692672255999602E+002
  0.291932905566802E+000  0.798472580945576E+002  0.692734690597342E+002
  0.291932905566802E+000  0.798445470936896E+002  0.692749580891887E+002
  0.291932905566802E+000  0.798291122232678E+002  0.692835181103866E+002
  0.291932905566802E+000  0.798286781910187E+002  0.703092458639622E+002
  0.291932905566802E+000  0.798258022587640E+002  0.703076342999600E+002
  0.291932905566802E+000  0.798257722347233E+002  0.692853893011463E+002
  0.291932905566802E+000  0.798233109793544E+002  0.692867725875301E+002
  0.291932905566802E+000  0.798157585026719E+002  0.692910408963831E+002
  0.291932905566802E+000  0.798139829441451E+002  0.703009571471172E+002
  0.291932905566802E+000  0.798138049206983E+002  0.703008558995507E+002
  0.291932905566802E+000  0.798122386486211E+002  0.702999642334481E+002
  0.291932905566802E+000  0.798115912456011E+002  0.702995952104967E+002
  0.291932905566802E+000  0.798102232419596E+002  0.702988145499262E+002
  0.291932905566802E+000  0.798101023530756E+002  0.702987455055113E+002
  0.291932905566802E+000  0.798095808689433E+002  0.692945591934822E+002
  0.291932905566802E+000  0.798070125105778E+002  0.702969775414149E+002
  0.291932905566802E+000  0.798067228648096E+002  0.702968114899342E+002
  0.291932905566802E+000  0.798016548067571E+002  0.692991097059751E+002
  0.291932905566802E+000  0.798012583294091E+002  0.692993384254615E+002
  0.291932905566802E+000  0.798001613106897E+002  0.692999718216555E+002
  0.291932905566802E+000  0.797976375686912E+002  0.702915746946632E+002
  0.291932905566802E+000  0.797972579588608E+002  0.693016520698368E+002
  0.291932905566802E+000  0.797814950231350E+002  0.702821307903504E+002
  0.291932905566802E+000  0.797777406535369E+002  0.702799079201911E+002
  0.291932905566802E+000  0.797760934629609E+002  0.693140773235376E+002
  0.291932905566802E+000  0.797759020338978E+002  0.693141911684284E+002
  0.291932905566802E+000  0.797716499424885E+002  0.693167268963782E+002
  0.291932905566802E+000  0.797699991508533E+002  0.702752917876812E+002
  0.291932905566802E+000  0.797663394258650E+002  0.702730939889374E+002
  0.291932905566802E+000  0.797657333530600E+002  0.702727290410946E+002
  0.291932905566802E+000  0.797650511876098E+002  0.693206888108723E+002
  0.291932905566802E+000  0.797638701483844E+002  0.693214013965543E+002
  0.291932905566802E+000  0.797584433175038E+002  0.693246895349506E+002
  0.291932905566802E+000  0.797547896002677E+002  0.693269163056236E+002
  0.291932905566802E+000  0.797504753828685E+002  0.702634474576852E+002
  0.291932905566802E+000  0.797438528565149E+002  0.693336457643494E+002
  0.291932905566802E+000  0.797437247530895E+002  0.702592815828255E+002
  0.291932905566802E+000  0.797432918352283E+002  0.702590131449722E+002
  0.291932905566802E+000  0.797403135752483E+002  0.702571621861260E+002
  0.291932905566802E+000  0.797375373106803E+002  0.702554300424269E+002
  0.291932905566802E+000  0.797334954365451E+002  0.693401102319651E+002
  0.291932905566802E+000  0.797328832884033E+002  0.693404951655352E+002
  0.291932905566802E+000  0.797268662771389E+002  0.702487105030725E+002
  0.291932905566802E+000  0.797159917403476E+002  0.702417585033448E+002
  0.291932905566802E+000  0.797140817572002E+002  0.693524805202865E+002
  0.291932905566802E+000  0.797127646381750E+002  0.693533322888913E+002
  0.291932905566802E+000  0.797127638551341E+002  0.693533327957635E+002
  0.291932905566802E+000  0.797090812003716E+002  0.702372836782297E+002
  0.291932905566802E+000  0.797087707389408E+002  0.702370815764083E+002
  0.291932905566802E+000  0.797087510146171E+002  0.702370687332859E+002
  0.291932905566802E+000  0.796940022543837E+002  0.702273582001784E+002
  0.291932905566802E+000  0.796933433794513E+002  0.693660874628079E+002
  0.291932905566802E+000  0.796917908146737E+002  0.693671234862494E+002
  0.291932905566802E+000  0.796894428268613E+002  0.702243116897526E+002
  0.291932905566802E+000  0.796835439433986E+002  0.702203376921987E+002
  0.291932905566802E+000  0.796805892740705E+002  0.693746736506858E+002
  0.291932905566802E+000  0.796777857470444E+002  0.702164222011186E+002
  0.291932905566802E+000  0.796762467586350E+002  0.702153695126032E+002
  0.291932905566802E+000  0.796681009749797E+002  0.702097530318046E+002
  0.291932905566802E+000  0.796563090393265E+002  0.693915221741528E+002
  0.291932905566802E+000  0.796551466091721E+002  0.702006603250428E+002
  0.291932905566802E+000  0.796493147459624E+002  0.701964994584003E+002
  0.291932905566802E+000  0.796410959833672E+002  0.694024457225677E+002
  0.291932905566802E+000  0.796396271049330E+002  0.694035165062075E+002
  0.291932905566802E+000  0.796387669477340E+002  0.694041449006394E+002
  0.291932905566802E+000  0.796385634270035E+002  0.694042937315604E+002
  0.291932905566802E+000  0.796376717848512E+002  0.701880603102725E+002
  0.291932905566802E+000  0.796372012202610E+002  0.694052913457468E+002
  0.291932905566802E+000  0.796370869551488E+002  0.701876316063168E+002
  0.291932905566802E+000  0.796340521262283E+002  0.701853993641979E+002
  0.291932905566802E+000  0.796334814216917E+002  0.701849781545683E+002
  0.291932905566802E+000  0.796311014150178E+002  0.701832166398295E+002
  0.291932905566802E+000  0.796306700031252E+002  0.701828964791195E+002
  0.291932905566802E+000  0.796301208257578E+002  0.701824885377418E+002
  0.291932905566802E+000  0.796289050061803E+002  0.701815838619929E+002
  0.291932905566802E+000  0.796267027501642E+002  0.694130669930583E+002
  0.291932905566802E+000  0.796265170598472E+002  0.694132059434623E+002
  0.291932905566802E+000  0.796174772008774E+002  0.701729743457175E+002
  0.291932905566802E+000  0.796168304868900E+002  0.694205255217971E+002
  0.291932905566802E+000  0.796167774250875E+002  0.694205660099810E+002
  0.291932905566802E+000  0.796166203889814E+002  0.701723208898748E+002
  0.291932905566802E+000  0.796017767639348E+002  0.701608142617455E+002
  0.291932905566802E+000  0.796001845850456E+002  0.701595583644908E+002
  0.291932905566802E+000  0.795987000262320E+002  0.694346233195112E+002
  0.291932905566802E+000  0.795985276469692E+002  0.701582467559307E+002
  0.291932905566802E+000  0.795971199336343E+002  0.694358780678696E+002
  0.291932905566802E+000  0.795970323253164E+002  0.694359477652232E+002
  0.291932905566802E+000  0.795956559947936E+002  0.694370444875199E+002
  0.291932905566802E+000  0.795903039221752E+002  0.694413414494826E+002
  0.291932905566802E+000  0.795883137154945E+002  0.694429526261081E+002
  0.291932905566802E+000  0.795844587993910E+002  0.694460944535161E+002
  0.291932905566802E+000  0.795821786421429E+002  0.701450405963706E+002
  0.291932905566802E+000  0.795789081422266E+002  0.694506684752350E+002
  0.291932905566802E+000  0.795773676311585E+002  0.694519486986613E+002
  0.291932905566802E+000  0.795767373393795E+002  0.701405328814691E+002
  0.291932905566802E+000  0.795767267724392E+002  0.701405240700816E+002
  0.291932905566802E+000  0.795766669923545E+002  0.701404742173910E+002
  0.291932905566802E+000  0.795765284771609E+002  0.694526480729847E+002
  0.291932905566802E+000  0.795765236660358E+002  0.701403546631536E+002
  0.291932905566802E+000  0.795743568333856E+002  0.701385421296404E+002
  0.291932905566802E+000  0.795682998869534E+002  0.701334238357658E+002
  0.291932905566802E+000  0.795680499463857E+002  0.694597957926819E+002
  0.291932905566802E+000  0.795664495862957E+002  0.694611620484376E+002
  0.291932905566802E+000  0.795647045461644E+002  0.701303485574607E+002
  0.291932905566802E+000  0.795645371695187E+002  0.701302047012873E+002
  0.291932905566802E+000  0.795627045925055E+002  0.701286255698701E+002
  0.291932905566802E+000  0.795609131559334E+002  0.694659321520740E+002
  0.291932905566802E+000  0.795600232748393E+002  0.701263014540935E+002
  0.291932905566802E+000  0.795566974307137E+002  0.701233957165659E+002
  0.291932905566802E+000  0.795554684138568E+002  0.694706913635651E+002
  0.291932905566802E+000  0.795553281046550E+002  0.701221918239248E+002
  0.291932905566802E+000  0.795524144124910E+002  0.694733915307782E+002
  0.291932905566802E+000  0.795519619678991E+002  0.694737934769643E+002
  0.291932905566802E+000  0.795483298452256E+002  0.701159682150009E+002
  0.291932905566802E+000  0.795474619244011E+002  0.694778188553329E+002
  0.291932905566802E+000  0.795457820707440E+002  0.701136721372065E+002
  0.291932905566802E+000  0.795415866272104E+002  0.694831522465067E+002
  0.291932905566802E+000  0.795404518962859E+002  0.694841928097893E+002
  0.291932905566802E+000  0.795397939530350E+002  0.694847977434439E+002
  0.291932905566802E+000  0.795374708491421E+002  0.694869431337174E+002
  0.291932905566802E+000  0.795350505633516E+002  0.701038125483956E+002
  0.291932905566802E+000  0.795333752699768E+002  0.701022446792690E+002
  0.291932905566802E+000  0.795330209703391E+002  0.701019120671515E+002
  0.291932905566802E+000  0.795273419747717E+002  0.700965303771170E+002
  0.291932905566802E+000  0.795267846931638E+002  0.700959970597709E+002
  0.291932905566802E+000  0.795258010018452E+002  0.700950533441913E+002
  0.291932905566802E+000  0.795244893087845E+002  0.694992164542096E+002
  0.291932905566802E+000  0.795175829168146E+002  0.700870494806829E+002
  0.291932905566802E+000  0.795164609340612E+002  0.700859395736315E+002
  0.291932905566802E+000  0.795149402128775E+002  0.700844283902715E+002
  0.291932905566802E+000  0.795148145402772E+002  0.700843031509107E+002
  0.291932905566802E+000  0.795135242271263E+002  0.695099926305364E+002
  0.291932905566802E+000  0.795102084933644E+002  0.695133319827052E+002
  0.291932905566802E+000  0.795101384884485E+002  0.700796038390936E+002
  0.291932905566802E+000  0.795086770205589E+002  0.695148877324677E+002
  0.291932905566802E+000  0.795065922134863E+002  0.700759872435325E+002
  0.291932905566802E+000  0.795006559306571E+002  0.695231805813325E+002
  0.291932905566802E+000  0.795005395040264E+002  0.695233028059735E+002
  0.291932905566802E+000  0.794963362305449E+002  0.700652541229601E+002
  0.291932905566802E+000  0.794951161052843E+002  0.700639485652579E+002
  0.291932905566802E+000  0.794942439971220E+002  0.695299952767671E+002
  0.291932905566802E+000  0.794930548523473E+002  0.700617283859132E+002
  0.291932905566802E+000  0.794921109994585E+002  0.700607055328326E+002
  0.291932905566802E+000  0.794883708492911E+002  0.695363939629248E+002
  0.291932905566802E+000  0.794883515560990E+002  0.695364152419125E+002
  0.291932905566802E+000  0.794882313006747E+002  0.700564588358019E+002
  0.291932905566802E+000  0.794867824561577E+002  0.700548550373993E+002
  0.291932905566802E+000  0.794866153862005E+002  0.695383372913334E+002
  0.291932905566802E+000  0.794828276686782E+002  0.700504257282289E+002
  0.291932905566802E+000  0.794814173398334E+002  0.700488273717127E+002
  0.291932905566802E+000  0.794803534039444E+002  0.695453918923939E+002
  0.291932905566802E+000  0.794792011535986E+002  0.700462950572067E+002
  0.291932905566802E+000  0.794780197603613E+002  0.695480721533443E+002
  0.291932905566802E+000  0.794769424601987E+002  0.695493192702598E+002
  0.291932905566802E+000  0.794768253227839E+002  0.700435514982308E+002
  0.291932905566802E+000  0.794743234514875E+002  0.700406290627325E+002
  0.291932905566802E+000  0.794721666984682E+002  0.700380813868510E+002
  0.291932905566802E+000  0.794696186181267E+002  0.700350363916847E+002
  0.291932905566802E+000  0.794694186412390E+002  0.695582109804206E+002
  0.291932905566802E+000  0.794681232844379E+002  0.695597755413410E+002
  0.291932905566802E+000  0.794650943354907E+002  0.700295317807144E+002
  0.291932905566802E+000  0.794650829748283E+002  0.695634889552338E+002
  0.291932905566802E+000  0.794644060286734E+002  0.695643238567534E+002
  0.291932905566802E+000  0.794642269286022E+002  0.700284615000827E+002
  0.291932905566802E+000  0.794637418830235E+002  0.700278608510274E+002
  0.291932905566802E+000  0.794633232538877E+002  0.700273411912464E+002
  0.291932905566802E+000  0.794621921628940E+002  0.695670755100537E+002
  0.291932905566802E+000  0.794611129630214E+002  0.700245778474888E+002
  0.291932905566802E+000  0.794592602290458E+002  0.700222354668781E+002
  0.291932905566802E+000  0.794590824588773E+002  0.700220094357545E+002
  0.291932905566802E+000  0.794582341274530E+002  0.700209276644988E+002
  0.291932905566802E+000  0.794577441250844E+002  0.700203004431890E+002
  0.291932905566802E+000  0.794558217512420E+002  0.700178225672348E+002
  0.291932905566802E+000  0.794550475131733E+002  0.700168167278807E+002
  0.291932905566802E+000  0.794546800560724E+002  0.700163377412838E+002
  0.291932905566802E+000  0.794527248827473E+002  0.700137713831001E+002
  0.291932905566802E+000  0.794516727426350E+002  0.695806290309234E+002
  0.291932905566802E+000  0.794510102333733E+002  0.695815112255417E+002
  0.291932905566802E+000  0.794508272946562E+002  0.695817554645128E+002
  0.291932905566802E+000  0.794493560756247E+002  0.695837298621582E+002
  0.291932905566802E+000  0.794479180107913E+002  0.695856776356631E+002
  0.291932905566802E+000  0.794475764351480E+002  0.695861429301969E+002
  0.291932905566802E+000  0.794467036376095E+002  0.700056701931459E+002
  0.291932905566802E+000  0.794441648574363E+002  0.695908479399987E+002
  0.291932905566802E+000  0.794430520868430E+002  0.695924060529169E+002
  0.291932905566802E+000  0.794427719728799E+002  0.700002066009588E+002
  0.291932905566802E+000  0.794423850037489E+002  0.699996609113471E+002
  0.291932905566802E+000  0.794412474189377E+002  0.695949585744868E+002
  0.291932905566802E+000  0.794407581788713E+002  0.699973506054418E+002
  0.291932905566802E+000  0.794385021012972E+002  0.695989047719856E+002
  0.291932905566802E+000  0.794350100119856E+002  0.699889654657546E+002
  0.291932905566802E+000  0.794348749398725E+002  0.699887640316507E+002
  0.291932905566802E+000  0.794346509286110E+002  0.696045772541224E+002
  0.291932905566802E+000  0.800411886740406E+002  0.699793331890770E+002
  0.291932905566802E+000  0.800404278763704E+002  0.699781355329912E+002
  0.291932905566802E+000  0.800395159696235E+002  0.699766895103914E+002
  0.291932905566802E+000  0.800393879594928E+002  0.699764855931428E+002
  0.291932905566802E+000  0.800391227846207E+002  0.699760624388239E+002
  0.291932905566802E+000  0.800356359675931E+002  0.699704025722381E+002
  0.291932905566802E+000  0.800337584252179E+002  0.699672772299372E+002
  0.291932905566802E+000  0.800335349254119E+002  0.699669013759818E+002
  0.291932905566802E+000  0.800326910810675E+002  0.699654747673601E+002
  0.291932905566802E+000  0.800318543991083E+002  0.699640482748951E+002
  0.291932905566802E+000  0.800278664327699E+002  0.699570749710106E+002
  0.291932905566802E+000  0.800275473433442E+002  0.699565038845616E+002
  0.291932905566802E+000  0.800226474752118E+002  0.699474633446508E+002
  0.291932905566802E+000  0.800149062710792E+002  0.699319562211656E+002
  0.291932905566802E+000  0.800089150868672E+002  0.699186102591688E+002
  0.291932905566802E+000  0.800087372191013E+002  0.699181916706540E+002
  0.291932905566802E+000  0.800073699478242E+002  0.699149245850864E+002
  0.291932905566802E+000  0.800070701589472E+002  0.699141961195124E+002
  0.291932905566802E+000  0.800065907046427E+002  0.699130216137901E+002
  0.291932905566802E+000  0.800050401484018E+002  0.699091394426883E+002
  0.291932905566802E+000  0.800039542888248E+002  0.699063390823468E+002
  0.291932905566802E+000  0.800035400575726E+002  0.699052518073842E+002
  0.291932905566802E+000  0.800005563268391E+002  0.698970734287144E+002
  0.291932905566802E+000  0.800004109822040E+002  0.698966579838049E+002
  0.291932905566802E+000  0.799974230248134E+002  0.698876989605318E+002
  0.291932905566802E+000  0.799970950068875E+002  0.698866612243362E+002
  0.291932905566802E+000  0.799969890719524E+002  0.698863235212990E+002
  0.291932905566802E+000  0.799967060678311E+002  0.698854150608485E+002
  0.291932905566802E+000  0.799964362674541E+002  0.698845402570249E+002
  0.291932905566802E+000  0.799953143713594E+002  0.698808053077600E+002
  0.291932905566802E+000  0.799946602117050E+002  0.698785490834162E+002
  0.291932905566802E+000  0.799922653126611E+002  0.698696979701213E+002
  0.291932905566802E+000  0.799908243497278E+002  0.698638139284011E+002
  0.291932905566802E+000  0.799906012508059E+002  0.698628562936316E+002
  0.291932905566802E+000  0.799901985965039E+002  0.698610920033232E+002
  0.291932905566802E+000  0.799889466869467E+002  0.698552691834924E+002
  0.291932905566802E+000  0.799883694402958E+002  0.698523802997655E+002
  0.291932905566802E+000  0.799883418432846E+002  0.698522384376667E+002
  0.291932905566802E+000  0.799873439486061E+002  0.698468408864659E+002
  0.291932905566802E+000  0.799866252587033E+002  0.698425633779814E+002
  0.291932905566802E+000  0.799857592140347E+002  0.698368101902674E+002
  0.291932905566802E+000  0.799854605708339E+002  0.698346254918082E+002
  0.291932905566802E+000  0.799853704148597E+002  0.698339409189382E+002
  0.291932905566802E+000  0.799847748438967E+002  0.698290589701851E+002
  0.291932905566802E+000  0.799846740681953E+002  0.698281585123585E+002
  0.291932905566802E+000  0.799843588239832E+002  0.698251596044957E+002
  0.291932905566802E+000  0.799842741174801E+002  0.698242986978987E+002
  0.291932905566802E+000  0.799840527470749E+002  0.698219114624151E+002
  0.291932905566802E+000  0.799840488628889E+002  0.698218675700987E+002
  0.291932905566802E+000  0.799840011898028E+002  0.698213225295768E+002
  0.291932905566802E+000  0.799839764330808E+002  0.698210347123219E+002
  0.291932905566802E+000  0.806029931518920E+002  0.698193793294042E+002
  0.291932905566802E+000  0.806025736313287E+002  0.698133144885280E+002
  0.291932905566802E+000  0.806021762046450E+002  0.698038921455379E+002
  0.291932905566802E+000  0.806021738056078E+002  0.698037984079923E+002
  0.291932905566802E+000  0.806021131589745E+002  0.698007954728068E+002
