  0.680327539132067E+002 -0.397730594463821E+002 -0.397730616199060E+002
  0.680332129440353E+002 -0.397730585876290E+002 -0.397730616418812E+002
  0.680331112986908E+002 -0.397730587381804E+002 -0.397733086606674E+002
  0.680333866257227E+002 -0.397730583825181E+002 -0.397730829184701E+002
  0.680333523123423E+002 -0.397730584178268E+002 -0.397743172118538E+002
  0.680330864215666E+002 -0.397730587784586E+002 -0.397730628773903E+002
  0.680333212086854E+002 -0.397730584520511E+002 -0.397730654060178E+002
  0.680331165852041E+002 -0.397730587297949E+002 -0.397730650102305E+002
  0.680332633029318E+002 -0.397730585213861E+002 -0.397730629939818E+002
  0.680331786488622E+002 -0.397730586359067E+002 -0.397732450956891E+002
  0.680327635133843E+002 -0.397730594237180E+002 -0.397730663226228E+002
  0.680326963270493E+002 -0.397730595865501E+002 -0.397730609981493E+002
  0.680328776601488E+002 -0.397730591696404E+002 -0.397730604904744E+002
  0.680331094016159E+002 -0.397730587412044E+002 -0.397730839693434E+002
  0.680330668753764E+002 -0.397730588110524E+002 -0.398008840409101E+002
  0.680329595308246E+002 -0.397730590049028E+002 -0.397730599075813E+002
  0.680333676322424E+002 -0.397730584017453E+002 -0.397730793774936E+002
  0.680334238335511E+002 -0.397730583471324E+002 -0.397730612839299E+002
  0.680328867092095E+002 -0.397730591507137E+002 -0.397730638062259E+002
  0.680334002097708E+002 -0.397730583692494E+002 -0.397730628661187E+002
  0.680330064105811E+002 -0.397730589171535E+002 -0.397731334217915E+002
  0.680333157615673E+002 -0.397730584582618E+002 -0.397730604904744E+002
  0.680327897613391E+002 -0.397730593627776E+002 -0.397730608506695E+002
  0.680326727877721E+002 -0.397730596459280E+002 -0.397730616924450E+002
  0.680330931073243E+002 -0.397730587675012E+002 -0.397730605714961E+002
  0.680332369404982E+002 -0.397730585553739E+002 -0.397730629939818E+002
  0.680334344859411E+002 -0.397730583375575E+002 -0.397730605601522E+002
  0.680333654620606E+002 -0.397730584039923E+002 -0.397730598553954E+002
  0.680329470456303E+002 -0.397730590290806E+002 -0.397730612511095E+002
  0.680331542182257E+002 -0.397730586718623E+002 -0.397731140953786E+002
  0.680331668272622E+002 -0.397730586531426E+002 -0.397730605714961E+002
  0.680332275023327E+002 -0.397730585679105E+002 -0.397731230802820E+002
  0.680329830270029E+002 -0.397730589603237E+002 -0.397730603586426E+002
  0.680332699922579E+002 -0.397730585130029E+002 -0.397730609218808E+002
  0.680327299420892E+002 -0.397730595038506E+002 -0.397730739200277E+002
  0.680332678767805E+002 -0.397730585156435E+002 -0.397730872659692E+002
  0.680333113419292E+002 -0.397730584633486E+002 -0.397730602364685E+002
  0.680331125345104E+002 -0.397730587362146E+002 -0.397731644178099E+002
  0.680333648246113E+002 -0.397730584046542E+002 -0.397730725904499E+002
  0.680334314396644E+002 -0.397730583402704E+002 -0.397730629939818E+002
  0.680327606163727E+002 -0.397730594305361E+002 -0.397730637675045E+002
  0.680329401932691E+002 -0.397730590424948E+002 -0.397730599583668E+002
  0.680331175255069E+002 -0.397730587283097E+002 -0.397730600340394E+002
  0.680330185190683E+002 -0.397730588952676E+002 -0.397730747702473E+002
  0.680326942213021E+002 -0.397730595918126E+002 -0.397730698589826E+002
  0.680331432445375E+002 -0.397730586884363E+002 -0.397736687207813E+002
  0.680329952839966E+002 -0.397730589375464E+002 -0.397731445044950E+002
  0.680329068653983E+002 -0.397730591091976E+002 -0.397730637077992E+002
  0.680329962984263E+002 -0.397730589356760E+002 -0.397735524611212E+002
  0.680328845069931E+002 -0.397730591553034E+002 -0.398008840409101E+002
  0.680331280288228E+002 -0.397730587118517E+002 -0.397730609981493E+002
  0.680326983088417E+002 -0.397730595816061E+002 -0.397731424364096E+002
  0.680332385216655E+002 -0.397730585532927E+002 -0.397730633576117E+002
  0.680328724409612E+002 -0.397730591806379E+002 -0.397730649413316E+002
  0.680334382378773E+002 -0.397730583342440E+002 -0.397730685110850E+002
  0.680332227722032E+002 -0.397730585742666E+002 -0.397730633576117E+002
  0.680329222615565E+002 -0.397730590780825E+002 -0.397730647435859E+002
  0.680331659467126E+002 -0.397730586544386E+002 -0.397730602364685E+002
  0.680329948234628E+002 -0.397730589383963E+002 -0.397731173886591E+002
  0.680326737819838E+002 -0.397730596433957E+002 -0.397793484117603E+002
  0.680333462625113E+002 -0.397730584243184E+002 -0.397730613936478E+002
  0.680327487794675E+002 -0.397730594585843E+002 -0.397730823250692E+002
  0.680333382983327E+002 -0.397730584329858E+002 -0.397730847127722E+002
  0.680326749983652E+002 -0.397730596403004E+002 -0.397730609218808E+002
  0.680331176815831E+002 -0.397730587280634E+002 -0.397731541615572E+002
  0.680332644673225E+002 -0.397730585199199E+002 -0.397730604610746E+002
  0.680330454911149E+002 -0.397730588476654E+002 -0.397732913309044E+002
  0.680329000951599E+002 -0.397730591230436E+002 -0.397759403061193E+002
  0.680326888842442E+002 -0.397730596051940E+002 -0.397730599075813E+002
  0.680327853495424E+002 -0.397730593729155E+002 -0.397730606089753E+002
  0.680331495354029E+002 -0.397730586789028E+002 -0.397730686919978E+002
  0.680334128102573E+002 -0.397730583573012E+002 -0.397731478218160E+002
  0.680328898131774E+002 -0.397730591442627E+002 -0.397730797489177E+002
  0.680328341855423E+002 -0.397730592630601E+002 -0.397730600150088E+002
  0.680329466055053E+002 -0.397730590299391E+002 -0.397730749618756E+002
  0.680331966902276E+002 -0.397730586101900E+002 -0.397730599153536E+002
  0.680329057814987E+002 -0.397730591114075E+002 -0.397730675080845E+002
  0.680334065823710E+002 -0.397730583631634E+002 -0.397731005990512E+002
  0.680327729839845E+002 -0.397730594015567E+002 -0.397731110471836E+002
  0.680333975556887E+002 -0.397730583718103E+002 -0.397730821923410E+002
  0.680327971019746E+002 -0.397730593460035E+002 -0.397730816556869E+002
  0.680328751822025E+002 -0.397730591748544E+002 -0.397730633576117E+002
  0.680328159432445E+002 -0.397730593034872E+002 -0.397730625805871E+002
  0.680326644859846E+002 -0.397730596671575E+002 -0.397730597111747E+002
  0.680332182759432E+002 -0.397730585803536E+002 -0.397730776452323E+002
  0.680327136925530E+002 -0.397730595435199E+002 -0.397730599682841E+002
  0.680327912792060E+002 -0.397730593592995E+002 -0.397730961141019E+002
  0.680327020082903E+002 -0.397730595724001E+002 -0.397730651974932E+002
  0.680350150562378E+002 -0.397730596589783E+002 -0.397730606044828E+002
  0.680348710034436E+002 -0.397730593129267E+002 -0.397731234868869E+002
  0.680348691421513E+002 -0.397730593087515E+002 -0.397730608424094E+002
  0.680349532257888E+002 -0.397730595049030E+002 -0.397730865666327E+002
  0.680349856148937E+002 -0.397730595845737E+002 -0.397730661636784E+002
  0.680348606362879E+002 -0.397730592897676E+002 -0.397730719524102E+002
  0.680349526191911E+002 -0.397730595034327E+002 -0.397730623433009E+002
  0.680350008892769E+002 -0.397730596229395E+002 -0.397730708333118E+002
  0.680349620273319E+002 -0.397730595263267E+002 -0.397735253858619E+002
  0.680348638297818E+002 -0.397730592968766E+002 -0.397730615982424E+002
  0.680348714373795E+002 -0.397730593139012E+002 -0.397730639859892E+002
  0.680348895044139E+002 -0.397730593548382E+002 -0.397730693790252E+002
  0.680349385793310E+002 -0.397730594696267E+002 -0.397732582308734E+002
  0.680348372399517E+002 -0.397730592383639E+002 -0.397730604421909E+002
  0.680348517851877E+002 -0.397730592701806E+002 -0.397730750320409E+002
  0.680349622216015E+002 -0.397730595268014E+002 -0.397742891253247E+002
  0.680349749695630E+002 -0.397730595581360E+002 -0.397730821188955E+002
  0.680348811647995E+002 -0.397730593358535E+002 -0.397730629662531E+002
  0.680349262002326E+002 -0.397730594401761E+002 -0.397731569263065E+002
  0.680348484940906E+002 -0.397730592629412E+002 -0.397730608424094E+002
  0.680341298370937E+002 -0.397730582477866E+002 -0.397743182979437E+002
  0.680344542335305E+002 -0.397730585665759E+002 -0.397730871292420E+002
  0.680346794483885E+002 -0.397730589228542E+002 -0.419818237703788E+002
  0.680346812783942E+002 -0.397730589262022E+002 -0.397732353219156E+002
  0.680344417242737E+002 -0.397730585500291E+002 -0.397818021420384E+002
  0.680338683609414E+002 -0.397730581578529E+002 -0.397731737310050E+002
  0.680336395917919E+002 -0.397730582014474E+002 -0.397730720598255E+002
  0.680342955687491E+002 -0.397730583819837E+002 -0.397730832377320E+002
  0.680344542184630E+002 -0.397730585665557E+002 -0.397732783694215E+002
  0.680335836590637E+002 -0.397730582294679E+002 -0.397736871980051E+002
  0.680339904219579E+002 -0.397730581812817E+002 -0.397731428495304E+002
  0.680336080927457E+002 -0.397730582163883E+002 -0.397730806722839E+002
  0.680340181382870E+002 -0.397730581911278E+002 -0.397730807737393E+002
  0.680335898372355E+002 -0.397730582260377E+002 -0.397730813181299E+002
  0.680335549032839E+002 -0.397730582465288E+002 -0.397730809586901E+002
  0.680341861583309E+002 -0.397730582866729E+002 -0.397730895065811E+002
  0.680344110122385E+002 -0.397730585108517E+002 -0.397731043346018E+002
  0.680347331666938E+002 -0.397730590241704E+002 -0.397730965072337E+002
  0.680344486991672E+002 -0.397730585592131E+002 -0.397730810318586E+002
  0.680346707742952E+002 -0.397730589070843E+002 -0.397735036690699E+002
  0.680345360893480E+002 -0.397730586832733E+002 -0.397730720443947E+002
  0.680339090446266E+002 -0.397730581620522E+002 -0.397734103685781E+002
  0.680341548215557E+002 -0.397730582641832E+002 -0.397730711296309E+002
  0.680345675405182E+002 -0.397730587319969E+002 -0.397730841494273E+002
  0.680340097971811E+002 -0.397730581879885E+002 -0.397730825832962E+002
  0.680336159339219E+002 -0.397730582124668E+002 -0.397730775846202E+002
  0.680344309283536E+002 -0.397730585360230E+002 -0.397800078579181E+002
  0.680342619155972E+002 -0.397730583498877E+002 -0.397730752420676E+002
  0.680345651454586E+002 -0.397730587282107E+002 -0.397730890570005E+002
  0.680346866655964E+002 -0.397730589361004E+002 -0.397731080735996E+002
  0.680347288360472E+002 -0.397730590157693E+002 -0.397730784876739E+002
  0.680335091934304E+002 -0.397730582773597E+002 -0.397730703528511E+002
  0.680347078919349E+002 -0.397730589757168E+002 -0.397730808796805E+002
  0.680336815162612E+002 -0.397730581849176E+002 -0.397730762433174E+002
  0.680339823224649E+002 -0.397730581787207E+002 -0.397730751848854E+002
  0.680344489550353E+002 -0.397730585595521E+002 -0.397730985695024E+002
  0.680336103495763E+002 -0.397730582152459E+002 -0.397732158140797E+002
  0.680346842072167E+002 -0.397730589315756E+002 -0.397731370397231E+002
  0.680346612623932E+002 -0.397730588899799E+002 -0.397734084238377E+002
  0.680342794076399E+002 -0.397730583662622E+002 -0.397730863255729E+002
  0.680335167927845E+002 -0.397730582719182E+002 -0.397756701028697E+002
  0.680337128239644E+002 -0.397730581750735E+002 -0.397731137290273E+002
  0.680337400961992E+002 -0.397730581682401E+002 -0.397730765925737E+002
  0.680338369760365E+002 -0.397730581570794E+002 -0.397730861306287E+002
  0.680345816312681E+002 -0.397730587545257E+002 -0.397735049211098E+002
  0.680343055188508E+002 -0.397730583919464E+002 -0.397808675768024E+002
  0.680336779812196E+002 -0.397730581861634E+002 -0.397730724553588E+002
  0.680335529496861E+002 -0.397730582477533E+002 -0.397731767127732E+002
  0.680335907763693E+002 -0.397730582255236E+002 -0.397732425310756E+002
  0.680341025663177E+002 -0.397730582314433E+002 -0.397731055388491E+002
  0.680346610050107E+002 -0.397730588895198E+002 -0.397730905911101E+002
  0.680344803122612E+002 -0.397730586021690E+002 -0.397766818104710E+002
  0.680343833381285E+002 -0.397730584773112E+002 -0.397730844812487E+002
  0.680341323572680E+002 -0.397730582493788E+002 -0.397730848029566E+002
  0.680335516450112E+002 -0.397730582485757E+002 -0.397730847465910E+002
  0.680344688097409E+002 -0.397730585862872E+002 -0.397730590241704E+002
  0.680337376416955E+002 -0.397730581687887E+002 -0.397730590241704E+002
  0.680339968753430E+002 -0.397730581834247E+002 -0.397730590241704E+002
  0.680339431841701E+002 -0.397730581683611E+002 -0.397730590241704E+002
  0.680338592557823E+002 -0.397730581574073E+002 -0.397730590241704E+002
  0.680342256735900E+002 -0.397730583180845E+002 -0.397730590241704E+002
  0.680337898694063E+002 -0.397730581599498E+002 -0.397730590241704E+002
  0.680345985946716E+002 -0.397730587822218E+002 -0.397730590241704E+002
  0.680344445809174E+002 -0.397730585537777E+002 -0.397730590241704E+002
  0.680338153249554E+002 -0.397730581577978E+002 -0.397730590241704E+002
  0.680338867857874E+002 -0.397730581593075E+002 -0.397730590241704E+002
  0.680341826836661E+002 -0.397730582840736E+002 -0.397730590241704E+002
  0.680339630440893E+002 -0.397730581732005E+002 -0.397730590241704E+002
  0.680335783773249E+002 -0.397730582324664E+002 -0.397730590241704E+002
  0.680343220780014E+002 -0.397730584090052E+002 -0.397730590241704E+002
  0.680337745478448E+002 -0.397730581619263E+002 -0.397730590241704E+002
  0.680339743003893E+002 -0.397730581763252E+002 -0.397730590241704E+002
  0.680339167756515E+002 -0.397730581632583E+002 -0.397730590241704E+002
  0.680342022734687E+002 -0.397730582990720E+002 -0.397730590241704E+002
  0.680341014371474E+002 -0.397730582308016E+002 -0.397730590241704E+002
  0.680344474786618E+002 -0.397730585575984E+002 -0.397730590241704E+002
  0.680341623716775E+002 -0.397730582694059E+002 -0.397730590241704E+002
  0.680345924239797E+002 -0.397730587720743E+002 -0.397730590241704E+002
  0.680340915443418E+002 -0.397730582252981E+002 -0.397730590241704E+002
  0.680340114380315E+002 -0.397730581885940E+002 -0.397730590241704E+002
  0.680345388770792E+002 -0.397730586875049E+002 -0.397730590241704E+002
  0.680340085765709E+002 -0.397730581875418E+002 -0.397730590241704E+002
  0.680345415925639E+002 -0.397730586916431E+002 -0.397730590241704E+002
  0.680344823857483E+002 -0.397730586050626E+002 -0.397730590241704E+002
  0.680344219909823E+002 -0.397730585246204E+002 -0.397730590241704E+002
  0.680341916736925E+002 -0.397730582908527E+002 -0.397730590241704E+002
  0.680344893625488E+002 -0.397730586148678E+002 -0.397730590241704E+002
  0.680337051198260E+002 -0.397730581772977E+002 -0.397730590241704E+002
  0.680339465397960E+002 -0.397730581691184E+002 -0.397730590241704E+002
  0.680341304556303E+002 -0.397730582481761E+002 -0.397730590241704E+002
  0.680345030381163E+002 -0.397730586343953E+002 -0.397730590241704E+002
  0.680342490233634E+002 -0.397730583382463E+002 -0.397730590241704E+002
  0.680335465863124E+002 -0.397730582517994E+002 -0.397730590241704E+002
  0.680337203974443E+002 -0.397730581730132E+002 -0.397730590241704E+002
  0.680342647817193E+002 -0.397730583525250E+002 -0.397730590241704E+002
  0.680341576427063E+002 -0.397730582661202E+002 -0.397730590241704E+002
  0.680346202656846E+002 -0.397730588185168E+002 -0.397730590241704E+002
  0.680342367904996E+002 -0.397730583275354E+002 -0.397730590241704E+002
  0.680343680236773E+002 -0.397730584594682E+002 -0.397730590241704E+002
  0.680338452927304E+002 -0.397730581570752E+002 -0.397730590241704E+002
  0.680343630430696E+002 -0.397730584537754E+002 -0.397730590241704E+002
  0.680336410138121E+002 -0.397730582008240E+002 -0.397730590241704E+002
  0.680342645330764E+002 -0.397730583522955E+002 -0.397730590241704E+002
  0.680337868558022E+002 -0.397730581602981E+002 -0.397730590241704E+002
  0.680340158565807E+002 -0.397730581902540E+002 -0.397730590241704E+002
  0.680336902766779E+002 -0.397730581819477E+002 -0.397730590241704E+002
  0.680345934915521E+002 -0.397730587738240E+002 -0.397730590241704E+002
  0.680337758866343E+002 -0.397730581617332E+002 -0.397730590241704E+002
  0.680340481450540E+002 -0.397730582036760E+002 -0.397730590241704E+002
  0.680342927070307E+002 -0.397730583791583E+002 -0.397730590241704E+002
  0.680342834981394E+002 -0.397730583701876E+002 -0.397730590241704E+002
  0.680339291272070E+002 -0.397730581654557E+002 -0.397730590241704E+002
  0.680345852407059E+002 -0.397730587603663E+002 -0.397730590241704E+002
  0.680344534281149E+002 -0.397730585655002E+002 -0.397730590241704E+002
  0.680336015335118E+002 -0.397730582197717E+002 -0.397730590241704E+002
  0.680347104039646E+002 -0.397730589804702E+002 -0.397730590241704E+002
  0.680341067971086E+002 -0.397730582338726E+002 -0.397730590241704E+002
  0.680336567730490E+002 -0.397730581942098E+002 -0.397730590241704E+002
  0.680342340264569E+002 -0.397730583251604E+002 -0.397730590241704E+002
  0.680343378113542E+002 -0.397730584257672E+002 -0.397730590241704E+002
  0.680342082016611E+002 -0.397730583037758E+002 -0.397730590241704E+002
  0.680335439065040E+002 -0.397730582535298E+002 -0.397730590241704E+002
  0.680335397578100E+002 -0.397730582562396E+002 -0.397730590241704E+002
  0.680341108725001E+002 -0.397730582362495E+002 -0.397730590241704E+002
  0.680334830304655E+002 -0.397730582970566E+002 -0.397730590241704E+002
  0.680339303445029E+002 -0.397730581656902E+002 -0.397730590241704E+002
  0.680337506222016E+002 -0.397730581660365E+002 -0.397730590241704E+002
  0.680345904671443E+002 -0.397730587688737E+002 -0.397730590241704E+002
  0.680337532037001E+002 -0.397730581655329E+002 -0.397730590241704E+002
  0.680340732025098E+002 -0.397730582156588E+002 -0.397730590241704E+002
  0.680343066165757E+002 -0.397730583930588E+002 -0.397730590241704E+002
  0.680345471823000E+002 -0.397730587002121E+002 -0.397730590241704E+002
  0.680347046606401E+002 -0.397730589696225E+002 -0.397730590241704E+002
  0.680336839753500E+002 -0.397730581840671E+002 -0.397730590241704E+002
  0.680341205356162E+002 -0.397730582420300E+002 -0.397730590241704E+002
  0.680346204169966E+002 -0.397730588187738E+002 -0.397730590241704E+002
  0.680341511105649E+002 -0.397730582616617E+002 -0.397730590241704E+002
  0.680335653647057E+002 -0.397730582401133E+002 -0.397730590241704E+002
  0.680334676397592E+002 -0.397730583093408E+002 -0.397730590241704E+002
  0.680337884711039E+002 -0.397730581601090E+002 -0.397730590241704E+002
  0.680342830239115E+002 -0.397730583697306E+002 -0.397730590241704E+002
  0.680336614315542E+002 -0.397730581923583E+002 -0.397730590241704E+002
  0.680346138210001E+002 -0.397730588076161E+002 -0.397730590241704E+002
  0.680340997579630E+002 -0.397730582298524E+002 -0.397730590241704E+002
  0.680340300004607E+002 -0.397730581958537E+002 -0.397730590241704E+002
  0.680347180089208E+002 -0.397730589949446E+002 -0.397730590241704E+002
  0.680344200106775E+002 -0.397730585221174E+002 -0.397730590241704E+002
  0.680342313757652E+002 -0.397730583228985E+002 -0.397730590241704E+002
  0.680342112450138E+002 -0.397730583062203E+002 -0.397730590241704E+002
  0.680336017977224E+002 -0.397730582196336E+002 -0.397730590241704E+002
  0.680335454487637E+002 -0.397730582525321E+002 -0.397730590241704E+002
  0.680340372879753E+002 -0.397730581989091E+002 -0.397730590241704E+002
  0.680341158687667E+002 -0.397730582392129E+002 -0.397730590241704E+002
  0.680347078130310E+002 -0.397730589755677E+002 -0.397730590241704E+002
  0.680343229216944E+002 -0.397730584098903E+002 -0.397730590241704E+002
  0.680341179267346E+002 -0.397730582404493E+002 -0.397730590241704E+002
  0.680344178548355E+002 -0.397730585194023E+002 -0.397730590241704E+002
  0.680338357535064E+002 -0.397730581570928E+002 -0.397730590241704E+002
  0.680336108423541E+002 -0.397730582149979E+002 -0.397730590241704E+002
  0.680339799670764E+002 -0.397730581780028E+002 -0.397730590241704E+002
  0.680339579289500E+002 -0.397730581718718E+002 -0.397730590241704E+002
  0.680345667558442E+002 -0.397730587307551E+002 -0.397730590241704E+002
  0.680335607816696E+002 -0.397730582428945E+002 -0.397730590241704E+002
  0.680343330767226E+002 -0.397730584206662E+002 -0.397730590241704E+002
  0.680341046783022E+002 -0.397730582326511E+002 -0.397730590241704E+002
  0.680340516105109E+002 -0.397730582052516E+002 -0.397730590241704E+002
  0.680346907228738E+002 -0.397730589435969E+002 -0.397730590241704E+002
  0.680345852232359E+002 -0.397730587603380E+002 -0.397730590241704E+002
  0.680334967851074E+002 -0.397730582865153E+002 -0.397730590241704E+002
  0.680337744081221E+002 -0.397730581619467E+002 -0.397730590241704E+002
  0.680345858204766E+002 -0.397730587613071E+002 -0.397730590241704E+002
  0.680346829297576E+002 -0.397730589292296E+002 -0.397730590241704E+002
  0.680347190836514E+002 -0.397730589970003E+002 -0.397730590241704E+002
  0.680336089855344E+002 -0.397730582159350E+002 -0.397730590241704E+002
  0.680345191185506E+002 -0.397730586578784E+002 -0.397730590241704E+002
  0.680342500722843E+002 -0.397730583391799E+002 -0.397730590241704E+002
  0.680337125496036E+002 -0.397730581751505E+002 -0.397730590241704E+002
  0.680346534779726E+002 -0.397730588761287E+002 -0.397730590241704E+002
  0.680339376256846E+002 -0.397730581671607E+002 -0.397730590241704E+002
  0.680335055135906E+002 -0.397730582800399E+002 -0.397730590241704E+002
  0.680335947811011E+002 -0.397730582233527E+002 -0.397730590241704E+002
  0.680340998369245E+002 -0.397730582298969E+002 -0.397730590241704E+002
  0.680334782856859E+002 -0.397730583007886E+002 -0.397730590241704E+002
  0.680336498761479E+002 -0.397730581970378E+002 -0.397730590241704E+002
  0.680337802388728E+002 -0.397730581611324E+002 -0.397730590241704E+002
  0.680344971376948E+002 -0.397730586259200E+002 -0.397730590241704E+002
  0.680347203030532E+002 -0.397730589993358E+002 -0.397730590241704E+002
  0.680336849959905E+002 -0.397730581837179E+002 -0.397730590241704E+002
  0.680346250460107E+002 -0.397730588266608E+002 -0.397730590241704E+002
  0.680335373208157E+002 -0.397730582578488E+002 -0.397730590241704E+002
  0.680335129662730E+002 -0.397730582746424E+002 -0.397730590241704E+002
  0.680343846509762E+002 -0.397730584788646E+002 -0.397730590241704E+002
