  0.100000000000000E+001  0.134140005084188E+003  0.730374898993104E+002
  0.100000000000000E+001  0.969627226411717E+002  0.708600000874064E+002
  0.100000000000000E+001  0.190932616284079E+003  0.751809611334336E+002
  0.100000000000000E+001  0.810216147010881E+002  0.688564327398980E+002
  0.100000000000000E+001  0.820718244144800E+002  0.669576082304402E+002
  0.100000000000000E+001  0.194720253296222E+003  0.607662204810920E+002
  0.100000000000000E+001  0.100886098656464E+003  0.711621659598435E+002
  0.100000000000000E+001  0.132661494640106E+003  0.729692705026292E+002
  0.100000000000000E+001  0.350196545494574E+003  0.791747122504467E+002
  0.100000000000000E+001  0.235131443010672E+003  0.764807753318772E+002
  0.100000000000000E+001  0.221040977253714E+003  0.760892043379826E+002
  0.100000000000000E+001  0.350170533287827E+003  0.791741768631556E+002
  0.100000000000000E+001  0.859448723561069E+002  0.663208208785985E+002
  0.100000000000000E+001  0.177987421212285E+003  0.613148596097274E+002
  0.100000000000000E+001  0.330613623704449E+003  0.787640962066677E+002
  0.100000000000000E+001  0.207925011988006E+003  0.603609049609019E+002
  0.100000000000000E+001  0.185302921412325E+003  0.749980046024625E+002
  0.100000000000000E+001  0.802162321948597E+002  0.685881986224573E+002
  0.100000000000000E+001  0.186419003715122E+003  0.750346555785346E+002
  0.100000000000000E+001  0.961420214286402E+002  0.652750729047875E+002
  0.100000000000000E+001  0.849096120327103E+002  0.696021760619115E+002
  0.100000000000000E+001  0.118699925200391E+003  0.637964186618028E+002
  0.100000000000000E+001  0.146695213600015E+003  0.735830987725733E+002
  0.100000000000000E+001  0.799892675675294E+002  0.675830342413174E+002
  0.100000000000000E+001  0.186785981899036E+003  0.750466649124937E+002
  0.100000000000000E+001  0.801174316693075E+002  0.675219795553659E+002
  0.100000000000000E+001  0.155039184428853E+003  0.621499002361615E+002
  0.100000000000000E+001  0.102911580973232E+003  0.713072633301182E+002
  0.100000000000000E+001  0.115898037840333E+003  0.721168327846887E+002
  0.100000000000000E+001  0.249868081159127E+003  0.768717622659360E+002
  0.100000000000000E+001  0.107164941906989E+003  0.715927544754500E+002
  0.100000000000000E+001  0.158173711979078E+003  0.620289897693918E+002
  0.100000000000000E+001  0.182131602814691E+003  0.611748897054373E+002
  0.100000000000000E+001  0.145455364959107E+003  0.735316290168645E+002
  0.100000000000000E+001  0.949568462655276E+002  0.653754042856422E+002
  0.100000000000000E+001  0.114927323403945E+003  0.720619493443530E+002
  0.100000000000000E+001  0.815860257809821E+002  0.690010501411949E+002
  0.100000000000000E+001  0.108406831954703E+003  0.716718885634068E+002
  0.100000000000000E+001  0.115005177408791E+003  0.640013040321565E+002
  0.100000000000000E+001  0.170211756603019E+003  0.744820064482459E+002
  0.100000000000000E+001  0.108342898519074E+003  0.643998259797749E+002
  0.100000000000000E+001  0.177372044726650E+003  0.747317893446610E+002
  0.100000000000000E+001  0.157084819238726E+003  0.739969682025143E+002
  0.100000000000000E+001  0.974136816711157E+002  0.651713283472654E+002
  0.100000000000000E+001  0.292640654780400E+003  0.779193937214690E+002
  0.100000000000000E+001  0.247786092052370E+003  0.768175794937500E+002
  0.100000000000000E+001  0.105806152550699E+003  0.645635779538514E+002
  0.100000000000000E+001  0.101127137379312E+003  0.648878989047692E+002
  0.100000000000000E+001  0.109618846639512E+003  0.717474934230278E+002
  0.100000000000000E+001  0.211203906723475E+003  0.602635364388101E+002
  0.100000000000000E+001  0.118489887875301E+003  0.722598831389846E+002
  0.100000000000000E+001  0.173186462335437E+003  0.745869336801687E+002
  0.100000000000000E+001  0.951901655530483E+002  0.653553554448870E+002
  0.100000000000000E+001  0.201798561854084E+003  0.605462254515333E+002
  0.100000000000000E+001  0.856890463660399E+002  0.663554139461249E+002
  0.100000000000000E+001  0.168493329589128E+003  0.744206066226767E+002
  0.100000000000000E+001  0.144527716222049E+003  0.734928022323014E+002
  0.100000000000000E+001  0.379937909445842E+003  0.797708875280681E+002
  0.100000000000000E+001  0.179778748396594E+003  0.612540028725292E+002
  0.100000000000000E+001  0.320260748977054E+003  0.785405339789917E+002
  0.100000000000000E+001  0.135705116540616E+003  0.629589767054178E+002
  0.100000000000000E+001  0.842250127822576E+002  0.694986689144492E+002
  0.100000000000000E+001  0.136268937917243E+003  0.731341175498938E+002
  0.100000000000000E+001  0.205921335911157E+003  0.756466645447645E+002
  0.100000000000000E+001  0.239367208244929E+003  0.765949858738705E+002
  0.100000000000000E+001  0.135044071048131E+003  0.730787495922332E+002
  0.100000000000000E+001  0.217386779746289E+003  0.600831763041923E+002
  0.100000000000000E+001  0.135493342003674E+003  0.730991283807696E+002
  0.100000000000000E+001  0.107461778854592E+003  0.644558544284260E+002
  0.100000000000000E+001  0.795765374620645E+002  0.681519556939638E+002
  0.100000000000000E+001  0.107375218578354E+003  0.716062767265765E+002
  0.100000000000000E+001  0.227061721505129E+003  0.762588007816080E+002
  0.100000000000000E+001  0.296273761148956E+003  0.780033082892600E+002
  0.100000000000000E+001  0.964677865664154E+002  0.652481282130143E+002
  0.100000000000000E+001  0.985268873820654E+002  0.650835038183368E+002
  0.100000000000000E+001  0.795914177444807E+002  0.681779767936542E+002
  0.100000000000000E+001  0.171685813167905E+003  0.615334699720318E+002
  0.100000000000000E+001  0.815883687539088E+002  0.690016054338876E+002
  0.100000000000000E+001  0.124784369985358E+003  0.634790583070631E+002
  0.100000000000000E+001  0.976785610988929E+002  0.709174941264060E+002
  0.100000000000000E+001  0.172000325618908E+003  0.745452975934173E+002
  0.100000000000000E+001  0.275424980562683E+003  0.775116638359220E+002
  0.100000000000000E+001  0.795864816095056E+002  0.681698977270668E+002
  0.100000000000000E+001  0.101412414519243E+003  0.648671742357811E+002
  0.100000000000000E+001  0.382528063555199E+003  0.798213807618550E+002
  0.100000000000000E+001  0.131315500052732E+003  0.631613477531454E+002
  0.100000000000000E+001  0.381583040028025E+003  0.798029832930176E+002
  0.100000000000000E+001  0.186734458720222E+003  0.750449800615793E+002
  0.100000000000000E+001  0.855546364617975E+002  0.663738778547186E+002
  0.100000000000000E+001  0.104747051655266E+003  0.646342782324634E+002
  0.100000000000000E+001  0.168570567124891E+003  0.616443037309719E+002
  0.100000000000000E+001  0.796814141938933E+002  0.677847490819526E+002
  0.100000000000000E+001  0.338951380309142E+003  0.789408127424716E+002
  0.100000000000000E+001  0.923897011274404E+002  0.656069076797270E+002
  0.100000000000000E+001  0.133882408871707E+003  0.730256713153013E+002
  0.100000000000000E+001  0.102090959339199E+003  0.712492664021546E+002
  0.100000000000000E+001  0.225691931457060E+003  0.762205243429180E+002
  0.100000000000000E+001  0.796199798886509E+002  0.678497938588833E+002
  0.100000000000000E+001  0.186568993560600E+003  0.750395664727022E+002
  0.100000000000000E+001  0.208901655740858E+003  0.757359084456634E+002
  0.100000000000000E+001  0.364624552467771E+003  0.794678091672139E+002
  0.100000000000000E+001  0.225474396778888E+003  0.762144292294832E+002
  0.100000000000000E+001  0.189234649927781E+003  0.609414058448329E+002
  0.100000000000000E+001  0.801464221551304E+002  0.685585292869470E+002
  0.100000000000000E+001  0.931859748796367E+002  0.655328066828804E+002
  0.100000000000000E+001  0.253164046965478E+003  0.769568655243709E+002
  0.100000000000000E+001  0.930130488309599E+002  0.655487113050427E+002
  0.100000000000000E+001  0.213454713880765E+003  0.758702849587981E+002
  0.100000000000000E+001  0.387847434152264E+003  0.799244058249768E+002
  0.100000000000000E+001  0.830584817586178E+002  0.667646864726200E+002
  0.100000000000000E+001  0.117687736318140E+003  0.722161333410667E+002
  0.100000000000000E+001  0.118073876272176E+003  0.722372504726076E+002
  0.100000000000000E+001  0.143166548592636E+003  0.626323574312437E+002
  0.100000000000000E+001  0.218062680804308E+003  0.760039756167205E+002
  0.100000000000000E+001  0.192186304844263E+003  0.608466126527371E+002
  0.100000000000000E+001  0.169992773364648E+003  0.744742146667225E+002
  0.100000000000000E+001  0.158775322585774E+003  0.620060608067826E+002
  0.100000000000000E+001  0.144285002347349E+003  0.734825977660627E+002
  0.100000000000000E+001  0.872101359426285E+002  0.661590925631207E+002
  0.100000000000000E+001  0.144449538340601E+003  0.734895174683639E+002
  0.100000000000000E+001  0.929813611828218E+002  0.655516367784146E+002
  0.100000000000000E+001  0.305945142724085E+003  0.782233222402217E+002
  0.100000000000000E+001  0.332565332368736E+003  0.788057220415760E+002
  0.100000000000000E+001  0.133365441002369E+003  0.630658148754584E+002
  0.100000000000000E+001  0.205479029126769E+003  0.756333306222693E+002
  0.100000000000000E+001  0.200088113562338E+003  0.605987900142654E+002
  0.100000000000000E+001  0.888670378321295E+002  0.701013351227563E+002
  0.100000000000000E+001  0.144401929293492E+003  0.734875161317470E+002
  0.100000000000000E+001  0.802935047547804E+002  0.686192888850645E+002
  0.100000000000000E+001  0.908960945472452E+002  0.703152984064047E+002
  0.100000000000000E+001  0.823493670375107E+002  0.691676656457754E+002
  0.100000000000000E+001  0.135078457197032E+003  0.629873704884036E+002
  0.100000000000000E+001  0.197827526493179E+003  0.753988460579960E+002
  0.100000000000000E+001  0.184307800033658E+003  0.611025203077818E+002
  0.100000000000000E+001  0.331572927963618E+003  0.787845762865640E+002
  0.100000000000000E+001  0.218564724587359E+003  0.760184061552636E+002
  0.100000000000000E+001  0.114792944024017E+003  0.640133901320577E+002
  0.100000000000000E+001  0.198779201286136E+003  0.606392671634600E+002
  0.100000000000000E+001  0.868689117368626E+002  0.698663803906505E+002
  0.100000000000000E+001  0.814546077276360E+002  0.689693760357823E+002
  0.100000000000000E+001  0.827018411050015E+002  0.692368378058494E+002
  0.100000000000000E+001  0.289927867538745E+003  0.778562684591956E+002
  0.100000000000000E+001  0.800639251840212E+002  0.675465378746560E+002
  0.100000000000000E+001  0.869404056680962E+002  0.661923783475086E+002
  0.100000000000000E+001  0.287422908631067E+003  0.777976168508475E+002
  0.100000000000000E+001  0.307177986248611E+003  0.782510277048767E+002
  0.100000000000000E+001  0.130761449846215E+003  0.631874912745778E+002
  0.100000000000000E+001  0.132280065949290E+003  0.729515175827586E+002
  0.100000000000000E+001  0.101025762967695E+003  0.711723862765661E+002
  0.100000000000000E+001  0.358383107748041E+003  0.793419500811003E+002
  0.100000000000000E+001  0.117731194402420E+003  0.638491674454185E+002
  0.100000000000000E+001  0.123214013537051E+003  0.635588116800870E+002
  0.100000000000000E+001  0.802590552849825E+002  0.674620455702924E+002
  0.100000000000000E+001  0.102057287675048E+003  0.648208184145830E+002
  0.100000000000000E+001  0.197569279542410E+003  0.753908015592779E+002
  0.100000000000000E+001  0.327412836759072E+003  0.786954783520771E+002
  0.100000000000000E+001  0.796603344052474E+002  0.682627078677914E+002
  0.100000000000000E+001  0.119899848231552E+003  0.637319777943771E+002
  0.100000000000000E+001  0.139233564538526E+003  0.628019792834023E+002
  0.100000000000000E+001  0.797274386958839E+002  0.683222049999480E+002
  0.100000000000000E+001  0.134016826426034E+003  0.630358408179157E+002
  0.100000000000000E+001  0.178203775716321E+003  0.747602025676216E+002
  0.100000000000000E+001  0.151267761158993E+003  0.622987558057677E+002
  0.100000000000000E+001  0.852592141068368E+002  0.664152000941118E+002
  0.100000000000000E+001  0.940893024670875E+002  0.706163665343603E+002
  0.100000000000000E+001  0.875036968748038E+002  0.661235249717955E+002
  0.100000000000000E+001  0.141872998784785E+003  0.733801310051059E+002
  0.100000000000000E+001  0.809160420041260E+002  0.672412245436061E+002
  0.100000000000000E+001  0.111046076377968E+003  0.642330871801695E+002
  0.100000000000000E+001  0.158944420660386E+003  0.740680510132254E+002
  0.100000000000000E+001  0.279697989387245E+003  0.776144833260193E+002
  0.100000000000000E+001  0.796017680818203E+002  0.678740864392448E+002
  0.100000000000000E+001  0.799668261603920E+002  0.684730856514116E+002
  0.100000000000000E+001  0.870638973218794E+002  0.698906178043582E+002
  0.100000000000000E+001  0.106459829696428E+003  0.645206517339877E+002
  0.100000000000000E+001  0.199547487428930E+003  0.754522010260870E+002
  0.100000000000000E+001  0.808865457336985E+002  0.688178787248507E+002
  0.100000000000000E+001  0.379079818254309E+003  0.797541116724848E+002
  0.100000000000000E+001  0.346332968692806E+003  0.790949075919266E+002
  0.100000000000000E+001  0.824152599350955E+002  0.691809140175601E+002
  0.100000000000000E+001  0.153316459240448E+003  0.622174223978403E+002
  0.100000000000000E+001  0.828348957228824E+002  0.668057458293317E+002
  0.100000000000000E+001  0.100636843333882E+003  0.649238401692146E+002
  0.100000000000000E+001  0.851161738269022E+002  0.696320910267995E+002
  0.100000000000000E+001  0.879180422962122E+002  0.699932610706920E+002
  0.100000000000000E+001  0.186432669107829E+003  0.750351031467617E+002
  0.100000000000000E+001  0.905954403781245E+002  0.657828043511256E+002
  0.100000000000000E+001  0.838861683191312E+002  0.666230517725868E+002
  0.100000000000000E+001  0.195374720906018E+003  0.753220818323993E+002
  0.100000000000000E+001  0.141036936876300E+003  0.733441519855895E+002
  0.100000000000000E+001  0.160576483804253E+003  0.619379294188053E+002
  0.100000000000000E+001  0.133356663415344E+003  0.630662200186229E+002
  0.100000000000000E+001  0.360093617417173E+003  0.793765815261069E+002
  0.100000000000000E+001  0.129747356489531E+003  0.632357114384403E+002
  0.100000000000000E+001  0.795958270951974E+002  0.678828541866418E+002
  0.100000000000000E+001  0.307933397855103E+003  0.782679668716667E+002
  0.100000000000000E+001  0.188241750852156E+003  0.609735791320711E+002
  0.100000000000000E+001  0.828951215608595E+002  0.692731306523798E+002
  0.100000000000000E+001  0.965210777106102E+002  0.708239375734072E+002
  0.100000000000000E+001  0.165567785008869E+003  0.743146955726460E+002
  0.100000000000000E+001  0.357036146612072E+003  0.793146043153574E+002
  0.100000000000000E+001  0.178400464593851E+003  0.747669042352816E+002
  0.100000000000000E+001  0.845670963951642E+002  0.695512726396738E+002
  0.100000000000000E+001  0.180832078214929E+003  0.612184718191742E+002
  0.100000000000000E+001  0.213017175473797E+003  0.602102108074851E+002
  0.100000000000000E+001  0.189300101035857E+003  0.609392901335498E+002
  0.100000000000000E+001  0.230608051084247E+003  0.763570791569881E+002
  0.100000000000000E+001  0.373738566574681E+003  0.796491443475009E+002
  0.100000000000000E+001  0.165457556110894E+003  0.617570126210780E+002
  0.100000000000000E+001  0.954938536177029E+002  0.653294825257861E+002
  0.100000000000000E+001  0.815435855297343E+002  0.689909358841770E+002
  0.100000000000000E+001  0.855081756702604E+002  0.696873746029717E+002
  0.100000000000000E+001  0.126160485011804E+003  0.634103006726853E+002
  0.100000000000000E+001  0.225897661787511E+003  0.762262845375473E+002
  0.100000000000000E+001  0.142485445333522E+003  0.626613486511595E+002
  0.100000000000000E+001  0.103161555145511E+003  0.647429557231444E+002
  0.100000000000000E+001  0.332574336351747E+003  0.788059137048205E+002
  0.100000000000000E+001  0.795657485803341E+002  0.679389558345818E+002
  0.100000000000000E+001  0.136598412513304E+003  0.629187741501801E+002
  0.100000000000000E+001  0.982850239141612E+002  0.651023614999354E+002
  0.100000000000000E+001  0.143002494170082E+003  0.734283565560448E+002
  0.100000000000000E+001  0.246282756087712E+003  0.767782471633459E+002
  0.100000000000000E+001  0.109972970344338E+003  0.642983881083211E+002
  0.100000000000000E+001  0.112208635683811E+003  0.719040967299345E+002
  0.100000000000000E+001  0.194825674300698E+003  0.753047875853787E+002
  0.100000000000000E+001  0.140228845406247E+003  0.733091434387099E+002
  0.100000000000000E+001  0.281563739204533E+003  0.776590335401563E+002
  0.100000000000000E+001  0.143117442379704E+003  0.734332402991921E+002
  0.100000000000000E+001  0.819186425915391E+002  0.669907549342235E+002
  0.100000000000000E+001  0.796875905255127E+002  0.682885557222063E+002
  0.100000000000000E+001  0.798798121698790E+002  0.684250335675406E+002
  0.100000000000000E+001  0.129481135971133E+003  0.728192319822923E+002
  0.100000000000000E+001  0.149339621323615E+003  0.736913117029242E+002
  0.100000000000000E+001  0.229596349167279E+003  0.763291608668532E+002
  0.100000000000000E+001  0.212108357770957E+003  0.602368922430998E+002
  0.100000000000000E+001  0.209707520620281E+003  0.603078201980927E+002
  0.100000000000000E+001  0.879108714563630E+002  0.699924217360553E+002
  0.100000000000000E+001  0.136307707658721E+003  0.629318224760022E+002
  0.100000000000000E+001  0.270491602097392E+003  0.773915491403034E+002
  0.100000000000000E+001  0.141090095324063E+003  0.627212358780876E+002
  0.100000000000000E+001  0.795623994937936E+002  0.681202554225795E+002
  0.100000000000000E+001  0.842338783299922E+002  0.665676267023995E+002
  0.100000000000000E+001  0.198415615914878E+003  0.754171325789098E+002
  0.100000000000000E+001  0.143908162042562E+003  0.734667162154234E+002
  0.100000000000000E+001  0.833454308829688E+002  0.667138611950497E+002
  0.100000000000000E+001  0.151339625346617E+003  0.622958832832831E+002
  0.100000000000000E+001  0.218444007750502E+003  0.760149387031279E+002
  0.100000000000000E+001  0.188907042190107E+003  0.609520052858463E+002
  0.100000000000000E+001  0.311679035641708E+003  0.783515473417465E+002
  0.100000000000000E+001  0.132554992216139E+003  0.631033627646231E+002
  0.100000000000000E+001  0.821353878992202E+002  0.669441498156569E+002
  0.100000000000000E+001  0.820739097007184E+002  0.691105186938082E+002
  0.100000000000000E+001  0.117066595157383E+003  0.638857437589244E+002
  0.100000000000000E+001  0.185591073847055E+003  0.750074856733152E+002
  0.100000000000000E+001  0.136842353428310E+003  0.731598322738780E+002
  0.100000000000000E+001  0.159839791275736E+003  0.741019793660143E+002
  0.100000000000000E+001  0.133741006350301E+003  0.730191718180970E+002
  0.100000000000000E+001  0.111559802016312E+003  0.642022197087981E+002
  0.100000000000000E+001  0.212186921509270E+003  0.602345821330267E+002
  0.100000000000000E+001  0.130590186533926E+003  0.631956011213090E+002
  0.100000000000000E+001  0.110906045972219E+003  0.642415445552617E+002
  0.100000000000000E+001  0.120881514570685E+003  0.636799674910267E+002
  0.100000000000000E+001  0.954778240749439E+002  0.653308419830349E+002
  0.100000000000000E+001  0.255560325567955E+003  0.770182323938130E+002
  0.100000000000000E+001  0.126442631175952E+003  0.726713535711052E+002
  0.100000000000000E+001  0.959063981642372E+002  0.707729557703056E+002
  0.100000000000000E+001  0.895404436628482E+002  0.701747176250678E+002
  0.100000000000000E+001  0.964081740263487E+002  0.708146433640015E+002
  0.100000000000000E+001  0.795633474481166E+002  0.679449475179089E+002
  0.100000000000000E+001  0.833878559586165E+002  0.667065118702444E+002
  0.100000000000000E+001  0.142326313943863E+003  0.626681446666002E+002
  0.100000000000000E+001  0.897068711856987E+002  0.701924691777936E+002
  0.100000000000000E+001  0.115083142886045E+003  0.720708095305083E+002
  0.100000000000000E+001  0.118139265773191E+003  0.722408159835562E+002
  0.100000000000000E+001  0.933785110787683E+002  0.705524661263195E+002
  0.100000000000000E+001  0.202991012468224E+003  0.755578857776607E+002
  0.100000000000000E+001  0.928838787681428E+002  0.705070244667685E+002
  0.100000000000000E+001  0.323592484884130E+003  0.786129957726563E+002
  0.100000000000000E+001  0.120012158011372E+003  0.637259956257760E+002
  0.100000000000000E+001  0.843138601385841E+002  0.695125112829285E+002
  0.100000000000000E+001  0.170816882908414E+003  0.615641936970027E+002
  0.100000000000000E+001  0.966436602244747E+002  0.652336891207273E+002
  0.100000000000000E+001  0.103854769523564E+003  0.646950042716694E+002
  0.100000000000000E+001  0.336965926247257E+003  0.788989922984352E+002
  0.100000000000000E+001  0.800142319518311E+002  0.684971723638598E+002
  0.100000000000000E+001  0.109687072259286E+003  0.643159791397233E+002
  0.100000000000000E+001  0.125838170701837E+003  0.726413696343806E+002
  0.100000000000000E+001  0.993060731036844E+002  0.710441274876904E+002
  0.100000000000000E+001  0.202993927934390E+003  0.755579746268884E+002
  0.100000000000000E+001  0.329621589241161E+003  0.787428761797742E+002
  0.100000000000000E+001  0.132046322829748E+003  0.631270760497277E+002
  0.100000000000000E+001  0.213676051891895E+003  0.758767587279238E+002
  0.100000000000000E+001  0.218000921318033E+003  0.760021986224748E+002
  0.100000000000000E+001  0.948921259153951E+002  0.653809924701129E+002
  0.100000000000000E+001  0.802692619877600E+002  0.674579670936977E+002
  0.100000000000000E+001  0.925100634176944E+002  0.655955623226198E+002
  0.100000000000000E+001  0.126127406548918E+003  0.634119414410298E+002
  0.100000000000000E+001  0.929525369384692E+002  0.655543008938983E+002
  0.100000000000000E+001  0.143430758421710E+003  0.626211531177474E+002
  0.100000000000000E+001  0.361202972348617E+003  0.793989854149503E+002
