  0.100000000000000E+001  0.107678119380848E+003  0.751790485389587E+002
  0.100000000000000E+001  0.246844783625043E+003  0.625666456277618E+002
  0.100000000000000E+001  0.120683994825139E+003  0.673421162894778E+002
  0.100000000000000E+001  0.846616542325670E+002  0.709792698545724E+002
  0.100000000000000E+001  0.170248328579866E+003  0.783236233493534E+002
  0.100000000000000E+001  0.100056649454261E+003  0.745708326856589E+002
  0.100000000000000E+001  0.126185343387713E+003  0.670305245109138E+002
  0.100000000000000E+001  0.928935421310773E+002  0.695178651956155E+002
  0.100000000000000E+001  0.200167387154463E+003  0.793862123365119E+002
  0.100000000000000E+001  0.313777350163341E+003  0.608569690456589E+002
  0.100000000000000E+001  0.120393516555525E+003  0.760073662532233E+002
  0.100000000000000E+001  0.200248885247274E+003  0.639776523524078E+002
  0.100000000000000E+001  0.220110022371647E+003  0.633469666527827E+002
  0.100000000000000E+001  0.139093129112088E+003  0.663707040135606E+002
  0.100000000000000E+001  0.105303254936429E+003  0.683650531545342E+002
  0.100000000000000E+001  0.160662887125613E+003  0.779451694590007E+002
  0.100000000000000E+001  0.119244279927382E+003  0.759391338107592E+002
  0.100000000000000E+001  0.990251266295244E+002  0.744783640099564E+002
  0.100000000000000E+001  0.235379177989628E+003  0.628928106888911E+002
  0.100000000000000E+001  0.330375905709926E+003  0.604732645558541E+002
  0.100000000000000E+001  0.110196827403848E+003  0.753579837325767E+002
  0.100000000000000E+001  0.848161992020625E+002  0.724411423212539E+002
  0.100000000000000E+001  0.118248541048204E+003  0.758791177429573E+002
  0.100000000000000E+001  0.179474747303144E+003  0.786685624551999E+002
  0.100000000000000E+001  0.205585253012994E+003  0.795633225522210E+002
  0.100000000000000E+001  0.342137787812658E+003  0.602091332618852E+002
  0.100000000000000E+001  0.271020349332361E+003  0.619145416209628E+002
  0.100000000000000E+001  0.160750123384370E+003  0.654178422094946E+002
  0.100000000000000E+001  0.101647415837225E+003  0.686586617724095E+002
  0.100000000000000E+001  0.909416436743814E+002  0.736054414351889E+002
  0.100000000000000E+001  0.331931053722467E+003  0.604379853781138E+002
  0.100000000000000E+001  0.881917210429594E+002  0.701687254925952E+002
  0.100000000000000E+001  0.141642006193569E+003  0.662498757163932E+002
  0.100000000000000E+001  0.119342033244140E+003  0.759449801272406E+002
  0.100000000000000E+001  0.127494554789681E+003  0.764071605262917E+002
  0.100000000000000E+001  0.289976724378825E+003  0.614321932717088E+002
  0.100000000000000E+001  0.157420731920236E+003  0.778118752652093E+002
  0.100000000000000E+001  0.854820217789591E+002  0.707274911513044E+002
  0.100000000000000E+001  0.838680953453595E+002  0.719855779546625E+002
  0.100000000000000E+001  0.176607153634405E+003  0.648033519922806E+002
  0.100000000000000E+001  0.147403869725306E+003  0.659861735632541E+002
  0.100000000000000E+001  0.255711314609618E+003  0.623222061117122E+002
  0.100000000000000E+001  0.183898075296101E+003  0.645385292359383E+002
  0.100000000000000E+001  0.838623613045076E+002  0.713858515647137E+002
  0.100000000000000E+001  0.978228552380694E+002  0.689999884916778E+002
  0.100000000000000E+001  0.110582294859829E+003  0.679819538933028E+002
  0.100000000000000E+001  0.895038313613682E+002  0.734044051213539E+002
  0.100000000000000E+001  0.864235504527951E+002  0.705029602201139E+002
  0.100000000000000E+001  0.188743357638508E+003  0.643678381650524E+002
  0.100000000000000E+001  0.143441270880305E+003  0.772003835170911E+002
  0.100000000000000E+001  0.843355653105524E+002  0.722573154762254E+002
  0.100000000000000E+001  0.326044702897962E+003  0.605721100888527E+002
  0.100000000000000E+001  0.138257076560294E+003  0.769556192713235E+002
  0.100000000000000E+001  0.156392137585943E+003  0.777689768198348E+002
  0.100000000000000E+001  0.108159964640036E+003  0.681525774656857E+002
  0.100000000000000E+001  0.329351581126017E+003  0.604965625593740E+002
  0.100000000000000E+001  0.238992560338411E+003  0.627887290450068E+002
  0.100000000000000E+001  0.288577709803488E+003  0.614670130761908E+002
  0.100000000000000E+001  0.204191255399264E+003  0.795181352718654E+002
  0.100000000000000E+001  0.304509273126386E+003  0.610772545395874E+002
  0.100000000000000E+001  0.131314335176461E+003  0.667577461849659E+002
  0.100000000000000E+001  0.159365866934229E+003  0.654743703259855E+002
  0.100000000000000E+001  0.896498666662993E+002  0.699406765951971E+002
  0.100000000000000E+001  0.107669765075813E+003  0.681881192353329E+002
  0.100000000000000E+001  0.935066736534513E+002  0.739196500654879E+002
  0.100000000000000E+001  0.872525109865504E+002  0.703358995508281E+002
  0.100000000000000E+001  0.946226587884102E+002  0.740433314201223E+002
  0.100000000000000E+001  0.991160564455909E+002  0.688799212148433E+002
  0.100000000000000E+001  0.117228939489296E+003  0.758167605230225E+002
  0.100000000000000E+001  0.108519220253919E+003  0.681267552784151E+002
  0.100000000000000E+001  0.161399829529866E+003  0.779750733790422E+002
  0.100000000000000E+001  0.854588395432346E+002  0.726328700388819E+002
  0.100000000000000E+001  0.252270984750556E+003  0.624162862753217E+002
  0.100000000000000E+001  0.320788931449606E+003  0.606932497612788E+002
  0.100000000000000E+001  0.199263421915429E+003  0.640102952805220E+002
  0.100000000000000E+001  0.900776139975885E+002  0.734873202068656E+002
  0.100000000000000E+001  0.166822289797331E+003  0.781908838877058E+002
  0.100000000000000E+001  0.114354016659409E+003  0.756356403984660E+002
  0.100000000000000E+001  0.324654083174699E+003  0.606040334574952E+002
  0.100000000000000E+001  0.151331202110956E+003  0.658132172694001E+002
  0.100000000000000E+001  0.267217591909781E+003  0.620142007075763E+002
  0.100000000000000E+001  0.247339488323872E+003  0.625528348398578E+002
  0.100000000000000E+001  0.312743667600583E+003  0.608813152394494E+002
  0.100000000000000E+001  0.157734272318514E+003  0.655416668631780E+002
  0.100000000000000E+001  0.177722841964765E+003  0.786043880359417E+002
  0.100000000000000E+001  0.893785987930442E+002  0.733857714770095E+002
  0.100000000000000E+001  0.910703758069839E+002  0.736224245909607E+002
  0.100000000000000E+001  0.854060118967495E+002  0.707479660093589E+002
  0.100000000000000E+001  0.984869119135342E+002  0.689376782147265E+002
  0.100000000000000E+001  0.106243246755258E+003  0.682936681016652E+002
  0.100000000000000E+001  0.160338532727360E+003  0.779319623318205E+002
  0.100000000000000E+001  0.142882923552052E+003  0.771745462152892E+002
  0.100000000000000E+001  0.110196668286940E+003  0.680085863174764E+002
  0.100000000000000E+001  0.182163686850622E+003  0.646006285142488E+002
  0.100000000000000E+001  0.350950150881388E+003  0.600151553943244E+002
  0.100000000000000E+001  0.856492775975106E+002  0.706839132914552E+002
  0.100000000000000E+001  0.135474700515543E+003  0.665471134372326E+002
  0.100000000000000E+001  0.132123804527127E+003  0.766504948980997E+002
  0.100000000000000E+001  0.119745243958325E+003  0.759690105929026E+002
  0.100000000000000E+001  0.334686896798665E+003  0.603757382818910E+002
  0.100000000000000E+001  0.245396458527642E+003  0.626071996871914E+002
  0.100000000000000E+001  0.300187415227079E+003  0.611815569522686E+002
  0.100000000000000E+001  0.255638629694024E+003  0.623241839933077E+002
  0.100000000000000E+001  0.149942332772234E+003  0.774927656808145E+002
  0.100000000000000E+001  0.142979417133394E+003  0.661875389213415E+002
  0.100000000000000E+001  0.250926611027793E+003  0.624533104482557E+002
  0.100000000000000E+001  0.219699172803029E+003  0.633595290334471E+002
  0.100000000000000E+001  0.119240332202499E+003  0.674276614800968E+002
  0.100000000000000E+001  0.168345434444659E+003  0.651163306910088E+002
  0.100000000000000E+001  0.258037106838248E+003  0.622591364540907E+002
  0.100000000000000E+001  0.314927576000051E+003  0.608299421193826E+002
  0.100000000000000E+001  0.162963732153455E+003  0.780380678306295E+002
  0.100000000000000E+001  0.203781487718639E+003  0.795048027551302E+002
  0.100000000000000E+001  0.904728440991338E+002  0.735422836014481E+002
  0.100000000000000E+001  0.156515388834141E+003  0.777741330560078E+002
  0.100000000000000E+001  0.236892691653071E+003  0.628490654496104E+002
  0.100000000000000E+001  0.343373557588936E+003  0.601817342601363E+002
  0.100000000000000E+001  0.269376912027101E+003  0.619574859777407E+002
  0.100000000000000E+001  0.100860145433702E+003  0.746408580166724E+002
  0.100000000000000E+001  0.916186718307355E+002  0.696734063742639E+002
  0.100000000000000E+001  0.172263503264046E+003  0.649660842324624E+002
  0.100000000000000E+001  0.302275235169654E+003  0.611310414126515E+002
  0.100000000000000E+001  0.851935663898580E+002  0.708077283101594E+002
  0.100000000000000E+001  0.174062547282285E+003  0.784683483991135E+002
  0.100000000000000E+001  0.127327340468636E+003  0.669684230401044E+002
  0.100000000000000E+001  0.114550890156573E+003  0.677182517020471E+002
  0.100000000000000E+001  0.104822500733447E+003  0.749643961059865E+002
  0.100000000000000E+001  0.960500597280132E+002  0.691739022023679E+002
  0.100000000000000E+001  0.149260648873520E+003  0.774628014916707E+002
  0.100000000000000E+001  0.157448095435222E+003  0.655535466357602E+002
  0.100000000000000E+001  0.184632586692236E+003  0.788541666572070E+002
  0.100000000000000E+001  0.178472692818386E+003  0.647346304876577E+002
  0.100000000000000E+001  0.121989488950742E+003  0.672661846208098E+002
  0.100000000000000E+001  0.224250611655990E+003  0.632214025690359E+002
  0.100000000000000E+001  0.203356056276591E+003  0.794909365012870E+002
  0.100000000000000E+001  0.349343735673483E+003  0.600502747554734E+002
  0.100000000000000E+001  0.118112243524305E+003  0.758708357696735E+002
  0.100000000000000E+001  0.171024638743676E+003  0.650132251700670E+002
  0.100000000000000E+001  0.250111609144331E+003  0.624758281579468E+002
  0.100000000000000E+001  0.126330814924402E+003  0.670225678211872E+002
  0.100000000000000E+001  0.282716878199587E+003  0.616141909050391E+002
  0.100000000000000E+001  0.157195994559492E+003  0.655640309526717E+002
  0.100000000000000E+001  0.134367096798135E+003  0.666023367105381E+002
  0.100000000000000E+001  0.137054123696262E+003  0.768971813833444E+002
  0.100000000000000E+001  0.131265271808907E+003  0.766062750691940E+002
  0.100000000000000E+001  0.873179092278078E+002  0.730429659242076E+002
  0.100000000000000E+001  0.107861579613437E+003  0.751923901115925E+002
  0.100000000000000E+001  0.275185850031418E+003  0.618065300786679E+002
  0.100000000000000E+001  0.139324129731094E+003  0.770069184892802E+002
  0.100000000000000E+001  0.129309473056313E+003  0.765040248613522E+002
  0.100000000000000E+001  0.133287554935124E+003  0.666567446728666E+002
  0.100000000000000E+001  0.127051475989086E+003  0.669833493021534E+002
  0.100000000000000E+001  0.163473647198895E+003  0.780584727936635E+002
  0.100000000000000E+001  0.170835754764524E+003  0.650204418346993E+002
  0.100000000000000E+001  0.194238343090827E+003  0.791876030401095E+002
  0.100000000000000E+001  0.281243951213243E+003  0.616515187202532E+002
  0.100000000000000E+001  0.927678843015756E+002  0.738338626993625E+002
  0.100000000000000E+001  0.176612686180419E+003  0.785634118480286E+002
  0.100000000000000E+001  0.925601216972652E+002  0.695574450582445E+002
  0.100000000000000E+001  0.131539674677503E+003  0.766204516046967E+002
  0.100000000000000E+001  0.151294965282226E+003  0.658147898083792E+002
  0.100000000000000E+001  0.121584706212966E+003  0.760769713181888E+002
  0.100000000000000E+001  0.120253257209174E+003  0.673674624472306E+002
  0.100000000000000E+001  0.838707418448873E+002  0.719877996204730E+002
  0.100000000000000E+001  0.106977025016143E+003  0.751275875718390E+002
  0.100000000000000E+001  0.155642148348992E+003  0.777375062342681E+002
  0.100000000000000E+001  0.206662177487369E+003  0.795980550779575E+002
  0.100000000000000E+001  0.288946642122105E+003  0.614578192796956E+002
  0.100000000000000E+001  0.320573695063893E+003  0.606982391941537E+002
  0.100000000000000E+001  0.921296408460068E+002  0.696096638931663E+002
  0.100000000000000E+001  0.235580864005344E+003  0.628869687739585E+002
  0.100000000000000E+001  0.899506210162036E+002  0.734693006731230E+002
  0.100000000000000E+001  0.840650732297840E+002  0.721211453115603E+002
  0.100000000000000E+001  0.158562045587085E+003  0.778591260304778E+002
  0.100000000000000E+001  0.211949423082285E+003  0.636001466098282E+002
  0.100000000000000E+001  0.861171173419859E+002  0.705710501506918E+002
  0.100000000000000E+001  0.192133883302463E+003  0.642507265857065E+002
  0.100000000000000E+001  0.974300737600374E+002  0.690375348773010E+002
  0.100000000000000E+001  0.867510309720441E+002  0.704342899893440E+002
  0.100000000000000E+001  0.158011984419285E+003  0.655301604091107E+002
  0.100000000000000E+001  0.173918380161095E+003  0.649036246567858E+002
  0.100000000000000E+001  0.207674123610421E+003  0.637360054034975E+002
  0.100000000000000E+001  0.916989354857589E+002  0.696632604581570E+002
  0.100000000000000E+001  0.106269783888588E+003  0.682916746203414E+002
  0.100000000000000E+001  0.306532169789257E+003  0.610287853681626E+002
  0.100000000000000E+001  0.852498527268087E+002  0.707915045305804E+002
  0.100000000000000E+001  0.157724107993631E+003  0.655420884109392E+002
  0.100000000000000E+001  0.135039480792322E+003  0.767978173708525E+002
  0.100000000000000E+001  0.147764037475568E+003  0.659700940148359E+002
  0.100000000000000E+001  0.169449264062267E+003  0.650736564927415E+002
  0.100000000000000E+001  0.839127079075462E+002  0.720210817388500E+002
  0.100000000000000E+001  0.129537847591342E+003  0.668504830580069E+002
  0.100000000000000E+001  0.142261313402725E+003  0.662209213350140E+002
  0.100000000000000E+001  0.149609981731464E+003  0.774781761690890E+002
  0.100000000000000E+001  0.155734961810213E+003  0.777414096793347E+002
  0.100000000000000E+001  0.899306984852590E+002  0.734664572629047E+002
  0.100000000000000E+001  0.115772999158308E+003  0.676405084774703E+002
  0.100000000000000E+001  0.188704075808616E+003  0.643692059806372E+002
  0.100000000000000E+001  0.162855208247077E+003  0.653328423881519E+002
  0.100000000000000E+001  0.978436499394795E+002  0.689980153374678E+002
  0.100000000000000E+001  0.126856174089141E+003  0.669939452706674E+002
  0.100000000000000E+001  0.875547030279716E+002  0.730866225904512E+002
  0.100000000000000E+001  0.178245436931694E+003  0.647429655928398E+002
  0.100000000000000E+001  0.149838286641814E+003  0.658783568039142E+002
  0.100000000000000E+001  0.922203375850592E+002  0.695985532999400E+002
  0.100000000000000E+001  0.321909655916664E+003  0.606673065666642E+002
  0.100000000000000E+001  0.836915620195378E+002  0.717214483545204E+002
  0.100000000000000E+001  0.121601056947978E+003  0.672886399468457E+002
  0.100000000000000E+001  0.123540754001232E+003  0.671776215016100E+002
  0.100000000000000E+001  0.878293693852728E+002  0.731356186720261E+002
  0.100000000000000E+001  0.846264866676852E+002  0.709921102427288E+002
  0.100000000000000E+001  0.144717370964191E+003  0.772589850454530E+002
  0.100000000000000E+001  0.210224967175455E+003  0.797118899666522E+002
  0.100000000000000E+001  0.283872722008829E+003  0.615849954270985E+002
  0.100000000000000E+001  0.105016742451905E+003  0.683871189565531E+002
  0.100000000000000E+001  0.217845784340450E+003  0.634164366371751E+002
  0.100000000000000E+001  0.122259991470638E+003  0.672506140130278E+002
  0.100000000000000E+001  0.154950102530953E+003  0.777083212154127E+002
  0.100000000000000E+001  0.282782920390652E+003  0.616125204643723E+002
  0.100000000000000E+001  0.877802223006280E+002  0.702395852487622E+002
  0.100000000000000E+001  0.181463143823200E+003  0.646258661804328E+002
  0.100000000000000E+001  0.965882464845203E+002  0.742467012696802E+002
  0.100000000000000E+001  0.123047495667452E+003  0.761609668994348E+002
  0.100000000000000E+001  0.149587876801240E+003  0.774772045061662E+002
  0.100000000000000E+001  0.843245852399667E+002  0.722524226859279E+002
  0.100000000000000E+001  0.847773638174553E+002  0.709385829387484E+002
  0.100000000000000E+001  0.221669975274307E+003  0.632994400230273E+002
  0.100000000000000E+001  0.208860232294078E+003  0.636980820185485E+002
  0.100000000000000E+001  0.847144960729111E+002  0.709604049350028E+002
  0.100000000000000E+001  0.120544077724962E+003  0.673503332586715E+002
  0.100000000000000E+001  0.180755623702281E+003  0.787151118821995E+002
  0.100000000000000E+001  0.856239961764898E+002  0.726761814603512E+002
  0.100000000000000E+001  0.129946391012366E+003  0.765375597702950E+002
  0.100000000000000E+001  0.199340467021441E+003  0.640077382014496E+002
  0.100000000000000E+001  0.111711392597733E+003  0.754615043248460E+002
  0.100000000000000E+001  0.107967425420565E+003  0.752000643932781E+002
  0.100000000000000E+001  0.198572055077379E+003  0.640332795631478E+002
  0.100000000000000E+001  0.290125142961074E+003  0.614285062468708E+002
  0.100000000000000E+001  0.837464778945820E+002  0.715117235524352E+002
  0.100000000000000E+001  0.226930679765175E+003  0.631411129521373E+002
  0.100000000000000E+001  0.952117878033953E+002  0.692604811183349E+002
  0.100000000000000E+001  0.151101730479756E+003  0.658231825804632E+002
  0.100000000000000E+001  0.290803359040620E+003  0.614116747972215E+002
  0.100000000000000E+001  0.138627283568653E+003  0.663930854721327E+002
  0.100000000000000E+001  0.157978450604446E+003  0.778350103470006E+002
  0.100000000000000E+001  0.120123965587066E+003  0.673750995308763E+002
  0.100000000000000E+001  0.947542734771126E+002  0.693090658321097E+002
  0.100000000000000E+001  0.183645410582234E+003  0.788190168278246E+002
  0.100000000000000E+001  0.307963487560753E+003  0.609946233669977E+002
  0.100000000000000E+001  0.149917659554506E+003  0.658748751834726E+002
  0.100000000000000E+001  0.185911092305882E+003  0.788994352363609E+002
  0.100000000000000E+001  0.107145521060657E+003  0.751400252712754E+002
  0.100000000000000E+001  0.112135537033019E+003  0.678765689468786E+002
  0.100000000000000E+001  0.179439776056744E+003  0.646992718371078E+002
  0.100000000000000E+001  0.265657269625959E+003  0.620553906327935E+002
  0.100000000000000E+001  0.287273689617797E+003  0.614995757863829E+002
  0.100000000000000E+001  0.280810428878118E+003  0.616625317935598E+002
  0.100000000000000E+001  0.109818472974638E+003  0.753316646801671E+002
  0.100000000000000E+001  0.292715784886807E+003  0.613643615239369E+002
  0.100000000000000E+001  0.862167066169425E+002  0.728180859797959E+002
  0.100000000000000E+001  0.147343871658064E+003  0.659888565653157E+002
  0.100000000000000E+001  0.869798917625436E+002  0.729780993212408E+002
  0.100000000000000E+001  0.130252572242658E+003  0.668129604237055E+002
  0.100000000000000E+001  0.126480958044418E+003  0.670143698350465E+002
  0.100000000000000E+001  0.149225928417595E+003  0.659052878654319E+002
  0.100000000000000E+001  0.126004042954589E+003  0.670404599797689E+002
  0.100000000000000E+001  0.837041159200057E+002  0.715946684616854E+002
  0.100000000000000E+001  0.204927207581608E+003  0.795420239860208E+002
  0.100000000000000E+001  0.859914664156129E+002  0.706002067698295E+002
  0.100000000000000E+001  0.217732456429939E+003  0.799466299781481E+002
  0.100000000000000E+001  0.123298751716187E+003  0.761752363440618E+002
  0.100000000000000E+001  0.216935056138070E+003  0.634445442398946E+002
  0.100000000000000E+001  0.853823273941750E+002  0.707544381514380E+002
  0.100000000000000E+001  0.278714597010220E+003  0.617159452989829E+002
  0.100000000000000E+001  0.837877984130913E+002  0.714586009635141E+002
  0.100000000000000E+001  0.271873607956618E+003  0.618923195614098E+002
  0.100000000000000E+001  0.132838982308925E+003  0.666795263202356E+002
  0.100000000000000E+001  0.838841407706465E+002  0.713677513544787E+002
  0.100000000000000E+001  0.191453741819789E+003  0.642740708168068E+002
  0.100000000000000E+001  0.891166293747492E+002  0.733461173192761E+002
  0.100000000000000E+001  0.200230928361656E+003  0.639782459272948E+002
  0.100000000000000E+001  0.121420856818569E+003  0.672990964045252E+002
  0.100000000000000E+001  0.345856155449439E+003  0.601268874108939E+002
  0.100000000000000E+001  0.837296326467350E+002  0.718276759882156E+002
  0.100000000000000E+001  0.192375131451484E+003  0.642424639156059E+002
  0.100000000000000E+001  0.124474198348270E+003  0.671251594910141E+002
  0.100000000000000E+001  0.106842659243621E+003  0.682489220712643E+002
  0.100000000000000E+001  0.108197535959063E+003  0.752166909019447E+002
  0.100000000000000E+001  0.853625195186544E+002  0.707598857808104E+002
  0.100000000000000E+001  0.140037341914587E+003  0.663256262959837E+002
  0.100000000000000E+001  0.305248578092748E+003  0.610595149447377E+002
  0.100000000000000E+001  0.162340611142637E+003  0.653535155526142E+002
  0.100000000000000E+001  0.836894360615097E+002  0.717026155033764E+002
  0.100000000000000E+001  0.227008563532665E+003  0.631387909871813E+002
  0.100000000000000E+001  0.866831427866622E+002  0.704482118851669E+002
  0.100000000000000E+001  0.295295837655948E+003  0.613008728561016E+002
  0.100000000000000E+001  0.159148479333764E+003  0.778832645331438E+002
  0.100000000000000E+001  0.168302817103501E+003  0.782485751767946E+002
  0.100000000000000E+001  0.265340268020124E+003  0.620637805065452E+002
  0.100000000000000E+001  0.112188218640459E+003  0.754935133286599E+002
