  0.100000000000000E+001  0.877802223006280E+002  0.702395852487622E+002
  0.100000000000000E+001  0.882638425431143E+002  0.701566449299994E+002
  0.100000000000000E+001  0.887863011224641E+002  0.700718336619113E+002
  0.100000000000000E+001  0.888074439873852E+002  0.700684952934944E+002
  0.100000000000000E+001  0.888309447850737E+002  0.700647926981148E+002
  0.100000000000000E+001  0.888744711603784E+002  0.700579573129948E+002
  0.100000000000000E+001  0.899473022627148E+002  0.698977316973505E+002
  0.100000000000000E+001  0.889796939980788E+002  0.733250083558882E+002
  0.100000000000000E+001  0.893785987930442E+002  0.733857714770095E+002
  0.100000000000000E+001  0.899479306339098E+002  0.734689169572038E+002
  0.100000000000000E+001  0.871977192677489E+002  0.730202617154336E+002
  0.100000000000000E+001  0.871406868850186E+002  0.730093521571607E+002
  0.100000000000000E+001  0.868557099850822E+002  0.729534366469406E+002
  0.100000000000000E+001  0.865253825688947E+002  0.728853725694787E+002
  0.100000000000000E+001  0.864063876504407E+002  0.728598893689014E+002
  0.100000000000000E+001  0.862250816128382E+002  0.728199641689145E+002
  0.100000000000000E+001  0.862167066169425E+002  0.728180859797959E+002
  0.100000000000000E+001  0.861638813394240E+002  0.728061669063348E+002
  0.100000000000000E+001  0.860776851098054E+002  0.727864418080280E+002
  0.100000000000000E+001  0.859373423144250E+002  0.727535483140328E+002
  0.100000000000000E+001  0.857960098787839E+002  0.727193680387042E+002
  0.100000000000000E+001  0.856906430169901E+002  0.726931333196334E+002
  0.100000000000000E+001  0.856494549159247E+002  0.726826909210742E+002
  0.100000000000000E+001  0.856239961764898E+002  0.726761814603512E+002
  0.100000000000000E+001  0.854540124276445E+002  0.726315744014957E+002
  0.100000000000000E+001  0.854188774136399E+002  0.726220900041746E+002
  0.100000000000000E+001  0.853713735110220E+002  0.726091122572493E+002
  0.100000000000000E+001  0.852865204474845E+002  0.725854665451351E+002
  0.100000000000000E+001  0.852247469905725E+002  0.725678548618708E+002
  0.100000000000000E+001  0.851443896218897E+002  0.725444060201911E+002
  0.100000000000000E+001  0.851429314352328E+002  0.725439746096743E+002
  0.100000000000000E+001  0.851398844722989E+002  0.725430724544375E+002
  0.100000000000000E+001  0.851212264413980E+002  0.725375273411778E+002
  0.100000000000000E+001  0.851161242889030E+002  0.725360047176527E+002
  0.100000000000000E+001  0.876245878650416E+002  0.702673092796534E+002
  0.100000000000000E+001  0.872525109865504E+002  0.703358995508281E+002
  0.100000000000000E+001  0.870988676234788E+002  0.703652637301450E+002
  0.100000000000000E+001  0.869916683238864E+002  0.703861452012078E+002
  0.100000000000000E+001  0.867913753010651E+002  0.704260895694176E+002
  0.100000000000000E+001  0.865851388517547E+002  0.704685910522657E+002
  0.100000000000000E+001  0.864492766944701E+002  0.704974216857148E+002
  0.100000000000000E+001  0.863917814991674E+002  0.705098357461491E+002
  0.100000000000000E+001  0.861732212993452E+002  0.705582755311339E+002
  0.100000000000000E+001  0.861644803599852E+002  0.705602562475429E+002
  0.100000000000000E+001  0.857707613600586E+002  0.706534165873841E+002
  0.100000000000000E+001  0.856581639177460E+002  0.706816510352679E+002
  0.100000000000000E+001  0.856296657114149E+002  0.706889242479933E+002
  0.100000000000000E+001  0.856095038103332E+002  0.706941021986154E+002
  0.100000000000000E+001  0.855521199446693E+002  0.707089900493817E+002
  0.100000000000000E+001  0.854820217789591E+002  0.707274911513044E+002
  0.100000000000000E+001  0.854483975619457E+002  0.707364939263270E+002
  0.100000000000000E+001  0.854304639866460E+002  0.707413307668559E+002
  0.100000000000000E+001  0.854248488431956E+002  0.707428503336600E+002
  0.100000000000000E+001  0.854060118967495E+002  0.707479660093589E+002
  0.100000000000000E+001  0.853823273941750E+002  0.707544381514380E+002
  0.100000000000000E+001  0.853625195186544E+002  0.707598857808104E+002
  0.100000000000000E+001  0.852498527268087E+002  0.707915045305804E+002
  0.100000000000000E+001  0.851996417695285E+002  0.708059627196932E+002
  0.100000000000000E+001  0.851935663898580E+002  0.708077283101594E+002
  0.100000000000000E+001  0.851075186101517E+002  0.708331286550851E+002
  0.100000000000000E+001  0.850908761798558E+002  0.725284296096839E+002
  0.100000000000000E+001  0.849966854190777E+002  0.708670092350106E+002
  0.100000000000000E+001  0.849941446229792E+002  0.708678024349265E+002
  0.100000000000000E+001  0.849424250670721E+002  0.724824393853156E+002
  0.100000000000000E+001  0.849102110544600E+002  0.724721054924128E+002
  0.100000000000000E+001  0.848845621421385E+002  0.724637797786503E+002
  0.100000000000000E+001  0.848659829843948E+002  0.724576930285721E+002
  0.100000000000000E+001  0.848556476500585E+002  0.724542862516943E+002
  0.100000000000000E+001  0.848523468324202E+002  0.709133639750390E+002
  0.100000000000000E+001  0.848438552966034E+002  0.709161782945852E+002
  0.100000000000000E+001  0.848197088999314E+002  0.709242380703949E+002
  0.100000000000000E+001  0.848161992020625E+002  0.724411423212539E+002
  0.100000000000000E+001  0.848020916595659E+002  0.709301729147260E+002
  0.100000000000000E+001  0.847702588088416E+002  0.709410169991583E+002
  0.100000000000000E+001  0.847591303885058E+002  0.709448455395959E+002
  0.100000000000000E+001  0.847402568139243E+002  0.724151745711320E+002
  0.100000000000000E+001  0.847332146812353E+002  0.724127197486555E+002
  0.100000000000000E+001  0.847296909640243E+002  0.709550707142003E+002
  0.100000000000000E+001  0.847183571821382E+002  0.709590457555331E+002
  0.100000000000000E+001  0.847093033786276E+002  0.709622368960275E+002
  0.100000000000000E+001  0.846699862911262E+002  0.709762618212344E+002
  0.100000000000000E+001  0.846484444612433E+002  0.723824936641857E+002
  0.100000000000000E+001  0.846264866676852E+002  0.709921102427288E+002
  0.100000000000000E+001  0.846257987801664E+002  0.723741952373303E+002
  0.100000000000000E+001  0.845988169237078E+002  0.723641758080480E+002
  0.100000000000000E+001  0.845815298652173E+002  0.710088808140057E+002
  0.100000000000000E+001  0.845457130779701E+002  0.723440126215986E+002
  0.100000000000000E+001  0.845362408571995E+002  0.710262079628053E+002
  0.100000000000000E+001  0.845228921766065E+002  0.710314029162794E+002
  0.100000000000000E+001  0.845102112923369E+002  0.710363766196536E+002
  0.100000000000000E+001  0.845073808220645E+002  0.710374920176031E+002
  0.100000000000000E+001  0.845010471863822E+002  0.723265641143472E+002
  0.100000000000000E+001  0.844995920182583E+002  0.710405713286595E+002
  0.100000000000000E+001  0.844742575024861E+002  0.723158680040886E+002
  0.100000000000000E+001  0.844690880584318E+002  0.723137831552617E+002
  0.100000000000000E+001  0.844675347227550E+002  0.723131553430539E+002
  0.100000000000000E+001  0.844461317549149E+002  0.723044402959400E+002
  0.100000000000000E+001  0.844389397898846E+002  0.723014842313148E+002
  0.100000000000000E+001  0.844197857272994E+002  0.722935416214830E+002
  0.100000000000000E+001  0.844076249246609E+002  0.722884448052223E+002
  0.100000000000000E+001  0.844070066067858E+002  0.710783745116598E+002
  0.100000000000000E+001  0.843894702957842E+002  0.722807549666719E+002
  0.100000000000000E+001  0.843752468066256E+002  0.710918986169050E+002
  0.100000000000000E+001  0.843675930546794E+002  0.710952042782125E+002
  0.100000000000000E+001  0.843636190881356E+002  0.722696310336591E+002
  0.100000000000000E+001  0.843570548470386E+002  0.710997863815419E+002
  0.100000000000000E+001  0.843470795528348E+002  0.711041571254540E+002
  0.100000000000000E+001  0.843468247057673E+002  0.722622898005272E+002
  0.100000000000000E+001  0.843322168366567E+002  0.711107312153115E+002
  0.100000000000000E+001  0.842889187720476E+002  0.722362308374751E+002
  0.100000000000000E+001  0.842731563618987E+002  0.722289219503408E+002
  0.100000000000000E+001  0.842664544457497E+002  0.711407745222935E+002
  0.100000000000000E+001  0.842543623246853E+002  0.722200772743030E+002
  0.100000000000000E+001  0.842414853937641E+002  0.722139321535554E+002
  0.100000000000000E+001  0.842414486563532E+002  0.722139145199468E+002
  0.100000000000000E+001  0.842227888088514E+002  0.722048809269396E+002
  0.100000000000000E+001  0.841838881557337E+002  0.721855261965830E+002
  0.100000000000000E+001  0.841795793041437E+002  0.721833362774829E+002
  0.100000000000000E+001  0.841681979794909E+002  0.721775052002034E+002
  0.100000000000000E+001  0.841662598074701E+002  0.721765053330475E+002
  0.100000000000000E+001  0.841621085268734E+002  0.721743569142526E+002
  0.100000000000000E+001  0.841545488316330E+002  0.721704201957586E+002
  0.100000000000000E+001  0.841169862121420E+002  0.721503676695436E+002
  0.100000000000000E+001  0.840896074034027E+002  0.721351914090853E+002
  0.100000000000000E+001  0.840722923794269E+002  0.721253247031311E+002
  0.100000000000000E+001  0.840694560862811E+002  0.721236874145004E+002
  0.100000000000000E+001  0.840519827505772E+002  0.721134632676205E+002
  0.100000000000000E+001  0.840441196482078E+002  0.721087821986570E+002
  0.100000000000000E+001  0.840335923514981E+002  0.721024332394033E+002
  0.100000000000000E+001  0.840307545184451E+002  0.721007052327431E+002
  0.100000000000000E+001  0.840111070598074E+002  0.720885395023030E+002
  0.100000000000000E+001  0.840012830979715E+002  0.720823174237277E+002
  0.100000000000000E+001  0.839847476955599E+002  0.720716195546635E+002
  0.100000000000000E+001  0.839606084808004E+002  0.720554505474690E+002
  0.100000000000000E+001  0.839578656982549E+002  0.720535687020574E+002
  0.100000000000000E+001  0.839370535355410E+002  0.720389650502320E+002
  0.100000000000000E+001  0.839332865856690E+002  0.720362572559306E+002
  0.100000000000000E+001  0.839293596551867E+002  0.720334121695897E+002
  0.100000000000000E+001  0.839127079075462E+002  0.720210817388500E+002
  0.100000000000000E+001  0.839074829360180E+002  0.720171188478696E+002
  0.100000000000000E+001  0.838965434387732E+002  0.720086654901442E+002
  0.100000000000000E+001  0.838905631539244E+002  0.720039501059670E+002
  0.100000000000000E+001  0.838881242166561E+002  0.720020070063928E+002
  0.100000000000000E+001  0.838707418448873E+002  0.719877996204730E+002
  0.100000000000000E+001  0.838585084203132E+002  0.719773895120587E+002
  0.100000000000000E+001  0.838449555209950E+002  0.719654084485114E+002
  0.100000000000000E+001  0.838355197688471E+002  0.719567572792877E+002
  0.100000000000000E+001  0.838337709127927E+002  0.719551235995545E+002
  0.100000000000000E+001  0.838288076464258E+002  0.719504328019901E+002
  0.100000000000000E+001  0.838139455119755E+002  0.719358661113886E+002
  0.100000000000000E+001  0.837994749227506E+002  0.719208264679916E+002
  0.100000000000000E+001  0.837949140705313E+002  0.719158848036472E+002
  0.100000000000000E+001  0.837869273157803E+002  0.719069683694654E+002
  0.100000000000000E+001  0.842467211541277E+002  0.711501197168262E+002
  0.100000000000000E+001  0.842237377959345E+002  0.711612148985634E+002
  0.100000000000000E+001  0.841746413165814E+002  0.711857442658866E+002
  0.100000000000000E+001  0.841690726133724E+002  0.711886032753092E+002
  0.100000000000000E+001  0.841652546841914E+002  0.711905730116688E+002
  0.100000000000000E+001  0.841626091797371E+002  0.711919425051210E+002
  0.100000000000000E+001  0.841559405296530E+002  0.711954117116590E+002
  0.100000000000000E+001  0.841409354492707E+002  0.712033094269078E+002
  0.100000000000000E+001  0.841158235994838E+002  0.712168257572275E+002
  0.100000000000000E+001  0.841033083630404E+002  0.712237104271585E+002
  0.100000000000000E+001  0.840826477198411E+002  0.712353073624687E+002
  0.100000000000000E+001  0.840789595204073E+002  0.712374092971969E+002
  0.100000000000000E+001  0.840538965347794E+002  0.712519641250763E+002
  0.100000000000000E+001  0.840432310131920E+002  0.712583090883859E+002
  0.100000000000000E+001  0.840343211345905E+002  0.712636831613448E+002
  0.100000000000000E+001  0.840321054200756E+002  0.712650303102347E+002
  0.100000000000000E+001  0.840265280769884E+002  0.712684406859793E+002
  0.100000000000000E+001  0.839893095790359E+002  0.712919588623251E+002
  0.100000000000000E+001  0.839849463405593E+002  0.712948092013413E+002
  0.100000000000000E+001  0.839801186181420E+002  0.712979875424135E+002
  0.100000000000000E+001  0.839553099123085E+002  0.713147525136239E+002
  0.100000000000000E+001  0.839454688920938E+002  0.713216179933443E+002
  0.100000000000000E+001  0.839232632357738E+002  0.713376101395757E+002
  0.100000000000000E+001  0.839139331153250E+002  0.713445547313818E+002
  0.100000000000000E+001  0.839090965052968E+002  0.713482113560258E+002
  0.100000000000000E+001  0.839020963086076E+002  0.713535755342713E+002
  0.100000000000000E+001  0.838989115902577E+002  0.713560450518427E+002
  0.100000000000000E+001  0.838841407706465E+002  0.713677513544787E+002
  0.100000000000000E+001  0.838631878008502E+002  0.713851446303126E+002
  0.100000000000000E+001  0.838527438546723E+002  0.713942048193907E+002
  0.100000000000000E+001  0.838360588417093E+002  0.714093001354717E+002
  0.100000000000000E+001  0.838281128514017E+002  0.714167894602111E+002
  0.100000000000000E+001  0.838280918588595E+002  0.714168095250720E+002
  0.100000000000000E+001  0.838211231023539E+002  0.714235559790024E+002
  0.100000000000000E+001  0.838148438952335E+002  0.714297886142787E+002
  0.100000000000000E+001  0.838134628770004E+002  0.714311800604218E+002
  0.100000000000000E+001  0.838131663822532E+002  0.714314797965738E+002
  0.100000000000000E+001  0.838086362835257E+002  0.714361046181735E+002
  0.100000000000000E+001  0.838036110481215E+002  0.714413383352625E+002
  0.100000000000000E+001  0.837958772102058E+002  0.714496219547408E+002
  0.100000000000000E+001  0.837949086200293E+002  0.714506801859570E+002
  0.100000000000000E+001  0.837893656148775E+002  0.714568312943344E+002
  0.100000000000000E+001  0.837886305730345E+002  0.714576595680995E+002
  0.100000000000000E+001  0.837869281320060E+002  0.714595897223384E+002
  0.100000000000000E+001  0.837790544920476E+002  0.718978167478800E+002
  0.100000000000000E+001  0.837714716816133E+002  0.718886169934754E+002
  0.100000000000000E+001  0.837706792983437E+002  0.718876317444907E+002
  0.100000000000000E+001  0.837584829140306E+002  0.714947406558711E+002
  0.100000000000000E+001  0.837516044458247E+002  0.715042740553674E+002
  0.100000000000000E+001  0.837505952758135E+002  0.715057157932341E+002
  0.100000000000000E+001  0.837629673522943E+002  0.718777822315948E+002
  0.100000000000000E+001  0.837577639101441E+002  0.718708445217555E+002
  0.100000000000000E+001  0.837542627412420E+002  0.718660282724502E+002
  0.100000000000000E+001  0.837469823029167E+002  0.718555827213167E+002
  0.100000000000000E+001  0.837456316297009E+002  0.718535744097611E+002
  0.100000000000000E+001  0.837432192188806E+002  0.718499271967719E+002
  0.100000000000000E+001  0.837413791069828E+002  0.718470906322700E+002
  0.100000000000000E+001  0.837396769624378E+002  0.718444222967633E+002
  0.100000000000000E+001  0.837396522411863E+002  0.718443832173518E+002
  0.100000000000000E+001  0.837389021095507E+002  0.718431928661152E+002
  0.100000000000000E+001  0.837387251084012E+002  0.718429106963700E+002
  0.100000000000000E+001  0.837378440015788E+002  0.715250604453604E+002
  0.100000000000000E+001  0.837340374533797E+002  0.715313117952917E+002
  0.100000000000000E+001  0.837326459143411E+002  0.718328967735606E+002
  0.100000000000000E+001  0.837323029586046E+002  0.715342472289301E+002
  0.100000000000000E+001  0.837317485651852E+002  0.715351977475902E+002
  0.100000000000000E+001  0.837316769313502E+002  0.715353210107177E+002
  0.100000000000000E+001  0.837310489397048E+002  0.715364060490127E+002
  0.100000000000000E+001  0.837295193615929E+002  0.718274760236993E+002
  0.100000000000000E+001  0.837282878108616E+002  0.718252839914930E+002
  0.100000000000000E+001  0.837252906398903E+002  0.715467566563949E+002
  0.100000000000000E+001  0.837203745445336E+002  0.718102999475828E+002
  0.100000000000000E+001  0.837203096402896E+002  0.715563892876900E+002
  0.100000000000000E+001  0.837203033352412E+002  0.718101570768913E+002
  0.100000000000000E+001  0.837156912229280E+002  0.718005333801039E+002
  0.100000000000000E+001  0.837153589584706E+002  0.715667496357155E+002
  0.100000000000000E+001  0.837151773546048E+002  0.717994117682989E+002
  0.100000000000000E+001  0.837143428925370E+002  0.715689920676136E+002
  0.100000000000000E+001  0.837105391811708E+002  0.717887497842340E+002
  0.100000000000000E+001  0.837101138747974E+002  0.717877176461202E+002
  0.100000000000000E+001  0.837088284440938E+002  0.717845342164936E+002
  0.100000000000000E+001  0.837076588910502E+002  0.717815482023969E+002
  0.100000000000000E+001  0.837071433371666E+002  0.717802027199679E+002
  0.100000000000000E+001  0.837047400501436E+002  0.715928922610803E+002
  0.100000000000000E+001  0.837038651664775E+002  0.715953921842316E+002
  0.100000000000000E+001  0.837021858056858E+002  0.717661571451712E+002
  0.100000000000000E+001  0.837011663929010E+002  0.717629626661794E+002
  0.100000000000000E+001  0.837011614515171E+002  0.716036121515209E+002
  0.100000000000000E+001  0.836973282762063E+002  0.716169904622612E+002
  0.100000000000000E+001  0.836959342997151E+002  0.717439765875611E+002
  0.100000000000000E+001  0.836946095913885E+002  0.717381367629090E+002
  0.100000000000000E+001  0.836932069024873E+002  0.716353756779600E+002
  0.100000000000000E+001  0.836923442935359E+002  0.716402056521716E+002
  0.100000000000000E+001  0.836921634632800E+002  0.716412885484683E+002
  0.100000000000000E+001  0.836914979307530E+002  0.716455407598726E+002
  0.100000000000000E+001  0.836914245423558E+002  0.717205196592263E+002
  0.100000000000000E+001  0.836913366624374E+002  0.716466453470885E+002
  0.100000000000000E+001  0.836908262291677E+002  0.716503850863828E+002
  0.100000000000000E+001  0.836897261370340E+002  0.716604399088147E+002
  0.100000000000000E+001  0.836892371679663E+002  0.716667700389454E+002
  0.100000000000000E+001  0.836889901896450E+002  0.716711654724079E+002
  0.100000000000000E+001  0.836887082581904E+002  0.716850491949237E+002
