  0.716821396873393E+002 -0.418443523303548E+002
  0.716824164932478E+002 -0.418443517861956E+002
  0.716823763189627E+002 -0.418443518558413E+002
  0.716820770560471E+002 -0.418443524743453E+002
  0.716821305088499E+002 -0.418443523509747E+002
  0.716825299540927E+002 -0.418443516066106E+002
  0.716825995875088E+002 -0.418443515089094E+002
  0.716825815437410E+002 -0.418443515333126E+002
  0.716825915313352E+002 -0.418443515197260E+002
  0.716818577945929E+002 -0.418443530390984E+002
  0.716820822276255E+002 -0.418443524621641E+002
  0.716826211485437E+002 -0.418443514805875E+002
  0.716824377555917E+002 -0.418443517506175E+002
  0.716818349626878E+002 -0.418443531033320E+002
  0.716826508594695E+002 -0.418443514430554E+002
  0.716822230806986E+002 -0.418443521505844E+002
  0.716823460894984E+002 -0.418443519103357E+002
  0.716823007421153E+002 -0.418443519954471E+002
  0.716818328840229E+002 -0.418443531092308E+002
  0.716827108383691E+002 -0.418443513725675E+002
  0.716822828030066E+002 -0.418443520302309E+002
  0.716826744835758E+002 -0.418443514144491E+002
  0.716826025211077E+002 -0.418443515050023E+002
  0.716822931014174E+002 -0.418443520101851E+002
  0.716825348458813E+002 -0.418443515994362E+002
  0.716817890306913E+002 -0.418443532356540E+002
  0.716820971118337E+002 -0.418443524273986E+002
  0.716818614906358E+002 -0.418443530287964E+002
  0.716823721324499E+002 -0.418443518632813E+002
  0.716818717591564E+002 -0.418443530003158E+002
  0.716826782192176E+002 -0.418443514100260E+002
  0.716823603046653E+002 -0.418443518844867E+002
  0.716826398641624E+002 -0.418443514567432E+002
  0.716824677848933E+002 -0.418443517018817E+002
  0.716822611241742E+002 -0.418443520731090E+002
  0.716818313521586E+002 -0.418443531135834E+002
  0.716821688570161E+002 -0.418443522659215E+002
  0.716823406662516E+002 -0.418443519203020E+002
  0.716824484128073E+002 -0.418443517331188E+002
  0.716820324598883E+002 -0.418443525815664E+002
  0.716823214120454E+002 -0.418443519561516E+002
  0.716826147301014E+002 -0.418443514889232E+002
  0.716825650361688E+002 -0.418443515561980E+002
  0.716819115110709E+002 -0.418443528920123E+002
  0.716820944609384E+002 -0.418443524335585E+002
  0.716824205094973E+002 -0.418443517794072E+002
  0.716826220302331E+002 -0.418443514794488E+002
  0.716817978358644E+002 -0.418443532099669E+002
  0.716819389359638E+002 -0.418443528191018E+002
  0.716826630047569E+002 -0.418443514282119E+002
  0.716823928044820E+002 -0.418443518268789E+002
  0.716822642622981E+002 -0.418443520668450E+002
  0.716825169078533E+002 -0.418443516259743E+002
  0.716823412798765E+002 -0.418443519191714E+002
  0.716820238494279E+002 -0.418443526027179E+002
  0.716822391468419E+002 -0.418443521175192E+002
  0.716819229625732E+002 -0.418443528613883E+002
  0.716822576376904E+002 -0.418443520800909E+002
  0.716819079690064E+002 -0.418443529015367E+002
  0.716823221830011E+002 -0.418443519547021E+002
  0.716820210376918E+002 -0.418443526096564E+002
  0.716820978096288E+002 -0.418443524257794E+002
  0.716818683711033E+002 -0.418443530096900E+002
  0.716826804900016E+002 -0.418443514073506E+002
  0.716824144351244E+002 -0.418443517896865E+002
  0.716821264533699E+002 -0.418443523601383E+002
  0.716818578266052E+002 -0.418443530390091E+002
  0.716831187957889E+002 -0.418443510805042E+002
  0.716838794773730E+002 -0.418443514084641E+002
  0.716830679115456E+002 -0.418443510990992E+002
  0.716840220414863E+002 -0.418443515963214E+002
  0.716844999142736E+002 -0.418443525170304E+002
  0.716829315476091E+002 -0.418443511739940E+002
  0.716832116505492E+002 -0.418443510596719E+002
  0.716839971111886E+002 -0.418443515605922E+002
  0.716838552370723E+002 -0.418443513804913E+002
  0.716846038163095E+002 -0.418443527765478E+002
  0.716832403034221E+002 -0.418443510566607E+002
  0.716836530498297E+002 -0.418443511921066E+002
  0.716834220417561E+002 -0.418443510750919E+002
  0.716845699177189E+002 -0.418443526895496E+002
  0.716841489125975E+002 -0.418443517970522E+002
  0.716846251995895E+002 -0.418443528325866E+002
  0.716843025373444E+002 -0.418443520824068E+002
  0.716830812692288E+002 -0.418443510937258E+002
  0.716835881957240E+002 -0.418443511486786E+002
  0.716840941478039E+002 -0.418443517065294E+002
  0.716844655350277E+002 -0.418443524358271E+002
  0.716838149493786E+002 -0.418443513365518E+002
  0.716840725248632E+002 -0.418443516724092E+002
  0.716830567837388E+002 -0.418443511038430E+002
  0.716844185156532E+002 -0.418443523285247E+002
  0.716828335378053E+002 -0.418443512503704E+002
  0.716838639776826E+002 -0.418443513904448E+002
  0.716832192868534E+002 -0.418443510587119E+002
  0.716846322146118E+002 -0.418443528511663E+002
  0.716832473563607E+002 -0.418443510561667E+002
  0.716839875862948E+002 -0.418443515472635E+002
  0.716845776244907E+002 -0.418443527091303E+002
  0.716845613904268E+002 -0.418443526680201E+002
  0.716843991964417E+002 -0.418443522856944E+002
  0.716837208606052E+002 -0.418443512463443E+002
  0.716830969630563E+002 -0.418443510878601E+002
  0.716841513322136E+002 -0.418443518011875E+002
  0.716833400105934E+002 -0.418443510587446E+002
  0.716839230892560E+002 -0.418443514616959E+002
  0.716842768243038E+002 -0.418443520314171E+002
  0.716834289480788E+002 -0.418443510770711E+002
  0.716832193939005E+002 -0.418443510586992E+002
  0.716845178430150E+002 -0.418443525602983E+002
  0.716846848798151E+002 -0.418443529937381E+002
  0.716841496447865E+002 -0.418443517983023E+002
  0.716836922195484E+002 -0.418443512223349E+002
  0.716832180915549E+002 -0.418443510588546E+002
  0.716837379704733E+002 -0.418443512614556E+002
  0.716846835362967E+002 -0.418443529900334E+002
  0.716837776158628E+002 -0.418443512986786E+002
  0.716834313588997E+002 -0.418443510777840E+002
  0.716840545982860E+002 -0.418443516448177E+002
  0.716844765065829E+002 -0.418443524614897E+002
  0.716841890244200E+002 -0.418443518670899E+002
  0.716834500038916E+002 -0.418443510836831E+002
  0.716832637322881E+002 -0.418443510553963E+002
  0.716834231793045E+002 -0.418443510754114E+002
  0.716847011020704E+002 -0.418443530387508E+002
  0.716835697599390E+002 -0.418443511378407E+002
  0.716840077044560E+002 -0.418443515756250E+002
  0.716841580849798E+002 -0.418443518127892E+002
  0.716833981713530E+002 -0.418443510689723E+002
  0.716845060380472E+002 -0.418443525317381E+002
  0.716842503578841E+002 -0.418443519802890E+002
  0.716840003213138E+002 -0.418443515651244E+002
  0.716841621178334E+002 -0.418443518197606E+002
  0.716838456135138E+002 -0.418443513697058E+002
  0.716832253073504E+002 -0.418443510580357E+002
  0.716837087216253E+002 -0.418443512359717E+002
  0.716829202083781E+002 -0.418443511818658E+002
  0.716838239433148E+002 -0.418443513460847E+002
  0.716841892546654E+002 -0.418443518675010E+002
  0.716837713590292E+002 -0.418443512925990E+002
  0.716842640570900E+002 -0.418443520065816E+002
  0.716841508030473E+002 -0.418443518002821E+002
  0.716836812376246E+002 -0.418443512135560E+002
  0.716828267607266E+002 -0.418443512563487E+002
  0.716843773422102E+002 -0.418443522381273E+002
  0.716846666314833E+002 -0.418443529437210E+002
  0.716834463263311E+002 -0.418443510824655E+002
  0.716836253911850E+002 -0.418443511725759E+002
  0.716836259214842E+002 -0.418443511729362E+002
  0.716834651384441E+002 -0.418443510889732E+002
  0.716834108360376E+002 -0.418443510720798E+002
  0.716836481807371E+002 -0.418443511885594E+002
  0.716842683127008E+002 -0.418443520148243E+002
  0.716827987698028E+002 -0.418443512819954E+002
  0.716831890590193E+002 -0.418443510631823E+002
  0.716842887542243E+002 -0.418443520549131E+002
  0.716840716052244E+002 -0.418443516709784E+002
  0.716836749153902E+002 -0.418443512086094E+002
  0.716832962379125E+002 -0.418443510554266E+002
  0.716829204131903E+002 -0.418443511817214E+002
  0.716834646090229E+002 -0.418443510887806E+002
  0.716832458126324E+002 -0.418443510562665E+002
  0.716831542277182E+002 -0.418443510705579E+002
  0.716828341923236E+002 -0.418443512497978E+002
  0.716838791492928E+002 -0.418443514080778E+002
  0.716844220504512E+002 -0.418443523364405E+002
  0.716841200587749E+002 -0.418443517486248E+002
  0.716838300997814E+002 -0.418443513527017E+002
  0.716841053634735E+002 -0.418443517245888E+002
  0.716835272090278E+002 -0.418443511153733E+002
  0.716833719438769E+002 -0.418443510635380E+002
  0.716847574730204E+002 -0.418443531991828E+002
  0.716836754414800E+002 -0.418443512090181E+002
  0.716829370561261E+002 -0.418443511702611E+002
  0.716846162947752E+002 -0.418443528091408E+002
  0.716839234417475E+002 -0.418443514621413E+002
  0.716835515144649E+002 -0.418443511277716E+002
  0.716846572831696E+002 -0.418443529183512E+002
  0.716838121474685E+002 -0.418443513336144E+002
  0.716840281639729E+002 -0.418443516052825E+002
  0.716847123428272E+002 -0.418443530702441E+002
  0.716845807384081E+002 -0.418443527170750E+002
  0.716846807990576E+002 -0.418443529824964E+002
  0.716846303135628E+002 -0.418443528461217E+002
  0.716828305215723E+002 -0.418443512530200E+002
  0.716847130972745E+002 -0.418443530723668E+002
  0.716842096156857E+002 -0.418443519042704E+002
  0.716828315821221E+002 -0.418443512520863E+002
  0.716839003240144E+002 -0.418443514334433E+002
  0.716828661268500E+002 -0.418443512228820E+002
  0.716844726940704E+002 -0.418443524525454E+002
  0.716847743192824E+002 -0.418443532483379E+002
  0.716831260786278E+002 -0.418443510782585E+002
  0.716845448202801E+002 -0.418443526265923E+002
  0.716829277854410E+002 -0.418443511765778E+002
  0.716829220995362E+002 -0.418443511805354E+002
  0.716841648511563E+002 -0.418443518245037E+002
  0.716844602684237E+002 -0.418443524235924E+002
  0.716831074134802E+002 -0.418443510842224E+002
  0.716836228320739E+002 -0.418443511708447E+002
  0.716846011315057E+002 -0.418443527695752E+002
  0.716837910550866E+002 -0.418443513119969E+002
  0.716843452570519E+002 -0.418443521699906E+002
  0.716846657142645E+002 -0.418443529412242E+002
  0.716829019822068E+002 -0.418443511950473E+002
  0.716832043230709E+002 -0.418443510607007E+002
  0.716830272775084E+002 -0.418443511175985E+002
  0.716840201177640E+002 -0.418443515935210E+002
  0.716833585235319E+002 -0.418443510612797E+002
  0.716835691189880E+002 -0.418443511374759E+002
  0.716828711405139E+002 -0.418443512188381E+002
  0.716846250027138E+002 -0.418443528320665E+002
  0.716839055235963E+002 -0.418443514398065E+002
  0.716842910780876E+002 -0.418443520595225E+002
  0.716840492792012E+002 -0.418443516367522E+002
  0.716844137185631E+002 -0.418443523178212E+002
  0.716835292335612E+002 -0.418443511163618E+002
  0.716839024959471E+002 -0.418443514360949E+002
  0.716835832060306E+002 -0.418443511456795E+002
  0.716846785334129E+002 -0.418443529762690E+002
  0.716846978902940E+002 -0.418443530297979E+002
  0.716845537709456E+002 -0.418443526489033E+002
  0.716828721365659E+002 -0.418443512180406E+002
  0.716833468736730E+002 -0.418443510596059E+002
  0.716830245466197E+002 -0.418443511189580E+002
  0.716846380812480E+002 -0.418443528667786E+002
  0.716839936851558E+002 -0.418443515557775E+002
  0.716840677270852E+002 -0.418443516649630E+002
  0.716830144210857E+002 -0.418443511241266E+002
  0.716833129232028E+002 -0.418443510562477E+002
  0.716837375759405E+002 -0.418443512611007E+002
  0.716831102488074E+002 -0.418443510832724E+002
  0.716840556143754E+002 -0.418443516463647E+002
  0.716828389003327E+002 -0.418443512457039E+002
  0.716838786774423E+002 -0.418443514075226E+002
  0.716834407993543E+002 -0.418443510806856E+002
  0.716844924935027E+002 -0.418443524993062E+002
  0.716830595081697E+002 -0.418443511026591E+002
  0.716830621198490E+002 -0.418443511015379E+002
  0.716829155469643E+002 -0.418443511851749E+002
  0.716842463387170E+002 -0.418443519726450E+002
  0.716836488439681E+002 -0.418443511890398E+002
  0.716838978290846E+002 -0.418443514304088E+002
  0.716847596267421E+002 -0.418443532054360E+002
  0.716846991181200E+002 -0.418443530332181E+002
  0.716829282238946E+002 -0.418443511762752E+002
  0.716838005436397E+002 -0.418443513216136E+002
  0.716839874150619E+002 -0.418443515470256E+002
  0.716842150434497E+002 -0.418443519142096E+002
  0.716828252160200E+002 -0.418443512577239E+002
  0.716842704309359E+002 -0.418443520189404E+002
  0.716845582419412E+002 -0.418443526601069E+002
  0.716847739624122E+002 -0.418443532472909E+002
  0.716845750761048E+002 -0.418443527026427E+002
  0.716841587688610E+002 -0.418443518139691E+002
  0.716831350723603E+002 -0.418443510756290E+002
  0.716835823491859E+002 -0.418443511451694E+002
  0.716840637678089E+002 -0.418443516588521E+002
  0.716846411396198E+002 -0.418443528749443E+002
  0.716842602629316E+002 -0.418443519992627E+002
  0.716835194089738E+002 -0.418443511116403E+002
  0.716831427870244E+002 -0.418443510735000E+002
  0.716846516183948E+002 -0.418443529030615E+002
  0.716845745028752E+002 -0.418443527011852E+002
  0.716829356531369E+002 -0.418443511712062E+002
  0.716842510513288E+002 -0.418443519816111E+002
  0.716847299995519E+002 -0.418443531202139E+002
  0.716841287241069E+002 -0.418443517629967E+002
  0.716841723004732E+002 -0.418443518375049E+002
  0.716831665685679E+002 -0.418443510676722E+002
  0.716846348382267E+002 -0.418443528581399E+002
  0.716840678579525E+002 -0.418443516651655E+002
  0.716833731774407E+002 -0.418443510637634E+002
  0.716833775032048E+002 -0.418443510645771E+002
  0.716836002252001E+002 -0.418443511561102E+002
  0.716839557587438E+002 -0.418443515040176E+002
  0.716834903182268E+002 -0.418443510987710E+002
  0.716839513430713E+002 -0.418443514981749E+002
  0.716840776598201E+002 -0.418443516804289E+002
  0.716835763566861E+002 -0.418443511416421E+002
  0.716843806168583E+002 -0.418443522451951E+002
  0.716829394088506E+002 -0.418443511686849E+002
  0.716828202592831E+002 -0.418443512621685E+002
  0.716841135812662E+002 -0.418443517379778E+002
  0.716838540458476E+002 -0.418443513791464E+002
  0.716832710953045E+002 -0.418443510552214E+002
  0.716830281093915E+002 -0.418443511171872E+002
  0.716829682601338E+002 -0.418443511502396E+002
  0.716839287796342E+002 -0.418443514689168E+002
  0.716839882566985E+002 -0.418443515481959E+002
  0.716843327690204E+002 -0.418443521440171E+002
  0.716846218254232E+002 -0.418443528236843E+002
  0.716842082188781E+002 -0.418443519017219E+002
  0.716841265022182E+002 -0.418443517592975E+002
  0.716833204612556E+002 -0.418443510567979E+002
  0.716829933948623E+002 -0.418443511355023E+002
  0.716842391093730E+002 -0.418443519589754E+002
  0.716844875039840E+002 -0.418443524874498E+002
  0.716835655258360E+002 -0.418443511354458E+002
  0.716831685096034E+002 -0.418443510672456E+002
